2176,3261
m*m 1552,402,46,16
"^p^ 417,421,51,29
<EOS>
<EOP>
y 1291,566,29,20
Ä 1108,584,46,21
<EOS>
<EOP>
U 995,937,29,27
U 1162,938,31,27
<EOS>
<EOP>
J/ 1103,1028,27,22
«*y 592,1046,52,21
<EOS>
<EOP>
/ 852,1060,29,85
<EOS>
<EOP>
'i 1014,1138,49,105
<EOS>
<EOP>
'7 1288,1233,33,39
<EOS>
<EOP>
GG 1852,665,24,17
mit 1890,665,33,17
Leonard 1936,665,89,17
Rose 1853,700,48,17
und 1915,700,37,17
Oskar 1966,700,60,17
Shumsky 1852,736,93,21
als 1957,736,30,17
Co-Direktor 1852,770,135,18
des 1853,805,35,18
Stratford- 1902,806,118,18
Festivals 1853,841,100,18
<EOS>
<EOP>
anderntags 236,1370,107,27
einen 355,1373,51,19
Plattenvertrag 417,1372,139,28
auf 567,1372,32,22
Lebenszeit 237,1405,99,21
anbietet. 349,1406,84,21
<EOS>
Gegen 446,1409,59,25
den 517,1408,34,21
an¬ 565,1415,31,14
fänglichen 235,1440,100,27
Willen 345,1441,60,21
der 415,1442,30,20
CBS, 453,1444,43,21
die 505,1444,28,21
lieber 543,1444,53,21
auf 236,1475,31,22
ein 275,1477,28,20
bei 313,1476,28,20
Plattendebuts 353,1476,132,23
bewährtes 496,1478,100,22
Werk 236,1511,49,21
gesetzt 299,1515,65,23
hätten, 379,1511,67,23
setzt 461,1516,44,17
sich 519,1514,36,21
GG 571,1516,25,20
durch: 235,1546,63,21
Seine 312,1548,50,18
Aufnahme 377,1546,99,22
von 489,1554,35,14
Bachs 539,1549,56,21
Goldberg-Variationen 236,1581,203,27
wird 451,1582,43,21
zu 505,1589,22,15
einem 538,1586,57,18
der 235,1618,31,20
grössten 282,1620,80,23
Bestseller 382,1616,90,21
klassischer 491,1617,104,23
Musik 235,1652,58,22
aller 307,1652,43,21
Zeiten. 365,1653,63,19
<EOS>
Ungestüm 445,1654,97,24
und 560,1654,34,21
zärtlich 236,1687,72,22
zugleich, 317,1686,83,28
fast 408,1685,33,23
ohne 450,1687,46,21
Pedalein¬ 505,1687,89,22
satz, 235,1728,40,16
mit 289,1724,31,20
einer 333,1729,47,14
ungeheuren 393,1721,112,27
Präsenz 520,1724,74,20
macht 235,1759,59,22
er 304,1764,19,15
ein 332,1759,27,20
verstaubtes 370,1757,110,21
Werk 491,1757,49,21
wie¬ 551,1760,43,19
<EOS>
<EOP>
der 649,1372,31,21
zu 690,1379,21,14
einem 722,1374,58,19
zcitgemässen 792,1374,128,25
und 932,1372,35,20
be¬ 979,1372,29,21
freit 649,1406,38,23
es 699,1414,18,15
aus 730,1414,32,14
der 775,1408,30,20
Mottenkiste, 818,1406,119,23
in 952,1409,17,18
die 981,1407,28,21
<EOS>
<EOP>
GLENN 715,1532,104,20
GOULD 839,1532,108,19
<EOS>
<EOP>
es 1055,1379,18,14
die 1086,1372,27,21
traditionellen 1128,1372,130,21
Bach-Interpre¬ 1273,1372,141,28
tationen, 1055,1410,85,19
wie 1152,1410,33,18
sie 1197,1410,25,18
etwa 1234,1412,45,16
von 1292,1414,34,14
Rosaline 1339,1407,76,21
Turck 1054,1443,54,20
vertreten 1131,1448,87,16
wurden, 1242,1444,80,21
hinein¬ 1347,1443,67,21
gespielt 1055,1477,74,28
hatten. 1139,1477,67,22
<EOS>
GG 1217,1480,24,19
wird 1253,1478,42,21
zum 1306,1485,42,14
mass¬ 1360,1485,55,14
gebenden 1054,1513,92,27
Bach-Interpreten. 1158,1514,171,27
<EOS>
12. 1056,1550,24,20
<EOS>
Aug. 1087,1551,42,25
<EOS>
: 1135,1559,3,11
Am 1150,1551,33,19
Todestag 1194,1549,85,27
von 1290,1555,34,15
Thomas 1335,1549,80,21
Mann, 1057,1587,58,18
der 1129,1585,30,20
zu 1172,1591,21,14
GGs 1206,1586,34,19
Lieblingsautoren 1254,1584,162,28
zahlt, 1055,1620,52,22
interpretiert 1128,1625,116,23
GG 1264,1622,25,19
zu 1307,1627,21,14
seinem 1349,1622,66,20
Gedenken 1055,1656,96,20
die 1167,1656,28,20
Sonate 1211,1658,64,18
Op. 1291,1657,31,26
<EOS>
111 1341,1658,22,18
von 1380,1662,35,14
Beethoven 1057,1691,100,21
(die 1167,1691,37,23
Adrian 1211,1691,62,21
Leverkühn 1281,1690,103,22
im 1392,1693,24,18
-Doktor 1056,1726,77,22
Faustus- 1147,1728,82,20
begeistert 1245,1726,95,27
analy¬ 1356,1726,59,27
siert). 1056,1763,58,20
<EOS>
<EOP>
Bezeichnenderweise 1472,1372,190,22
fällt 1670,1372,36,22
das 1714,1372,31,22
Jahr 1750,1372,42,28
sei¬ 1799,1375,31,19
nes 1471,1414,29,14
Durchbruchs 1510,1407,124,21
mit 1644,1411,32,17
seinem 1687,1411,65,18
Umzug 1764,1410,66,25
aus 1470,1449,32,15
dem 1511,1444,42,20
Elternhaus 1564,1444,105,20
in 1679,1446,17,18
ein 1706,1446,28,18
Apparte¬ 1746,1446,83,25
ment 1472,1483,47,16
an 1540,1485,21,14
der 1582,1479,30,20
zentraler 1631,1478,85,21
gelegenen 1735,1479,95,27
Saint 1471,1516,47,19
Clair 1525,1514,45,21
Avenue 1576,1516,67,19
110 1652,1516,26,19
zusammen, 1684,1521,111,15
die 1803,1514,27,21
er 1470,1555,18,15
zeitlebens 1503,1549,94,22
nicht 1612,1549,48,21
mehr 1676,1549,51,21
verlassen 1742,1549,88,22
und 1472,1584,34,21
die 1522,1585,28,21
zu 1565,1591,21,14
seinem 1601,1587,66,18
Übungszimmer 1683,1582,148,30
wird, 1471,1621,48,21
in 1532,1622,17,20
dem 1560,1621,42,21
eine 1615,1623,38,19
derartige 1665,1621,87,27
Unord¬ 1764,1621,66,21
nung 1471,1663,49,19
herrscht, 1527,1656,84,21
dass 1621,1656,40,20
Yehudi 1670,1656,65,20
Menuhin 1745,1656,85,20
anlässlich 1472,1690,95,23
eines 1582,1693,48,19
Besuches 1646,1691,86,21
sich 1748,1690,37,21
be¬ 1801,1690,29,21
sorgt 1471,1731,45,22
erkundigt, 1534,1726,98,27
ob 1651,1726,22,21
GG 1692,1728,24,19
nicht 1735,1726,46,21
ge¬ 1800,1731,30,22
denke, 1471,1762,63,21
bald 1545,1762,40,20
einmal 1597,1761,64,21
zu 1673,1768,21,13
heiraten. 1705,1761,85,20
<EOS>
<EOP>
Programm 1866,1376,109,20
zu 1989,1379,20,13
GGs 1866,1411,36,17
New 1917,1411,40,16
Yor¬ 1969,1410,45,17
ker 1865,1447,33,16
Debüt, 1913,1446,71,19
mit 1998,1445,33,17
dem 1866,1482,41,17
er 1921,1486,20,12
den 1955,1481,36,17
internationa¬ 1866,1516,152,18
len 1865,1552,32,17
Durchbruch 1910,1550,129,19
einleitete 1867,1587,110,17
<EOS>
<EOP>
1956 29,1827,50,26
<EOS>
<EOP>
1957 30,2218,50,27
<EOS>
<EOP>
GG 230,1835,25,19
erhalt 262,1832,55,22
den 323,1831,34,22
-City 366,1832,45,25
Council 419,1829,70,21
Prize- 498,1830,54,20
der 559,1830,31,20
Stadt 231,1869,49,22
Toronto. 290,1869,81,20
<EOS>
Als 233,1905,27,20
zweite 283,1906,60,19
Einspielung 367,1900,111,30
für 502,1898,27,23
CBS 553,1902,37,18
nimmt 231,1945,64,16
er 311,1946,18,14
die 342,1938,27,22
drei 384,1938,34,20
letzten 434,1936,63,21
Sonaten 512,1936,76,20
von 231,1983,35,14
Beethoven 273,1974,101,22
auf; 383,1971,38,27
von 430,1979,34,14
vielen 473,1970,57,22
Kriti¬ 539,1972,49,19
kern 232,2012,41,21
kurzerhand 293,2009,108,23
als 421,2007,24,22
egomanische 465,2005,125,29
Selbstüberschätzung 230,2046,199,25
abgetan, 456,2042,82,27
da 567,2041,21,21
diese 231,2084,46,20
Sonaten 289,2084,76,19
erst 377,2084,34,17
von 423,2086,34,14
gestandenen 470,2078,119,27
Semestern 230,2121,100,19
interpretiert 341,2118,117,26
werden 468,2113,70,22
dür¬ 548,2112,41,23
fen, 230,2153,34,24
bedankt 272,2153,79,22
sich 356,2152,37,22
Igor 400,2154,39,25
Strawinsky 445,2149,109,27
bei 561,2148,27,21
<EOS>
<EOP>
GG 645,1831,25,19
brieflich 679,1830,78,22
für 767,1830,28,23
-diese 804,1832,56,21
Offenbarung-, 869,1832,136,29
9 648,1868,10,19
Juli: 668,1866,42,25
Er 722,1869,21,17
dirigiert 752,1867,77,26
Schönbergs 841,1868,111,27
-Ode 964,1869,45,21
an 649,1907,22,13
Napoleon- 680,1901,100,27
am 789,1908,29,14
Festival 829,1902,72,21
von 912,1909,34,15
Strat¬ 955,1905,54,19
ford, 648,1935,42,22
an 709,1941,21,16
dem 748,1936,41,21
sein 808,1940,35,17
Streichquartett 862,1937,146,28
uraufgeführt 648,1969,125,27
wird, 783,1971,49,23
das 842,1972,33,21
noch 885,1972,45,21
im 941,1974,24,20
sel¬ 977,1974,31,19
ben 648,2005,34,21
Jahr 689,2005,43,26
von 742,2012,34,14
der 788,2006,31,21
CBC 829,2007,38,20
veröffentlicht 880,2007,128,21
wird. 647,2040,47,21
<EOS>
GG 703,2042,24,19
wird, 735,2040,48,25
neben 792,2040,56,22
Oskar 855,2041,55,21
Shumsky 917,2041,91,29
und 648,2076,35,20
Leonard 697,2076,77,20
Rose. 787,2078,47,20
<EOS>
Co-Direktor 848,2076,116,21
des 977,2078,31,19
Festivals 648,2110,82,22
von 742,2117,34,14
Stratford: 788,2110,93,22
in 894,2113,16,19
den 922,2112,34,20
dar¬ 969,2112,39,21
auffolgenden 647,2145,126,28
Jahren 776,2145,66,28
werden 852,2146,68,21
die 930,2146,28,22
jun¬ 968,2149,38,24
<EOS>
<EOP>
gen, 1053,1840,41,21
schönbergbegeisterten 1106,1834,218,28
Musiker 1338,1836,78,21
jeweils 1055,1869,65,26
an 1131,1876,22,14
den 1165,1869,35,21
Samstagvormittagen 1211,1872,205,25
hier 1056,1903,37,21
ihre 1117,1904,35,20
musikalischen 1176,1905,138,20
Winkel¬ 1340,1905,75,21
konzile 1054,1938,70,22
abhalten, 1135,1939,89,21
d. 1237,1940,15,21
<EOS>
h. 1261,1939,14,22
<EOS>
die 1289,1940,28,21
verpönte 1329,1943,86,24
moderne 1054,1974,85,20
Musik 1160,1974,58,21
pflegen. 1239,1974,75,27
<EOS>
Stephen 1336,1974,78,28
Willis, 1054,2007,59,22
der 1123,2007,31,22
heutige 1163,2007,72,28
Leiter 1245,2011,55,18
des 1309,2009,30,21
-Glenn 1350,2009,63,21
Gould 1052,2042,56,21
Fonds- 1127,2043,64,20
in 1210,2046,17,17
der 1245,2044,30,20
Nationalbib¬ 1293,2043,119,22
liothek 1052,2077,68,21
in 1140,2080,17,17
Ottawa, 1178,2079,73,20
ennnert 1273,2083,77,16
sich, 1371,2079,42,21
dass 1052,2112,41,20
sich 1101,2112,36,21
der 1146,2112,32,21
menschenscheue 1185,2112,161,22
GG 1355,2115,24,19
oft 1388,2112,24,22
unter 1052,2151,52,16
die 1113,2147,28,20
200 1152,2149,35,18
Leute 1199,2150,53,18
mischte, 1264,2148,80,22
die 1356,2149,27,20
in 1394,2151,17,18
<EOS>
<EOP>
dem 1472,1834,41,21
2000 1525,1836,47,19
Personen 1584,1836,86,19
fassenden 1681,1832,92,22
Kon¬ 1786,1834,44,19
zertsaal 1472,1869,71,21
wirklich 1561,1869,81,20
konzentriert 1660,1869,119,20
den 1797,1868,34,20
Darbietungen 1473,1904,131,26
lauschten: 1620,1903,98,21
-In 1735,1904,26,19
dieser 1777,1902,55,22
intimen, 1472,1942,79,18
gelösten 1564,1939,80,26
Stimmung, 1657,1941,108,23
unter 1780,1942,52,16
Leuten, 1472,1976,72,20
denen 1551,1974,57,21
es 1616,1980,18,14
um 1642,1980,31,14
die 1681,1974,28,20
Sache 1716,1973,55,21
selbst 1779,1973,52,21
ging, 1471,2011,46,24
hat 1530,2007,30,22
sich 1572,2007,37,22
Gould 1621,2007,57,22
offenbar 1691,2007,82,22
wohl 1785,2007,45,22
gefühlt; 1470,2042,78,28
natürlich 1560,2042,86,22
sass 1658,2049,35,14
er 1705,2049,18,14
eingehüllt 1735,2042,95,28
in 1471,2080,17,18
Mantel. 1498,2078,70,21
<EOS>
Mütze 1579,2079,57,19
und 1647,2079,34,19
Schal 1692,2078,50,20
dort; 1753,2079,50,21
er 1814,2084,17,15
hat 1471,2112,29,21
mir 1507,2114,35,19
einmal 1547,2112,64,22
sogar 1620,2119,50,20
ein 1676,2115,27,18
Autogramm 1712,2115,118,25
gewahrt-. 1469,2147,94,24
<EOS>
<EOP>
März: 232,2800,53,19
Sein 309,2800,39,19
Steinway 371,2800,87,24
stürzt 481,2800,52,17
von 557,2802,34,13
einem 231,2835,57,20
Lastwagen. 296,2835,109,26
<EOS>
-DerChickering 412,2831,151,27
ist 571,2833,20,19
schon 230,2869,55,21
lange 295,2869,50,27
krank, 355,2869,61,22
der 425,2869,31,21
Steinway 465,2870,86,24
ge¬ 561,2874,29,19
storben, 231,2905,79,21
bald 323,2904,40,22
werde 376,2905,57,20
auch 445,2903,44,22
ich 504,2902,25,22
mich 544,2902,46,22
zurückziehen.- 230,2940,146,22
<EOS>
26. 230,2975,28,21
<EOS>
27.Jan.: 273,2977,80,25
<EOS>
Mit 367,2978,30,18
Leonard 410,2975,76,21
Bernstein 500,2976,90,20
gibt 230,3011,37,27
GG 277,3012,24,20
Beethovens 312,3011,111,21
zweites 433,3013,71,19
Klavier¬ 515,3010,76,21
konzert 230,3046,73,21
in 313,3048,16,19
New 340,3049,43,18
York, 394,3046,48,23
das 453,3046,31,21
die 494,3045,28,22
Presse 533,3047,58,20
als 229,3082,26,21
-Wohltätigkeitsveranstaltung 266,3081,285,29
für 563,3080,28,22
Beethoven- 231,3117,110,22
feiert. 353,3117,54,22
<EOS>
<EOP>
3.Mai: 645,2221,65,22
<EOS>
GG 720,2220,24,19
bricht 754,2217,56,22
mit 820,2220,33,19
Homburger 863,2217,112,28
zu 983,2224,21,15
seiner 644,2257,55,19
ersten 710,2258,58,17
Europatpurnee 780,2255,142,26
auf. 933,2252,34,22
<EOS>
Als 646,2290,28,21
erster 686,2294,55,17
kanadischer 753,2289,114,21
Musiker 879,2288,79,22
und 970,2289,35,20
als 645,2326,26,22
erster 677,2329,55,18
nordamerikanischer 739,2323,194,23
Pianist 941,2326,64,18
tritt 645,2364,36,19
GG. 692,2362,31,21
<EOS>
mitten 735,2362,63,19
im 811,2362,24,18
kalten 848,2360,58,20
Krieg, 919,2361,56,25
in 988,2361,16,18
der 646,2397,30,21
UdSSR 683,2396,64,21
auf: 754,2394,38,22
Am 801,2397,32,19
7. 842,2396,15,20
<EOS>
8. 872,2397,16,19
<EOS>
11. 904,2396,20,20
<EOS>
12. 941,2395,23,21
<EOS>
Mai 972,2396,33,20
in 646,2435,17,19
Moskau 670,2432,72,21
und 750,2431,35,21
am 792,2437,28,14
14./16. 830,2429,60,25
<EOS>
Ts.,'19. 899,2429,66,25
<EOS>
Mai 974,2432,30,18
in 646,2471,17,19
Leningrad. 675,2466,102,28
<EOS>
Nicht 790,2465,50,23
zuletzt 852,2465,63,22
weil 927,2465,38,23
bei 978,2465,27,22
dem 645,2507,42,21
Konzert 696,2508,73,19
vom 777,2511,42,15
12. 830,2506,23,20
<EOS>
Mai 860,2506,32,20
die 902,2504,27,22
Profes¬ 939,2504,65,22
soren 645,2548,50,16
aus 710,2548,32,15
Protest 757,2543,65,19
gegen 837,2547,55,20
die 908,2540,28,21
deka¬ 951,2540,53,21
dente 645,2578,54,21
Zwölftonmusik 710,2576,148,22
den 870,2576,34,21
Saal 917,2576,38,21
ver¬ 968,2582,37,16
lassen, 645,2614,64,23
wird 724,2612,43,22
GG 783,2613,25,20
zu 823,2618,21,14
einem 861,2614,58,19
Mythos 936,2611,69,29
unter 645,2653,52,17
den 704,2648,33,22
jungen 745,2650,64,25
Musikern, 817,2647,97,23
der 921,2648,31,21
noch 960,2648,45,22
heute 646,2685,53,21
in 717,2686,16,19
der 751,2683,30,21
UdSSR 799,2683,64,21
fortlebt 880,2682,71,22
Die 975,2686,30,19
Pravda 646,2720,66,22
jedenfalls 726,2719,92,28
segnet 831,2724,60,23
zumindest 905,2719,100,22
seine 645,2758,46,20
Bach-Interpretation 700,2755,193,28
ab: 904,2755,30,22
-Seine 947,2757,58,19
seltene 646,2792,64,21
Virtuosität 724,2793,102,20
und 841,2791,35,21
sein 892,2793,36,19
Klang¬ 944,2791,61,28
spektrum, 645,2828,98,30
das 754,2828,31,21
von 796,2835,34,14
ätherischer 841,2827,108,22
Zart¬ 958,2828,47,22
heit 645,2865,35,21
bis 689,2865,26,21
zu 725,2871,20,14
ungewöhnlicher, 756,2863,160,28
aber 926,2863,42,22
nie 977,2866,28,19
grober 645,2901,63,28
Kraft 720,2899,45,22
reicht, 778,2900,59,22
sind 849,2900,37,21
vollständig 900,2899,106,28
seiner 645,2940,55,18
kreativen 715,2936,89,21
Vorstellung 821,2935,109,28
unter¬ 947,2940,57,17
geordnet. 644,2973,90,28
<EOS>
Die 746,2974,30,19
Ovationen 787,2974,96,19
nach 895,2971,44,22
seiner 951,2974,55,19
Darbietung 646,3008,108,27
der 761,3008,31,21
.50 799,3009,22,22
<EOS>
Variationen 830,3009,109,20
waren 948,3014,58,15
überwältigend.- 646,3044,153,28
<EOS>
24. 646,3082,28,19
<EOS>
25. 689,3082,28,19
<EOS>
26. 732,3079,28,21
<EOS>
Mai: 769,3082,40,18
GG 833,3082,25,18
spielt 881,3079,50,27
Beet¬ 956,3082,48,18
hovens 646,3116,67,22
drittes 721,3116,61,21
Klavierkonzert 791,3115,142,22
in 941,3117,17,19
Ber¬ 967,3117,39,20
<EOS>
<EOP>
lin 1052,2218,23,21
unter 1090,2223,51,16
der 1153,2218,31,21
Leitung 1197,2221,72,24
von 1283,2225,34,14
Karajan, 1332,2221,79,24
den 1052,2254,34,21
GG 1098,2256,25,19
stets 1135,2257,44,18
schätzt 1190,2254,66,21
und 1270,2254,35,21
in 1317,2256,17,19
Schutz 1348,2254,64,22
nimmt: 1052,2291,76,20
der 1156,2289,30,21
führende 1213,2288,87,22
deutsche 1328,2289,84,22
Musikkritiker 1052,2324,133,21
in 1196,2326,16,19
der 1224,2325,32,20
Nachkriegszeit. 1266,2325,145,27
<EOS>
H.H.Stuckenschmidt. 1052,2360,212,22
<EOS>
meint 1289,2363,55,18
kurz 1370,2361,42,21
und 1053,2395,36,21
bündig: 1096,2394,76,28
-Der 1182,2397,42,19
grösste 1232,2399,68,23
Pianist 1309,2398,64,19
seit 1383,2399,30,18
Busoni." 1053,2432,80,19
<EOS>
<EOP>
Obwohl 1467,2220,75,20
GG 1551,2222,25,19
dieses 1586,2220,56,21
Jahr 1648,2220,42,27
das 1698,2221,32,21
erste 1740,2225,45,17
Mal 1795,2222,32,21
mit 1467,2256,32,20
Bernstein. 1519,2257,96,20
<EOS>
Karajan 1637,2257,73,26
und 1731,2256,34,22
Szell 1785,2257,43,21
zusammenarbeiten 1467,2291,186,21
kann, 1664,2291,54,23
gesteht 1730,2292,69,27
er 1811,2300,19,14
später: 1467,2329,67,25
-Mit 1547,2328,39,20
fünfundzwanzig 1597,2326,157,29
sprach 1764,2328,64,27
ich 1467,2361,27,22
die 1508,2361,28,22
Prophezeiung 1549,2362,132,27
aus. 1694,2370,38,15
<EOS>
dass 1746,2364,41,21
ich 1801,2364,28,21
mit 1468,2399,33,19
dreissig 1514,2398,74,28
aufhören 1600,2397,88,23
würde. 1702,2399,67,22
<EOS>
Kon¬ 1784,2402,45,19
zerte 1467,2438,46,16
zu 1524,2440,20,14
geben.- 1555,2433,74,28
<EOS>
<EOP>
•if-W"" 1692,2947,97,28
<EOS>
<EOP>
Ankündigung 1864,2225,143,25
von 1864,2267,35,11
GGs 1913,2262,38,18
Kon¬ 1965,2263,48,18
zerten 1865,2298,70,17
in 1949,2298,17,18
Moskau 1865,2333,80,18
und 1959,2335,37,17
Leningrad 1865,2368,112,22
<EOS>
<EOP>
Als 1866,2474,31,18
erster 1910,2476,69,17
nordamerika¬ 1867,2510,153,19
nischer 1867,2547,82,17
Pianist 1963,2547,78,18
in 1868,2582,17,18
Russland 1898,2582,98,19
<EOS>
<EOP>
79 1019,3189,27,30
<EOS>
<EOP>
