2176,3261
Glenn 147,105,200,81
Gould 381,105,202,81
Chronik 147,208,275,83
von 450,232,124,59
Leben 608,210,212,81
und 853,213,127,80
Werk 1013,213,182,80
Von 147,365,56,31
Plinio 218,362,101,35
Bachmann 334,362,183,35
und 535,362,66,35
Stefan 612,362,102,47
Zweifel 728,362,122,48
<EOS>
<EOP>
8. 146,664,19,18
<EOS>
Jh. 171,662,33,25
<EOS>
Griogair, 352,664,81,25
Sohn 445,661,49,21
des 505,661,31,21
Alpin 548,661,50,27
und 610,662,36,20
König 658,663,55,25
<EOS>
<EOP>
der 353,698,31,20
Schotten, 400,697,89,23
ist 507,699,21,19
Stammvater 545,699,121,19
der 683,697,31,21
<EOS>
<EOP>
McGregors, 768,663,107,25
deren 889,661,53,21
Besitzungen 957,663,117,26
bald 1087,662,41,21
shire 1175,662,46,21
umfassen, 1232,661,96,21
einen 768,699,52,18
Grossteil 829,697,82,21
von 921,704,35,14
Argyll 968,697,56,27
und 1035,698,36,20
Pert- 1082,699,46,20
17.Jh. 146,768,70,25
<EOS>
Unter 352,770,54,19
der 424,768,31,21
Regentschaft 475,767,120,28
von 615,776,34,13
King 670,770,42,26
<EOS>
<EOP>
James 349,805,58,25
VI 415,805,18,20
Games 445,803,65,27
I 517,806,5,19
von 529,810,36,15
England) 572,803,88,28
wird 669,804,43,21
<EOS>
<EOP>
der 768,768,30,21
Name 805,770,55,19
der 868,768,30,21
allzu 906,768,44,21
streitlustigen 958,769,127,27
und 1093,770,36,20
geächtet, 1176,769,87,27
sein 1278,771,36,19
Gebrauch 1328,770,90,21
bei 1432,770,28,21
Todes¬ 1474,770,63,21
eigenmächtig 769,803,133,28
handelnden 908,803,112,22
McGregors 1028,806,101,25
strafe 1177,803,52,22
untersagt. 1238,809,95,22
<EOS>
Fürderhin 1341,805,96,21
treten 1445,809,56,17
die 1510,805,28,21
<EOS>
<EOP>
McGregors 1589,772,101,25
als 1703,770,25,21
Gregs. 1742,771,58,26
<EOS>
Gregsons 1814,771,86,25
und 1914,769,36,21
Greigs 1589,807,59,25
auf. 1659,804,33,22
<EOS>
1857 146,874,54,21
Nach 351,874,48,21
einer 406,876,48,19
vernichtenden 461,874,138,22
Niederlage 608,875,104,28
<EOS>
<EOP>
in 352,911,17,19
der 377,909,30,21
Schlacht 414,909,82,21
bei 504,909,27,21
Culloden 539,910,85,21
wandert 633,911,78,20
eine 351,947,38,18
Linie 397,947,48,18
der 454,945,30,21
Greigs 493,947,58,25
1746 561,944,44,24
nach 614,946,44,21
Nor¬ 668,948,42,19
wegen 351,986,62,22
aus. 431,987,37,15
<EOS>
Peter 488,983,49,19
Greig 554,983,49,25
emigriert 621,984,90,24
1857 351,1017,44,21
von 401,1022,35,14
Schottland 443,1015,103,22
nach 554,1017,43,20
Kanada. 605,1017,75,21
<EOS>
So 688,1019,22,19
1932 146,1088,52,22
Glenn 351,1087,55,20
Gould 413,1087,57,21
wird 477,1088,43,20
am 527,1094,30,14
25. 565,1089,29,21
<EOS>
Sept. 601,1090,46,25
<EOS>
in 654,1090,18,19
sei¬ 680,1091,31,18
<EOS>
<EOP>
nem 351,1129,39,14
Elternhaus 398,1123,102,21
am 507,1129,29,15
Southwood 544,1124,109,20
Drive 660,1125,50,20
32 351,1159,21,22
im 395,1160,23,19
wohlständischen 439,1158,163,21
Beaches- 624,1158,86,22
Quartier 351,1195,79,24
von 439,1200,35,14
Toronto 483,1195,75,20
geboren. 567,1194,84,27
<EOS>
Vater 662,1196,49,20
Russell 350,1229,63,20
Herbert 434,1229,73,21
(Bert) 530,1229,58,24
Gould 611,1229,56,22
ist 689,1232,21,19
Pelzhändler 350,1263,113,22
und 477,1264,35,21
Methodist. 527,1264,101,22
<EOS>
Mutter 644,1267,66,19
Florence 350,1299,80,21
Greig-Gould 445,1300,115,27
Gesangslehre¬ 577,1300,132,27
rin 348,1336,26,20
und 384,1334,34,22
Presbyterianerin: 428,1334,167,27
Man 605,1337,40,19
findet 654,1334,55,22
sich 349,1369,36,21
in 399,1372,16,18
der 428,1370,31,21
-United 472,1371,72,20
Church-, 558,1370,84,23
deren 655,1371,55,21
1933 141,1444,54,22
Erste 347,1444,48,19
Berührung 402,1443,104,27
mit 513,1445,33,19
dem 553,1444,41,20
Klavier 602,1444,69,20
auf 678,1444,32,21
<EOS>
<EOP>
dem 348,1478,41,21
Schoss 408,1478,64,21
der 491,1478,31,21
Grossmutter. 539,1480,124,20
<EOS>
GG 683,1481,25,19
hämmert 348,1513,91,21
nicht 446,1514,48,20
wie 503,1516,34,19
andere 545,1514,64,20
Kleinkin¬ 618,1514,89,21
der 347,1549,30,21
sinnlos 389,1549,68,21
auf 469,1548,32,22
die 511,1549,28,21
Tasten, 551,1550,67,21
sondern 632,1549,75,21
schlägt 348,1584,66,27
einzelne 422,1585,77,20
Töne 508,1586,47,19
an 564,1591,21,14
und 596,1584,35,21
lauscht 641,1584,68,21
ihrem 347,1620,56,21
Verklingen. 415,1620,108,27
<EOS>
1935 536,1621,43,23
folgen 591,1619,60,28
erste 662,1623,46,18
Klavierstunden 346,1655,148,21
bei 502,1655,27,21
seiner 538,1658,55,18
Mutter, 601,1657,69,19
die 680,1655,27,21
bald 347,1691,41,21
regelmässig 395,1691,117,27
abgehalten 518,1691,107,27
werden. 632,1691,75,21
<EOS>
Später 346,1728,63,25
wird 417,1726,44,21
er 470,1733,18,15
seine 496,1729,46,19
Vorliebe 552,1726,77,22
für 638,1726,28,22
das 676,1726,31,22
1938 141,1799,55,22
Am 348,1800,32,19
5. 389,1800,15,20
<EOS>
Juni 408,1800,41,25
begleitet 457,1798,83,27
er 547,1805,18,14
vor 572,1805,32,14
der 610,1799,32,21
-Busi¬ 649,1801,59,19
<EOS>
<EOP>
ness 346,1840,39,14
Men's 395,1834,56,21
Bible 463,1834,48,21
Class- 522,1834,56,21
in 590,1836,17,19
Uxbridge 619,1835,88,27
ein 346,1871,29,19
Gesangsduett 383,1869,126,28
seiner 516,1872,56,19
Eltern 580,1869,58,22
an 645,1876,24,15
der 677,1870,31,21
Orgel. 348,1905,53,26
<EOS>
<EOP>
Cmmanuel 455,1978,155,29
iPreäbpterian 369,2016,191,35
Cfjurdj 591,2016,102,34
Come 350,2087,48,15
and 407,2086,30,15
bring 446,2087,45,18
your 500,2092,39,13
friends 549,2086,58,15
and 614,2086,30,15
enjoy 652,2087,44,18
a 704,2092,9,9
<EOS>
<EOP>
pleasant 431,2106,70,18
evening 508,2107,65,17
at 580,2109,16,12
our 604,2112,28,9
CONCERT 351,2137,362,64
TO 391,2217,15,9
EE 412,2217,11,9
HELD 429,2217,28,8
IN 463,2217,11,8
THE 480,2217,20,8
CHURCH 505,2216,44,9
SCHOOL 555,2216,45,9
ROOM 607,2216,36,9
ON 652,2216,17,9
FRIDAY, 367,2241,94,21
DECEMBER 476,2240,123,18
9, 613,2243,18,18
1938 644,2242,49,16
<EOS>
<EOP>
PROGRAMME 455,2292,150,17
0 348,2336,8,10
Canada 362,2337,39,9
Vocal 348,2351,29,10
Duet 383,2351,26,10
i'lnr.'i 349,2366,29,9
<EOS>
t 384,2366,2,9
(imposition 392,2366,58,11
Pied 349,2381,23,9
Piper 376,2381,29,12
of 409,2381,10,9
Hamlin! 424,2381,46,9
<EOS>
Mn>'[):iki 349,2394,46,11
Dance 401,2394,33,10
| 467,2394,3,11
.•SonES 350,2409,39,12
<EOS>
CarmenaandlHcaiaThi 404,2409,140,9
Piano 349,2423,31,10
Solo 384,2423,22,10
Song: 349,2438,29,11
The 391,2438,21,10
Polka 417,2438,30,10
Vocal 349,2453,29,9
Solo: 383,2452,26,10
Rentiezvou 422,2453,60,10
Song 349,2467,25,12
: 378,2471,0,6
Garden 391,2467,40,10
of 435,2468,11,9
the 450,2468,17,10
Moon 472,2468,31,10
<EOS>
<EOP>
H.rbcrt 623,2335,41,9
<EOS>
Jackson 670,2335,42,10
Marhn 527,2350,39,10
Hamly 572,2350,37,11
and 615,2350,18,10
John 638,2350,26,11
Duncan 670,2350,41,10
<EOS>
<EOP>
Glen 655,2364,26,10
Gold 686,2365,25,9
Dav!d 627,2379,33,10
<EOS>
Hill 666,2379,20,10
and 693,2380,19,8
' 605,2394,2,2
Six 627,2393,16,10
Little 649,2393,30,10
Girls 687,2392,25,11
<EOS>
<EOP>
<EOS>
Dorothy 630,2408,45,12
Crani 680,2408,31,9
Evelyn 610,2423,39,12
Henderson 654,2423,57,9
Ten 621,2438,21,10
Pretty 647,2438,35,11
Guls 686,2438,26,10
Kathleen 625,2453,48,10
Liston 677,2453,34,9
Ten 619,2468,21,10
Pretty 645,2468,35,12
Girls 686,2467,26,10
<EOS>
<EOP>
^N 1446,899,88,66
vm 853,1009,64,32
: 850,1077,3,51
<EOS>
<EOP>
€Lv 956,1136,35,29
t* 1011,1137,13,28
;f<vÉHI 1035,1135,89,30
£sf^ 914,1226,98,42
\ 1135,1241,20,22
<EOS>
<EOP>
>y 1073,1283,49,31
<EOS>
<EOP>
B3: 1140,1404,50,19
mM 876,1412,34,11
<EOS>
<EOP>
„ 781,1541,6,2
<EOS>
<EOP>
wMfÊ*r. 800,1666,119,32
<EOS>
<EOP>
<< 1092,1695,18,24
<EOS>
<EOP>
t 1474,1857,39,57
V 961,1935,20,27
<EOS>
<EOP>
Humorous 350,2482,56,11
Sk.tit, 410,2482,35,10
<EOS>
Si.v.il 463,2483,37,10
<EOS>
M»»nu 506,2483,43,10
ol 555,2484,9,9
Ih» 570,2484,15,9
A 591,2484,7,9
»Oui» 600,2483,36,10
m 638,2487,8,6
(Sul, 652,2483,25,10
<EOS>
<EOP>
<EOS>
Evelyn 613,2515,37,11
Henderson 655,2515,57,10
ADMISSION 397,2540,85,12
: 485,2546,2,5
Adult.. 503,2540,43,14
<EOS>
25c,- 552,2542,25,12
CUd™, 583,2541,50,13
15o 640,2542,20,11
<EOS>
<EOP>
Obwohl 759,2191,75,21
-das 852,2192,40,20
Musikleben 908,2191,111,21
Torontos 1036,2194,85,18
vor 759,2234,32,14
den 799,2227,35,21
50er 845,2228,43,22
Jahren, 892,2227,72,27
abgesehen 974,2227,100,27
von 1085,2233,35,15
der 759,2262,30,21
kanadischen 798,2262,120,21
Vokaltradition, 928,2261,145,27
bei¬ 1084,2262,35,21
nahe 760,2298,45,21
inexistent 813,2300,95,19
war- 914,2305,45,14
(so 969,2297,28,26
der 1005,2298,30,21
Kompo¬ 1043,2300,77,24
nist 759,2335,34,19
Jacques 809,2335,74,25
Hétu). 903,2333,61,25
<EOS>
hört 985,2333,40,21
GG 1046,2334,24,19
am 1091,2339,28,14
12. 760,2369,24,19
<EOS>
Nov. 792,2370,39,18
<EOS>
die 838,2368,28,20
Dirigentenlegende 873,2366,179,29
Joseph 1055,2366,65,28
Hoffmann: 760,2403,104,21
-Als 878,2403,37,21
ich 928,2403,26,21
im 968,2405,23,18
Auto 1005,2405,46,19
heim¬ 1063,2403,57,21
gefahren 759,2438,84,28
wurde, 861,2438,67,23
befand 946,2438,63,22
ich 1027,2438,27,22
mich 1073,2438,47,21
in 759,2477,17,19
jenem 787,2477,59,25
wundervollen 858,2474,134,22
Dämmerzu¬ 1004,2476,116,19
stand, 760,2510,56,23
in 826,2513,16,19
dem 852,2510,41,22
einem 902,2512,58,20
allerlei 969,2510,64,22
unmög¬ 1043,2513,77,24
liche 759,2546,44,21
Klänge 814,2546,66,27
durch 891,2546,54,21
den 956,2546,34,21
Kopf 1002,2545,46,28
gehen. 1056,2546,63,27
<EOS>
<EOP>
Es 1171,2194,20,19
waren 1207,2199,59,14
alles 1281,2191,41,22
orchestrale 1338,2190,107,22
Klänge, 1461,2189,71,28
aber 1170,2228,42,21
ich 1222,2228,29,21
spielte 1258,2227,62,28
sie 1328,2228,26,20
alle 1362,2226,33,21
und 1405,2225,34,21
plötzlich 1449,2224,82,28
war 1170,2269,37,14
ich 1212,2262,28,21
Hoffmann. 1247,2261,103,22
<EOS>
Ich 1356,2261,28,21
war 1392,2267,35,15
entzückt.- 1434,2260,98,21
<EOS>
(GG) 1173,2298,45,24
Am 1170,2335,34,18
9. 1212,2334,16,22
<EOS>
Dez. 1234,2334,40,20
<EOS>
spielt 1282,2333,51,27
GG, 1340,2334,31,21
auf 1378,2333,33,21
die 1415,2333,28,22
Vermitt¬ 1451,2335,80,20
lung 1171,2367,41,27
seines 1225,2370,55,18
Arztes 1294,2370,59,19
hin. 1367,2367,36,23
<EOS>
zum 1417,2376,41,14
ersten 1473,2374,59,17
Mal 1172,2403,32,21
vor 1214,2410,31,14
einer 1254,2405,47,20
kleinen 1311,2404,68,22
Öffentlichkeit: 1390,2403,141,24
der 1170,2438,31,22
Kirchgemeinde 1214,2438,145,28
der 1372,2440,31,21
-Emmanuel 1417,2442,114,21
Presbyterian 1170,2474,122,28
Church-, 1306,2475,85,24
unweit 1408,2480,65,18
vom 1488,2484,43,14
Southwood 1170,2510,112,22
Drive. 1302,2513,56,19
<EOS>
Im 1380,2514,25,18
Programm 1427,2514,104,26
figuriert 1169,2545,80,27
er 1262,2554,19,13
als 1295,2547,24,20
-Glen 1334,2547,50,21
Gold-: 1399,2548,61,22
selber 1475,2548,57,21
<EOS>
<EOP>
erklärt 1589,875,66,21
es 1666,882,19,15
sich, 1698,875,42,22
dass 1753,876,41,21
die 1807,876,28,21
Ururgross- 1848,878,102,25
eltern 1589,910,55,21
von 1664,917,35,14
Florence 1720,911,80,21
Greig. 1820,913,55,25
<EOS>
Glenn 1896,911,54,21
Goulds 1588,946,66,21
Mutter, 1665,948,70,20
auch 1747,947,45,20
die 1803,947,28,20
Grosseltern 1843,947,107,21
des 1589,981,31,21
norwegischen 1654,981,132,27
Komponisten 1821,984,129,25
Edvard 1589,1017,66,20
Grieg 1666,1019,50,25
(1843-1907) 1729,1015,124,27
sind. 1866,1018,43,20
<EOS>
Glaubensgemeinde 1589,1089,182,27
die 1793,1091,28,20
grösste 1843,1093,67,24
in 1934,1093,17,18
ganz 1588,1130,45,21
Kanada 1644,1125,71,21
ist. 1726,1128,26,18
<EOS>
Arthur 1589,1159,65,20
Rubinstein 1665,1160,103,21
äusserte, 1779,1164,85,18
dass 1875,1161,42,21
er. 1928,1168,22,16
<EOS>
hätte 1588,1194,49,22
er 1650,1201,19,15
einen 1681,1197,51,19
Wunsch 1746,1195,76,22
offen, 1836,1195,54,23
noch 1905,1196,45,21
einmal 1588,1229,65,22
auf 1659,1229,32,22
die 1694,1230,27,21
Welt 1728,1231,41,21
kommen 1775,1231,86,21
möchte 1869,1231,72,21
: 1946,1241,3,11
mit 1588,1267,33,19
den 1628,1266,34,21
Händen 1671,1266,73,21
von 1753,1273,34,15
GG. 1796,1268,31,20
<EOS>
Vater 1836,1268,50,20
Gould 1893,1267,56,21
kommentiert: 1588,1301,137,21
-Schon 1736,1302,67,20
kurz 1814,1302,43,20
nach 1865,1302,44,20
der 1919,1302,31,21
Geburt 1587,1337,65,21
hat 1667,1337,31,21
Glenn 1714,1337,55,21
begonnen, 1785,1338,101,27
seine 1902,1345,46,14
Finger 1588,1374,60,26
einzeln 1658,1372,68,22
zu 1737,1379,21,15
bewegen.- 1768,1372,102,28
<EOS>
<EOP>
Für 1975,1092,33,18
dieses 2022,1093,71,17
Bild 2107,1087,38,21
von 1974,1133,35,12
GG 2024,1128,24,18
erhielt 2062,1125,75,21
sein 1974,1163,44,17
Vater 2031,1163,57,17
einen 1974,1198,59,18
Preis 2047,1198,56,18
für 2116,1195,29,18
Hobbyfoto¬ 1974,1234,126,21
grafie 1974,1269,66,21
<EOS>
<EOP>
stets 1588,1449,44,17
stark 1648,1445,47,21
geheizte 1710,1445,80,27
Tonstudio 1806,1446,96,21
fol- 1918,1445,32,22
gendermassen 1589,1481,137,26
begründen: 1737,1481,113,28
-Ich 1864,1481,36,22
ent¬ 1913,1486,38,17
deckte, 1588,1516,69,22
dass 1668,1516,41,21
es 1719,1523,18,15
in 1748,1519,17,19
der 1775,1516,32,22
Intimität, 1818,1518,90,21
der 1920,1517,31,21
Einsamkeit 1588,1551,108,21
und 1714,1552,35,20
- 1768,1564,8,1
alle 1796,1552,32,20
Freudianer 1847,1552,103,21
mögen 1588,1589,68,25
weghören 1671,1587,97,27
- 1784,1599,8,2
in 1810,1590,16,18
der 1842,1588,31,20
gebär- 1887,1588,63,27
mutterahnlichen 1588,1622,165,21
Geborgenheit 1770,1622,130,27
des 1919,1623,30,21
Studios 1588,1657,71,21
möglich 1672,1658,79,27
war. 1765,1665,39,15
<EOS>
auf 1819,1657,33,22
eine 1864,1660,37,19
viel 1915,1659,34,20
direktere, 1588,1692,91,23
personlichere 1688,1693,131,27
Weise 1829,1695,54,20
Musik 1892,1693,58,22
zu 1587,1734,21,14
machen 1615,1728,75,21
als 1698,1728,25,21
in 1731,1731,17,18
jedem 1754,1729,60,26
Konzertsaal. 1822,1729,116,21
<EOS>
- 1943,1741,5,3
<EOS>
<EOP>
wird 1588,1801,43,21
er 1647,1808,18,14
sein 1680,1803,35,19
Leben 1731,1801,58,21
lang 1804,1801,41,27
mit 1860,1803,32,19
Glen 1908,1801,41,21
unterschreiben. 1588,1836,149,22
<EOS>
Später 1753,1838,64,26
schreibt 1831,1836,76,22
er: 1922,1842,25,16
¦In 1588,1874,27,18
der 1623,1872,31,20
Tat 1661,1874,28,18
haben 1698,1872,58,20
meine 1764,1875,58,17
lebhaftesten 1830,1870,118,22
Kindheitserinnerungen 1588,1908,220,26
an 1830,1913,23,14
Toronto 1875,1908,74,20
mit 1587,1945,32,18
Kirchen 1627,1942,74,21
zu 1709,1949,21,14
tun. 1737,1946,38,17
<EOS>
Sie 1784,1944,28,19
haben 1819,1941,59,21
zu 1886,1948,21,15
tun 1916,1946,31,17
mit 1587,1980,33,19
den 1627,1978,35,21
Gottesdiensten 1670,1977,143,21
am 1821,1984,30,13
Sonntag¬ 1860,1979,87,26
abend, 1587,2013,63,22
mit 1665,2014,33,19
dem 1712,2013,41,20
Dämmerlicht, 1769,2013,133,22
das 1918,2013,31,22
durch 1586,2047,55,22
die 1648,2047,27,21
Kirchenfenster 1683,2046,142,23
fiel, 1831,2047,33,23
und 1873,2049,35,21
mit 1915,2051,32,19
Geistlichen, 1587,2083,111,22
deren 1715,2083,53,21
Segen 1785,2085,56,26
mit 1858,2087,32,18
dem 1907,2085,40,21
Satz 1587,2120,39,19
endete: 1643,2118,72,22
(Gott 1734,2122,46,18
gebe 1798,2120,45,27
uns 1862,2127,33,14
den 1913,2121,34,20
Frieden, 1586,2154,79,22
den 1683,2155,35,21
die 1737,2156,27,21
Erde 1784,2156,42,21
uns 1847,2162,33,15
nicht 1899,2156,47,21
geben 1586,2189,57,28
kann.) 1653,2190,61,21
<EOS>
Denn 1724,2193,51,20
am 1784,2199,30,14
Montagmor¬ 1825,2194,122,25
gen 1585,2232,34,20
müsste 1631,2231,68,17
man 1710,2234,42,15
wieder 1764,2228,68,21
zur 1842,2234,31,14
Schule 1884,2227,63,21
gehen...- 1585,2261,98,28
<EOS>
Und 1698,2263,37,20
die 1750,2263,28,20
Schule 1793,2262,64,21
war 1872,2269,35,14
GG 1922,2265,24,18
stets 1586,2301,43,17
verhasst. 1643,2298,84,21
<EOS>
An 1742,2301,27,18
der 1782,2299,32,20
-Williamson 1829,2298,118,21
Public 1585,2333,60,22
School- 1656,2333,74,22
genoss 1742,2340,65,21
er 1819,2340,19,15
einen 1849,2336,50,19
pri¬ 1912,2336,34,25
vaten 1584,2372,53,17
Stundenplan 1648,2369,124,27
und 1784,2369,35,21
konnte 1831,2368,68,21
von 1912,2375,34,15
seinem 1586,2407,65,18
Zimmer 1676,2406,78,20
am 1779,2411,29,15
Southwood 1836,2405,111,21
Drive 1585,2442,51,18
aus 1646,2447,31,13
auf 1688,2439,32,22
den 1728,2440,35,21
Schulhof 1773,2438,90,24
blicken, 1871,2440,75,21
wo 1584,2482,28,14
sich 1620,2475,36,21
seine 1664,2478,45,18
Kameraden 1717,2476,111,21
in 1836,2478,17,18
den 1860,2476,35,20
Pau¬ 1902,2477,44,20
sen 1585,2517,30,15
verlustierten. 1626,2510,129,22
<EOS>
<EOP>
GGs 1973,1803,37,18
Eltern: 2024,1803,78,18
Florence 1972,1839,97,18
und 2083,1836,36,20
Russell 1972,1875,80,17
Her¬ 2066,1875,46,16
bert 1973,1911,45,17
Gould 2033,1909,60,19
<EOS>
<EOP>
Das 1971,1982,36,17
Programm 2020,1981,109,21
zum 1970,2023,39,12
ersten 2024,2018,71,17
öffentlichen 1970,2052,141,18
Auftritt 1970,2089,88,17
von 2071,2091,35,14
«Glen 1971,2124,60,17
Gold» 2046,2123,61,18
<EOS>
<EOP>
1939 136,2649,54,22
Im 341,2654,26,19
ländlichen 374,2653,99,22
Uxbridge 482,2653,88,28
ist 577,2656,22,19
GGs 605,2655,33,20
-Cou¬ 647,2656,53,19
<EOS>
<EOP>
sine 342,2695,36,13
vom 385,2696,42,13
Land-, 435,2689,62,24
Jessie 500,2692,55,24
Greig, 562,2692,55,25
das 626,2690,31,21
ein¬ 665,2692,37,19
zige 341,2725,37,24
Kind, 387,2724,48,23
das 445,2725,31,20
sich 485,2725,37,21
vor 532,2731,30,15
einem 571,2727,57,20
exzen¬ 638,2731,63,16
trischen 340,2758,76,21
Dorfbewohner 428,2758,140,23
nicht 580,2760,48,21
fürch¬ 641,2759,59,23
tet: 342,2796,32,17
-einem 393,2796,66,18
Mann, 478,2797,59,20
der 555,2797,31,19
uns 604,2803,33,14
allen 656,2797,45,20
in 342,2828,16,18
seiner 369,2830,55,18
Verschrobenheit 433,2829,155,23
ungeheuer 600,2831,101,27
wahr- 341,2862,57,20
- 416,2874,7,2
es 441,2870,18,14
handelt 476,2864,71,21
sich 563,2866,36,20
um 617,2874,31,13
den 665,2868,34,20
kanadischen 342,2896,118,22
Maler 477,2900,53,20
David 547,2902,55,20
E. 621,2903,15,20
<EOS>
Milne, 643,2902,57,23
einen 341,2933,50,18
Einzelgänger 402,2933,123,27
wie 535,2938,33,18
GG; 578,2936,33,25
ihre 623,2936,37,21
ße- 669,2939,31,19
!940 138,2997,54,25
<EOS>
Die 343,3003,30,20
Mutter 380,3004,65,19
bringt 452,3003,58,28
GG 516,3007,24,19
im 548,3008,24,18
Februar 580,3007,74,21
zum 660,3015,41,14
<EOS>
<EOP>
Toronto 343,3038,74,20
Conservatory 445,3040,127,27
of 600,3041,20,21
Music 647,3045,56,18
(TCM). 345,3070,71,26
<EOS>
um 430,3079,31,14
ihn 476,3073,29,21
wie 521,3077,33,18
ein 568,3078,27,17
medizini¬ 610,3077,91,20
sches 344,3106,49,21
Wunder 400,3107,76,21
untersuchen 483,3109,120,21
zu 610,3117,21,14
lassen. 639,3111,63,21
<EOS>
<EOP>
gäbung 759,2653,72,28
im 839,2656,23,19
Umgang 873,2656,80,25
mit 962,2657,32,18
schwierigen 1003,2654,116,28
Leuten 759,2691,67,19
wird 837,2690,43,20
sie 892,2692,24,18
zur 927,2697,31,14
Lebensfreundin 969,2689,151,23
von 759,2731,34,14
GG 803,2726,24,20
werden 837,2725,70,21
lassen. 916,2725,62,22
<EOS>
GG 988,2727,25,20
kauft 1023,2725,49,22
spä¬ 1081,2729,37,24
ter 758,2764,25,16
Bilder 797,2760,56,21
von 867,2767,35,14
Milne. 915,2760,58,22
<EOS>
der 987,2761,31,21
als 1030,2761,26,21
Anti- 1070,2763,48,19
nationalist 759,2796,100,20
den 869,2797,34,20
Gegenpol 913,2797,89,27
der 1012,2797,30,21
-Group 1052,2799,67,25
of 757,2830,20,22
Seven- 781,2832,66,20
bildet, 853,2830,60,25
deren 920,2831,54,22
(Landschafts) 983,2831,133,26
Bilder 757,2867,57,20
vom 826,2874,41,14
Norden 879,2868,69,20
GGs 959,2869,34,20
Jugend 1001,2869,67,26
prä¬ 1080,2872,37,24
gen 757,2909,33,20
In 814,2904,17,19
Artikeln 850,2902,78,22
wird 946,2903,42,21
die 1006,2904,28,20
-Group 1052,2906,66,25
of 756,2936,20,21
Seven- 787,2939,65,19
von 867,2945,33,13
GG 914,2940,25,19
spöttisch 953,2939,85,27
verun¬ 1054,2946,63,14
<EOS>
<EOP>
glimpft 1168,2654,72,27
- 1251,2667,9,2
insgeheim 1273,2654,99,28
liebt 1383,2654,42,22
er 1436,2662,19,14
jedoch 1466,2655,63,27
ihre 1170,2690,36,20
Werke 1213,2690,62,21
(vor 1284,2692,42,22
allem 1333,2691,53,20
A.Y.Jackson). 1395,2691,135,26
<EOS>
Es 1169,2727,21,20
macht 1202,2725,60,22
überhaupt 1275,2725,101,28
den 1389,2726,33,21
Anschein, 1436,2726,93,22
als 1168,2761,25,20
habe 1201,2761,45,21
er 1253,2768,19,13
öffentlich 1278,2760,91,22
oft 1377,2760,25,22
in 1410,2764,17,18
ironischer 1435,2761,95,21
Brechung 1168,2797,94,27
überspielt, 1268,2797,101,27
dass 1377,2797,41,21
er 1424,2804,19,14
vom 1449,2804,42,14
Ge¬ 1499,2799,31,20
schmack 1168,2831,83,22
seiner 1269,2835,55,18
Eltern(generation) 1343,2831,184,29
nie 1168,2870,28,19
ganz, 1207,2874,45,21
losgekommen 1262,2868,138,27
ist. 1411,2870,26,19
<EOS>
<EOP>
Der 757,3011,33,18
Siebenjährige 805,3010,133,27
bekommt 954,3011,96,21
einen 1067,3018,50,15
Brief: 757,3043,53,21
-Dear 819,3046,54,19
Mister 880,3047,60,19
Gould, 947,3045,62,23
wir 1018,3049,33,18
haben 1058,3046,59,21
die 757,3078,27,20
Freude. 797,3079,69,21
<EOS>
Ihnen 881,3079,52,21
mitzuteilen, 947,3081,116,21
dass 1076,3082,41,19
die 758,3112,27,21
Noten, 792,3115,63,20
die 864,3114,27,20
Sie 898,3116,27,18
aufgrund 933,3114,88,25
der 1029,3116,30,20
kürz¬ 1067,3116,51,20
<EOS>
<EOP>
lich 1168,3012,33,21
vorgenommenen 1221,3018,163,21
Prüfung 1404,3011,79,28
für 1501,3011,29,22
(Grade 1168,3047,63,20
4 1241,3051,10,16
Piare» 1262,3049,60,18
erhielten, 1334,3047,91,22
die 1435,3047,28,20
höch¬ 1474,3046,55,21
sten 1168,3086,39,16
in 1220,3084,16,18
der 1249,3082,30,20
ganzen 1290,3089,68,19
Provinz 1371,3084,72,19
Ontario 1455,3084,74,18
waren,- 1169,3123,74,14
<EOS>
<EOP>
y 1654,2852,31,25
<EOS>
<EOP>
b 1687,2999,7,12
l^t 1703,2998,43,16
<EOS>
<EOP>
"f/ 1676,3099,44,35
<EOS>
<EOP>
Komposition 1970,2657,139,22
des 1970,2695,37,17
8jährigen 2019,2692,105,23
GG 1970,2730,26,17
<EOS>
<EOP>
76 1127,3182,28,30
<EOS>
<EOP>
