2176,3261
WIR 992,306,126,68
HABEN 1135,306,230,68
MIT 564,398,123,68
STEINWAY 703,398,330,69
SO 1048,400,76,67
LANGE 1145,400,225,67
ERFAHRUNG 1390,400,412,71
<EOS>
<EOP>
WIE 828,496,122,66
STEINWAY& 970,496,380,70
SONS. 1363,498,175,68
<EOS>
<EOP>
Ein 841,697,44,23
Steinway 898,697,121,32
ist 1034,699,29,21
ein 1077,699,38,21
Kunstwerk, 1130,697,153,29
aber 1296,699,58,22
auch 1367,699,63,22
ein 1444,700,38,21
Wertobjekt. 1495,699,159,32
<EOS>
Ob 1668,699,41,22
er 1723,707,25,14
eines 1762,701,64,21
bleibt, 1841,699,83,28
hängt 1937,699,74,32
allerdings 2026,700,125,28
davon 841,787,79,23
ab, 931,787,39,28
wie 980,790,44,20
er 1035,796,25,14
behandelt, 1070,787,141,29
gestimmt 1220,791,125,29
und 1356,789,50,23
eines 1417,792,65,20
Tages 1493,789,73,31
auch 1578,790,62,23
revidiert 1651,790,112,23
wird. 1775,790,66,23
<EOS>
Ein 1853,790,43,23
Steinway 1907,790,121,32
soll 2040,791,42,23
auch 2093,787,58,26
noch 840,878,63,23
Ihren 915,878,70,23
Enkeln 997,879,92,22
Freude 1101,879,89,23
machen. 1201,880,110,23
<EOS>
Also 1322,880,59,23
sollten 1393,880,86,23
Sie 1490,880,39,23
Ihr 1541,880,38,23
Instrument 1590,881,147,22
dort 1750,881,54,22
kaufen, 1816,881,97,27
wo 1923,889,37,14
Sie 1972,881,39,22
es 2022,889,24,14
auch 2058,881,60,23
in 2129,881,22,20
<EOS>
<EOP>
50Jahren 841,969,128,31
noch 980,969,62,23
instandstellen 1054,969,184,23
lassen 1249,969,78,24
können. 1338,969,105,24
<EOS>
Musik 1455,970,82,24
Hug 1548,971,57,31
gibt 1616,971,51,31
es 1680,980,23,14
seit 1715,974,43,20
über 1770,971,60,23
ISOJahren. 1844,971,146,31
<EOS>
Und 2000,971,58,24
unsere 2069,975,82,20
<EOS>
<EOP>
Werkstatt 1789,1062,131,23
für 1932,1062,38,23
Tasteninstru¬ 1980,1063,170,22
<EOS>
<EOP>
mente 1789,1157,82,18
steht 1889,1152,63,23
mit 1969,1155,43,20
den 2030,1153,47,23
Her¬ 2095,1151,54,24
stellern 1789,1243,97,23
der 1917,1243,42,23
Instrumente 1991,1244,159,22
<EOS>
<EOP>
meist 1788,1335,70,21
schon 1885,1334,74,22
so 1984,1343,26,14
lange 2035,1334,70,31
in 2129,1332,21,21
<EOS>
<EOP>
direktem 1788,1424,119,23
Kontakt, 1923,1424,116,28
wie 2053,1427,44,20
de¬ 2112,1422,36,23
<EOS>
<EOP>
ren 1787,1523,42,15
Firmen 1847,1515,94,23
existieren. 1959,1517,135,21
<EOS>
So¬ 2111,1512,38,24
<EOS>
<EOP>
viel 1788,1605,46,23
Erfahrung 1851,1605,136,32
können 2002,1605,96,23
Sie 2114,1602,36,23
<EOS>
<EOP>
nur 1789,1704,45,15
bei 1846,1696,38,23
Musik 1897,1696,82,23
Hug 1991,1697,56,29
kaufen- 2058,1693,92,25
Und 1789,1786,58,23
übrigens 1858,1786,115,31
auch 1984,1786,62,23
mieten- 2057,1787,92,22
<EOS>
<EOP>
««»»• 803,2547,136,54
*»** 578,2601,115,49
¦*000* 451,2630,126,45
<EOS>
<EOP>
V*\ 1345,2666,122,55
<EOS>
<EOP>
CO 1809,2897,60,37
3- 1809,2939,93,57
<EOS>
<EOP>
Zürich, 140,3106,67,20
Basel, 213,3107,55,20
Luzern, 273,3108,71,20
St. 350,3108,23,18
<EOS>
Gallen, 378,3109,68,21
Winterthur, 451,3111,112,21
Solothurn, 568,3112,99,22
Lausanne, 673,3115,95,21
Neuchâtel, 774,3117,102,21
Si< 881,3119,24,16
<EOS>
<EOP>
