2176,3261
Gerücht 356,666,74,21
kursiert, 437,666,80,22
die 525,666,28,21
Schule 559,666,63,21
plane 629,666,51,27
für 687,665,28,22
ihn 356,701,31,21
den 402,701,35,22
Ankauf 453,700,73,23
einer 539,704,48,19
Orgel 602,701,50,28
(ms 671,700,45,26
Vater 356,739,49,20
GG 422,738,24,20
nach 466,737,43,21
mehreren 528,737,92,21
Klavier- 639,737,76,21
wechseln 356,772,89,21
in 451,775,18,18
der 476,772,30,21
Tat 513,774,27,19
nicht 548,772,48,21
mehr 603,772,51,21
selber 661,772,55,21
hätte 356,808,49,21
finanzieren 421,807,106,22
können). 544,808,89,23
<EOS>
Dessen 651,809,65,20
ungeachtet 356,843,107,27
ist 479,846,21,18
GG 516,845,24,19
die 555,843,28,21
Schule 599,842,64,22
ver- 678,849,37,15
hasst. 356,878,55,23
<EOS>
und 424,879,36,21
er 473,885,18,15
leidet 505,878,52,22
in 571,881,17,18
erster 600,882,55,18
Linie 670,881,46,18
unter 357,918,51,17
einem 419,916,58,19
Englischlehrer, 489,913,141,28
der 643,914,30,21
sei¬ 685,916,31,19
nen 356,956,33,13
Schreibstil 397,949,98,20
für 503,948,27,21
zu 537,956,20,13
geschraubt 565,948,103,27
hält. 676,948,39,21
<EOS>
In 357,986,18,20
einem 395,986,57,20
unveröffentlichten 474,984,178,22
Brief 671,983,48,22
schreibt 356,1020,75,21
er 439,1026,18,15
am 464,1026,29,15
20. 501,1021,30,20
<EOS>
April 537,1019,47,28
196I: 594,1018,49,27
-In 649,1021,28,20
der 687,1019,30,22
Ruckschau 356,1055,101,21
denke 472,1055,57,21
ich. 544,1055,33,22
<EOS>
dass 591,1055,41,21
ich 647,1055,27,21
ein 688,1057,28,19
<EOS>
<EOP>
:Vv. 1250,384,43,17
<EOS>
<EOP>
>!» 1373,519,35,16
<EOS>
<EOP>
Schüler 770,1019,72,22
war. 851,1027,39,15
<EOS>
dem 900,1020,41,21
verdammt 953,1021,99,20
schwer 1063,1020,67,22
beizukommen 769,1055,140,22
war... 920,1063,64,14
<EOS>
und 997,1057,34,20
ich 1043,1056,26,21
wage 1080,1063,49,21
<EOS>
<EOP>
zu 1179,1027,22,14
behaupten, 1218,1020,107,27
dass 1343,1021,40,20
mich 1400,1020,48,21
manche 1466,1020,74,21
meiner 1180,1058,66,19
Lehrer 1260,1056,62,21
schlicht 1335,1056,72,21
und 1422,1056,34,21
einfach 1471,1055,69,22
<EOS>
<EOP>
als 1593,667,25,20
Nervensäge 1629,668,111,26
empfanden.- 1751,666,124,28
<EOS>
GG 1976,670,25,17
mit 2014,670,33,17
seiner 2061,669,68,18
Am 1593,704,34,19
12.Dez. 1639,704,70,19
<EOS>
folgt 1722,701,43,29
sein 1776,704,36,19
erster 1825,706,54,17
öffent- 1890,701,63,22
Mutter 1977,705,74,17
und 2064,704,36,18
licher 1593,737,55,21
Auftritt 1656,737,70,22
als 1737,737,25,22
Organist 1772,739,81,26
im 1864,740,24,18
Eaton 1900,739,53,19
einer 1976,741,57,17
Bekann- 2047,740,87,18
Auditorium. 1593,773,118,21
<EOS>
wo 1734,780,27,14
er 1783,780,18,14
spater 1822,777,60,23
einen 1903,776,50,17
ten 1975,776,34,17
vor 2023,781,33,12
dem 2069,776,41,16
Grossteil 1593,808,80,21
seiner 1681,811,55,18
Einspielungen 1743,808,135,28
macht: 1888,808,66,21
Wochenend- 1976,810,136,19
schon 1593,843,55,21
damals 1659,843,69,21
ein 1738,846,28,18
riesiges 1778,846,72,24
Einkaufs- 1862,842,91,22
häuschen 1976,847,102,17
am 2091,849,26,14
Zentrum, 1593,883,88,18
gehört 1707,879,64,27
das 1798,880,32,20
renovierte 1858,881,97,19
Lake 1977,882,48,17
Simcoe 2039,882,76,17
Eatons 1594,916,64,20
heute 1668,914,54,22
zu 1731,921,22,15
den 1764,914,33,22
Sehenswürdig¬ 1808,914,146,27
keiten 1594,950,58,20
von 1664,957,34,13
Toronto: 1711,952,83,18
-Es 1808,952,30,18
ist 1851,953,20,17
absurd, 1884,950,70,21
ein 1593,987,29,19
absolut 1637,985,70,21
absurder 1722,986,86,21
Ort- 1822,986,41,21
(GG 1880,986,35,23
im 1930,987,24,19
Toronto-Film 1594,1021,128,20
der 1734,1021,30,20
Reihe 1775,1020,50,21
-Cities-). 1837,1022,87,21
<EOS>
<EOP>
1946 146,1127,55,24
<EOS>
<EOP>
1947 148,1376,54,24
<EOS>
<EOP>
1948 146,1518,54,25
<EOS>
<EOP>
GLENN 367,1143,148,41
GOULD 553,1144,155,40
<EOS>
<EOP>
MUSICAL 422,1537,89,14
HIGHLIGHTS 521,1536,118,15
EATON 442,1560,58,11
AUDITORIUM 511,1560,111,11
MONDAY, 413,1580,57,17
OCTOBER 477,1580,53,15
20,1947, 538,1580,53,18
8:45 602,1580,24,15
pm 631,1585,20,14
<EOS>
<EOP>
Erste 356,1662,48,19
ernsthafte 415,1659,97,22
Kompositionen: 524,1662,155,25
im 692,1663,24,18
Stil 357,1696,30,21
von 394,1703,35,14
Palestrina. 437,1696,100,22
<EOS>
-um 544,1703,40,14
die 592,1696,29,21
Lehrer 627,1696,63,21
zu 696,1703,21,14
freuen-, 356,1731,76,23
im 440,1734,24,19
Stil 472,1731,31,22
von 511,1738,35,15
Webern, 555,1731,79,23
-um 643,1738,40,15
sie 692,1734,25,19
zu 356,1774,22,14
ärgern- 397,1770,71,24
(GG). 490,1769,54,21
<EOS>
Darunter 564,1769,87,19
seine 671,1770,46,18
<EOS>
<EOP>
8.Mai: 770,1129,65,20
<EOS>
GG 848,1129,26,20
feiert 886,1127,50,22
sein 949,1130,36,19
Konzertdebut 999,1129,130,20
mit 770,1166,32,18
dem 811,1163,42,21
ersten 863,1168,58,16
Satz 930,1165,39,19
aus 977,1170,32,14
Beethovens 1019,1163,111,21
viertem 770,1201,75,18
Klavierkonzert 864,1199,144,21
(mit 1028,1200,42,22
dem 1089,1199,40,21
.Symphonieorchester 769,1234,203,27
<EOS>
des 982,1234,31,22
TCM). 1024,1234,61,24
<EOS>
28. 770,1271,28,19
<EOS>
Okt. 804,1269,39,21
<EOS>
: 850,1279,3,11
Als 865,1269,29,21
jüngster 907,1272,78,25
Absolvent 997,1270,94,21
er¬ 1104,1277,25,14
hält 770,1305,36,21
Gould 820,1306,56,20
das 892,1306,32,20
-Associate-Diplom 939,1306,190,27
<EOS>
<EOP>
des 1178,1129,30,21
TCM 1223,1130,44,19
für 1282,1128,28,21
seine 1325,1131,46,19
Darbietung 1386,1129,108,26
der 1509,1129,30,20
dritten 1178,1164,65,20
Sonate 1257,1166,65,18
von 1336,1170,35,14
Beethoven 1386,1163,102,21
und 1504,1163,34,21
des 1179,1199,30,21
zweiten 1216,1201,73,19
Impromptus 1297,1201,123,25
von 1427,1206,35,13
Chopin 1470,1198,68,27
<EOS>
GG 1229,1236,25,20
geniesst 1268,1237,78,25
damals 1361,1234,69,21
noch 1446,1234,45,21
das 1507,1234,31,21
Gefühl 1178,1268,63,23
der 1251,1270,32,21
Macht 1293,1269,57,22
über 1361,1269,44,21
die 1414,1269,28,21
Zuhörer¬ 1453,1268,85,22
schaft. 1178,1305,60,21
<EOS>
Er 1246,1307,21,19
bedauerte 1273,1306,96,20
später, 1375,1307,63,25
ohne 1446,1304,47,21
Ein¬ 1499,1306,39,18
<EOS>
<EOP>
satz 1594,1132,36,16
von 1645,1134,34,14
Beruhigungsmitteln 1696,1128,195,27
nicht 1908,1128,47,20
Ankündigung 1978,1129,141,22
mehr 1594,1162,51,22
so 1665,1169,17,15
unbeschwert 1703,1163,124,21
spielen 1848,1163,66,27
zu 1935,1170,20,14
von 1979,1170,34,13
GGs 2028,1165,37,18
erstem 2079,1162,72,20
können 1595,1197,72,21
wie 1681,1201,34,18
damals. 1728,1198,75,21
<EOS>
Der 1818,1200,33,19
Vierzehn- 1864,1198,91,21
öffentlichen 1980,1200,139,18
jährige 1594,1232,66,28
wird 1676,1234,43,20
vom 1735,1240,42,15
Manager 1794,1235,83,26
Walter 1894,1234,62,21
Rezital 1979,1236,77,18
Homburger 1595,1268,111,26
unter 1723,1273,52,17
Vertrag 1792,1271,72,23
genom- 1881,1276,73,18
<EOS>
<EOP>
20. 769,1378,29,20
<EOS>
Okt. 803,1377,39,21
<EOS>
: 849,1386,3,12
An 860,1379,26,19
seinem 894,1379,66,19
ersten 968,1381,58,17
offiziellen 1035,1376,94,22
Rezital 769,1411,60,22
spielt 837,1412,51,26
er 896,1418,18,15
im 921,1415,24,18
Eaton 953,1414,55,19
Auditorium 1016,1412,112,21
fünf 768,1446,41,22
Scarlatti-Sonaten. 821,1447,173,21
<EOS>
die 1008,1448,27,19
-Sturm¬ 1050,1449,77,18
<EOS>
<EOP>
sonate- 1179,1381,69,17
von 1261,1383,34,14
Beethoven, 1308,1376,108,23
die 1429,1376,28,21
-Passa- 1471,1378,67,20
caille- 1178,1411,58,22
von 1254,1418,35,14
Couperin, 1306,1412,93,26
von 1418,1418,33,14
(.'hopin 1470,1411,68,28
<EOS>
einen 1178,1449,50,18
Walzer 1244,1446,64,21
und 1323,1447,35,20
ein 1375,1449,28,18
Impromptu. 1420,1449,118,25
<EOS>
<EOP>
Liszts 1593,1378,55,21
-Au 1654,1379,34,20
bord 1696,1378,43,21
d'une 1746,1378,53,21
source- 1806,1383,70,16
und 1884,1378,35,20
ein 1926,1380,28,18
Rondo 1593,1413,59,20
von 1663,1419,35,14
Mendelssohn. 1709,1413,131,20
<EOS>
<EOP>
1. 770,1519,10,19
<EOS>
Klaviersonate. 788,1517,136,21
<EOS>
Als 931,1518,29,20
Komponist 967,1520,105,25
sollte 1080,1518,49,21
Gould 767,1553,57,21
später 831,1556,60,24
jedoch 897,1553,63,27
kaum 967,1553,55,21
je 1030,1555,14,26
über 1052,1553,43,21
die 1101,1554,28,20
ersten 769,1593,57,17
Takte, 845,1588,57,22
bzw. 920,1589,41,21
<EOS>
Seiten 980,1591,59,19
hinaus¬ 1057,1588,72,22
kommen. 768,1625,92,21
<EOS>
Zu 872,1626,23,19
solchen 907,1624,72,22
unvollendeten 991,1625,137,21
Werken 768,1660,74,21
gehört 849,1659,64,28
etwa 921,1665,46,16
der 975,1660,30,21
frühe 1013,1659,51,22
-Chor 1074,1660,55,21
für 769,1695,28,22
postnukleare 808,1695,126,29
Frösche-. 945,1696,87,21
<EOS>
-Evening 767,1734,83,25
Telegram-. 870,1732,104,27
<EOS>
9. 996,1735,15,21
<EOS>
Mai: 1019,1735,41,18
-GGs 1084,1735,42,19
Genie 766,1770,53,18
hat 835,1767,29,21
am 881,1775,30,14
vergangenen 928,1774,121,19
Abend 1067,1769,60,21
<EOS>
<EOP>
unter 1178,1521,51,17
seinen 1244,1521,58,18
Schmetterlingshänden 1319,1517,218,30
das 1176,1553,32,21
Klavier 1224,1553,69,21
zum 1308,1560,41,15
Singen 1367,1556,63,26
gebracht, 1447,1555,90,27
wie 1178,1595,33,15
man 1223,1595,41,15
es 1277,1596,17,14
sich 1306,1589,36,21
bislang 1355,1589,68,28
einzig 1434,1593,57,24
von 1504,1598,33,14
De 1177,1626,23,19
Pachmann 1218,1625,100,21
gewohnt 1335,1626,85,27
war.- 1438,1632,47,16
<EOS>
Der 1505,1628,33,20
russische 1177,1660,86,21
Pianist 1276,1662,65,19
war 1353,1668,36,14
auch 1400,1661,44,21
der 1457,1662,31,21
ein¬ 1499,1665,38,18
zige, 1177,1698,42,25
der 1229,1696,30,21
mit 1267,1698,32,19
GGs 1308,1698,34,19
Exzentritäten 1351,1698,129,20
hätte 1489,1697,49,22
rivalisieren 1176,1731,107,22
können. 1294,1731,78,22
<EOS>
Wenn 1383,1734,54,19
er 1449,1739,18,14
Fehler 1477,1732,61,22
machte, 1176,1767,76,22
suchte 1276,1767,60,21
er 1360,1775,18,13
beispielsweise 1401,1768,136,27
<EOS>
<EOP>
unter 1594,1524,52,17
dem 1654,1520,40,21
Flügel 1704,1520,57,27
nach 1771,1520,43,21
den 1824,1520,34,20
übergan¬ 1869,1520,84,26
genen 1593,1561,56,21
Noten. 1664,1557,62,19
<EOS>
-Gallery 1741,1555,76,27
of 1831,1554,21,22
Toronto-, 1864,1556,90,20
9.Okt.: 1594,1590,71,22
<EOS>
-The 1688,1590,45,21
greatest 1753,1595,77,22
pianist 1852,1593,64,24
of 1938,1589,19,21
Canada-. 1593,1626,84,21
<EOS>
In 1698,1628,17,19
der 1736,1626,31,21
Folge 1786,1626,52,27
wird 1858,1626,43,21
GGs 1920,1627,34,20
Werdegang 1594,1661,107,26
auf 1710,1660,32,21
Schritt 1750,1661,64,21
und 1824,1661,35,20
Tritt 1869,1663,40,18
von 1920,1668,34,13
den 1594,1697,34,20
kanadischen 1641,1696,118,21
Medien 1770,1697,71,20
verfolgt. 1853,1695,78,25
<EOS>
<EOP>
1949 146,1837,54,25
Fur 351,1841,32,18
die 394,1839,28,20
-Malvern 433,1838,86,22
Dramatic 531,1840,89,20
Society¬ 631,1841,80,25
<EOS>
<EOP>
schreibt 352,1875,74,20
er 449,1881,18,14
zur 489,1881,29,14
Aufführung 542,1874,112,28
von 677,1881,34,14
Shakespeares 352,1909,130,27
-Twelfth 503,1910,78,21
Night- 603,1910,61,27
die 685,1911,27,20
<EOS>
<EOP>
Begleitmusik. 766,1839,131,28
<EOS>
Später 908,1842,63,25
soll 980,1839,31,21
Gould 1022,1839,56,21
ein¬ 1089,1842,36,18
mal 766,1875,34,21
m 822,1882,16,14
einem 859,1878,58,18
Provinztheater 938,1875,143,22
im 1102,1877,24,18
Hamlet 767,1911,70,21
auf 854,1910,32,22
der 902,1911,30,21
Bühne 951,1910,60,21
gestanden 1029,1910,97,25
<EOS>
<EOP>
haben: 1176,1839,66,22
jedenfalls 1251,1839,92,27
hat 1352,1839,30,21
er 1389,1846,19,15
bei 1416,1840,26,21
Theater- 1451,1839,84,22
auffuhrungen 1176,1875,134,27
im 1319,1878,24,18
Familienkreis 1353,1875,131,21
stets 1494,1880,43,17
die 1176,1911,28,20
Hauptrolle 1217,1911,100,26
gespielt 1329,1911,74,27
und 1417,1911,35,21
im 1466,1913,22,18
pri¬ 1503,1913,33,25
<EOS>
<EOP>
vaten 1593,1844,52,17
Kreis 1658,1842,46,19
ab 1717,1840,21,21
und 1753,1840,33,21
zu 1800,1847,20,13
Richard 1836,1839,70,21
den 1919,1839,34,21
Zweiten 1593,1877,77,20
imitiert. 1682,1878,77,19
<EOS>
<EOP>
1950 145,1983,54,22
Von 351,1983,35,19
diesem 396,1981,66,21
Jahr 469,1982,42,25
an 520,1989,22,14
schält 553,1982,54,21
sich 616,1982,37,21
jenes 664,1985,47,23
<EOS>
<EOP>
Repertoire 351,2018,96,25
heraus, 460,2017,69,22
dem 543,2018,40,20
er 598,2024,18,14
während 628,2018,82,21
seiner 351,2057,54,15
kurzen 422,2051,63,22
Konzertkarriere 504,2052,151,22
ver¬ 672,2060,37,14
schrieben 351,2086,91,21
bleiben 450,2087,71,21
wird 529,2088,44,21
und 582,2089,35,20
das 626,2089,31,20
auch 666,2089,44,21
die 351,2123,27,20
Schwerpunkte 398,2122,140,27
seiner 558,2130,55,14
Platten¬ 634,2124,76,21
aufnahmen 350,2157,108,21
vorwegnimmt. 475,2161,142,23
<EOS>
Chopin. 634,2159,75,27
<EOS>
<EOP>
Dupuis. 765,1983,75,25
<EOS>
Czerny. 864,1984,68,24
<EOS>
Couperin. 958,1983,93,25
<EOS>
Liszt. 1077,1984,49,19
<EOS>
Scarlatti. 765,2017,84,22
<EOS>
MacDowell 868,2017,105,22
gehören 991,2017,78,27
nun 1089,2024,36,14
der 765,2052,30,21
Vergangenheit 822,2052,136,27
an. 986,2059,28,14
<EOS>
Guerrero 1042,2054,83,20
steckt 766,2088,56,21
ihn 831,2088,30,21
mit 872,2090,32,19
seiner 914,2090,55,19
Schönbergliebe 978,2088,148,27
an: 765,2130,30,14
Nach 809,2123,47,22
den 870,2124,34,21
Regeln 919,2123,61,28
des 994,2124,30,21
am 1038,2131,29,14
TCM 1082,2126,43,19
ansonsten 765,2163,96,17
geächteten 889,2159,105,26
Schönberg 1024,2159,102,27
<EOS>
<EOP>
schreibt 1174,1983,76,20
GG 1260,1985,25,18
eine 1296,1985,38,18
Klaviersonate. 1345,1982,136,22
<EOS>
2-1. 1174,2019,28,20
<EOS>
Dez. 1211,2020,39,19
<EOS>
: 1256,2028,3,11
Die 1270,2019,30,20
Canadian 1311,2018,88,21
Broadcasting 1411,2018,125,25
Corporation 1173,2055,117,26
(CBC) 1305,2053,57,24
sendet 1378,2052,60,22
im 1451,2055,24,18
Rah¬ 1490,2051,44,22
men 1175,2096,42,14
von 1224,2096,35,14
-Sunday 1267,2089,80,27
Morning- 1356,2090,90,25
ein 1454,2090,28,18
Rezi¬ 1491,2090,44,18
tal 1174,2125,22,20
von 1209,2131,35,14
GG 1256,2126,25,19
mit 1292,2127,32,18
Werken 1337,2123,73,22
von 1422,2129,34,14
Mozart 1471,2124,63,19
und 1174,2161,35,20
Hindemith. 1221,2159,107,21
<EOS>
lanet 1341,2160,46,20
Somerville 1399,2157,103,21
ist 1514,2159,20,18
<EOS>
<EOP>
seine 1593,1985,46,18
erste 1654,1986,45,17
Mentorin 1715,1984,88,18
bei 1819,1981,28,21
der 1864,1981,30,21
CBC. 1909,1984,45,20
<EOS>
deren 1593,2018,52,20
Studios 1654,2017,71,20
zur 1734,2023,31,14
Keimzelle 1774,2016,93,21
von 1876,2024,34,14
GGs 1920,2019,34,20
Erfolg 1593,2051,58,28
werden. 1659,2051,75,22
<EOS>
Bei 1744,2052,28,21
dieser 1781,2051,57,22
ersten 1846,2057,57,16
Stu¬ 1913,2054,39,20
dioaufnahme 1593,2086,127,21
fasst 1735,2086,42,22
GG 1792,2089,25,19
zum 1831,2094,43,14
Mikro¬ 1890,2089,63,21
phon 1593,2122,48,27
eine 1648,2124,39,19
Liebe 1694,2123,52,21
auf 1753,2122,33,22
den 1791,2123,34,22
ersten 1833,2128,58,17
Blick, 1901,2124,51,22
der 1591,2157,31,21
er 1632,2164,19,14
zeitlebens 1660,2157,95,22
treu 1765,2163,38,17
sein 1814,2162,37,18
wird. 1863,2160,48,20
<EOS>
1951 145,2233,47,20
<EOS>
<EOP>
M 599,2403,16,15
1952 146,2445,50,20
<EOS>
<EOP>
M 907,2547,29,34
Ulli 944,2567,32,16
<EOS>
<EOP>
^•> 826,2667,35,22
<EOS>
<EOP>
Walter 1176,2230,62,21
Homburger 1245,2229,113,28
gestaltet 1363,2229,82,28
ein 1454,2232,27,19
Pub¬ 1491,2230,44,21
licity-Blatt, 1175,2265,109,27
wo 1294,2272,27,14
die 1332,2265,27,21
begeisterten 1369,2265,119,27
Kri¬ 1499,2268,36,20
tiken 1175,2300,48,21
unter 1235,2305,52,16
dem 1297,2300,41,21
Titel 1350,2300,42,22
-Glenn 1404,2301,64,21
Gould 1479,2302,57,22
erobert 1174,2335,69,21
West-Kanada- 1265,2337,135,21
versammelt 1422,2338,112,23
sind. 1174,2371,44,20
<EOS>
<EOP>
Komposition 1593,2232,122,26
fünf 1736,2231,42,22
kurzer 1795,2232,63,21
Klavier- 1876,2232,76,21
GG 1979,2234,24,18
im 2017,2234,22,18
«Cot- 2052,2233,60,18
stiieke. 1592,2267,66,22
<EOS>
alle 1670,2267,33,22
ungefähr 1715,2267,86,27
zwanzig 1813,2270,78,24
Takte 1902,2267,51,21
tage» 1978,2271,62,20
am 2053,2274,26,13
Lake 2093,2265,46,20
lang, 1593,2302,44,28
streng 1646,2307,57,23
nach 1710,2303,44,22
den 1763,2304,34,20
Zwölftonregeln 1805,2301,148,29
Simcoe 1979,2305,78,18
geschrieben 1591,2338,114,26
<EOS>
<EOP>
GG 1174,2445,26,20
beendet 1207,2443,76,22
den 1289,2444,34,22
Klavierunterricht 1332,2445,167,22
bei 1508,2446,26,22
Guerrero: 1174,2482,93,20
-Unsere 1295,2483,72,20
musikalischen 1396,2482,139,21
Vorgehensweisen 1176,2516,164,28
waren 1362,2525,58,13
diametral 1443,2517,92,21
entgegengesetzt. 1174,2557,159,23
<EOS>
Guerrero 1352,2555,82,19
war 1454,2559,35,15
ein 1507,2554,27,20
Bauchmensch, 1175,2588,139,23
ich 1328,2588,27,21
wollte 1368,2588,59,21
ein 1441,2591,28,18
Kopf¬ 1483,2587,52,29
knabe 1175,2623,57,23
sein,- 1240,2626,52,19
GG 1301,2626,25,19
bezeichnet 1335,2624,102,21
sich 1445,2624,37,21
fort¬ 1493,2623,41,22
an 1174,2666,22,14
als 1207,2659,25,21
Autodidakten. 1241,2659,139,22
<EOS>
GG 1390,2661,26,20
entscheidet 1426,2659,109,22
sich. 1175,2695,43,22
<EOS>
80 1226,2697,23,18
Meilen 1259,2696,62,20
nördlich 1331,2695,80,21
nach 1421,2695,44,21
Upter- 1474,2697,61,26
grove 1173,2737,53,21
an 1234,2736,22,16
den 1265,2731,35,21
Lake 1309,2731,45,21
Simcoe 1362,2732,71,20
zu 1441,2737,21,15
gehen, 1471,2731,64,27
wo 1174,2773,27,14
die 1210,2766,28,21
Familie 1247,2766,71,21
ein 1327,2769,29,18
Häuschen 1365,2766,92,21
besitzt, 1467,2766,68,23
das 1174,2802,32,21
Vater 1217,2804,49,19
Gould 1276,2802,56,20
eigenhändig 1343,2802,119,26
erbaut 1473,2802,63,21
<EOS>
<EOP>
hat. 1590,2445,35,22
<EOS>
und 1635,2445,34,21
wo 1679,2451,27,16
GG 1715,2447,25,19
als 1748,2445,26,21
Kind 1783,2445,42,21
beinahe 1836,2445,74,21
alle 1919,2444,33,22
seine 1590,2483,46,19
Wochenenden 1648,2481,135,21
und 1795,2481,35,21
Ferien 1843,2482,59,19
ver¬ 1914,2488,37,13
bracht 1591,2515,61,22
hat. 1670,2515,33,22
<EOS>
Er 1723,2518,19,19
nimmt 1759,2519,66,18
nur 1844,2522,33,15
seinen 1893,2518,59,19
Hund 1591,2552,50,20
und 1656,2551,35,21
ein 1705,2553,28,20
Aufnahmegerät 1748,2551,150,27
mit 1914,2556,31,16
Hier 1591,2589,40,20
feilt 1639,2587,36,22
er 1684,2594,18,15
an 1710,2594,22,15
seinem 1742,2589,66,20
Spiel 1818,2587,46,28
und 1875,2587,34,21
fin¬ 1919,2587,33,21
det 1590,2622,29,22
endgültig 1628,2622,91,28
zu 1726,2629,22,16
seinem 1757,2625,66,19
eigenen 1833,2625,73,24
Stil. 1915,2622,36,23
<EOS>
Aus 1591,2660,34,19
dieser 1632,2659,56,20
Einsamkeit 1697,2658,106,21
tritt 1813,2663,35,16
er 1857,2664,18,16
an. 1883,2665,27,14
<EOS>
um 1920,2665,31,14
innerhalb 1591,2694,91,21
dreier 1703,2694,56,21
Jahre 1775,2694,52,27
zuerst 1847,2698,56,16
die 1924,2694,28,21
Musikwelt 1590,2729,100,23
Kanadas, 1708,2730,86,22
dann 1811,2730,48,21
die 1877,2730,28,21
der 1922,2730,31,21
ganzen 1590,2771,66,20
Welt 1668,2765,42,21
zu 1721,2772,21,14
erobern. 1753,2765,81,21
<EOS>
<EOP>
1953 144,2868,53,21
<EOS>
<EOP>
1955 146,2973,52,21
<EOS>
<EOP>
Die 346,2871,30,19
erste 387,2874,45,17
Platte, 445,2871,59,25
Hallmark 516,2873,89,20
RS 617,2875,22,19
3, 651,2875,16,24
er¬ 679,2881,25,14
scheint 346,2903,67,23
und 426,2906,35,21
umfasst 473,2906,76,23
die 561,2908,27,21
Bergsonate 602,2910,103,25
Jan.: 347,2975,46,25
<EOS>
57. 404,2976,27,20
<EOS>
Street. 441,2977,61,20
<EOS>
West. 511,2979,50,19
<EOS>
New 572,2979,41,19
York: 622,2979,52,20
GG 684,2980,25,20
probiert 351,3008,77,27
bei 442,3010,27,20
Steinway 483,3012,88,26
verschiedene 587,3012,123,22
Flügel 351,3043,57,26
aus 420,3051,32,14
und 465,3045,35,20
entscheidet 511,3045,110,22
sich 632,3047,37,20
für 682,3047,28,21
den 351,3078,33,20
Steinway 400,3080,88,26
17t. 506,3082,37,19
<EOS>
der 560,3080,30,20
zu 605,3088,22,13
seinem 643,3084,67,18
¦Erfolgsflügel- 353,3111,139,29
wird 500,3114,42,20
: 548,3124,3,11
da 558,3115,22,20
er 587,3122,18,13
für 610,3115,28,21
einmal 646,3117,64,20
<EOS>
<EOP>
op. 764,2880,28,21
<EOS>
1 804,2875,4,19
und 820,2874,34,20
Stucke 865,2874,63,21
fur 938,2874,28,21
Piano 977,2876,53,19
und 1040,2874,35,21
Vio¬ 1085,2876,39,19
line 765,2908,32,21
(Albert 818,2909,69,23
Pratz) 908,2911,57,21
von 987,2916,34,14
Schosta¬ 1042,2909,82,21
<EOS>
<EOP>
kowitsch, 1174,2874,92,22
Tanejew, 1277,2876,82,25
Prokofjew. 1371,2874,101,26
<EOS>
31. 1175,2910,24,24
<EOS>
Juli: 1213,2910,43,26
GG 1273,2912,25,18
tritt 1315,2913,35,17
zum 1367,2917,41,13
ersten 1426,2914,57,16
<EOS>
<EOP>
am 1588,2881,30,15
alljährlich 1632,2874,97,27
stattfindenden 1744,2874,139,22
Festi¬ 1897,2876,53,19
val 1589,2910,26,21
von 1628,2917,34,14
Stratford 1674,2909,85,22
auf. 1770,2910,34,21
<EOS>
seinen 763,2983,58,18
-besten 835,2980,71,21
Freund- 919,2981,77,21
nicht 1010,2980,47,22
dabei 1072,2981,51,21
hat. 764,3015,34,22
<EOS>
kniet 808,3015,48,21
er 865,3023,18,13
beim 892,3016,47,20
Spielen, 948,3016,77,27
vollkom¬ 1035,3016,88,21
men 764,3056,39,14
versunken, 820,3051,106,21
auf 943,3051,32,21
dem 989,3051,41,21
nackten 1048,3051,75,22
Boden. 764,3084,66,21
<EOS>
Am 765,3121,33,18
11.1. 808,3121,35,18
<EOS>
tritt 853,3122,36,18
er 898,3127,19,13
in 926,3123,17,17
New 953,3122,42,18
York 1005,3121,43,20
(Town 1061,3122,63,22
<EOS>
<EOP>
Hall), 1173,2981,54,22
nach 1238,2981,43,21
seinem 1291,2983,66,19
ersten 1367,2985,59,17
Auftritt 1436,2980,69,22
in 1516,2984,17,17
den 1173,3017,34,20
Staaten 1223,3018,71,19
vom 1311,3023,40,14
2.Jan. 1367,3018,58,24
<EOS>
in 1442,3019,16,18
Wash¬ 1474,3016,59,22
ington, 1173,3054,67,24
zu 1254,3058,20,15
seiner 1289,3058,56,15
Bewährungsprobe 1358,3051,175,28
auf 1173,3086,31,21
internationaler 1216,3087,143,20
Bühne 1372,3087,61,20
an; 1446,3093,30,19
trotz 1490,3091,44,16
einem 1173,3128,56,15
selbstmörderischen 1240,3122,178,21
Programm. 1429,3124,105,22
<EOS>
<EOP>
das 1588,2982,32,20
unkonventionell 1633,2981,159,22
und 1806,2981,36,22
ungefällig 1856,2980,95,28
war 1590,3024,35,14
(Bach-Inventionen, 1643,3017,188,24
SWeelinck, 1849,3017,101,24
Webern, 1589,3052,79,22
Gibbons 1677,3052,79,21
und 1765,3053,35,21
Berg) 1810,3053,52,26
feiert 1874,3051,49,22
er 1932,3059,19,14
einen 1588,3090,51,18
derart 1648,3088,57,20
überwältigenden 1715,3088,162,26
Erfolg, 1886,3087,64,27
dass 1589,3123,41,21
ihm 1654,3123,37,21
die 1716,3123,28,22
Plattenfirma 1768,3122,122,23
CBS 1913,3124,38,20
78 1132,3192,30,26
<EOS>
<EOP>
