2176,3261
streite, 40,439,79,26
dass 129,437,51,27
man 191,445,52,19
die 253,437,35,27
Oktavreihen 297,436,152,28
in 458,439,22,23
Ravels 489,435,77,29
-La 577,439,39,24
Valse» 625,436,70,28
oder 704,437,55,27
das 768,437,39,27
Finale 817,437,72,27
der 898,437,40,27
Fünf¬ 947,436,64,28
ten 39,487,38,24
meistern 87,488,106,24
kann, 205,485,68,30
wenn 284,494,67,18
man 362,493,54,18
nicht 427,483,61,28
Tage, 497,486,63,33
Wochen, 570,484,106,32
Monate 687,488,89,25
an 787,494,28,19
das 826,486,40,27
Klavier 876,486,88,27
ge¬ 974,494,37,27
fesselt 38,530,74,30
an 124,542,28,18
seinen 167,537,73,23
Läufen, 255,533,90,31
Arpeggien 359,534,124,35
und 497,533,45,26
Trillern 555,533,88,27
feilt. 656,533,51,27
<EOS>
Ich 721,533,35,28
bestreite, 770,534,110,33
dass 893,534,52,27
man 958,543,54,18
diesen 39,581,75,29
Auswuchs 126,582,126,28
von 264,591,45,18
Geläufigkeit 321,580,146,36
durch 479,581,70,27
blosses 561,581,85,28
Studieren 659,583,116,27
der 787,583,39,27
Partituren 837,585,124,25
am 974,592,38,18
Schreibtisch 39,630,146,28
erreichen 196,630,114,28
kann. 323,630,67,27
<EOS>
Wie 402,632,46,25
soll 459,628,39,28
man 508,638,53,18
die 573,629,35,28
beidhändigen 619,630,168,36
Triller 798,631,72,28
der 881,632,38,27
letzten 930,631,81,28
Beethoven-Sonaten 39,678,241,28
bewältigen 290,677,134,36
können, 436,677,97,29
ohne 545,677,60,27
die 616,678,34,27
richtigen 662,678,109,37
Muskeln 782,679,105,28
am 898,688,38,19
rech¬ 948,679,63,28
ten 39,730,36,24
Ort 87,730,38,25
zu 136,737,27,18
haben? 174,727,89,28
<EOS>
Wie 274,730,46,25
soll 332,726,39,28
man 381,734,53,20
sich 445,725,47,28
solcher 503,726,87,28
Muskeln 600,726,104,28
erfreuen, 716,726,110,33
wenn 837,737,67,19
man 916,737,53,18
sie 981,732,30,24
nicht 40,776,60,27
Tag 113,779,43,33
für 168,776,37,27
Tag 218,778,42,33
trainiert? 272,776,114,27
<EOS>
J.D.: 68,827,67,32
<EOS>
Gieseking... 146,825,155,35
<EOS>
J. 70,876,16,32
<EOS>
D. 95,876,24,25
<EOS>
: 127,886,3,15
Gieseking 142,874,117,34
übte 269,873,54,27
möglicherweise 335,872,192,36
nie, 538,875,43,29
wer 593,881,45,18
weiss. 649,875,72,24
<EOS>
Vielleicht 734,873,113,28
sind 858,875,49,27
das 918,875,40,27
nur 970,883,43,19
Gerüchte. 40,922,115,28
<EOS>
Jedenfalls 163,921,121,36
war 296,930,45,19
er 352,930,24,19
bei 387,921,34,28
weitem 433,924,91,24
nicht 536,920,61,28
so 609,929,23,18
virtuos 644,924,86,24
wie 741,925,44,24
Gould! 797,922,82,28
<EOS>
Nein, 892,925,62,28
was 967,932,45,19
ich 40,969,34,28
eigentlich 86,970,118,37
sagen 216,980,67,26
will, 295,970,51,31
ist. 358,974,32,25
<EOS>
dass 403,970,52,28
Gould 466,969,71,28
in 548,973,22,24
erster 582,975,68,22
Linie 662,972,60,25
ein 734,972,36,25
Klavierspieler 781,969,170,38
war, 962,980,51,24
ein 40,1021,35,25
Klavierspieler 89,1019,169,36
am 272,1029,37,17
Klavier, 324,1019,92,33
sie 430,1023,31,24
sehen 475,1019,69,27
worauf 558,1017,90,29
ich 658,1018,35,28
hinaus 706,1018,81,28
will? 801,1019,59,27
<EOS>
J.D.: 69,1071,67,31
<EOS>
Nein. 146,1071,63,25
<EOS>
J. 69,1119,17,32
<EOS>
D. 95,1119,24,25
<EOS>
: 126,1130,4,14
Es 140,1120,25,25
genügt 174,1122,85,30
schon, 268,1117,77,30
ihn 356,1118,38,26
beim 403,1118,60,27
Spielen 472,1117,89,36
zu 570,1125,27,19
sehen, 606,1116,76,28
um 693,1124,39,19
zu 741,1124,26,18
bemerken, 777,1115,130,32
dass 917,1117,52,27
die 978,1118,35,27
Distanz 40,1165,91,28
zwischen 141,1166,113,27
einem 267,1169,73,24
Pianisten 352,1168,113,26
und 478,1166,45,27
seinem 534,1168,85,25
Instrument 630,1168,139,24
niemals 780,1164,94,27
kürzer 886,1164,78,28
ge¬ 975,1174,37,27
wesen 40,1220,73,22
ist. 126,1218,32,24
<EOS>
Er 171,1218,26,23
sagt 208,1220,47,30
selbst: 268,1215,76,27
-Bei 357,1217,48,25
Bach 417,1214,59,28
müssen 489,1219,94,23
Sie 594,1217,36,25
nahe 641,1213,58,28
herangehen, 712,1212,152,37
da 877,1213,29,27
dies 917,1213,47,28
ein 976,1217,36,24
Mittel 40,1262,68,28
zur 123,1272,39,18
Verfeinerung 175,1262,159,37
des 346,1263,39,28
Klanges 400,1263,94,36
ist.» 508,1267,45,24
<EOS>
<EOP>
f.D.: 73,1314,62,30
<EOS>
Aber 146,1311,59,28
er 218,1320,23,19
betonte 255,1311,93,28
beharrlich, 362,1311,132,32
dass 509,1312,51,27
ihm 575,1312,47,27
das 636,1312,40,27
Klavier 690,1311,87,28
nichts 791,1310,72,29
bedeutete! 877,1310,132,29
<EOS>
J.D.: 69,1363,61,31
<EOS>
Ja. 138,1364,31,30
<EOS>
und 182,1360,46,28
dass 239,1360,52,26
er 303,1368,23,18
Noten 337,1362,74,26
lieber 422,1361,68,28
lese 502,1361,44,28
als 557,1361,32,28
spiele. 601,1361,75,35
<EOS>
Lügen, 687,1364,83,32
einmal 782,1360,82,28
mehr! 876,1359,74,28
<EOS>
Und 963,1360,50,27
man 40,1415,51,21
hat 103,1409,38,28
es 152,1418,23,19
ihm 188,1409,47,27
abgenommen. 247,1408,176,35
<EOS>
Nur 436,1412,47,24
hatte 493,1410,62,27
er 566,1418,23,19
leider 599,1410,69,28
nicht 678,1410,62,28
alles 751,1409,52,28
unter 815,1414,66,23
Kontrolle. 892,1408,119,28
<EOS>
Und 39,1455,48,30
man 96,1466,53,19
weiss, 157,1461,72,27
dass 238,1456,52,27
er 298,1464,23,19
sich 329,1456,47,27
nichtsdestotrotz 384,1457,198,29
sehr 589,1458,50,28
um 647,1467,41,19
sein 697,1461,46,25
Instrument, 751,1461,145,28
um 905,1466,41,19
seine 954,1461,59,24
Regulierung 40,1505,145,37
kümmerte. 196,1506,136,26
<EOS>
Michelangeli 344,1505,155,35
ist 511,1509,26,24
dagegen 548,1507,102,36
ein 662,1510,36,25
Anfänger, 710,1506,118,37
ein 840,1510,35,24
Holzklotz! 888,1506,123,28
<EOS>
Gould 73,1555,72,27
konnte 154,1555,86,27
es 250,1562,23,19
sich 282,1552,46,28
nicht 339,1552,61,27
verkneifen, 409,1553,136,31
über 555,1554,56,28
Klaviermechanik, 621,1555,217,32
über 848,1555,55,28
das 913,1555,40,28
not¬ 963,1560,49,23
wendige 40,1604,101,36
Gewicht 150,1602,100,30
beim 260,1602,60,27
Anschlag 331,1600,112,36
verschiedener 453,1602,168,29
Klaviere 632,1604,99,28
und 742,1605,45,27
ähnlichen 797,1604,120,28
Zauber 929,1604,84,28
zu 39,1657,26,21
fachsimpeln. 74,1651,155,36
<EOS>
Er 238,1654,25,24
verstieg 272,1653,95,31
sich 374,1648,46,28
sogar 429,1658,65,26
dazu, 501,1650,65,31
über 576,1652,56,27
sein 639,1656,46,24
Klavier 694,1654,87,27
zu 789,1662,26,19
schreiben, 826,1654,121,29
über 958,1654,55,27
seine 41,1703,56,25
Liebe 108,1702,64,27
zum 182,1709,53,19
alten 246,1699,58,27
Chickering, 315,1697,137,35
dm 463,1698,43,27
er 517,1707,23,18
in 550,1702,21,23
seiner 583,1703,69,23
Jugend 656,1702,87,34
bespielt 754,1702,93,35
hat, 857,1702,45,29
über 913,1702,56,28
die 979,1703,34,27
-Operation», 40,1750,150,34
der 212,1749,38,27
sein 271,1751,45,24
verunfallter 339,1745,143,28
Lieblings-Steinway 504,1747,234,37
unterzogen 762,1755,137,30
werden 922,1751,91,27
müsste... 41,1803,125,24
<EOS>
Reichlich 177,1797,106,28
seltsam 293,1796,87,27
für 392,1793,36,28
einen 436,1797,63,24
-Leser», 511,1797,92,26
nicht? 613,1796,74,27
<EOS>
Haben 699,1797,77,28
Sie 785,1800,35,25
gelesen, 829,1798,96,35
was 936,1808,45,18
er 991,1808,22,19
in 40,1845,19,26
seinem 75,1851,83,24
Interview 174,1849,117,26
mit 306,1847,40,24
Jonathan 356,1842,111,36
Cott 482,1844,49,25
über 545,1842,55,27
das 614,1843,40,27
Cembalo 667,1845,109,27
gesagt 790,1852,75,29
hat? 881,1847,50,27
<EOS>
./. 69,1898,17,31
<EOS>
1). 97,1900,24,24
<EOS>
: 130,1911,5,13
Wenn 148,1899,70,26
Sie 233,1897,35,26
so 283,1902,23,19
freundlich 321,1891,122,29
wären, 458,1895,82,26
meine 556,1894,72,24
Erinnerung 643,1894,138,34
ein 795,1897,35,23
wenig 846,1898,73,32
aufzu¬ 935,1896,78,27
frischen 39,1939,96,35
<EOS>
<EOP>
J. 69,1996,17,31
<EOS>
1). 96,1996,23,26
<EOS>
: 127,2007,3,14
Selbstverständlich. 142,1990,229,32
<EOS>
Gould 383,1988,71,29
sagt 466,1993,46,30
dort: 523,1988,60,26
-Es 597,1990,36,24
gibt 645,1988,46,35
nur 703,1997,43,18
ein 756,1992,36,23
Cembalo 804,1991,109,26
auf 925,1991,40,27
der 974,1991,39,28
Welt, 40,2039,57,32
auf 108,2043,41,28
dem 155,2044,53,27
ich 218,2041,34,28
spielen 262,2040,84,37
kann, 357,2039,68,27
das 434,2037,40,28
Wittmayer 484,2039,128,32
- 622,2051,12,2
über 645,2036,55,26
das 709,2036,39,27
viele 759,2037,55,27
Berufscembali¬ 825,2037,185,29
sten 41,2092,47,26
die 97,2092,35,27
Nase 141,2095,56,24
rümpfen 207,2089,106,37
-, 323,2105,20,14
einfach 353,2086,88,30
weil 450,2085,49,28
seine 508,2088,58,24
Taktilia 575,2084,89,28
und 673,2084,46,27
insbesondere 728,2084,160,28
die 897,2086,34,27
Breite 941,2088,70,25
¦seiner 39,2141,69,26
Tastatur 121,2144,100,24
dem 235,2140,52,27
Flügel 302,2137,73,36
so 389,2145,24,19
nahe 428,2134,56,29
wie 499,2137,42,25
möglich 556,2133,98,35
kommen.» 669,2133,129,27
<EOS>
Spricht 72,2187,88,35
so 171,2196,24,19
ein 207,2189,35,26
Musikfee;-? 254,2184,146,29
<EOS>
Ein 413,2185,39,25
Musiker, 463,2179,104,33
der 579,2179,39,27
sich 629,2178,47,28
nicht 687,2178,62,28
um 760,2187,41,19
sein 814,2181,45,25
Instrument 871,2181,139,25
schert? 38,2232,86,31
<EOS>
Absurd, 135,2236,95,32
das 242,2235,40,27
alles 294,2234,52,28
ist 359,2236,25,25
durch 396,2230,70,30
und 478,2229,45,28
durch 535,2228,70,28
absurd. 616,2227,89,28
<EOS>
Haben 719,2226,77,28
Sie 808,2228,35,26
seine 855,2229,59,25
Pianis- 925,2229,83,25
simostellen 38,2282,138,30
gehört, 186,2284,87,36
die 285,2284,34,27
den 331,2283,44,28
Pauken 386,2281,91,28
im 488,2283,30,23
Finale 530,2277,72,28
der 613,2277,39,27
Fünften 663,2274,94,29
entsprechen? 769,2275,163,35
<EOS>
Glau¬ 944,2275,64,27
ben 38,2325,42,33
Sie, 90,2335,42,31
ein 142,2337,36,24
«Leser» 189,2336,85,25
wäre 284,2337,59,24
hierzu 352,2332,76,27
in 439,2333,21,23
der 470,2328,39,28
Lage? 518,2328,70,34
<EOS>
Nun, 599,2328,58,27
geben 666,2324,73,36
Sie 750,2326,35,25
nun 795,2333,47,18
endlich 853,2323,86,27
klein 951,2323,57,27
bei? 37,2373,49,34
<EOS>
Als 101,2382,36,28
«Leser» 152,2385,85,25
hätte 251,2382,61,27
er 327,2389,23,20
gar 363,2388,39,28
nicht 416,2378,61,28
gewusst, 490,2380,108,33
dass 612,2374,51,28
so 677,2382,24,18
etwas 715,2378,69,22
möglich 798,2372,99,36
ist! 912,2375,36,24
<EOS>
<EOP>
J. 66,2431,18,31
<EOS>
D. 93,2432,26,25
<EOS>
: 127,2444,6,14
Bleiben 145,2431,91,27
Sie 251,2433,34,25
höflich. 300,2429,89,28
<EOS>
J. 68,2479,17,31
<EOS>
D. 92,2481,25,25
<EOS>
: 124,2493,4,13
Ich 137,2480,37,27
bin 181,2480,38,27
es, 229,2488,30,22
mein 268,2482,60,24
junger 336,2482,79,32
Freund. 422,2476,93,28
<EOS>
Leute, 524,2477,75,27
die 608,2472,34,27
sich 650,2471,47,28
nicht 704,2470,62,28
um 774,2478,40,19
das 823,2470,40,27
Instrument 871,2472,139,25
kümmern, 40,2518,127,41
veranstalten 184,2527,151,29
nicht 352,2526,61,28
ein 429,2528,35,26
solches 481,2523,86,29
Tamtam 583,2524,102,24
um 702,2528,41,19
die 759,2519,34,27
Regulierung 809,2518,147,36
der 972,2517,39,29
Hammermechanik 38,2569,232,36
und 283,2576,46,28
das 342,2576,40,28
Stimmen 396,2578,111,26
des 522,2572,38,28
Klaviers 573,2570,98,28
wie 685,2571,43,25
Gould. 743,2567,77,28
<EOS>
Sie 835,2569,35,26
vergeuden 883,2566,127,37
'hre 40,2617,44,33
Zeit 92,2626,43,27
nicht 146,2626,61,27
damit, 217,2626,77,30
die 305,2626,35,27
Mikrophone 348,2623,149,36
zu 506,2631,27,17
richten, 544,2620,92,30
und 648,2618,45,28
gehen 702,2617,74,36
schon 787,2616,70,28
gar 866,2625,40,27
nicht 916,2615,60,28
so 986,2625,24,18
Weit, 39,2673,56,33
das 109,2675,40,28
Abmischen 163,2675,138,28
zu 315,2683,27,19
dirigieren! 356,2674,126,35
<EOS>
I 66,2723,19,30
D. 94,2724,25,28
<EOS>
: 127,2736,6,15
Es 141,2726,25,26
muss 175,2732,65,20
eine 249,2727,48,25
herbe 306,2724,69,27
Enttäuschung 384,2720,170,34
für 561,2717,38,29
Sie 606,2719,35,26
gewesen 649,2725,105,28
sein, 763,2719,52,26
all 825,2714,27,28
dies 860,2715,47,27
heraus¬ 917,2714,93,28
zufinden! 39,2767,113,33
<EOS>
J. 68,2819,16,32
<EOS>
D.:Ja 93,2821,67,35
<EOS>
und 170,2822,45,27
nein... 226,2824,89,25
<EOS>
Wenn 327,2824,70,25
Sie 407,2822,35,25
so 452,2827,24,19
wollen, 486,2817,89,31
erging 586,2818,75,33
es 671,2823,22,19
mir 704,2817,44,24
in 757,2817,22,24
diesem 789,2813,84,28
Punkt 885,2813,72,28
wie 968,2815,43,25
"lit 39,2868,39,24
dem 89,2869,53,28
ganzen 154,2880,86,26
Menschen 251,2870,123,28
Gould. 385,2869,78,28
<EOS>
Ich 476,2867,35,28
glaubte, 522,2865,98,37
dass 632,2864,51,27
Gould 694,2863,71,28
wirklich 776,2863,102,28
jener 889,2866,60,32
Ein¬ 961,2865,49,24
siedler 39,2913,79,32
sei, 129,2923,35,28
von 177,2929,45,18
dem 234,2920,53,27
man 301,2928,52,18
mir 366,2922,43,24
berichtet 420,2917,109,29
hatte, 542,2915,68,31
der 622,2914,39,27
weder 672,2913,76,27
ass 761,2921,36,19
noch 809,2912,57,28
trank, 879,2912,72,30
nie¬ 964,2913,46,27
manden 39,2964,96,32
sah, 148,2968,46,33
allein 207,2968,66,28
in 285,2972,22,24
einem 320,2971,75,25
Hotel, 407,2966,71,31
abgeschieden 490,2963,165,38
vom 668,2971,53,19
Rest 736,2965,47,25
der 795,2962,39,28
Welt 846,2962,54,28
lebte... 913,2961,96,28
<EOS>
<EOP>
Und 1067,435,47,28
dann 1126,435,61,28
bekam 1199,434,83,28
ich 1294,434,34,28
eine 1339,438,49,24
ganze 1398,444,70,26
Reihe 1479,435,64,28
von 1554,445,45,18
widersprechenden 1611,436,229,36
Informationen: 1852,435,187,29
Er 1066,487,26,24
hatte 1104,484,62,27
Sekretäre, 1178,483,122,32
einen 1313,486,65,25
Assistenten, 1390,486,148,30
ein 1551,487,37,24
beachtliches 1599,484,153,28
Vermögen, 1764,488,134,32
das 1911,485,40,27
er 1963,494,23,18
mit 1999,489,41,22
Fingerspitzengefühl 1066,532,243,37
verwaltete, 1320,532,134,32
Freunde, 1466,533,105,31
die 1583,533,35,27
er 1630,541,24,19
sah 1664,533,44,27
(und 1719,532,58,34
sich 1788,533,48,28
nicht 1847,533,61,28
damit 1919,533,71,28
zu¬ 2001,542,38,19
frieden 1066,581,87,29
gab, 1162,582,49,35
sie 1219,584,31,25
nur 1258,590,43,19
über 1309,581,56,28
den 1372,581,44,27
Draht 1423,580,71,27
zu 1503,588,27,19
kennen), 1538,580,112,33
und 1659,582,46,26
sogar 1714,590,64,26
Geliebte 1786,582,97,28
<EOS>
Alles 1903,582,58,28
nahm 1969,582,71,27
menschlichere 1066,630,176,28
Züge 1251,632,59,33
an. 1320,638,36,19
<EOS>
Er 1367,632,26,24
sagte: 1402,633,70,32
«Ich 1485,628,47,28
bin 1543,628,37,27
kein 1591,628,52,28
Pianist, 1653,632,89,28
ich 1753,630,34,27
bin 1798,630,38,27
ein 1847,633,36,25
kanadischer 1894,630,146,28
Medienschaffender, 1066,677,238,34
der 1315,678,39,28
Klavier 1363,677,88,28
spielt.» 1461,676,82,37
<EOS>
Ich 1554,676,35,28
glaubte 1600,676,91,36
es. 1702,686,30,18
<EOS>
Und 1743,678,50,27
dann 1803,678,63,27
hörte 1875,679,66,27
ich 1952,679,34,27
mir 1997,682,43,24
seine 1067,731,58,24
Radiosendungen 1133,728,202,35
an 1344,736,28,19
: 1378,740,4,14
Sie 1392,729,35,25
sind 1435,726,49,28
Nieten 1491,729,80,25
oder 1581,726,55,28
zumindest 1643,726,128,28
unglaublich 1780,727,144,35
einfältig, 1934,726,106,37
das 1067,776,40,27
Ganze 1118,779,72,24
erinnert 1201,779,98,24
ein 1311,779,36,24
wenig 1357,779,76,32
an 1444,784,29,19
Stockhausens 1484,775,168,28
Theaterversuche. 1663,774,215,28
<EOS>
Ich 1890,776,36,27
las 1938,776,32,27
seine 1983,779,58,24
Schriften. 1067,824,117,29
<EOS>
Ich 1194,824,35,29
konnte 1239,825,86,28
keine 1334,824,64,29
spezielle 1406,824,100,36
Begabung 1516,823,121,36
feststellen. 1645,821,130,30
<EOS>
Sie 1785,825,35,25
sind 1830,823,48,27
grösstenteils 1886,825,154,34
enttäuschend, 1067,873,173,32
geschraubt 1248,873,135,35
und 1393,874,46,27
von 1448,881,45,20
halbherzigem 1502,873,169,35
Humor. 1681,874,91,25
<EOS>
Man 1782,874,53,24
soll 1844,871,40,27
vergleichen, 1892,872,148,35
was 1067,930,46,19
vergleichbar 1121,921,152,37
ist. 1281,925,32,24
<EOS>
Und 1322,922,49,27
Gould 1379,922,72,27
ist 1460,925,26,24
an 1494,930,29,19
der 1532,922,39,27
Seite 1578,924,57,25
von 1643,929,45,19
Proust 1698,923,77,25
oder 1783,920,55,27
Jankélévitch 1841,919,155,35
ein 2004,924,36,24
Wickelkind. 1067,970,145,28
<EOS>
Im 1226,973,34,24
Vergleich 1273,970,111,36
zu 1396,979,28,19
Gavoty 1438,973,85,33
oder 1537,971,54,27
Rostaing 1604,973,104,32
ein 1720,972,35,25
Held! 1769,969,65,28
<EOS>
Er 1847,971,27,25
ist 1886,971,28,26
der 1926,969,39,28
beste 1978,969,63,28
Musikjournalist 1068,1019,191,36
der 1273,1019,39,27
Welt 1325,1019,53,27
oder 1393,1019,55,27
hätte 1461,1019,62,28
es 1537,1028,23,19
zumindest 1574,1019,128,27
sein 1716,1021,45,25
können. 1775,1018,99,28
<EOS>
Sein 1889,1019,51,26
Bericht 1954,1018,87,28
über 1068,1068,56,28
Ives' 1136,1068,52,28
Vierte 1201,1070,72,26
ist 1286,1071,27,24
absolut 1326,1068,90,27
einzigartig. 1427,1071,138,33
<EOS>
Aber 1578,1068,59,28
seine 1649,1071,59,25
angestrebte 1720,1067,141,36
Schriftsteller¬ 1875,1066,165,28
karriere 1067,1117,98,28
wäre 1175,1120,59,24
im 1245,1119,31,24
Sand 1288,1116,59,28
verlaufen. 1358,1116,122,29
<EOS>
Ich 1492,1117,36,28
habe 1539,1117,60,28
seinen 1610,1120,74,25
Film 1696,1117,55,27
über 1763,1117,56,27
Toronto 1829,1118,95,25
gesehen. 1935,1116,105,35
<EOS>
Für 1068,1168,40,24
einen 1118,1168,66,24
Dokumentarfilm 1195,1163,207,29
war 1413,1174,47,18
er 1471,1173,23,19
nicht 1505,1165,61,27
schlecht, 1577,1165,106,33
aber 1696,1165,53,28
nichts 1759,1165,74,27
Grossartiges. 1844,1167,153,33
<EOS>
All 2010,1164,32,26
dies 1068,1213,46,28
schien 1124,1213,76,28
mir 1209,1217,44,23
für 1261,1212,37,29
einen 1307,1216,65,25
«Medienmenschen», 1383,1214,245,32
für 1638,1213,38,28
einen 1685,1217,64,24
«Denker» 1759,1213,112,28
etwas 1880,1218,70,22
anfän¬ 1960,1212,80,28
gerhaft. 1067,1262,95,35
<EOS>
So 1172,1265,28,25
hochgestochen 1211,1262,185,36
wie 1406,1266,44,24
nur 1461,1272,43,17
möglich, 1513,1262,106,36
aber 1630,1262,53,28
anfängerhaft. 1692,1262,165,36
<EOS>
Verstehen 1868,1262,121,27
Sie, 1999,1264,42,29
es 1067,1319,24,19
herrscht 1099,1310,102,29
ein 1209,1314,36,25
Widerspruch 1254,1311,157,36
zwischen 1420,1311,112,28
diesem 1542,1311,84,28
Menschen 1635,1311,123,28
und 1768,1311,46,28
seinem 1822,1314,84,25
Bild. 1915,1310,54,28
<EOS>
Seine 1979,1312,63,26
Einsamkeit 1067,1360,138,27
hätte 1218,1360,62,28
die 1294,1361,34,27
Folge 1343,1360,65,35
seiner 1422,1363,70,25
Verzweiflung, 1505,1360,167,35
seines 1687,1363,69,25
Weltschmerzes, 1770,1360,187,29
seines 1972,1361,69,25
Misstrauens 1067,1410,147,26
gegenüber 1229,1409,133,35
den 1378,1409,44,28
Menschen 1438,1409,123,28
sein 1578,1411,46,26
sollen. 1641,1409,76,28
<EOS>
Nun, 1734,1411,59,27
das 1810,1409,40,27
sind 1866,1408,49,28
Ammen¬ 1930,1410,110,25
märchen. 1067,1456,118,28
<EOS>
Es 1196,1460,27,24
genügt, 1233,1462,92,31
ihn 1336,1457,39,27
spielen 1386,1457,86,36
zu 1482,1466,27,19
hören: 1519,1457,80,28
Es 1611,1461,26,24
gibt 1648,1458,45,35
keinen 1703,1457,82,28
glücklicheren 1795,1456,163,37
Piani¬ 1969,1459,71,24
sten! 1068,1508,59,24
<EOS>
Nirgendwo 1140,1506,135,35
sonst 1288,1511,62,23
hört 1362,1505,52,28
man 1426,1515,53,18
eine 1493,1509,48,24
solche 1553,1506,74,28
Lebensfreude, 1641,1505,170,32
eine 1825,1508,48,24
solche 1885,1505,74,27
Spiel¬ 1972,1504,68,35
freude 1068,1553,76,29
heraus. 1157,1554,91,28
<EOS>
J.D.: 1097,1605,66,33
<EOS>
In 1177,1605,23,25
Monsaingeons 1216,1605,175,34
Sendungen 1407,1603,136,36
macht 1559,1603,75,28
er 1650,1611,24,20
auch 1687,1603,58,28
nicht 1761,1602,60,28
unbedingt 1837,1601,125,36
einen 1977,1604,64,24
weltfremden, 1068,1651,163,34
unzivilisierten 1245,1652,177,28
Eindruck. 1435,1653,116,26
<EOS>
J. 1099,1703,16,32
<EOS>
D.: 1124,1703,35,25
<EOS>
Sie 1174,1703,36,25
haben 1223,1701,76,27
den 1313,1701,43,27
Nagel 1371,1700,67,37
auf 1453,1699,41,29
den 1505,1701,44,27
Kopf 1562,1699,59,37
getroffen 1631,1699,111,38
<EOS>
/ 1097,1753,18,32
D. 1125,1753,26,23
<EOS>
: 1158,1763,6,13
Wie 1175,1753,47,25
immer... 1236,1753,118,24
<EOS>
J. 1099,1801,17,31
<EOS>
D. 1124,1800,25,25
<EOS>
: 1157,1811,3,14
Denn 1169,1801,65,24
in 1243,1801,22,24
Wirklichkeit 1273,1797,151,29
ist 1433,1801,26,24
er 1468,1807,24,18
überaus 1499,1798,98,27
weltlich-zivilisiert, 1607,1797,224,29
warmherzig. 1842,1794,155,36
<EOS>
Ich 2006,1794,36,28
kann 1068,1846,62,28
Ihnen 1138,1847,70,28
versichern, 1216,1847,136,33
dass 1360,1847,51,28
man 1420,1856,53,18
sich 1482,1846,46,28
von 1537,1855,45,19
seiner 1590,1849,69,25
Person 1667,1848,81,25
eine 1756,1847,49,25
falsche 1812,1842,82,29
Vorstellung 1902,1842,141,37
macht. 1068,1895,83,27
<EOS>
Das 1159,1897,44,25
ist 1212,1898,26,25
wie 1246,1898,44,25
mit 1299,1898,40,24
Cioran. 1348,1897,88,26
<EOS>
In 1444,1897,24,25
jungen 1477,1897,83,33
Jahren 1564,1894,82,35
las 1655,1894,32,27
ich 1695,1893,34,28
seine 1738,1896,59,24
«Lehre 1804,1891,80,28
vom 1891,1900,55,19
Zerfall» 1954,1891,88,28
mit 1068,1946,41,23
Hingabe, 1117,1943,107,35
und 1234,1944,46,26
ich 1289,1943,33,27
stellte 1332,1943,71,27
mir 1412,1946,43,24
einen 1462,1946,65,24
trübseligen 1536,1943,136,35
und 1681,1942,46,27
verzweifelten 1735,1940,163,29
Cioran 1907,1942,81,26
vor, 1996,1949,45,25
einen 1068,1993,65,25
verbitterten 1141,1991,146,27
und 1296,1991,46,27
grausamen 1350,1999,136,27
Cioran. 1495,1993,87,25
<EOS>
Durch 1592,1991,74,27
Zufall 1676,1989,66,28
war 1752,1997,45,20
er 1805,1997,24,19
ein 1836,1991,37,25
Intimus 1881,1991,97,25
mei¬ 1987,1992,55,24
nes 1067,2046,38,19
Zahnarztes. 1114,2038,139,28
<EOS>
So 1264,2040,29,26
traf 1302,2038,46,28
ich 1355,2039,34,27
ihn 1399,2039,39,27
eines 1448,2042,59,24
Tages: 1517,2041,76,33
Nun 1604,2041,52,25
denn, 1665,2039,69,32
der 1744,2038,39,27
Verfasser 1792,2036,110,29
der 1912,2037,39,27
«Syllo¬ 1961,2037,80,36
gismen 1067,2089,88,31
der 1166,2086,39,27
Bitterkeit» 1217,2086,126,27
hat 1356,2086,38,27
die 1405,2087,35,26
Champagnerkorken 1452,2086,246,36
knallen 1709,2086,88,27
lassen, 1810,2085,80,31
verlustierte 1902,2085,140,29
sich 1066,2133,47,27
in 1123,2136,21,24
den 1154,2134,44,27
Boudoirs. 1209,2134,115,27
<EOS>
An 1335,2137,34,24
diesem 1379,2134,85,28
Tag 1475,2136,41,33
begriff 1525,2134,83,35
ich, 1615,2134,40,33
dass 1665,2134,52,28
Cioran 1727,2136,80,26
nicht 1818,2134,61,27
ein 1889,2137,35,24
Verzwei¬ 1935,2136,106,26
felter 1066,2179,63,29
war, 1140,2189,52,24
sondern 1206,2182,96,27
ein 1316,2185,35,24
Schriftsteller. 1365,2181,160,28
<EOS>
In 1539,2185,23,24
Gould 1576,2182,71,27
sah 1660,2182,38,27
ich 1712,2182,34,27
einen 1759,2184,65,25
Einsamen, 1836,2184,127,30
einen 1977,2187,65,24
Denker 1065,2228,91,28
und 1162,2229,47,27
Leser 1218,2232,63,24
von 1289,2238,44,18
Musik. 1342,2229,80,28
<EOS>
Dann 1432,2232,65,25
begriff 1506,2228,82,37
ich, 1593,2229,41,34
dass 1643,2230,52,27
er 1704,2239,24,18
Pianist 1736,2232,94,25
war. 1835,2239,50,18
<EOS>
Das 1894,2233,44,26
ist 1947,2234,27,25
doch 1983,2233,58,28
schon 1066,2277,70,27
etwas: 1150,2282,79,22
jedem 1245,2278,76,34
seinen 1335,2280,75,25
Platz. 1424,2278,66,27
<EOS>
Kurzum: 1505,2281,108,24
Gould 1628,2278,72,27
dachte 1714,2278,80,27
weniger 1808,2282,100,33
scharf 1923,2280,76,28
als 2011,2282,32,28
Sartre, 1065,2327,80,31
schrieb 1155,2325,86,27
weniger 1251,2328,100,33
gut 1359,2331,41,30
als 1409,2325,31,28
Valéry, 1450,2326,79,35
sein 1540,2329,46,24
Radio 1596,2327,69,27
ist 1675,2329,26,25
weniger 1711,2329,100,32
bedeutend 1819,2327,131,29
als 1960,2330,31,27
das 2002,2331,40,27
von 1065,2382,46,18
José 1118,2376,50,31
Pivin, 1179,2376,69,30
seine 1261,2377,58,23
Fernsehsachen 1330,2373,182,28
gingen 1523,2377,82,33
nicht 1618,2374,61,28
über 1691,2375,56,27
das 1759,2375,39,28
Alltägliche 1810,2376,131,36
hinaus, 1953,2377,90,33
und 1066,2421,47,28
seine 1120,2425,59,24
eigenen 1187,2425,93,32
Kompositionen 1290,2424,186,33
könnten 1485,2422,103,27
nicht 1598,2422,61,27
epigonaler 1667,2423,130,36
sein. 1805,2427,53,25
<EOS>
Aber 1868,2426,59,28
niemand 1935,2429,108,26
spielte 1066,2470,77,35
besser 1157,2470,75,27
Klavier 1245,2470,88,28
als 1346,2471,32,27
er. 1391,2479,28,19
<EOS>
<EOP>
J. 1096,2521,17,33
<EOS>
D. 1124,2521,24,25
<EOS>
: 1156,2532,6,14
Hören 1168,2521,72,25
Sie 1250,2521,34,25
ihn 1294,2518,39,28
überhaupt 1341,2519,129,35
noch 1478,2519,59,28
an, 1546,2528,36,24
oder 1592,2521,55,27
schmollen 1654,2521,125,28
und 1788,2522,47,28
grollen 1842,2523,86,36
Sie 1937,2526,36,27
ihm? 1982,2525,62,29
<EOS>
J.D.: 1097,2570,60,32
<EOS>
Natürlich 1170,2567,114,28
hör' 1297,2567,48,28
ich 1359,2567,35,28
ihn 1407,2567,38,28
mir 1459,2571,44,24
an, 1516,2577,36,23
in 1565,2571,23,25
periodischen 1600,2570,156,34
Schwankungen. 1769,2570,199,39
<EOS>
Doch 1980,2575,64,28
hätte 1066,2616,63,29
ich 1140,2616,35,28
unter 1189,2622,66,22
keinen 1267,2616,80,28
Umständen 1361,2617,141,28
weiterhin 1516,2618,117,28
soviel 1647,2619,68,28
Gould 1727,2620,72,28
hören 1812,2620,70,29
können 1896,2622,90,29
wie 2001,2627,43,26
früher. 1067,2665,83,29
<EOS>
Ich 1164,2665,36,29
wäre 1213,2670,60,24
verrückt 1286,2666,103,28
oder 1403,2666,55,29
blöd 1471,2666,52,29
geworden. 1537,2668,128,35
<EOS>
J.D.: 1096,2718,66,33
<EOS>
Ein 1174,2718,39,24
Glück, 1228,2715,72,34
dass 1315,2715,52,28
es 1380,2725,24,19
nicht 1417,2715,62,29
soweit 1493,2720,76,25
gekommen 1582,2717,141,36
ist... 1737,2721,65,26
<EOS>
J.D.:.... 1097,2767,126,32
<EOS>
<EOP>
87 1028,3191,27,28
<EOS>
<EOP>
