2176,3261
EPILOG 1083,113,118,28
JACQUES 989,179,141,33
DRILLON 1151,179,141,28
<EOS>
<EOP>
Jacques 167,442,102,33
Drillon: 279,440,106,27
Nun, 400,443,58,26
Sie 474,442,36,25
leisten 525,440,78,27
sich 619,440,46,27
also 681,440,45,27
den 743,440,43,27
Luxus 803,443,75,24
eines 894,443,59,24
Selbstinter¬ 969,440,142,28
views? 138,490,85,26
<EOS>
Jacques 168,540,94,32
Drillon: 272,538,93,27
Das 377,539,43,25
ist 431,540,26,25
kein 468,537,51,28
Luxus. 530,540,83,25
<EOS>
Eine 623,540,52,25
Form 686,540,64,25
wie 762,540,43,25
jede 814,538,50,35
andere, 875,538,88,28
nichts 975,538,72,27
wei¬ 1058,540,53,25
ter. 138,590,37,23
<EOS>
Ich 188,585,37,28
weiss 237,588,66,25
nicht, 317,585,67,32
ob 398,586,29,27
Sie 440,588,35,26
den 489,586,44,27
Text 546,588,52,25
von 610,594,45,20
Glenn 669,586,70,28
Gould 753,586,72,28
kennen, 837,586,97,32
der 948,587,39,27
den 1000,586,44,28
Titel 1057,586,55,28
-Glenn 139,634,80,27
Gould 229,634,71,27
interviewt 309,638,126,24
Glenn 445,634,69,28
Gould 523,634,71,28
über 604,635,56,27
Glenn 667,634,70,28
Gould» 747,634,82,28
trägt. 838,638,65,32
<EOS>
Und 913,635,47,27
da 969,635,28,27
ich 1007,635,33,27
mich 1051,635,59,27
heute 138,682,69,28
mit 218,686,40,24
Ihnen 270,682,70,28
über 351,682,55,28
Gould 417,682,71,28
unterhalten 500,682,143,28
werde, 655,683,81,32
mache 747,682,79,28
ich 838,682,34,28
nichts 884,683,72,27
anderes, 968,683,100,30
als 1080,683,31,27
System 138,733,87,33
und 240,732,46,27
Ton 300,734,44,25
seines 357,735,70,24
Artikels 441,732,95,27
zu 549,740,28,19
übernehmen. 591,732,163,27
<EOS>
/. 168,782,17,32
<EOS>
D.: 195,782,38,25
<EOS>
Was 245,783,50,25
haben 308,780,76,28
Sie 398,782,35,26
zu 446,789,27,19
sagen? 488,783,79,32
<EOS>
J. 168,831,17,32
<EOS>
I). 194,831,23,25
<EOS>
: 225,842,3,13
Ich 242,828,35,28
habe 290,828,58,28
eine 360,831,48,25
Berichtigung 419,829,158,35
anzubringen. 588,829,161,35
<EOS>
Ich 764,829,34,28
denke, 810,829,82,30
und 905,830,44,26
dabei 962,829,64,28
wähle 1040,829,71,28
Goulds 147,940,244,83
Kult 425,940,144,81
mit 601,941,117,80
Gould 748,940,204,83
Jacques 138,1064,132,43
Drillon 284,1061,122,36
interviewt 423,1064,174,33
Jacques 599,1065,133,42
Drillon. 747,1063,126,34
<EOS>
Alte 144,1117,63,34
Wahrheiten 229,1117,188,35
und 434,1117,68,35
ein 514,1120,51,32
paar 576,1124,88,38
neue 677,1129,77,24
Mystifikationen 766,1117,265,47
ich 138,1218,34,27
meine 184,1221,72,24
Worte 267,1220,73,25
mit 351,1221,40,24
Bedacht, 403,1218,104,31
dass 519,1218,51,27
Gould 581,1218,71,27
ein 663,1221,36,24
gewaltiger 710,1218,129,35
Pianist 849,1220,82,25
war, 941,1226,50,21
zweifels¬ 1003,1217,108,28
ohne 138,1266,59,28
der 211,1267,39,27
grösste 262,1270,86,32
aller 362,1267,53,27
Zeiten, 428,1268,80,28
aber 522,1267,54,27
er 589,1275,23,19
war 626,1275,46,19
ein 685,1269,36,26
Lügner. 735,1269,89,33
<EOS>
J. 166,1318,19,32
<EOS>
D. 194,1317,24,26
<EOS>
: 227,1328,6,14
Ein 246,1317,38,26
Lügner? 298,1317,97,33
<EOS>
J. 168,1367,17,32
<EOS>
I). 193,1367,24,24
<EOS>
: 224,1377,4,14
Jawohl, 234,1364,93,35
ein 337,1367,36,24
Lügner! 382,1367,95,33
<EOS>
Unter 488,1367,69,24
der 566,1364,39,27
Anleitung 615,1364,121,35
von 744,1372,45,18
McLuhan 799,1363,116,28
sah 925,1364,39,27
er 974,1372,23,19
ein, 1007,1367,43,27
dass 1060,1364,52,27
es 137,1422,23,18
ohne 172,1412,59,28
Fernsehen, 243,1412,133,32
ohne 388,1412,60,27
Zeitungen, 459,1415,128,32
ohne 599,1411,60,27
Radio 671,1412,68,26
keinen 751,1411,80,27
Gould 843,1412,71,26
gäbe. 925,1412,63,35
<EOS>
Ist 1002,1415,28,23
Ihnen 1042,1412,69,27
ein 137,1464,36,25
anderer 181,1461,93,28
Pianist 282,1464,84,24
geläufig, 373,1460,105,37
der 488,1461,39,27
einen 535,1463,65,25
derart 609,1460,74,28
engen 692,1468,73,27
Kontakt 774,1460,97,27
zu 880,1468,26,19
den 915,1460,44,27
zeitgenössi¬ 968,1463,143,32
schen 137,1510,68,28
Medien 214,1510,90,28
hatte, 314,1510,69,30
der 393,1510,40,27
sie 441,1512,31,25
in 483,1512,21,25
dieser 513,1510,71,27
Weise 594,1511,68,26
einzusetzen, 671,1511,148,27
zu 829,1517,27,19
beherrschen 867,1508,151,27
und 1030,1509,44,26
zu 1085,1517,26,18
seinen 137,1561,75,26
Gunsten 220,1561,101,25
zu 330,1567,27,19
nutzen 366,1564,83,22
wusste' 459,1560,100,26
Im 570,1560,32,25
zwanzigsten 611,1560,151,33
Jahrhundert 767,1557,153,36
ist 929,1560,26,24
ein 964,1560,36,24
Künstler 1010,1556,102,28
ohne 137,1607,59,28
Medien 208,1608,88,27
ein 310,1610,35,26
Nichts. 358,1608,84,27
<EOS>
Deprimierend, 455,1607,175,36
aber 643,1607,55,28
so 710,1616,23,19
liegen 746,1607,71,36
nun 831,1615,47,19
einmal 892,1606,82,28
die 986,1606,35,28
Dinge. 1034,1608,77,33
<EOS>
Von 136,1659,47,25
Glenn 191,1656,71,28
Gould 270,1656,72,28
muss 350,1665,65,19
man 423,1665,55,18
in 486,1659,21,24
Abhängigkeit 516,1656,166,36
zu 690,1665,27,19
den 726,1656,44,28
Medien 778,1656,90,28
reden, 877,1656,76,31
die 962,1656,34,27
er 1005,1665,24,18
einge¬ 1036,1659,75,32
setzt 137,1710,54,22
hat. 205,1705,44,27
<EOS>
J.D.: 163,1756,66,33
<EOS>
Aber 242,1754,59,27
bedeutet 313,1754,109,27
der 435,1754,40,27
Einsatz 489,1757,85,24
von 588,1763,44,18
Medien 646,1754,89,27
gezwungermassen 749,1763,229,27
Lüge? 992,1756,71,34
<EOS>
J. 165,1806,17,31
<EOS>
I). 191,1805,23,25
<EOS>
: 223,1816,3,14
Keine 239,1806,66,24
Ahnung. 316,1803,105,35
<EOS>
Aber 433,1803,60,27
im 503,1806,30,24
Falle 547,1803,55,27
Goulds 614,1803,83,27
ist 709,1806,26,24
es 747,1812,23,18
auf 781,1802,42,28
jeden 831,1803,66,35
Fall 909,1803,43,27
so 963,1812,23,18
gewesen. 997,1812,112,26
<EOS>
J. 163,1854,19,33
<EOS>
D. 191,1854,25,25
<EOS>
: 224,1865,5,14
Sie 237,1854,35,26
wollen 282,1852,81,27
also 373,1852,46,28
darauf 428,1851,82,29
hinaus, 517,1852,88,30
dass 614,1852,51,27
er 675,1861,23,18
sich 707,1852,47,28
mir 763,1854,43,25
nicht 815,1851,61,29
anders 885,1852,81,27
zeigt, 975,1855,61,32
als 1046,1852,32,27
er 1086,1860,24,20
sich 135,1901,47,28
gezeigt 195,1904,84,32
haben 293,1901,74,27
will. 382,1901,51,27
<EOS>
J. 165,1952,16,32
<EOS>
I). 190,1952,23,24
<EOS>
: 222,1963,2,13
Richtig. 236,1949,90,36
<EOS>
Er 337,1952,25,24
liess 373,1949,49,28
durch 432,1949,71,28
seine 513,1952,59,25
nächsten 581,1950,111,27
Freunde 702,1950,99,27
- 812,1965,12,3
zumindest 835,1950,129,27
durch 973,1949,71,28
jene, 1053,1952,55,33
deren 135,1999,67,27
Rolle 212,1998,56,28
es 279,2007,22,19
war, 311,2007,50,22
sein 371,2001,46,24
Bild 425,1998,48,28
unter 483,2003,66,23
die 557,1999,35,27
Leute 602,2001,68,25
zu 677,2007,28,19
bringen 715,1998,94,36
- 818,2014,12,3
falsche 840,1997,83,29
Informationen 932,1997,177,29
verbreiten, 134,2047,131,28
die 279,2047,35,27
aber 328,2047,53,27
sein 395,2050,45,24
Unternehmen 455,2046,169,29
florieren 638,2046,103,28
liessen. 755,2047,87,28
<EOS>
J 163,2099,18,32
D.: 191,2099,39,24
<EOS>
Sein 242,2098,51,25
Unternehmen? 307,2096,183,27
<EOS>
J. 164,2148,16,31
<EOS>
D.: 189,2147,35,25
<EOS>
Ja, 235,2148,31,31
entschuldigen 280,2145,172,35
Sie, 466,2147,42,31
das 522,2145,40,28
Wort 577,2147,59,26
ist 650,2148,26,24
nicht 690,2145,61,28
besonders 765,2145,122,28
gut 901,2151,40,29
gewählt. 954,2145,104,35
<EOS>
Ich 1074,2145,34,28
habe 135,2193,57,28
es 203,2202,24,19
benützt, 237,2193,102,33
um 351,2202,40,19
das 402,2194,40,27
Wort 453,2196,61,25
"Bild» 526,2194,69,27
zu 607,2202,26,19
vermeiden. 646,2194,135,27
<EOS>
Nichtsdestoweniger 794,2194,243,34
hätte 1048,2194,61,27
ich 134,2241,34,28
«Bild» 180,2242,71,27
sagen 262,2250,69,28
sollen, 343,2242,77,30
denn 433,2242,60,27
schon 505,2241,71,28
das 588,2242,39,27
Wort 641,2245,59,24
ist 713,2245,26,24
aufschlussreich. 751,2241,193,28
<EOS>
Man 958,2245,51,24
hat 1022,2242,38,26
ein 1073,2245,34,23
Bild 134,2290,48,28
von 194,2300,46,18
jemandem 253,2291,130,36
und 398,2291,47,27
nicht 457,2290,62,28
einen 533,2293,65,25
Ton. 611,2292,52,25
<EOS>
Gerade 678,2291,84,26
auch 776,2290,57,27
von 849,2299,43,18
einem 908,2294,73,23
Pianisten 996,2293,113,23
macht 134,2339,75,27
man 218,2349,53,18
sich 282,2339,46,28
ein 339,2343,35,24
Bild, 384,2339,55,32
er 450,2349,23,18
braucht 483,2338,93,28
ein 586,2342,35,24
Markenzeichen, 632,2338,197,33
und 841,2338,45,28
zwar 896,2347,58,18
ein 964,2341,35,24
feras?/> 1010,2336,98,29
<EOS>
gerechtes 135,2388,116,34
Markenzeichen. 259,2388,193,28
<EOS>
Und 461,2388,50,28
gerade 520,2388,82,36
während 611,2387,107,29
der 727,2387,39,28
Fernsehsendungen 775,2386,230,35
verbrei¬ 1014,2385,95,29
tet 135,2440,30,23
Gould 175,2437,71,27
ein 256,2440,35,25
bestimmtes 302,2438,144,27
Bild 456,2438,48,27
von 514,2446,43,19
sich, 568,2437,53,30
das 632,2437,39,27
aber 682,2437,54,27
seinen 745,2438,75,26
Hang 831,2438,62,33
zum 903,2443,52,19
Narzissmus 967,2438,142,24
ebensowenig 135,2484,160,37
zu 303,2495,27,19
vertuschen 341,2486,136,28
vermag 486,2495,92,26
wie 588,2489,43,25
seine 642,2489,58,25
Vorstellung 710,2485,141,36
der 860,2485,39,27
Interpret-Hörer- 910,2488,199,32
Beziehung, 135,2533,133,37
die 278,2535,34,27
eine 322,2538,49,24
Beziehung 380,2535,128,35
zwischen 516,2535,112,27
zwei 638,2537,54,25
Onanisten 702,2537,123,25
ist. 834,2537,33,24
<EOS>
Und 877,2534,48,27
am 935,2543,38,18
Fernsehen 983,2533,126,28
zeigt 135,2583,54,33
sich, 202,2582,52,32
dass 268,2583,51,28
niemand 333,2584,106,27
der 452,2584,39,27
Präsenz, 504,2587,96,24
von 613,2592,44,19
Kameras 671,2587,106,24
so 791,2592,23,19
sehr 828,2583,50,28
bewusst 891,2583,103,28
war 1008,2592,44,18
wie 1066,2587,43,24
Gould. 135,2629,78,28
<EOS>
Er 227,2632,26,25
spielt. 267,2631,69,35
<EOS>
Er 351,2635,26,24
spielt, 390,2632,71,36
um 476,2642,40,18
gesehen 531,2632,98,36
zu 643,2642,28,18
werden, 686,2633,97,31
um 799,2642,40,17
bei 854,2632,35,27
seinen 903,2636,75,24
einsamen 993,2636,116,23
Freuden 135,2678,100,27
überrascht 245,2679,131,29
zu 385,2690,27,18
werden. 422,2681,98,28
<EOS>
Denn 531,2684,64,25
Gould 605,2681,72,28
war 688,2690,46,19
über 743,2681,56,28
das 809,2681,40,28
Gesagte 859,2683,92,34
hinaus 962,2681,79,27
auch 1052,2681,57,27
ein 135,2727,37,26
Exhibitionist, 188,2725,162,36
weshalb 367,2730,100,28
er 484,2739,24,19
das 524,2731,40,27
Fernsehen 581,2731,126,27
auch 725,2731,56,27
so 799,2739,24,19
meisterhaft 841,2729,139,29
einsetzen 998,2733,110,25
konnte 135,2772,86,29
und 234,2775,45,27
stets 291,2780,54,23
ein 358,2780,35,24
kontrolliertes 406,2777,165,30
Bild 583,2779,48,28
von 643,2788,44,19
sich 699,2779,46,28
zur 758,2788,39,19
Schau 809,2780,73,27
getragen 895,2785,108,29
hat. 1016,2779,44,28
<EOS>
Ich 1074,2779,35,28
glaube, 135,2821,89,35
er 237,2830,23,19
hat 273,2823,38,27
sein 324,2827,45,24
Leben 384,2825,72,28
wie 470,2830,42,24
einen 526,2830,63,25
Film 604,2828,53,27
in 672,2831,21,24
Szene 707,2830,68,26
gesetzt. 787,2833,89,31
<EOS>
Wenn 892,2831,68,26
er 975,2837,22,19
Gibbons 1010,2828,99,28
wirklich 135,2869,102,27
so 249,2879,24,18
sehr 285,2871,50,27
geliebt 347,2873,81,34
hätte, 440,2874,68,29
dann 522,2875,61,27
hätte 596,2876,61,28
er 670,2885,23,19
doch 705,2877,58,27
mehr 776,2877,65,28
von 853,2886,44,18
ihm 911,2877,47,27
eingespielt, 972,2877,137,36
nicht 137,2918,60,26
wahr? 206,2918,74,27
<EOS>
Daraus 290,2921,86,26
schliesse 385,2921,104,28
ich, 498,2923,40,30
dass 548,2924,51,27
seine 609,2928,58,23
Liebe 677,2925,65,27
zu 750,2935,28,17
Gibbons 787,2926,99,27
effekthascherisch 896,2925,213,29
und 136,2965,46,27
unaufrichtig 193,2965,152,37
war. 356,2977,50,19
<EOS>
Ich 420,2969,36,27
denke, 468,2970,81,32
er 561,2979,24,19
hatte 597,2972,61,27
auch 671,2973,56,27
nicht 741,2973,61,28
gerade 814,2975,82,34
einen 909,2978,65,23
besonders 986,2975,123,27
<EOS>
<EOP>
guten 1166,445,71,31
Geschmack. 1245,439,143,28
<EOS>
Er 1398,443,26,24
sah 1432,439,38,28
viel 1480,439,41,28
fern. 1531,439,55,28
<EOS>
Wen 1595,443,53,25
wundert's, 1657,439,133,31
dass 1799,439,53,28
er 1860,448,24,19
da 1891,439,29,28
Hindemith 1929,439,130,28
liebte. 2069,439,71,28
<EOS>
<EOP>
J 1196,491,18,32
ü.: 1224,491,38,25
<EOS>
Und 1274,489,49,27
wo 1336,497,37,19
bleiben 1386,489,90,27
Ihre 1489,489,49,27
Beweise? 1551,491,111,25
<EOS>
J.D.: 1197,539,60,33
<EOS>
Nun 1272,540,50,25
ja, 1337,540,26,32
ich 1378,537,34,28
habe 1427,537,58,28
keine. 1499,537,70,28
<EOS>
Ich 1583,537,36,28
habe 1633,537,58,28
lediglich 1706,537,102,35
Indizien 1823,537,96,27
und 1934,537,46,27
eine 1993,539,48,25
-innere 2056,539,84,24
Überzeugung», 1167,583,180,38
wie 1358,589,43,24
man 1413,594,53,19
so 1477,594,24,19
sagt. 1513,592,52,29
<EOS>
Sie 1577,588,35,25
erinnern 1624,589,104,24
sich, 1739,586,53,29
ich 1804,585,35,28
habe 1850,585,58,28
viel 1919,585,43,27
Gould 1973,585,71,27
gehört, 2055,585,85,36
ungeheuer 1167,635,131,36
viel, 1306,634,48,33
stundenlang. 1364,634,158,36
<EOS>
Nicht 1532,634,65,28
anders 1606,635,81,27
als 1696,634,31,28
der 1737,635,38,27
Rest 1785,637,46,24
der 1842,634,38,27
Welt 1889,634,53,27
hörte 1952,633,65,28
ich 2026,633,34,28
zuerst 2069,635,71,26
seinen 1167,686,75,25
Bach, 1250,683,66,32
dann 1325,683,62,27
seinen 1396,686,75,24
Mozart, 1479,686,90,28
dann 1578,683,62,27
Beethoven, 1648,683,138,31
dann 1795,683,62,27
den 1866,682,43,28
Rest. 1919,685,54,25
<EOS>
Nachdem 1981,682,117,28
ich 2107,679,33,29
gedacht 1166,732,97,35
hatte, 1273,732,68,31
sein 1352,735,45,24
Lieblingskomponist 1408,732,243,35
sei 1662,735,29,24
Bach, 1701,732,65,29
bin 1777,732,37,27
ich 1826,732,33,27
zu 1869,740,28,19
Mozart 1908,734,83,24
übergegan¬ 2002,731,138,35
gen, 1167,789,51,27
den 1228,781,44,28
er 1282,789,23,20
wie 1314,783,43,25
kein 1367,781,52,27
anderer 1428,781,93,27
spielt. 1532,781,69,35
<EOS>
Aber 1612,781,58,27
was 1679,789,46,19
mir 1736,784,42,23
wirklich 1787,780,102,27
zu 1899,788,27,19
denken 1936,780,90,27
gab, 2037,780,49,34
was 2096,784,44,22
mich 1168,829,60,28
dazu 1241,830,57,27
bewegte, 1311,829,110,35
meine 1434,831,73,26
Ansichten 1520,829,123,28
über 1657,829,56,28
ihn 1726,829,38,27
zu 1777,838,27,19
revidieren, 1819,828,129,32
war 1962,837,46,18
seine 2021,831,58,25
Ein¬ 2093,830,47,25
spielung 1168,878,103,36
der 1278,878,39,28
Fünften 1326,877,94,28
von 1430,886,44,19
Beethoven 1483,878,130,27
in 1623,881,21,24
der 1653,878,39,27
Transkription 1701,878,168,35
von 1878,886,44,18
Liszt, 1932,880,63,26
die. 2004,878,42,27
<EOS>
wie 2056,881,42,22
ich 2109,874,31,29
glaube, 1167,927,86,35
die 1263,927,34,27
wunderbarste 1306,926,169,28
Sache 1485,926,69,28
ist, 1564,930,31,26
die 1606,927,34,27
er 1648,935,23,19
gemacht 1681,926,103,36
hat, 1793,926,44,30
wobei 1848,926,70,27
ich 1928,925,34,28
nur 1973,935,43,18
die 2024,925,34,28
zweite 2068,926,74,27
Einspielung 1168,975,144,36
der 1321,975,39,27
Goldbergvariationen 1370,975,251,35
auf 1630,974,40,28
die 1677,975,35,27
gleiche 1722,975,86,36
Stufe 1817,973,63,29
stellen 1890,975,79,27
würde. 1978,975,85,27
<EOS>
Über¬ 2074,972,67,30
dies 1168,1024,46,28
dachte 1225,1024,81,28
ich 1318,1024,34,28
von 1364,1032,44,19
ihm 1420,1023,48,27
zuerst, 1479,1029,79,24
er 1570,1033,23,18
sei 1604,1027,28,25
ein 1645,1027,35,24
Sonderling, 1692,1024,138,34
dann, 1842,1024,69,27
er 1923,1032,23,19
sei 1957,1026,28,24
ein 1997,1026,36,24
genialer 2045,1021,97,37
Kontrapunktiker. 1168,1073,212,35
<EOS>
Erst 1389,1075,46,25
viel 1444,1073,42,27
später 1494,1077,76,30
habe 1578,1073,58,27
ich 1646,1073,34,27
entdeckt, 1687,1073,114,29
dass 1810,1073,53,27
dies 1870,1073,47,26
reiner 1926,1075,70,24
Schein 2004,1072,79,27
war. 2093,1075,48,23
<EOS>
Die 1168,1124,39,25
Qualitäten 1218,1122,125,34
von 1355,1130,44,19
Gould 1410,1121,71,27
reichen 1492,1121,89,28
beispielsweise 1593,1122,170,35
weit 1773,1124,51,24
über 1836,1121,55,27
sein 1901,1124,45,24
Talent 1958,1121,73,27
als 2042,1121,31,26
Kon¬ 2084,1123,57,24
trapunktiker 1168,1170,157,36
hinaus. 1334,1170,88,27
<EOS>
Es 1433,1173,26,24
ist 1470,1173,26,24
spassig 1507,1173,86,33
zu 1602,1179,27,18
sehen, 1640,1170,76,29
dass 1727,1170,53,27
das 1790,1170,40,27
öffentliche 1841,1168,129,28
Bild 1981,1169,48,27
von 2039,1178,45,18
ihm 2096,1168,45,27
unter 1169,1223,71,23
und 1249,1219,45,27
nicht 1306,1219,61,27
über 1382,1219,62,27
der 1450,1219,40,27
Wirklichkeit 1502,1218,150,29
steht. 1665,1218,64,27
<EOS>
Es 1743,1221,26,24
ist 1781,1222,26,23
nicht 1821,1218,60,27
der 1893,1218,40,27
Dinge 1944,1220,71,33
Höchstes, 2028,1218,113,27
einige 1168,1271,72,32
Stimmen 1251,1270,111,25
unabhängig 1373,1267,146,36
zum 1528,1276,54,19
Klingen 1593,1267,92,35
bringen 1695,1267,94,35
zu 1799,1276,27,19
können, 1838,1267,97,28
man 1946,1276,53,18
muss 2010,1276,64,18
diese 2085,1267,57,27
Stimmen 1168,1319,111,25
auch 1294,1316,56,28
zum 1364,1325,54,19
Sprechen 1433,1316,113,35
bringen. 1561,1316,100,34
<EOS>
Sie 1676,1317,35,26
werden 1726,1316,89,27
mir 1831,1319,44,24
nun 1888,1324,47,19
sagen... 1950,1324,107,26
<EOS>
J. 1196,1367,18,31
<EOS>
D.: 1224,1367,38,22
<EOS>
Was 1274,1366,49,24
werde 1338,1363,73,27
ich 1425,1362,35,27
Ihnen 1473,1362,70,27
sagen? 1558,1365,79,33
<EOS>
J.D.:...dass 1197,1411,165,34
<EOS>
nicht 1376,1411,60,27
jedermann 1448,1411,133,34
in 1595,1414,20,24
der 1628,1411,39,28
Lage 1680,1415,56,33
war, 1748,1421,50,21
bei 1812,1412,35,27
der 1858,1412,39,27
polyphonen 1909,1411,146,37
Musik 2068,1407,72,31
auch 1167,1460,56,26
nur 1239,1468,42,18
annähernd 1295,1459,135,27
so 1444,1467,22,19
klar 1481,1459,47,28
zu 1542,1469,26,19
bleiben 1582,1461,88,27
wie 1685,1464,43,24
er. 1742,1470,28,18
<EOS>
<EOP>
f.D.: 1200,1510,62,31
<EOS>
Und 1275,1508,47,27
was 1337,1516,46,19
werden 1397,1508,89,28
Sie 1501,1511,35,26
darauf 1550,1508,83,30
erwidern? 1643,1510,125,28
<EOS>
J.D.: 1198,1559,60,34
<EOS>
Das 1267,1560,44,25
dies 1320,1558,47,27
noch 1376,1558,59,28
das 1444,1558,39,28
Geringste, 1492,1561,121,34
die 1623,1560,34,27
unabdingbare 1667,1560,168,34
Voraussetzung 1844,1560,180,34
zum 2031,1567,53,19
Pia- 2094,1558,45,27
nistentum 1168,1609,125,25
ist. 1303,1610,31,24
<EOS>
In 1345,1610,22,24
Wirklichkeit 1378,1607,149,28
hat 1535,1608,38,28
Gould 1582,1608,70,28
nämlich 1661,1608,101,28
Qualitäten, 1770,1608,133,35
über 1913,1608,56,27
die 1976,1608,35,27
man 2019,1616,53,18
nicht 2082,1604,58,29
spricht 1168,1655,82,36
und 1260,1656,45,27
von 1314,1665,45,18
denen 1368,1656,74,28
man 1451,1665,54,19
in 1514,1660,22,23
seinem 1546,1660,84,24
Bild 1640,1657,47,27
keine 1696,1657,64,27
Spur 1770,1659,57,33
findet; 1836,1655,80,28
seine 1926,1659,59,24
Kraft. 1994,1655,66,28
<EOS>
Hören 2070,1659,70,23
Sie 1168,1708,34,24
sich 1213,1705,45,27
das 1270,1705,39,27
Finale 1321,1705,71,27
dieser 1403,1706,71,26
Fünften 1483,1704,94,29
von 1588,1715,44,17
Beethoven 1643,1705,129,28
an. 1783,1714,36,19
<EOS>
und 1831,1705,45,27
Sie 1887,1707,36,25
werden 1933,1705,91,27
dort 2034,1705,50,26
eine 2095,1705,46,26
Kraft 1167,1753,60,28
entdecken, 1235,1754,135,32
die 1379,1754,35,27
jener 1422,1757,61,32
von 1490,1763,44,18
Richter 1544,1754,87,27
oder 1639,1754,54,27
jener 1702,1757,60,32
vom 1769,1762,55,19
Arrau 1833,1756,71,25
der 1913,1753,39,28
sechziger 1961,1753,112,35
Jahr*-' 2078,1751,62,36
mindestens 1168,1803,141,27
ebenbürtig 1321,1803,134,35
ist. 1467,1806,32,24
<EOS>
Eine 1513,1806,51,24
andere 1576,1803,82,27
Qualität: 1670,1803,105,34
die 1787,1803,36,27
Sanftheit. 1836,1801,116,29
<EOS>
Hören 1965,1804,71,25
Sie 2049,1804,35,26
sich 2096,1797,44,31
die 1167,1852,34,27
siebte 1212,1852,69,27
Goldbergvariation 1290,1852,222,35
an. 1522,1861,37,19
<EOS>
die 1568,1852,35,27
Gould 1613,1852,72,28
mit 1694,1855,41,24
unvergleichlicher 1745,1850,213,36
Zartheit 1968,1851,94,27
spielt, 2073,1846,67,40
einfach 1168,1900,88,28
unvergleichlich. 1266,1901,192,35
<EOS>
Die 1467,1903,39,25
Dichte 1516,1901,78,27
: 1601,1913,3,15
Hören 1615,1903,71,25
Sie 1695,1903,36,25
sich 1739,1900,46,27
den 1794,1900,44,26
langsamen 1847,1899,130,36
Satz 1986,1902,50,26
der 2044,1900,39,27
drit¬ 2090,1898,50,28
ten 1167,1955,38,22
Beethovensonate 1214,1950,209,27
oder 1433,1950,55,27
die 1496,1950,35,27
fünfte 1540,1949,74,28
Goldbergvariation 1623,1949,223,35
an, 1855,1956,36,22
hören 1902,1948,70,28
Sie, 1981,1951,43,27
wie 2034,1952,43,24
er 2086,1955,23,19
es 2118,1950,21,21
schafft, 1168,1997,85,32
bei 1264,1999,34,27
diesem 1309,1999,85,27
Tempo 1405,2001,81,33
die 1497,1999,35,26
Architektur 1543,1997,142,28
des 1694,1997,39,27
Stückes 1744,1996,93,28
herauszumeisseln. 1848,1996,226,29
<EOS>
Aber 2085,1995,56,29
es 1167,2056,23,19
gibt 1203,2047,46,36
noch 1264,2047,57,28
etwas 1335,2052,70,23
anderes. 1419,2047,100,27
<EOS>
/.ß.-Nur 1196,2098,126,34
<EOS>
weiter 1335,2100,76,23
im 1426,2099,29,24
Takt! 1471,2096,61,27
<EOS>
J. 1197,2148,16,31
<EOS>
I). 1223,2148,23,24
<EOS>
: 1254,2158,3,14
Ja, 1262,2148,32,31
etwas 1303,2151,69,22
anderes 1383,2145,92,27
: 1483,2156,2,14
die 1495,2144,35,26
instrumentale 1540,2143,172,28
Virtuosität. 1721,2146,135,26
<EOS>
Und 1867,2145,48,27
damit 1924,2145,71,27
komme 2005,2144,93,28
ich 2107,2138,31,29
zu 1167,2203,27,19
einer 1208,2197,60,25
der 1281,2194,39,27
durchtriebensten 1334,2192,211,28
Lügen. 1560,2195,81,32
<EOS>
Haben 1656,2193,77,28
Sie 1748,2195,35,26
den 1797,2194,44,27
Film 1855,2194,55,26
gesehen... 1924,2193,138,35
<EOS>
J. 1195,2245,18,32
<EOS>
D. 1223,2245,25,23
<EOS>
:... 1256,2255,50,13
<EOS>
wie 1314,2245,43,23
könnte 1372,2240,85,27
ich 1472,2240,33,27
nicht... 1520,2240,98,28
<EOS>
J. 1198,2293,16,31
<EOS>
D. 1223,2292,24,24
<EOS>
:.., 1255,2303,45,13
<EOS>
wo 1308,2298,36,18
er 1354,2298,24,18
seine 1388,2292,57,24
Transkription 1455,2289,167,37
von 1633,2300,43,18
Ravels 1688,2292,76,27
-La 1775,2294,40,25
Valse» 1825,2291,71,28
spielt 1907,2291,62,36
<EOS>
Unglaublich 1996,2283,143,43
diese 1166,2338,59,27
Virtuosität, 1238,2341,134,27
unglaublich. 1386,2338,150,36
<EOS>
Und 1550,2340,48,27
bei 1611,2340,34,27
der 1657,2340,39,28
ganzen 1708,2350,85,26
Fünften 1807,2338,95,29
erst... 1914,2345,82,22
<EOS>
Finden 2012,2340,81,26
Sie 2107,2336,32,27
erst 1167,2392,44,22
einmal 1225,2387,82,28
einen 1321,2390,65,26
Pianisten, 1400,2390,121,29
der 1535,2389,39,27
sich 1588,2388,45,28
bereit 1648,2389,67,27
erklärt, 1731,2388,88,28
sie 1835,2392,30,24
zu 1879,2397,27,19
spielen. 1920,2388,92,36
<EOS>
Wie 2027,2391,46,25
viele 2087,2382,52,32
scheiterten! 1167,2436,144,28
<EOS>
Ich 1322,2437,35,28
kann 1367,2437,61,28
Ihnen 1439,2438,69,27
versichern, 1518,2438,136,29
dass 1663,2438,52,27
man 1726,2446,52,19
unter 1789,2443,67,22
den 1865,2438,43,27
Gescheiterten 1919,2437,165,28
Pia' 2095,2435,44,26
nisten 1168,2488,73,26
findet, 1251,2485,76,31
die 1337,2487,35,27
beileibe 1381,2487,93,28
keine 1484,2487,65,28
Tastenspastiker 1558,2487,190,35
sind 1757,2487,48,27
<EOS>
Gould 1827,2487,71,26
hat 1909,2486,38,27
es 1957,2495,23,18
gewagt. 1990,2491,94,30
<EOS>
Und 2094,2477,45,33
wenn 1167,2544,67,19
Gould 1245,2536,72,27
durch 1327,2536,71,27
die 1409,2536,35,27
Entwicklung 1455,2536,157,35
einer 1621,2538,60,25
neuen 1692,2544,72,19
Klaviertechnik 1776,2534,182,29
in 1970,2538,21,24
Liszts 2002,2537,68,25
Nähe 2081,2528,58,32
rückt, 1167,2584,69,32
wenn 1248,2593,68,19
er 1328,2593,22,19
durch 1362,2585,70,27
seine 1444,2587,59,25
Transkriptionen 1514,2585,196,35
zu 1722,2593,27,19
seinem 1761,2587,85,24
Bruder 1858,2584,84,27
wird, 1953,2584,63,28
so 2029,2592,23,19
teilt 2063,2581,44,29
ei 2118,2582,18,22
mit 1167,2637,40,23
ihm 1218,2633,46,27
dank 1275,2633,61,27
seiner 1346,2637,70,23
Virtuosität 1426,2636,128,24
Unbestrittenermassen 1565,2633,265,27
dieselbe 1842,2632,95,27
Loge. 1948,2635,64,33
<EOS>
Seine 2023,2635,63,24
pi»' 2096,2629,42,35
nistische 1167,2681,105,28
Virtuosität 1284,2685,128,24
ist 1424,2685,26,24
derart 1462,2682,75,27
schwindelerregend, 1549,2681,240,37
dass 1802,2681,51,28
ihn 1866,2681,38,27
diese 1916,2681,58,27
Art 1987,2684,37,24
von 2037,2688,43,21
Fi'1' 2094,2679,44,26
gerfertigkeitsmusik 1165,2730,244,36
nicht 1420,2731,60,27
zurückschrecken 1490,2731,208,27
lässt, 1709,2731,61,29
ihn 1782,2731,38,27
nicht 1833,2730,60,28
entmutigt. 1903,2733,130,33
<EOS>
Und 2046,2727,47,31
da¬ 2103,2724,36,28
bei 1166,2780,35,28
bleibt 1211,2780,68,28
er 1289,2788,23,19
so 1323,2789,24,18
genial, 1357,2780,81,35
als 1449,2780,31,28
handle 1491,2780,81,28
es 1583,2789,23,19
sich 1618,2780,46,28
um 1676,2789,39,19
ein 1726,2783,36,25
Menuett 1774,2782,100,26
von 1885,2788,45,19
Boccherini! 1940,2779,141,28
<EOS>
Ver¬ 2092,2776,46,26
stehen 1166,2829,79,28
Sie? 1261,2831,49,26
<EOS>
Sein 1325,2831,50,26
Spiel 1390,2829,57,36
lässt 1462,2829,54,28
das 1531,2829,39,28
Virtuose 1585,2831,99,26
in 1698,2832,21,24
den 1733,2829,44,28
Hintergrund 1792,2829,152,35
treten. 1957,2834,79,22
<EOS>
<EOP>
Und 1201,2878,49,28
hier 1265,2878,47,28
stelle 1327,2878,61,28
ich 1405,2878,33,28
meine 1455,2881,72,25
Behauptung 1541,2878,151,35
auf: 1707,2877,48,29
Gould 1771,2878,72,27
müsste 1858,2883,88,22
gezwungene?' 1961,2874,179,40
<EOS>
massen 1168,2936,93,18
der 1268,2928,39,26
arbeitsamste, 1317,2927,163,29
der 1491,2927,40,27
bienenfleissigste 1540,2926,200,36
Pianist 1750,2929,83,25
seiner 1843,2929,70,24
Zeit 1923,2928,42,25
gewesen 1974,2932,105,30
sein- 2088,2920,50,29
Er 1166,2979,25,23
gab 1201,2976,43,31
vor, 1256,2984,44,23
die 1311,2976,34,27
Musik 1357,2976,74,27
lediglich 1443,2976,102,31
am 1556,2985,38,18
Schreibtisch 1606,2975,147,28
zu 1764,2985,27,18
üben. 1803,2975,68,27
<EOS>
Falsch, 1883,2975,81,30
Lüge 1976,2978,57,29
<EOS>
Ich 2057,2971,34,29
be- 2102,2968,35,28
<EOS>
<EOP>
86 1127,3190,28,29
<EOS>
<EOP>
