2176,3261
1977/78 142,675,98,25
GG 347,676,26,20
spielt 389,675,51,27
nur 458,682,33,13
gerade 507,675,64,26
eine 588,676,38,19
unver¬ 644,681,62,14
<EOS>
<EOP>
öffentlicht 349,710,98,22
gebliebene 453,710,102,27
Bach-Fuge 562,710,103,27
und 672,710,36,20
<EOS>
<EOP>
Kiyllikki 766,674,82,27
von 859,681,36,14
Sibelius 906,675,74,21
ein. 991,677,34,19
<EOS>
Er 767,711,20,19
überwacht 798,710,101,22
Geoffrey 911,709,80,28
Pavzant, 1003,713,80,20
der 1096,711,30,21
<EOS>
<EOP>
daran 1168,675,55,21
ist, 1234,677,26,20
GGs 1271,676,34,19
Biographie 1316,675,105,27
zu 1431,681,21,14
verfas¬ 1463,673,65,22
sen, 1169,717,36,15
die 1212,710,28,22
- 1248,722,8,2
ganz 1264,717,45,18
in 1317,713,17,18
GGs 1341,712,34,19
Sinn 1383,712,42,19
- 1433,722,9,2
in 1450,712,16,19
erster 1475,714,55,17
<EOS>
<EOP>
Linie 1589,677,48,19
zu 1643,682,22,14
einer 1672,677,48,19
Analyse 1726,675,75,27
von 1808,681,36,14
GGs 1852,676,34,19
musi¬ 1893,676,56,18
kalischem 1590,710,96,22
Denken 1698,710,73,22
wird. 1782,710,49,21
<EOS>
1979 143,781,54,22
-GGs 350,781,42,21
Toronto- 399,782,84,20
aus 491,787,32,15
der 531,781,30,21
Reihe 568,781,50,21
Cities, 626,782,57,22
in 692,783,17,19
<EOS>
<EOP>
der 349,816,31,21
schon 386,815,55,22
Peter 449,818,49,19
Ustinov 505,818,71,19
durch 583,816,55,21
Lenin¬ 646,819,63,19
grad 348,851,43,27
geführt 398,850,73,28
hat, 478,851,35,24
wird 522,852,43,21
am 572,859,29,14
Fernsehen 610,852,99,21
ausgestrahlt; 350,886,125,28
im 488,889,23,19
Februar 524,887,75,21
1980 610,889,43,23
wird 665,887,44,21
GGs 349,923,33,19
Skript 395,922,59,27
preisgekrönt; 468,922,129,27
am 612,929,29,14
Film- 656,922,52,21
schluss 349,957,67,21
singt 424,959,45,26
er 478,964,17,14
im 503,959,24,19
Zoo 536,959,34,20
den 578,958,34,21
Elephan¬ 621,958,87,27
ten 349,997,29,16
ein 386,995,28,18
Mahler-Lied 422,992,118,21
vor: 549,1000,37,14
-Ich 595,993,37,21
bin 640,993,30,21
der 678,993,31,21
Welt 349,1028,41,21
abhanden 401,1028,95,21
gekommen-, 507,1029,125,26
Susan 349,1065,56,20
Kocsis, 413,1065,65,21
der 487,1063,30,22
neuen, 525,1070,62,17
jungen 596,1066,64,25
Ver- 670,1066,38,19
1980 142,1140,54,22
<EOS>
<EOP>
1981 140,1352,50,22
<EOS>
<EOP>
antwortlichen 766,781,137,21
für 915,781,28,21
GGs 957,782,34,20
PR 1003,783,27,19
bei 1041,781,27,21
CBS. 1082,782,43,21
<EOS>
gelingt 766,816,65,27
es 842,823,18,14
in 874,819,16,18
der 903,816,30,21
verbleibenden 945,816,135,21
Zeit 1092,818,34,19
durch 766,852,55,20
Zusammenarbeit 836,852,162,20
mit 1013,853,33,19
jungen 1061,853,65,26
Journalisten, 763,886,125,28
GG 896,888,24,20
wieder 928,886,67,22
vermehrt 1002,886,90,22
ins 1100,889,26,19
Gespräch 766,922,88,27
zu 871,929,21,14
bringen, 910,922,78,27
ihn 1008,922,28,20
neu 1055,929,33,14
zu 1105,929,21,14
motivieren 767,960,105,18
und. 885,958,41,22
<EOS>
statt 940,961,41,18
der 995,958,30,21
Exzentri- 1039,959,87,19
täten. 767,996,54,19
<EOS>
wieder 829,993,67,21
seine 903,996,45,18
Kunst 957,995,55,19
in 1019,996,17,17
den 1044,993,35,21
Vor¬ 1087,995,40,19
dergrund 766,1029,87,27
zu 864,1035,22,14
stellen. 897,1029,67,20
<EOS>
Vater 766,1066,49,19
R 827,1066,13,19
H. 848,1066,18,19
<EOS>
Gould 873,1063,56,22
heiratet 941,1063,74,22
Vera 1026,1065,42,20
Dop- 1080,1065,46,26
<EOS>
<EOP>
son, 1170,787,37,16
die 1216,781,27,21
Witwe 1251,782,60,20
seines 1320,783,55,19
Cousins: 1383,782,83,21
GG 1475,782,25,20
ist 1509,783,21,19
als 1170,816,25,21
Trauzeuge 1203,818,98,25
geladen, 1310,816,80,27
doch 1400,815,46,22
er 1455,822,18,15
lehnt 1482,816,48,21
ab 1170,852,21,20
und 1199,852,35,20
kann 1242,851,47,21
es 1296,858,19,14
sich 1322,851,36,21
nicht 1367,851,47,21
verkneifen, 1422,851,107,22
den 1170,886,35,22
Brief 1214,886,48,22
mit 1270,889,32,19
den 1312,886,34,22
besten 1357,886,62,22
Wünschen 1429,886,101,22
-auch 1170,922,53,21
an 1232,929,22,14
Mrs. 1262,924,40,19
<EOS>
Dopson- 1311,924,81,25
zu 1400,928,21,14
schliessen. 1430,921,99,21
<EOS>
Mit 1170,959,31,19
ihr 1211,958,26,20
verbindet 1246,958,92,20
ihn 1348,957,30,21
zeitlebens 1388,957,94,21
eine 1493,959,37,19
tiefe 1170,992,41,21
Abneigung; 1219,993,112,27
auch 1341,992,44,21
die 1394,992,28,21
Beziehung 1431,991,100,28
zu 1169,1035,22,14
seinem 1208,1030,66,19
Vater 1292,1030,49,19
normalisiert 1358,1028,117,21
sich 1494,1028,36,20
nicht 1171,1063,47,22
mehr, 1234,1063,53,23
so 1302,1070,19,15
dass 1336,1063,41,22
aus 1392,1070,31,15
dem 1438,1063,42,22
-GG 1496,1065,35,20
<EOS>
<EOP>
Fond- 1588,781,57,20
Briefe 1654,780,57,22
entfernt 1721,780,77,22
werden 1808,781,71,20
muss- 1890,787,58,14
GG 1980,784,25,18
macht 2019,785,65,17
sich 2096,782,43,20
ten. 1589,820,34,17
<EOS>
die 1634,816,27,21
diesen 1671,816,60,21
Punkt 1741,816,57,21
berühren. 1808,815,94,22
<EOS>
Wie 1914,818,35,19
das 1981,820,35,17
Sitzen 2029,820,68,17
Stephen 1588,851,78,27
Willis 1674,851,52,21
mitteilt, 1733,851,76,22
hat 1817,851,30,21
sich 1853,851,37,21
dafür 1897,850,52,22
auf 1980,855,33,17
der 2026,855,35,18
Stuhl¬ 2074,853,67,20
in 1589,889,17,18
der 1615,886,29,22
Folgezeit, 1653,886,89,28
wie 1752,889,33,19
aus 1793,893,32,15
Notizzetteln 1835,886,114,22
ruine 1981,891,56,17
mit 2051,891,33,17
von 1588,928,35,15
GG 1631,924,24,19
zu 1663,929,21,14
ersehen 1692,921,72,22
ist. 1773,925,26,19
<EOS>
seine-Sexuali- 1808,922,140,20
einem 1980,925,63,18
Fell 2057,926,39,17
er- 2110,929,30,13
tät 1588,960,25,18
normalisiert-. 1624,958,133,20
<EOS>
fraglich 1980,962,88,20
<EOS>
<EOP>
Erster 349,1140,57,19
Eintrag 412,1140,71,26
in 491,1140,17,20
GGs 516,1140,33,20
Tagebuch 558,1138,91,28
: 654,1148,4,11
-Der 667,1140,43,20
tote 349,1178,35,17
Körper 396,1176,65,25
eines 472,1176,46,19
zarten, 530,1178,65,18
wohl 607,1173,47,22
neu¬ 666,1180,43,15
geborenen 348,1209,101,27
Eichhörnchens 469,1209,143,21
lag 632,1209,28,27
auf 680,1208,32,22
dem 348,1245,41,21
Dach 400,1245,49,21
von 459,1251,35,15
Lance 506,1246,54,20
(so 573,1243,29,25
nannte 614,1249,66,17
er 691,1251,19,15
seinen 349,1283,58,18
Lincoln) 419,1280,81,26
<EOS>
Ein 552,1282,31,19
unglaublich 595,1280,114,27
<EOS>
<EOP>
aufwühlender 765,1138,137,22
Anblick, 914,1139,78,22
und 1006,1139,35,21
obwohl 1054,1139,71,21
ich 765,1174,28,21
im 803,1176,25,19
Moment 838,1176,80,19
erschüttert, 928,1173,111,23
ja 1050,1176,16,25
sogar 1076,1180,50,21
entsetzt 765,1213,75,17
war. 848,1217,38,14
<EOS>
<EOS>
war 928,1217,36,13
es 971,1217,18,13
gerade 997,1210,66,26
dieser 1071,1210,56,20
Anblick 765,1245,75,21
und 851,1245,35,21
die 897,1245,28,21
Gedanken 936,1245,97,21
darüber, 1045,1245,80,22
die 765,1281,28,20
schliesslich 801,1280,107,21
für 917,1280,27,21
den 953,1281,34,20
Beginn 996,1283,66,23
dieses 1071,1281,55,20
<EOS>
<EOP>
Tagebuches 1169,1138,111,28
verantwortlich 1305,1138,143,22
zeich¬ 1474,1138,55,21
nen.- 1170,1180,49,15
<EOS>
Er 1234,1176,20,19
fuhrt 1268,1173,49,22
es 1332,1180,18,15
zwei 1364,1176,42,19
Monate 1421,1176,70,19
als 1505,1173,26,22
eine 1170,1212,37,18
Art 1216,1212,30,18
Chronik 1255,1209,76,21
seiner 1340,1212,55,18
Arbeiten 1403,1210,83,20
und 1495,1210,36,20
Qualen. 1169,1245,73,26
<EOS>
<EOP>
GG 345,1352,25,20
spielt 384,1350,51,28
im 450,1353,24,18
April/Mai 489,1350,94,28
zum 599,1356,41,15
zwei¬ 655,1352,51,19
tenmal 346,1386,66,21
die 421,1386,28,20
Goldberg-Variationen 457,1385,205,27
ein. 672,1388,34,18
<EOS>
Ein 346,1423,29,19
Yamaha-Flügel 389,1421,144,27
löst 545,1421,33,20
den 590,1421,34,20
CD 636,1422,26,19
318 675,1422,31,22
<EOS>
<EOP>
aufgrund 766,1350,87,27
der 875,1351,30,21
tadellosen 926,1350,98,22
Technik, 1046,1351,79,22
nicht 767,1385,48,21
aufgrund 826,1385,88,27
eines 925,1389,46,18
besseren 982,1386,82,21
Klan¬ 1075,1386,52,21
ges, 765,1427,37,20
ab. 815,1420,27,21
<EOS>
Bruno 858,1422,58,20
Monsaingeons 930,1422,138,26
Film 1083,1422,43,20
<EOS>
<EOP>
1982 141,1637,51,22
<EOS>
<EOP>
Va? 853,2341,52,21
<EOS>
<EOP>
GG 343,2530,24,18
dirigiert 385,2528,78,26
das 481,2527,31,21
wohl 531,2527,46,21
langsamste 596,2527,108,27
Siegfried-Idyll 343,2562,139,28
der 494,2563,30,21
Musikgeschichte. 537,2562,166,27
<EOS>
Er 344,2601,20,19
notiert 372,2601,64,19
Beschwerden 445,2598,126,22
wie 581,2601,33,18
Hitze 623,2600,47,19
im 680,2600,24,19
Arm, 343,2636,48,23
Schweiss. 398,2634,92,22
<EOS>
Schüttelfrost, 499,2633,128,23
und 636,2634,35,20
im 679,2636,24,18
letzten 344,2669,63,21
Monat 426,2671,59,20
Unterleibsbeschwer¬ 505,2669,199,22
den, 344,2704,40,22
Flüssigkeitsverlust, 404,2704,184,28
stechende 609,2705,95,20
Schmerzen 344,2739,103,22
bis 456,2740,25,21
zum 489,2747,41,14
Rücken. 539,2740,74,23
<EOS>
Verstop¬ 623,2742,80,25
fung, 344,2773,47,28
Knieweh. 411,2775,89,22
<EOS>
Herzklopfen, 522,2775,122,27
ver¬ 666,2782,37,15
minderte 345,2809,87,21
Aktivität 440,2810,85,21
- 533,2823,10,1
Qual, 552,2811,48,26
seitenlan¬ 610,2811,94,21
ges 344,2850,29,20
Elend. 385,2844,58,21
<EOS>
Er 455,2847,20,19
zieht 485,2846,46,21
4 542,2846,9,21
Doktoren 563,2846,90,22
bei. 665,2846,32,22
<EOS>
Am 345,2880,32,19
25. 393,2880,28,21
<EOS>
Sept. 428,2881,45,26
<EOS>
feiert 489,2880,49,22
er. 554,2887,21,16
<EOS>
rekonvales- 591,2881,113,21
zent, 345,2918,43,17
seinen 400,2917,57,18
50. 470,2917,27,19
<EOS>
Geburtstag. 509,2916,111,27
<EOS>
Zwei 345,2948,44,20
Tage 402,2950,43,24
spater, 457,2954,62,22
am 533,2957,28,14
Montag 576,2953,73,26
dem 661,2953,42,20
27. 345,2983,28,20
<EOS>
Sept.. 380,2984,53,25
<EOS>
wacht 450,2985,56,20
Gould, 522,2986,62,21
früher 602,2986,61,21
als 679,2988,25,20
sonst, 345,3022,53,17
um 407,3024,30,14
zwei 445,3022,42,17
Uhr 496,3019,35,21
nachmittags 538,3020,119,28
auf; 665,3022,39,23
er 345,3057,17,15
fühlt, 370,3051,51,24
dass 429,3052,41,21
etwas 478,3057,55,18
passiert 542,3057,73,24
ist. 623,3058,26,20
<EOS>
seine 658,3059,46,19
rechte 345,3086,58,20
Seite 412,3089,44,18
ist 467,3090,20,18
wie 495,3091,33,18
taub. 538,3089,47,21
<EOS>
Er 595,3092,20,18
télépho¬ 623,3090,81,27
nie« 345,3123,45,18
seinem 398,3123,65,20
Vertrauten 472,3124,102,21
Ray 584,3126,34,25
Roberts. 627,3126,77,21
<EOS>
<EOP>
der 763,2527,30,21
die 803,2527,28,21
Schlüssel 842,2526,87,22
seines 941,2529,55,19
Wagens 1008,2528,74,25
be¬ 1094,2526,29,21
sitzt, 763,2565,43,20
doch 824,2562,46,21
für 886,2561,28,22
einmal 931,2562,65,21
ist 1013,2565,22,17
Roberts 1052,2561,71,21
nicht 764,2598,48,22
abrufbar, 827,2597,87,23
denn 932,2598,47,21
er 997,2604,17,15
hat 1031,2598,30,20
wohl 1077,2598,47,20
nicht 763,2634,48,21
damit 825,2634,56,20
gerechnet, 896,2633,99,27
dass 1010,2633,41,20
GG 1065,2635,25,18
so 1105,2640,18,13
früh 764,2669,39,22
aufwachen 821,2669,104,22
wurde. 943,2669,66,21
<EOS>
Erst 1028,2670,36,19
zwei 1082,2670,42,19
Stunden 764,2705,78,21
später 850,2708,59,24
wird 915,2705,43,20
dieser 965,2705,56,20
von 1028,2711,35,14
seiner 1069,2706,55,19
Frau 763,2742,43,20
erreicht 813,2740,74,21
; 893,2750,3,13
Ray 903,2742,35,25
Roberts 945,2740,71,21
kommt 1024,2740,72,21
zu 1102,2746,22,14
Gould, 763,2775,63,24
der 835,2776,31,21
zwar 875,2782,45,15
verwirrt, 930,2778,86,21
aber 1026,2775,42,22
noch 1079,2775,45,21
bei 764,2812,26,21
Bewusstsein 798,2813,119,19
ist. 925,2813,26,20
<EOS>
GG 960,2813,25,18
will 992,2811,35,21
nicht 1036,2810,48,21
mit 1092,2813,32,18
der 763,2847,30,22
Ambulanz, 809,2847,105,22
sondern 931,2847,76,21
in 1024,2849,16,19
seinem 1057,2848,66,20
eigenen 763,2885,73,25
Wagen, 845,2885,70,24
dem 925,2883,41,20
Longfellow, 976,2881,111,28
ins 1097,2885,27,17
Spital 763,2918,54,27
fahren. 828,2918,67,21
<EOS>
In 908,2919,17,20
der 936,2918,31,21
Umgebung 978,2918,105,27
des 1093,2918,31,20
Hotels 763,2953,59,21
-Inn 831,2956,41,18
on 882,2960,24,14
the 916,2953,29,21
Park- 955,2953,53,21
können 1018,2953,71,21
sie 1099,2955,25,19
keinen 763,2988,63,21
zuständigen 835,2989,117,26
Arzt 961,2990,39,19
finden. 1008,2988,66,21
<EOS>
Man 1084,2990,40,19
diskutiert, 764,3023,99,22
die 885,3024,27,21
Zeit 933,3025,34,20
verrinnt. 988,3027,83,18
<EOS>
Mit 1094,3025,30,20
einem 764,3060,57,18
vom 831,3065,43,14
Hotel 884,3058,49,21
zur 944,3065,31,14
Verfügung 984,3058,101,27
ge¬ 1095,3066,29,19
stellten 764,3092,69,20
Rollstuhl 843,3093,84,20
wird 938,3094,42,19
GG 991,3095,25,19
zu 1026,3100,21,14
seinem 1058,3095,66,19
Longfellow 765,3126,107,27
gebracht 879,3128,85,25
und 970,3128,35,20
von 1013,3134,33,15
Roberts 1054,3128,70,21
<EOS>
<EOP>
zur 1170,1358,31,14
Aufnahme 1219,1350,99,22
wird 1337,1350,42,21
später 1400,1353,59,24
preis¬ 1477,1352,53,24
gekrönt: 1168,1386,84,27
in 1270,1389,16,17
ihm 1303,1386,36,20
wirkt 1357,1385,52,20
GG 1425,1387,24,18
bereits 1466,1384,64,21
ausgebrannt, 1168,1422,125,26
wie 1308,1423,34,18
ein 1357,1422,27,19
von 1400,1427,34,13
Medika¬ 1451,1419,77,21
menten 1168,1460,74,17
gezeichneter 1252,1455,121,28
-workaholic-. 1384,1455,132,21
<EOS>
Den 1169,1493,38,18
umwerfenden 1218,1489,134,22
Erfolg 1364,1489,59,28
der 1434,1490,31,21
Platte 1476,1490,54,22
und 1169,1526,35,21
des 1216,1526,30,21
Films 1258,1526,53,20
sollte 1322,1525,50,21
GG 1383,1527,25,20
nicht 1420,1526,47,21
mehr 1480,1526,50,21
erleben. 1169,1560,76,22
<EOS>
<EOP>
' 1809,1372,7,16
<EOS>
<EOP>
' 1880,1352,7,6
Ì 1913,1348,19,51
<EOS>
<EOP>
in 1170,1637,16,18
den 1195,1634,34,21
Wagen 1238,1637,63,25
gehoben. 1310,1635,89,27
<EOS>
Er 1409,1638,19,19
kann 1437,1636,46,21
sich 1494,1637,35,21
noch 1170,1670,45,22
unterhalten, 1228,1670,118,22
doch 1360,1671,45,21
beeinträch¬ 1418,1672,112,21
tigt 1170,1709,31,25
seine 1214,1709,46,19
gelähmte 1272,1707,91,27
Seite 1376,1709,45,20
die 1433,1708,28,21
Arti¬ 1486,1710,44,18
kulation. 1169,1742,87,22
<EOS>
Im 1271,1745,24,19
Spital 1310,1742,54,28
verlangt 1379,1743,77,27
er 1471,1750,17,14
die 1502,1743,27,21
ganze 1170,1785,53,20
Nacht 1233,1778,55,21
nach 1297,1778,44,21
Cousine 1351,1780,76,19
Jessie: 1433,1781,62,24
als 1505,1779,25,20
sie 1169,1816,25,19
endlich 1207,1814,69,21
kommt, 1291,1814,76,22
spricht 1383,1814,65,27
er 1463,1821,18,14
drei 1494,1814,35,21
Minuten 1169,1851,82,19
lang 1260,1849,40,27
mit 1308,1852,33,18
ihr. 1350,1849,30,23
<EOS>
hält 1389,1849,37,21
ihre 1435,1849,36,21
Hand 1481,1850,49,20
und 1170,1885,36,21
stellt 1218,1885,46,21
fest: 1278,1884,40,22
-Ich 1334,1885,36,21
bin 1384,1885,29,21
entsetzlich 1428,1885,102,21
krank.- 1170,1920,70,21
<EOS>
Spater 1253,1923,63,24
kommt 1328,1920,72,21
Vater 1413,1922,48,19
Gould 1473,1920,56,21
mit 1169,1957,32,19
seiner 1213,1957,55,19
Frau, 1280,1957,49,21
spricht 1341,1956,66,27
zum 1419,1963,42,14
schla¬ 1474,1956,55,21
fenden 1169,1990,65,22
Sohn 1251,1991,49,21
und 1319,1991,36,21
hält 1373,1991,37,21
seine 1427,1994,46,19
eine 1493,1994,37,18
Hand, 1169,2026,54,23
-als 1231,2026,34,21
sich 1272,2026,35,21
plötzlich 1315,2026,82,27
Glenns 1405,2027,64,20
ande¬ 1476,2027,53,20
rer 1169,2068,26,15
Arm 1211,2064,41,19
erhebt 1269,2062,61,21
und 1347,2062,36,21
zu 1399,2069,21,14
dirigieren 1437,2062,92,27
beginnt- 1169,2097,82,27
(Bert 1262,2096,50,24
Gould). 1321,2097,73,24
<EOS>
Den 1405,2099,37,19
Tag 1451,2099,32,24
ver¬ 1493,2103,37,15
schlaft 1168,2132,61,21
GG. 1238,2134,30,21
<EOS>
am 1278,2140,29,14
Abend 1317,2133,61,21
schaut 1388,2132,61,21
er 1459,2139,18,14
fern, 1486,2131,42,21
beginnt 1168,2167,74,28
immer 1249,2170,64,19
zusammenhangsloser 1319,2167,210,27
zu 1168,2211,22,13
sprechen. 1201,2204,92,26
<EOS>
Um 1306,2206,33,18
zehn 1350,2203,44,20
führt 1406,2202,50,21
er 1467,2209,19,14
mit 1498,2205,32,18
Jessie 1165,2240,54,25
ein 1229,2240,28,19
Téléphonât: 1270,2238,113,27
er 1395,2244,19,14
spielt 1425,2237,50,27
zum 1487,2244,41,14
letzten 1168,2274,65,20
Mal 1244,2273,33,21
sein 1289,2275,36,19
Lieblingsspiel 1338,2272,130,28
: 1475,2283,2,11
auf¬ 1491,2272,37,22
grund 1168,2309,56,26
von 1241,2315,34,14
maximal 1291,2308,85,20
20 1393,2310,22,19
indirekten 1432,2309,97,21
Fragen 1168,2345,66,25
muss 1245,2350,50,14
sie 1306,2346,24,19
erraten, 1341,2348,75,18
an 1428,2351,22,14
welche 1462,2345,66,21
Person 1168,2381,64,18
GG 1241,2380,26,19
gerade 1276,2379,63,27
denkt. 1350,2379,59,22
<EOS>
Die 1420,2382,29,20
Losung 1461,2383,68,26
seines 1169,2416,54,20
letzten 1233,2415,64,21
Rätsels 1306,2416,66,21
ist 1382,2418,20,20
eine 1411,2419,38,19
Person, 1460,2419,68,19
deren 1168,2450,52,21
Anwesenheit 1241,2451,123,22
im 1385,2454,23,19
Spital 1429,2452,54,28
GG 1504,2454,24,20
stört: 1168,2491,53,16
der 1234,2487,30,21
katholische 1276,2488,109,21
Pfarrer. 1397,2488,70,21
<EOS>
Einer 1480,2490,49,19
der 1167,2527,30,21
letzten 1213,2526,64,22
luziden 1294,2527,70,21
Momente 1381,2529,90,19
GGs. 1488,2528,39,20
<EOS>
In 1167,2565,18,18
derselben 1194,2562,92,22
Nacht 1295,2562,55,21
erleidet 1360,2562,73,21
er 1442,2569,18,14
seinen 1469,2565,58,17
zweiten 1168,2601,73,19
Hirnschlag: 1248,2598,111,27
Im 1367,2600,25,19
Koma 1400,2599,55,20
wird 1461,2598,44,20
er 1510,2604,19,15
an 1168,2641,21,14
die 1201,2634,28,20
Apparate 1242,2637,86,24
angeschlossen. 1342,2633,141,27
<EOS>
Die 1498,2635,29,18
Meldung 1168,2670,83,27
über 1257,2670,43,21
seinen 1307,2671,59,19
Zustand 1372,2669,77,21
kommt 1457,2669,71,20
erst 1168,2709,34,16
am 1210,2711,29,14
2. 1248,2706,16,19
<EOS>
Oktober 1273,2705,78,20
in 1360,2707,17,18
die 1384,2705,28,20
Presse, 1421,2707,62,18
und 1494,2704,34,21
Susan 1167,2742,56,20
Koscis. 1234,2742,64,20
<EOS>
mittlerweile 1309,2740,117,21
eine 1436,2742,38,19
enge 1484,2747,44,20
Vertraute 1167,2778,91,19
und 1270,2775,35,22
Freundin 1317,2775,86,22
von 1416,2782,33,15
GG 1461,2777,25,20
ge¬ 1499,2782,28,20
worden, 1168,2812,77,22
muss 1261,2818,50,14
bereits 1327,2811,63,21
bei 1405,2811,28,21
CBS 1449,2813,37,19
die 1501,2811,28,20
Pressemitteilung 1168,2847,160,27
über 1336,2846,43,23
GGs 1387,2848,34,20
Tod 1428,2846,34,22
anfer¬ 1471,2846,56,22
tigen. 1168,2885,53,26
<EOS>
Man 1229,2885,41,19
beschliesst. 1278,2882,108,22
<EOS>
die 1395,2883,27,20
Qualen 1431,2882,67,26
zu 1507,2889,21,14
beenden, 1168,2919,86,21
und 1268,2918,35,22
lässt 1317,2918,43,21
GG 1373,2920,26,19
am 1412,2924,29,15
Montag 1456,2920,73,25
dem 1167,2955,41,20
4, 1223,2954,15,21
Oktober 1253,2954,79,21
um 1345,2961,31,13
11.30 1392,2956,45,21
<EOS>
sterben. 1451,2953,76,21
<EOS>
New 1168,2992,42,19
York 1230,2990,44,21
Times, 1295,2991,62,20
unversöhnlich: 1380,2989,147,21
-Was 1168,3028,47,18
bleibt, 1229,3025,59,21
sind 1303,3025,38,20
weniger 1356,3027,78,24
musika¬ 1449,3024,79,21
lische 1168,3060,52,21
Interpretationen 1233,3062,158,25
als 1405,3060,24,21
vielmehr 1443,3059,86,22
Goulds 1168,3095,66,21
idealisierte 1249,3095,106,21
Bilder 1370,3095,57,21
von 1442,3101,34,15
sich 1492,3095,36,20
selbst, 1169,3130,57,21
in 1234,3133,17,17
Vinyl 1258,3130,48,25
geritzt, 1312,3133,66,22
der 1387,3130,30,20
Traum 1423,3132,63,18
von 1494,3137,34,13
<EOS>
<EOP>
dem, 1588,1637,48,21
wie 1653,1638,34,19
er 1703,1643,17,14
gerne 1737,1643,52,20
gespielt 1805,1636,74,27
hätte. 1896,1635,53,22
<EOS>
Interessante 1589,1674,116,18
Dokumente, 1713,1671,120,21
ohne 1841,1670,46,22
Zwei¬ 1896,1672,54,20
fel, 1589,1706,27,24
möglicherweise 1629,1707,152,27
konnten 1792,1707,82,20
sie 1886,1709,24,18
die 1924,1707,27,20
Psychologen 1589,1742,120,28
sogar 1722,1749,51,21
genauso 1785,1748,79,22
interes¬ 1878,1744,72,19
sieren 1589,1781,57,17
wie 1660,1781,34,17
die 1709,1778,28,20
Musiker. 1753,1778,82,20
<EOS>
Auf 1852,1776,34,22
jeden 1898,1777,53,26
Fall. 1590,1814,38,21
<EOS>
Glenn, 1648,1814,61,21
sollst 1729,1814,47,20
du 1797,1814,23,20
in 1841,1819,16,14
Frieden 1878,1813,73,20
ruhen. 1589,1848,62,21
<EOS>
Du 1668,1851,26,18
musst 1710,1853,58,16
dich 1783,1848,40,21
nie 1840,1855,28,14
wieder 1884,1848,66,21
davor 1590,1885,55,20
furchten, 1665,1884,88,22
einem 1775,1886,57,19
Publikum 1855,1883,95,21
gegenüberzustehen.- 1588,1919,208,27
<EOS>
Der 1588,1957,33,19
-Toronto 1638,1957,82,18
Globe 1737,1954,55,21
Mail- 1809,1954,49,20
trauert: 1875,1958,74,17
¦Der 1593,1992,39,19
Tod 1643,1990,33,20
kann 1689,1990,48,20
heute 1750,1989,53,21
stolz 1816,1989,44,20
auf 1872,1989,31,21
sich 1914,1990,37,21
sein, 1589,2028,42,18
er 1647,2031,18,15
hat 1679,2024,30,21
einen 1723,2027,50,18
Titanen 1790,2026,72,20
zu 1877,2032,20,14
sich 1913,2025,36,21
geholt.- 1588,2060,76,27
<EOS>
Am 1589,2098,32,19
5. 1637,2097,13,21
<EOS>
Okt. 1658,2096,38,21
<EOS>
wird 1710,2096,43,21
sein 1767,2103,36,15
Leichnam 1817,2096,93,22
im 1925,2100,24,18
Humphrey 1588,2131,104,27
Funeral 1715,2132,71,21
Home 1810,2134,56,19
aufge¬ 1888,2132,59,28
bahrt, 1588,2167,56,21
am 1656,2173,30,15
15. 1698,2169,23,20
<EOS>
findet 1734,2167,54,22
in 1800,2171,17,18
der 1829,2168,30,21
anglika¬ 1870,2167,78,28
nischen 1588,2202,72,22
Church 1679,2203,69,22
of 1766,2203,20,22
Saint-Paul 1803,2204,99,21
die 1922,2204,27,20
Gedenkfeier 1588,2238,115,22
statt, 1710,2244,46,17
an 1765,2246,22,15
der 1795,2239,31,21
3000 1833,2240,48,22
Perso¬ 1890,2240,58,20
nen 1588,2281,33,14
teilnehmen, 1632,2275,114,22
darunter 1758,2275,85,21
der 1853,2274,31,21
kana¬ 1895,2274,53,21
dische 1588,2311,59,20
Premierminister 1666,2312,161,20
sowie 1846,2312,53,18
der 1919,2310,31,21
Anführer 1588,2345,88,21
der 1689,2346,31,20
Oppositionspartei: 1732,2348,180,24
Es 1928,2347,19,19
wird 1588,2382,43,20
die 1648,2382,28,20
Old 1695,2382,32,20
Hundredth-Hymn 1746,2381,173,26
- 1939,2393,8,1
<EOS>
<EOP>
GGs 1588,2419,33,19
Lieblingshymne 1631,2417,155,26
- 1796,2429,9,2
gesungen, 1814,2422,98,21
die 1921,2416,28,22
berühmte 1588,2452,95,21
Sopranistin 1692,2454,111,26
Maureen 1814,2454,84,19
For¬ 1908,2453,40,20
rester 1587,2493,53,17
singt 1651,2491,45,24
-Have 1709,2490,55,19
Mercy. 1776,2490,62,24
<EOS>
Lord- 1851,2488,51,19
aus 1916,2493,31,14
der 1586,2524,31,21
Matthäuspassion: 1625,2523,172,27
es 1806,2529,19,15
folgen 1833,2521,59,28
noch 1902,2522,45,21
etliche 1586,2559,62,22
religiose 1667,2559,78,27
Gesänge 1764,2560,79,25
und 1863,2558,34,20
Ge¬ 1916,2559,30,19
bete 1587,2595,39,20
<EOS>
Dann 1672,2597,50,18
tritt 1738,2598,36,17
Stille 1789,2594,47,21
ein 1852,2600,27,15
: 1886,2604,1,10
Zum 1904,2595,42,19
ersten 1587,2635,57,17
Mal 1653,2630,33,21
ertönt 1695,2633,58,18
öffentlich 1762,2628,92,23
die 1863,2629,28,21
lang¬ 1900,2628,47,27
same 1587,2673,47,13
Arie 1648,2669,37,17
der 1698,2666,31,20
neuen 1742,2671,55,15
Goldberg-Ein- 1811,2664,136,28
spielung 1588,2702,80,27
und 1679,2702,36,20
erfüllt 1726,2701,60,21
die 1798,2701,28,20
Kirche. 1839,2700,65,21
<EOS>
Die 1918,2702,30,18
Zeremonie 1587,2739,100,19
wird 1705,2736,43,22
mit 1767,2741,31,16
einer 1817,2742,47,15
Stunde 1882,2736,66,20
Verzögerung 1587,2775,122,25
von 1715,2779,34,14
CBC. 1756,2774,38,19
<EOS>
übertragen. 1802,2771,113,27
<EOS>
GG 1923,2772,24,19
wird 1588,2809,42,20
in 1643,2811,16,18
der 1671,2808,31,21
Nähe 1714,2808,47,21
seiner 1774,2810,56,19
Mutter 1842,2808,66,20
auf 1919,2806,32,21
dem 1587,2845,41,20
Mount 1641,2846,62,19
Pleasant 1715,2844,80,21
Cemetery 1808,2845,91,24
bei¬ 1913,2842,34,21
gesetzt. 1587,2884,70,23
<EOS>
Es 1588,2920,19,19
werden 1623,2918,69,22
in 1709,2922,17,17
Kanada 1742,2919,72,21
derart 1830,2918,57,21
viele 1904,2918,44,22
Platten 1587,2953,67,22
verkauft, 1669,2953,84,23
wie 1770,2961,34,14
es 1819,2961,19,14
nur 1854,2961,33,14
noch 1902,2954,44,21
beim 1586,2989,48,21
Tod 1644,2990,34,20
von 1689,2996,36,15
Elvis 1736,2990,45,21
Presley 1793,2990,69,27
der 1873,2990,30,21
Fall 1914,2990,33,21
gewesen 1586,3031,80,20
ist. 1679,3028,24,17
<EOS>
Sein 1586,3062,39,18
Vermögen 1648,3062,98,26
vermacht 1768,3060,90,22
GG 1880,3062,24,19
zu 1926,3067,20,15
gleichen 1586,3095,79,27
Teilen 1676,3095,56,22
einem 1742,3098,59,19
Tierheim 1812,3095,88,22
und 1912,3096,35,21
der 1586,3130,30,20
Heilsarmee. 1627,3130,111,22
<EOS>
<EOP>
GG 1979,1640,24,17
bei 2018,1640,31,17
der 2062,1640,35,17
zweiten 1979,1676,83,16
Auf¬ 2076,1674,43,18
nahme 1980,1711,66,17
der 2061,1711,35,17
Goldbergvaria¬ 1979,1742,168,25
tionen 1979,1782,71,17
1981: 2064,1781,59,18
oben 1980,1818,50,17
mit 2045,1818,32,16
Brun» 2091,1814,60,20
Monsaingeon, 1980,1853,152,21
unten 1980,1889,60,17
mit 2055,1888,32,18
einem 1980,1924,62,17
Techni¬ 2056,1920,80,21
ker 1979,1959,34,18
bei 2026,1959,31,18
der 2072,1959,34,18
Bearbeitung 1980,1995,138,18
der 1979,2031,35,17
Mechanik 2028,2026,101,22
<EOS>
<EOP>
8-1 1129,3201,28,23
<EOS>
<EOP>
