2176,3261
A 298,196,13,11
PERSPECTIVE 325,196,147,12
<EOS>
<EOP>
?y 377,264,44,22
<EOS>
<EOP>
mn 388,357,128,66
% 400,396,27,46
iy~-y 402,481,54,19
<EOS>
<EOP>
QLENN 281,572,69,11
OOULD 364,572,70,11
<EOS>
<EOP>
X\ 1568,244,47,27
Y. 1745,244,29,27
<EOS>
* 1593,279,24,39
là 791,329,35,20
<EOS>
<EOP>
*il** 1689,500,128,52
<EOS>
<EOP>
wie 237,672,34,19
dasjenige 286,670,90,26
eines 391,671,47,19
Erzengels, 454,668,95,27
vor 566,675,31,14
diesem 238,705,66,21
Zeitpunkt 319,704,92,27
hatte 427,704,48,20
wohl 489,703,46,21
noch 552,703,45,21
nie 238,747,27,14
jemand 283,740,68,25
seine 371,742,45,18
wahre, 433,738,63,23
ziemlich 515,738,81,21
blonde 237,776,64,20
Farbe 309,775,53,21
gesehen, 370,774,81,28
es 460,781,18,14
glänzte 485,774,70,27
wie 563,776,34,19
ein 238,813,27,18
Heiligenschein.- 278,809,154,28
<EOS>
Im 238,848,24,19
Mai 277,848,33,18
tritt 324,849,36,17
GG 374,847,25,19
in 414,848,15,18
seiner 445,848,55,17
üblichen 514,844,82,21
Montur 238,882,72,21
zu 317,887,21,15
einer 346,883,47,19
Pressekonferenz, 401,879,157,23
an: 566,886,30,15
Knielanges 239,916,103,27
Jackett, 345,916,73,26
v 427,923,6,13
iel 439,916,20,21
zu 467,923,22,13
viele 496,915,44,21
Män¬ 548,917,49,19
tel 238,952,21,20
und 276,952,34,20
zwei 325,954,42,19
Paar 383,953,41,20
Handschuhe. 439,951,122,21
<EOS>
Er 577,953,21,18
nimmt 239,990,64,18
den 310,987,33,21
sensationshungrigen 351,986,193,28
Jour¬ 547,988,50,25
nalisten 239,1023,73,21
gleich 327,1023,57,27
den 400,1023,33,21
Wind 450,1023,50,21
aus 516,1029,31,15
den 563,1022,34,21
Segeln, 239,1058,67,28
indem 326,1058,59,22
er 406,1066,17,14
fragt: 443,1057,53,28
-Warum 517,1060,80,20
glauben 238,1094,77,27
Sie, 332,1096,33,22
ich 384,1094,26,21
sei 428,1096,22,19
exzentrisch 468,1093,109,22
?- 582,1096,16,18
<EOS>
Unbeirrt 239,1130,80,21
versucht 333,1130,80,21
ein 427,1133,28,18
Reporter 468,1132,81,25
sein 561,1132,36,19
Gluck 238,1165,52,21
und 300,1166,34,20
macht 345,1165,58,21
GG 412,1168,25,18
auf 447,1165,31,21
seinen 486,1168,58,18
offe¬ 554,1165,43,21
nen 239,1207,32,14
rechten 285,1201,71,21
Schuhbändel 370,1201,124,21
aufmerk¬ 509,1200,89,22
sam, 237,1242,44,17
in 289,1238,16,18
der 312,1236,31,20
Absicht 349,1236,71,21
und 428,1236,34,21
Hoffnung, 470,1235,95,28
GG 572,1238,25,19
beim 237,1271,47,21
Versuch, 296,1271,80,24
die 389,1272,27,21
Schuhbändel 428,1272,124,21
mit 566,1274,31,19
den 237,1306,34,21
Handschuhen 284,1306,129,22
zu 425,1314,21,14
schnüren, 459,1307,94,21
sei¬ 566,1310,31,18
ner 237,1348,29,13
Exzentrilat 295,1343,105,19
zu 428,1349,22,14
überfuhren 481,1342,109,22
<EOS>
<EOP>
Gould, 648,669,62,23
der 719,670,30,20
seine 758,672,45,19
Hände 813,670,59,21
bei 881,670,27,20
Lloyd 918,670,52,26
für 980,668,28,22
100 650,706,30,19
01)0$ 687,705,50,23
versichert 750,704,95,22
hat, 858,704,34,23
genehmigt 905,704,103,28
sich 649,739,35,21
einen 705,747,51,13
Schluck 776,740,74,21
Grapefruitsaft, 871,739,137,28
stellt 649,775,45,20
das 710,775,31,21
mit 756,778,33,18
seinen 804,778,59,19
Handschuhen 879,776,129,21
umfasste 650,809,87,22
Glas 755,810,38,21
ab 812,810,21,21
und 853,811,35,20
reisst 907,814,49,17
den 975,811,34,20
<EOS>
<EOP>
Schuhhandel 1057,670,125,20
kurzerhand 1194,669,109,21
ab. 1314,669,26,21
<EOS>
In 1058,707,18,19
die 1084,704,28,22
gleiche 1118,704,67,28
Sparte 1192,706,61,26
fällt 1261,704,35,22
sein 1304,707,36,19
Verhal¬ 1348,704,68,21
ten 1057,744,29,17
an 1096,747,21,14
einem 1126,743,57,18
Cocktail 1193,740,77,21
des 1278,740,32,21
-Women's 1319,739,97,22
Committee- 1057,777,118,20
vom 1197,782,42,14
Clevelandorche- 1262,775,154,23
ster, 1058,815,38,19
wo 1117,818,26,13
er 1162,818,18,13
wahrend 1199,811,82,21
des 1300,811,31,20
ganzen 1350,817,67,21
Abends 1058,847,70,20
eine 1137,848,37,19
Kaffeetasse 1184,846,107,22
in 1301,849,17,18
der 1328,847,31,20
rech¬ 1368,846,48,21
ten 1058,886,29,17
Hand 1101,881,48,22
trägt. 1162,885,51,23
<EOS>
Nicht 1227,881,51,22
etwa 1290,886,47,17
weil 1349,881,38,22
er 1400,888,19,15
koffeinsüchtig 1059,915,138,29
ist, 1210,919,25,22
sondern 1249,917,75,21
um 1338,924,30,14
jeg¬ 1383,919,34,25
liches 1058,952,54,21
Händeschütteln 1121,952,149,21
zu 1279,958,21,15
vermeiden. 1311,953,106,20
<EOS>
Es 1059,989,21,19
scheint 1092,987,67,21
also 1173,987,35,21
nicht 1222,987,48,21
völlig 1284,987,52,27
an 1349,994,21,14
den 1384,988,34,20
Haaren 1059,1024,66,20
herbeigezogen, 1146,1023,143,27
wenn 1310,1030,51,13
ver¬ 1381,1030,36,13
schiedene 1059,1058,92,22
Freunde 1162,1058,78,22
GGs 1250,1060,34,19
im 1295,1061,23,18
Gesprach 1330,1058,88,27
meinten, 1059,1096,84,21
er 1157,1100,17,14
habe 1187,1093,45,21
seine 1245,1095,45,19
Konzertkar¬ 1304,1093,114,21
riere 1058,1131,43,19
nicht 1109,1129,48,21
zuletzt 1166,1129,63,21
abgebrochen, 1239,1129,129,27
weil 1379,1129,38,21
es 1058,1171,18,13
ihn 1091,1164,29,20
m 1135,1171,16,13
der 1165,1165,30,19
Öffentlichkeit 1208,1162,131,22
immer 1355,1170,63,14
mehr 1059,1199,51,21
gereizt 1118,1201,64,25
hätte, 1193,1199,53,23
seine 1257,1201,46,19
Exzentritä- 1314,1201,103,19
ten 1058,1239,28,16
zu 1098,1240,20,16
kultivieren. 1131,1234,110,22
<EOS>
31. 1057,1272,25,23
<EOS>
Aug. 1089,1273,42,25
<EOS>
: 1138,1281,2,11
GGs 1151,1273,34,20
Auftritt 1196,1271,71,22
an 1277,1278,22,14
den 1310,1271,35,21
Luzer¬ 1356,1273,61,20
ner 1057,1312,30,15
Musikfestwochen 1094,1306,170,22
sollte 1273,1306,49,22
sein 1330,1309,37,19
letz¬ 1376,1306,41,22
ter 1056,1345,26,17
in 1094,1344,17,18
Europa 1124,1344,67,25
sein 1204,1345,36,18
- 1254,1355,8,1
Bachs 1277,1342,56,21
d-Moll- 1345,1343,71,21
<EOS>
<EOP>
Konzert 1472,671,74,19
für 1552,668,28,22
Klavier 1588,669,69,21
und 1663,670,35,20
Streicher 1706,670,87,21
mit 1800,673,33,19
0 1865,674,10,19
b 1880,674,9,19
e 1895,679,8,14
n 1909,679,8,13
v. 1930,679,17,13
<EOS>
I. 1957,674,12,18
<EOS>
n. 1979,679,17,13
<EOS>
r. 2006,679,15,13
<EOS>
: 2029,679,3,13
Karajan: 1472,706,82,26
-Er 1576,706,30,19
hielt 1626,704,42,22
das 1688,704,32,22
Klangbild 1741,704,92,28
Das 1865,709,37,18
Buch 1914,709,50,18
zur 1979,714,31,13
wunderbar 1472,739,108,22
durchsichtig 1588,739,121,28
und 1719,740,34,21
wusste 1764,745,68,17
Vorlesung, 1864,743,120,23
GG 1998,744,25,19
bei 1472,776,28,21
der 1509,776,30,20
Subtilität 1549,775,88,21
des 1647,775,31,21
Anschlags 1688,776,96,26
jede 1793,776,40,26
beim 1865,778,50,19
Dozieren, 1929,779,106,21
Maniertheit 1473,810,112,22
und 1609,810,34,21
Verspieltheit 1667,810,120,27
zu 1811,817,21,14
bei 1865,814,32,18
der 1911,814,35,18
Ver¬ 1959,814,42,19
vermeiden 1473,847,101,21
<EOS>
So 1623,848,23,19
erwuchs... 1664,845,111,22
<EOS>
eine 1795,848,37,19
leihung 1865,848,82,23
des 1960,850,36,18
Wiedergabe, 1474,881,119,28
die 1604,881,28,22
von 1643,887,35,16
echter 1691,881,60,22
Versen- 1762,883,70,19
Ehrendoktors 1866,884,153,19
kung 1474,918,48,27
zeugte,-(NZZ) 1529,915,144,30
GG 1682,918,26,20
muss 1715,923,51,15
später 1774,919,60,25
(1963/64) 1866,919,114,22
zugeben, 1474,953,84,27
dass 1576,953,40,21
in 1635,955,17,18
diesem 1669,953,67,21
Konzert, 1754,954,78,21
trotz 1474,992,44,17
des 1533,989,31,20
Publikums, 1581,988,111,24
etwas 1709,992,54,17
Magi- 1780,990,54,25
Links: 1867,990,66,18
sches 1474,1024,49,21
geschehen 1534,1024,100,27
sei. 1645,1026,27,19
<EOS>
In 1685,1026,18,18
Luzern 1715,1025,65,20
trifft 1791,1022,42,22
GG 1866,1025,25,19
1959 1905,1025,49,18
in 1968,1025,17,18
er 1474,1066,19,14
eine 1505,1062,38,18
Cembalistin, 1557,1059,122,25
mit 1694,1062,32,18
der 1740,1059,30,21
er 1784,1065,19,15
in 1817,1061,17,19
Luzern 1867,1060,71,20
Briefwechsel 1475,1094,122,22
tritt, 1613,1097,41,23
die 1670,1095,28,21
er 1714,1102,17,14
finanziell 1748,1093,86,22
unterstützt 1474,1134,107,17
und 1591,1130,35,21
für 1635,1129,28,22
die 1672,1130,28,21
er 1709,1137,18,14
in 1737,1133,16,18
Kanada 1764,1130,70,21
Konzerte 1474,1168,85,18
organisiert. 1570,1168,110,24
<EOS>
Bei 1692,1168,29,18
ihrem 1734,1165,56,21
Be¬ 1803,1167,31,19
such 1474,1201,42,21
in 1527,1203,18,18
Kanada 1557,1201,71,21
tollen 1638,1201,54,21
sie 1704,1203,25,19
durch 1740,1201,55,21
die 1807,1201,28,21
Gegend, 1473,1236,76,27
spielen 1556,1236,67,27
in 1630,1239,17,18
einer 1654,1239,47,18
Kirche 1707,1236,60,21
Orgel 1775,1236,49,27
; 1830,1246,3,12
bei 1474,1271,27,22
einem 1519,1274,57,19
späteren 1595,1275,82,24
Aufenthalt 1697,1271,101,22
in 1817,1274,17,18
Kanada 1474,1307,71,21
wurde 1553,1307,62,21
sie 1622,1309,24,19
nicht 1654,1306,49,22
einmal 1710,1307,65,21
mehr 1784,1306,51,22
zu 1473,1349,21,15
GG 1505,1345,26,19
vorgelassen. 1541,1343,117,27
<EOS>
I960 30,1412,53,25
Es 235,1416,20,19
beginnen 270,1414,88,26
langwierige 375,1414,113,28
Probleme 504,1416,91,21
<EOS>
<EOP>
mit 234,1452,32,19
dem 275,1449,42,21
linken 326,1449,60,21
Arm, 396,1452,49,20
die 454,1450,28,21
GG 491,1452,25,19
in 526,1453,17,18
dem 552,1451,42,21
Entschluss 235,1484,101,22
bestärken, 351,1483,102,25
das 471,1485,31,20
Podium 520,1486,74,21
zu 234,1527,21,15
verlassen. 266,1519,93,22
<EOS>
Er 372,1521,20,18
führt 402,1518,49,22
einen 462,1521,51,20
Prozess 525,1522,69,20
gegen 234,1561,56,22
den 304,1554,35,21
Steinway-Techniker, 353,1554,196,27
der 564,1556,31,20
ihm 235,1591,38,21
im 288,1593,24,17
Dezember 327,1589,97,21
von 439,1595,34,15
hinten 489,1589,61,22
auf 566,1590,32,21
die 235,1627,27,21
Schultern 271,1625,93,23
geklopft 373,1624,80,28
hat. 464,1624,35,23
<EOS>
wodurch 510,1626,84,21
Goulds 235,1661,65,22
linker 307,1660,56,21
Ellbogen 371,1659,83,27
auf 462,1659,32,21
die 500,1660,27,21
Stuhl¬ 535,1660,59,21
lehne 235,1697,51,22
gedrückt 296,1694,86,29
wurde. 394,1694,66,21
<EOS>
In 472,1696,18,19
der 502,1695,31,20
Folge 544,1695,51,27
<EOS>
<EOP>
muss 650,1422,51,15
GG 710,1417,24,20
während 744,1416,82,21
dreier 834,1416,56,21
Monate 898,1417,71,20
alle 978,1416,32,21
Konzerte 650,1453,85,19
und 746,1452,35,20
während 792,1451,83,21
sechs 886,1451,50,21
Mona¬ 949,1454,59,18
ten 650,1490,30,17
alle 695,1487,33,21
Rezitals 743,1487,71,21
absagen 830,1487,77,27
und 922,1487,36,21
sich 974,1487,36,22
täglich 649,1521,65,28
die 727,1522,27,21
Nerven 768,1524,67,19
des 848,1522,31,21
vierten 892,1525,68,18
und 975,1523,34,21
fünften 649,1555,71,23
Fingers 735,1560,69,24
je 819,1560,14,24
von 848,1565,34,14
einem 897,1560,59,19
Arzt 970,1560,40,20
und 650,1592,35,20
einem 693,1594,58,19
Chiropraktiker 759,1593,144,28
behandeln 910,1593,100,22
lassen: 649,1626,65,22
Er 725,1630,20,18
geht 754,1628,42,26
so 806,1636,19,13
weit, 835,1632,45,21
zu 891,1636,20,14
sagen, 922,1637,59,20
er 991,1637,19,14
habe 649,1661,45,21
aufgrund 715,1662,88,27
dieser 824,1665,56,20
Muskelver¬ 901,1665,108,21
spannung 649,1703,94,21
ein 754,1701,27,18
halbes 793,1698,62,22
Interview 867,1702,93,18
ver¬ 972,1707,37,14
<EOS>
<EOP>
patzt. 1057,1418,51,24
<EOS>
Immerhin 1126,1415,98,22
kann 1241,1416,48,21
er 1306,1422,19,15
im 1341,1418,24,19
Juli, 1378,1416,40,27
wenn 1057,1456,54,15
auch 1128,1450,45,22
unter 1191,1455,53,17
Problemen, 1262,1451,110,24
die 1391,1452,28,20
Sturmsonate 1058,1487,124,20
von 1189,1493,34,14
Beethoven 1230,1487,102,21
mit 1339,1489,32,18
dem 1378,1487,40,21
von 1058,1527,35,16
ihm 1104,1521,37,22
etwa 1152,1526,46,17
doppelt 1207,1521,72,28
so 1289,1529,19,14
schnell 1318,1521,65,22
als 1394,1522,25,21
üblich 1058,1557,60,21
gespielten 1134,1557,97,27
dritten 1245,1557,66,22
Satz 1326,1559,40,20
auf¬ 1381,1556,37,22
nehmen. 1060,1592,82,21
<EOS>
Während 1155,1592,86,22
er 1253,1599,19,15
Steinway 1283,1594,87,26
also 1383,1593,37,21
zu 1057,1635,23,14
300000 1088,1630,77,22
Dollar 1174,1628,60,21
verklagt, 1241,1628,84,27
entdeckt 1335,1628,84,21
er 1059,1670,18,14
im 1096,1666,25,18
Eatons 1141,1665,65,19
den 1225,1664,35,20
Steinway 1279,1665,88,26
318 1388,1665,32,22
(Baujahr 1062,1698,86,28
1945); 1162,1698,63,24
es 1240,1705,18,15
beginnen 1273,1699,88,27
erste 1375,1703,45,17
<EOS>
<EOP>
Arbeiten 1474,1416,82,21
am 1569,1422,29,15
CD 1611,1417,27,20
318, 1650,1417,37,24
die 1701,1416,28,21
sich 1742,1416,35,22
über 1792,1416,43,22
sieben 1473,1451,61,21
Jahre 1542,1451,51,26
erstrecken: 1604,1451,108,21
Er 1725,1454,20,18
vergrös- 1756,1455,77,23
sert 1474,1490,34,17
die 1519,1487,28,20
schwarzen 1558,1487,99,20
Tasten, 1668,1488,67,22
rauht 1748,1487,50,21
sie 1810,1489,25,18
auf, 1473,1521,35,25
macht 1521,1522,59,21
die 1592,1522,27,21
Hämmer 1632,1524,84,19
härter 1727,1522,60,21
und 1798,1521,36,22
bringt 1473,1557,59,27
sie 1544,1560,25,18
näher 1582,1557,56,21
an 1652,1564,22,14
die 1688,1558,27,20
Saiten. 1729,1560,64,18
<EOS>
Im 1808,1559,25,18
Dezember 1475,1593,96,21
beschliesst 1581,1592,102,21
Steinway, 1694,1593,91,27
ihm 1797,1592,37,20
die 1473,1628,28,21
geforderten 1521,1627,111,28
300000 1653,1629,77,22
um 1751,1634,30,14
des 1803,1627,31,21
Friedens 1475,1664,82,20
willen 1569,1663,60,21
zu 1641,1670,21,13
bezahlen. 1674,1663,90,20
<EOS>
Gould 1778,1662,56,20
bleibt 1475,1698,54,22
bei 1540,1698,26,22
Steinway. 1578,1699,91,25
<EOS>
1961 30,1766,50,26
<EOS>
<EOP>
1962 30,1979,52,26
<EOS>
<EOP>
1%3 32,2546,50,30
<EOS>
<EOP>
'964 32,2722,49,29
<EOS>
<EOP>
Auch 235,1770,47,22
die 292,1769,27,21
New 329,1770,43,19
York 382,1767,44,21
Times 435,1768,58,19
reiht 503,1767,44,20
sich 557,1767,37,21
unter 236,1809,51,18
jene 302,1806,38,25
Stimmen 356,1804,89,20
ein, 462,1803,34,23
die 513,1802,28,21
sich 558,1802,36,21
weniger 235,1843,77,25
mit 325,1841,31,19
GGs 371,1840,34,19
Interpretation 419,1839,136,25
als 569,1837,25,21
mit 235,1879,33,19
seinem 275,1878,66,19
Auftreten 350,1873,90,22
befassen: 448,1871,90,22
-Was 547,1875,47,18
wird 235,1912,43,22
als 288,1911,24,22
nächstes 323,1909,83,22
kommen? 415,1908,97,22
<EOS>
Können 522,1909,72,20
<EOS>
<EOP>
wir 649,1770,33,19
uns 697,1775,34,15
bereits 746,1770,64,21
auf 825,1770,32,22
Mister 870,1773,60,19
Goulds 945,1771,66,21
Beethoven-Spiel 650,1803,159,28
freuen, 820,1804,66,26
wenn 899,1813,53,13
er 964,1813,19,14
in 994,1808,16,19
den 649,1837,34,21
Orchestertutti 696,1838,136,23
mit 846,1842,33,19
einem 891,1843,58,19
Bier¬ 964,1843,45,20
krug 649,1872,44,28
und 706,1874,36,20
einem 755,1876,59,19
Schinkenbrot 827,1875,131,22
her¬ 971,1876,39,21
umhantieren 650,1908,126,21
wird?- 787,1909,65,21
<EOS>
<EOP>
8.Okt.: 1059,1772,70,20
<EOS>
Er 1140,1775,21,17
spielt 1171,1772,51,27
Beethovens 1232,1772,112,21
5. 1354,1774,16,21
<EOS>
Kla¬ 1381,1772,39,21
vierkonzert 1060,1807,110,21
mit 1184,1810,32,18
dem 1229,1808,41,20
Provinzorche¬ 1285,1808,134,21
ster 1058,1846,35,18
-Symphony 1102,1842,114,27
of 1224,1842,21,22
the 1251,1842,29,22
Air- 1289,1845,37,19
in 1335,1846,17,18
White 1361,1843,58,21
Plains, 1059,1877,64,25
das 1136,1877,32,21
einen 1181,1880,51,18
derart 1245,1878,59,20
schlechten 1318,1878,101,20
Dirigenten 1059,1913,102,25
hat, 1176,1912,35,24
dass 1226,1913,41,20
sich 1282,1912,37,21
GG 1334,1914,25,19
dazu 1374,1913,45,20
<EOS>
<EOP>
gezwungen 1477,1777,110,21
sieht, 1611,1770,51,23
das 1687,1770,32,21
Orchester 1743,1770,93,20
schlichterhand 1477,1806,140,21
selber 1632,1805,55,21
zu 1701,1812,21,13
dirigieren. 1737,1804,98,26
<EOS>
Unbeirrt 1476,1842,82,21
dirigiert 1564,1842,78,26
der 1648,1841,32,21
Dirigent 1687,1842,77,25
weiter, 1771,1841,63,22
das 1477,1877,31,20
Orchester 1516,1876,94,21
allerdings 1618,1875,92,27
schenkt 1720,1875,73,21
nur 1803,1880,33,15
noch 1477,1912,44,20
GGs 1532,1913,34,19
Gesten 1577,1913,63,19
Beachtung. 1652,1910,107,26
<EOS>
Er 235,1986,21,20
fliegt 268,1983,49,27
zum 330,1988,42,15
letzten 386,1980,64,22
Mal; 465,1979,42,25
Der 522,1980,33,20
als 569,1978,25,21
Technikfreak 235,2017,126,24
verschrieene 378,2015,119,23
GG 514,2016,24,19
ver¬ 557,2020,37,15
traut 235,2059,46,18
zuvor 295,2060,54,16
lediglich 362,2051,82,28
der 458,2051,31,21
technisch 502,2048,91,23
veralteten 235,2090,96,22
israelischen 359,2087,111,23
Luftfahrt¬ 499,2084,95,23
gesellschaft 234,2124,110,31
El 354,2124,16,21
AI, 380,2124,25,23
da 415,2123,22,22
sich 446,2122,37,22
bei 494,2122,26,21
ihr 531,2121,26,20
die 566,2120,28,21
Piloten 235,2162,66,22
wenigstens 310,2163,107,25
noch 425,2158,45,22
richtig 478,2157,63,27
kon¬ 549,2156,44,21
zentrieren 235,2200,96,20
mussten. 342,2200,87,18
<EOS>
Inoffiziell 238,2234,88,22
kündigt 336,2234,73,26
er 418,2239,18,15
zum 445,2237,40,16
ersten 495,2234,58,17
Mal 562,2228,34,22
definitiv 238,2270,79,22
in 326,2272,17,19
einem 352,2272,58,18
Brief 418,2266,48,23
an, 472,2273,28,17
das 510,2266,31,21
Kon- 550,2267,45,19
zertpodium 238,2306,110,27
zu 357,2311,21,15
verlassen; 387,2304,96,23
ein 491,2304,28,19
Schritt, 528,2300,68,24
den 238,2342,33,21
er, 281,2348,21,18
anders 313,2341,63,21
als 385,2340,26,21
Horowitz, 421,2340,93,22
Michel¬ 525,2335,70,23
angeli 238,2377,55,28
u.a., 312,2383,44,17
<EOS>
nie 376,2378,27,18
mehr 422,2374,50,22
rückgängig 489,2372,108,27
machen 238,2412,75,22
sollte 320,2412,50,20
- 378,2424,8,1
nicht 395,2410,47,22
einmal, 450,2409,69,23
als 527,2408,25,21
ihm 560,2407,36,21
für 238,2448,27,22
ein 278,2454,27,15
Rezital 319,2447,60,22
in 393,2449,16,18
der 422,2447,31,20
Carnegie 465,2446,82,25
Hall 560,2442,36,22
kurz 238,2484,43,20
vor 291,2490,32,14
seinem 333,2485,66,19
Tod 410,2482,34,21
100000 456,2482,71,20
Dollar 538,2478,59,22
<EOS>
<EOP>
GG 235,2559,24,18
komponiert 279,2556,114,26
-So 412,2556,31,20
you 463,2559,33,22
write 516,2554,50,18
a 585,2556,9,14
Fugue-, 236,2594,71,25
eine 318,2593,37,19
Fuge 365,2592,45,26
für 418,2589,28,22
vier 456,2591,37,18
Singstim¬ 502,2588,92,26
men 235,2634,41,15
und 284,2626,36,22
ein 328,2629,28,19
Streichquartett, 363,2625,151,28
die 522,2622,27,21
sich 558,2620,36,22
vor 235,2670,32,14
allem 279,2663,53,21
bei 346,2662,28,21
Studentenaufführun- 389,2656,205,27
10. 235,2736,23,20
<EOS>
April,- 266,2735,56,27
Im 334,2736,25,20
Wilshire 372,2732,78,24
Ebell 460,2730,46,23
Theater 518,2730,76,22
in 235,2773,16,18
Los 266,2773,32,18
Angeles 312,2769,74,28
tritt 400,2771,35,19
GG, 449,2769,31,21
nach 495,2765,43,22
weit 553,2767,40,19
über 235,2806,44,21
300 284,2808,36,22
Konzerten, 328,2808,103,22
zum 439,2810,41,14
letzten 489,2802,63,22
Mal 560,2800,34,21
öffentlich 234,2841,90,22
auf. 339,2841,34,22
<EOS>
Er 388,2842,20,20
spielt 422,2839,50,29
vier 486,2841,36,19
Fugen 536,2839,57,25
sowie 235,2880,53,18
die 295,2878,28,20
vierte 330,2880,55,18
Partita 393,2878,64,19
von 464,2880,35,16
Bach, 506,2873,52,24
die 566,2872,28,21
dritte 234,2913,52,22
Sonate 302,2914,65,21
von 384,2918,35,15
Hindemith 438,2909,101,23
und 559,2907,35,22
zum 234,2955,41,15
Schluss 288,2948,72,22
Beethovens 373,2947,110,22
Opus 494,2947,49,26
109. 556,2945,37,23
<EOS>
Herald-Examiner: 235,2984,172,21
-das 436,2983,41,20
Nonplus¬ 505,2979,88,28
ultra 235,3019,45,21
an 291,3026,22,14
Poesie 325,3021,60,19
und 397,3018,35,22
Beredsamkeit-; 445,3016,149,24
Times: 234,3056,66,21
-durch 312,3054,64,22
und 389,3054,35,21
durch 436,3052,55,23
ein 503,3054,28,19
Miss¬ 544,3053,50,20
geschick 235,3090,80,27
<EOS>
überstürzt... 370,3089,130,22
<EOS>
gefühl¬ 524,3086,70,28
selig... 235,3126,72,27
<EOS>
Beethoven 322,3125,101,22
ist 439,3127,21,19
kaum 474,3124,55,21
mehr 545,3123,51,22
<EOS>
<EOP>
geboten 650,1980,77,25
werden: 741,1980,78,21
-Ich 834,1980,36,22
habe 885,1981,45,21
vorerst 945,1986,66,16
für 650,2013,28,22
das 697,2014,31,21
nächste 747,2014,73,21
Jahr 836,2015,42,26
noch 896,2016,45,20
keine 960,2016,51,21
Tournee 649,2051,77,19
in 746,2051,17,19
Europa 782,2051,67,26
geplant, 868,2051,77,26
auch 965,2051,44,21
nicht 650,2084,49,21
für 711,2084,28,21
später. 752,2088,62,24
<EOS>
Dies, 827,2086,47,23
weil 887,2085,38,21
ich 939,2085,28,21
vor 980,2092,31,15
zwei 649,2122,43,18
Monaten 714,2121,83,19
entschieden 820,2120,115,20
habe, 958,2120,51,25
nach 649,2155,44,21
Ablauf 701,2154,64,22
der 770,2155,30,20
nächsten 807,2155,86,21
Saison 900,2156,61,20
kein 969,2155,40,21
öffentliches 650,2189,112,22
Konzert 771,2192,74,19
mehr 855,2189,50,22
zu 915,2196,21,15
geben. 947,2190,62,27
<EOS>
Ich 650,2226,27,21
weiss, 687,2228,56,22
dass 753,2225,40,21
ich 803,2225,27,21
das, 838,2225,37,22
seit 885,2228,30,17
ich 925,2225,26,20
acht¬ 961,2225,47,20
zehn 649,2261,44,22
bin, 708,2261,35,24
ständig 759,2261,70,26
wiederhole, 842,2260,116,25
und 974,2260,35,21
dass 650,2297,41,21
ein 704,2299,28,18
grosser 746,2302,67,21
Teil 826,2295,32,21
meines 871,2298,67,18
Publi¬ 952,2295,57,21
kums 650,2333,54,21
nicht 713,2332,47,21
daran 770,2332,55,20
glaubt. 833,2331,66,27
<EOS>
Aber 909,2331,46,20
dies¬ 964,2331,45,20
mal 650,2367,35,21
ist 700,2369,22,19
es 737,2373,18,15
mir 770,2369,35,19
sehr 820,2366,39,22
ernst 875,2370,48,17
damit.- 938,2366,71,21
<EOS>
(GG, 653,2404,40,24
17. 705,2405,24,20
<EOS>
April 737,2402,46,27
1962) 796,2400,52,26
6./8.April: 650,2438,109,27
<EOS>
Leonard 779,2438,76,20
Bernstein 874,2438,90,20
di¬ 985,2437,24,20
stanziert 651,2477,83,19
sich 741,2473,36,22
vor 785,2480,30,13
der 822,2473,31,20
Darbietung 859,2472,110,27
von 975,2479,35,14
<EOS>
<EOP>
Brahms' 1057,1983,81,20
1. 1150,1985,11,18
<EOS>
Klavierkonzert 1173,1983,142,20
öffentlich 1326,1982,90,21
von 1057,2024,34,14
GGs 1109,2019,34,20
Interpretation. 1162,2019,142,26
<EOS>
-Die 1325,2019,40,20
un¬ 1383,2024,33,15
orthodoxe 1055,2052,102,21
Interpretation... 1186,2055,166,24
<EOS>
mit 1383,2055,33,18
ihrem 1057,2086,56,21
langsamen 1130,2087,103,27
Tempo 1250,2089,64,25
und 1333,2087,34,20
der 1386,2087,30,20
Nichtbeachtung 1056,2122,154,27
von 1221,2129,34,13
Brahms' 1267,2122,81,20
Dyna¬ 1360,2123,56,26
mikangaben 1055,2156,119,27
ist 1184,2159,22,18
anders 1215,2156,63,21
als 1287,2156,24,21
alles, 1322,2156,47,25
was 1379,2163,36,15
ich 1056,2191,26,20
bisher 1092,2191,60,21
gehört 1161,2191,63,26
habe 1234,2191,46,21
oder 1289,2192,45,20
was 1342,2198,36,14
ich 1389,2191,27,21
mir 1055,2228,35,18
hätte 1096,2226,48,21
träumen 1150,2230,83,17
lassen... 1240,2226,87,21
<EOS>
Ich 1335,2226,27,21
habe 1369,2226,46,21
mich 1055,2261,47,21
in 1110,2264,17,18
meiner 1135,2264,66,18
Laufbahn 1208,2261,92,21
erst 1307,2266,35,16
einmal 1350,2261,64,21
einem 1055,2299,58,18
Solisten 1123,2296,75,21
unterordnen 1208,2296,118,20
müssen, 1336,2299,79,23
und 1056,2332,35,21
zwar, 1100,2338,49,17
als 1161,2331,24,22
ich 1196,2331,27,21
das 1234,2331,31,21
letzte 1276,2331,51,21
Mal 1338,2331,33,21
mit 1383,2333,32,19
Mister 1055,2368,60,20
Gould 1135,2366,56,22
zusammengearbeitet 1212,2366,203,27
habe.. 1056,2402,65,21
<EOS>
.- 1129,2413,13,9
<EOS>
GG 1055,2439,25,20
in 1090,2439,17,19
einem 1116,2439,57,19
Brief 1183,2436,48,22
an 1237,2443,23,15
den 1268,2437,35,21
Dirigenten 1313,2438,102,26
Edwyn 1056,2473,68,27
Harnes, 1135,2475,69,21
am 1214,2479,30,14
17. 1256,2474,23,20
<EOS>
April: 1287,2472,56,27
-Es 1354,2474,29,19
ist 1394,2474,22,19
<EOS>
<EOP>
gen 650,2555,34,21
wegen 694,2554,61,21
ihres 766,2547,45,21
Witzes 821,2548,61,19
bald 892,2545,41,21
grosser 942,2551,69,21
Beliebtheit 652,2583,103,22
erfreut. 772,2581,71,23
<EOS>
Einen 862,2583,53,19
anderen 935,2581,76,21
Weg 652,2621,41,26
weg 699,2626,39,20
vom 745,2625,42,15
Konzert 796,2620,73,19
beschreitet 877,2616,104,22
er, 989,2622,21,19
indem 652,2655,59,21
er 720,2661,18,14
über 748,2654,42,21
verschiedene 799,2653,123,22
Themen 930,2652,81,21
<EOS>
<EOP>
Vorlesungen 1056,2544,117,28
an 1180,2551,22,14
zahlreichen 1210,2544,109,21
Universi¬ 1328,2547,87,18
täten 1056,2584,48,18
in 1113,2582,16,19
der 1138,2581,30,20
USA 1176,2582,41,20
und 1225,2581,36,20
in 1269,2583,17,18
Kanada 1295,2581,72,20
hält, 1374,2580,41,24
von 1056,2622,35,15
denen 1104,2615,58,22
-Schönberg: 1175,2615,120,27
A 1310,2617,12,20
perspec¬ 1337,2622,79,20
tive- 1056,2654,43,19
1964 1112,2650,42,25
als 1166,2651,24,22
Buch 1201,2651,47,21
erscheint. 1260,2651,91,21
<EOS>
wiederzuerkennen.- 649,2725,195,23
<EOS>
Mit 649,2764,30,19
seiner 693,2764,55,19
Anprangerung 763,2764,140,25
des 916,2761,31,21
Kon¬ 963,2762,45,19
zertlebens 649,2797,98,22
und 758,2797,34,22
seiner 804,2799,55,19
Oberflächlich¬ 870,2796,138,22
keit 649,2833,35,23
bezieht 695,2833,69,21
er 775,2840,17,14
Stellung 803,2832,79,28
für 892,2831,28,23
die 931,2832,27,21
Ein¬ 970,2834,38,18
samkeit, 649,2869,80,24
den 743,2869,33,21
Ernst 791,2870,50,20
des 853,2869,31,21
Tonstudios, 898,2868,110,24
wo 649,2912,27,15
die 687,2905,28,21
Musik 726,2904,58,22
mit 796,2907,31,18
Hilfe 839,2903,43,22
der 893,2904,31,21
Technik 934,2903,75,22
analysiert 649,2941,95,27
und 758,2940,34,22
neu 806,2947,33,15
beleuchtet 853,2940,99,22
wer¬ 965,2946,44,15
den 649,2978,34,21
kann. 694,2977,54,21
<EOS>
Wieder 650,3013,69,22
zieht 738,3012,46,22
sich 805,3012,37,22
GG 863,3014,24,19
an 908,3018,22,15
einem 952,3014,57,19
Wendepunkt 650,3048,122,29
in 781,3051,16,18
seinem 805,3051,66,19
Leben 880,3048,56,21
an 944,3054,23,15
den 975,3048,35,21
Lake 650,3085,45,21
Simcoe 709,3086,70,20
zurück, 793,3084,71,24
um 879,3091,30,15
über 925,3084,44,22
die 982,3084,28,22
Zukunft 651,3120,77,23
seines 736,3123,55,19
Lebens 798,3121,66,21
zu 871,3128,21,14
meditieren. 901,3120,109,22
<EOS>
<EOP>
Hier 1057,2728,39,19
wird 1112,2725,43,22
seine 1172,2727,46,20
Telephonitis 1234,2725,117,27
akut, 1367,2724,49,25
über 1057,2761,43,22
den 1116,2761,34,21
"Draht 1159,2760,63,22
empfindet 1238,2759,99,29
er 1355,2767,17,14
die 1389,2760,27,21
Menschen 1057,2797,95,22
näher 1164,2797,56,21
als 1232,2797,24,21
wenn 1269,2802,52,15
er 1334,2802,18,15
ihnen 1365,2796,52,21
gegenübersitzt. 1057,2833,148,28
<EOS>
Er 1218,2834,20,19
lässt 1250,2832,43,22
seine 1305,2835,45,18
Haare 1363,2834,54,20
wachsen 1057,2869,81,22
und 1167,2869,34,21
liest 1230,2869,38,21
Stapel 1296,2869,57,27
von 1383,2875,34,14
Büchern, 1057,2904,86,26
von 1157,2911,35,14
den 1207,2904,33,21
Beatniks, 1256,2904,89,24
Nabo¬ 1360,2904,58,21
kov, 1057,2940,38,25
Bataille 1114,2940,71,22
(Sade) 1206,2940,64,26
über 1292,2940,44,22
Dosto- 1355,2941,63,21
jevski, 1057,2977,63,28
Tolstoj 1128,2977,62,27
und 1201,2977,34,21
Strindberg 1244,2976,101,27
bis 1353,2976,26,21
hin 1388,2976,30,21
zu 1058,3021,22,13
Hegel, 1091,3013,58,27
Jaspers 1157,3015,68,25
und 1237,3012,35,22
Nietzsche. 1283,3012,96,22
<EOS>
l.Juni: 1058,3052,64,25
<EOS>
Verleihung 1133,3050,103,28
des 1245,3050,31,22
Ehrendoktors 1286,3050,131,22
fur 1057,3085,28,22
Rechtswissenschaften 1093,3085,207,22
der 1307,3086,31,21
Univer¬ 1345,3088,72,19
sität 1058,3125,40,19
von 1110,3129,34,15
Toronto; 1156,3124,83,22
GG 1251,3123,25,21
hält 1288,3122,36,22
die 1336,3123,27,21
Rede 1375,3123,44,22
<EOS>
<EOP>
unabdingbar, 1476,1982,125,26
Tempi 1613,1984,58,24
zu 1683,1988,21,14
finden, 1716,1980,65,25
wel¬ 1793,1980,42,22
che 1474,2016,33,21
die 1526,2017,28,20
miteinander 1573,2017,118,20
verknüpften, 1709,2014,124,29
thematischen 1474,2051,129,22
Stränge 1612,2053,74,25
des 1695,2051,31,22
Werkes 1736,2051,69,22
so 1814,2057,18,15
gut 1473,2090,32,22
als 1513,2086,25,21
möglich 1547,2086,79,27
betonen, 1634,2086,83,23
die 1726,2086,27,21
krassen 1763,2086,71,21
männlich-weiblichen 1474,2121,208,21
Gegensätze 1689,2123,107,25
der 1803,2121,31,21
Themen 1472,2156,81,21
auf 1564,2156,32,21
ein 1604,2158,28,19
Minimum 1644,2158,97,19
reduzie¬ 1753,2156,79,21
ren 1473,2197,30,14
und 1520,2191,35,20
so 1571,2197,19,14
die 1608,2191,27,20
organische 1652,2191,102,26
Dichte 1771,2191,62,20
unterstreichen.- 1473,2225,155,21
<EOS>
<EOP>
GG 1867,1983,24,17
mit 1905,1983,33,17
seinem 1952,1983,76,17
zweiten 1865,2018,84,17
Hund 1963,2018,53,18
«Banto» 1866,2054,91,17
am 1970,2059,26,12
Lake 1867,2089,48,18
Simcoe 1930,2089,77,18
<EOS>
<EOP>
<SHu* 1857,2618,88,36
<EOS>
<EOP>
-Argument 1473,2945,106,25
for 1590,2943,27,23
Music 1626,2946,57,20
in 1694,2947,16,19
the 1721,2945,30,21
electro¬ 1761,2945,73,22
nic 1473,2981,28,20
Age-; 1508,2981,52,26
es 1568,2986,19,15
folgen 1593,2979,60,28
zahlreiche 1660,2980,98,21
weitere 1764,2983,71,19
Reden, 1474,3015,63,25
u.a. 1550,3023,38,14
<EOS>
rät 1602,3019,26,18
er 1641,3023,18,14
einer 1671,3019,48,19
Abschluss¬ 1731,3017,104,21
klasse 1474,3051,57,22
am 1543,3058,28,15
Konservatorium, 1585,3054,163,22
niemals 1761,3052,75,21
auf 1474,3086,32,22
die 1514,3087,28,21
Ratschläge 1553,3088,102,27
anderer 1665,3089,73,20
zu 1748,3095,22,14
hören 1780,3088,56,21
und 1476,3123,35,22
die 1528,3123,28,22
Einsamkeit 1573,3124,108,21
zu 1698,3131,21,14
wählen... 1736,3123,100,22
<EOS>
81 1021,3197,22,25
<EOS>
<EOP>
