2160,3220
Eine 46,85,144,88
unglückliche 225,88,447,103
Liebe 708,88,188,85
Aus 41,242,60,36
einem 117,245,101,33
Gespräch 237,243,149,45
mit 403,246,58,32
Elisabeth 471,242,152,36
Schwarzkopf 639,241,224,49
<EOS>
<EOP>
Die 50,613,69,73
Verantwortlichen 132,613,214,27
von 360,621,45,19
Columbia 418,613,120,27
Records 550,613,93,27
in 656,616,22,23
<EOS>
<EOP>
New 99,664,56,25
York 172,661,56,28
liessen 244,661,79,28
uns 340,671,43,18
die 399,662,34,27
unveröffentlichten 450,660,227,29
Strausslieder, 47,709,165,32
die 232,710,34,27
Glenn 286,710,70,27
Gould 378,710,71,27
I966 469,708,55,33
zusammen 545,718,133,19
mit 47,760,41,26
der 104,759,39,28
von 160,768,45,19
ihm 224,759,47,27
über 288,759,57,28
alles 361,759,53,27
verehrten 432,758,117,28
Elisabeth 567,758,110,28
Schwarzkopf 48,806,160,36
aufgenommen 227,806,179,36
hatte, 428,807,68,30
nicht 519,806,60,27
hören. 601,806,76,28
<EOS>
Immerhin, 47,853,131,33
die 195,857,34,26
drei 245,856,45,27
Ophelia-Lieder 306,855,185,36
sind 505,855,50,27
auf 571,854,40,28
dem 625,855,52,26
"Silver 48,903,80,28
Jubilee 136,904,87,35
Album» 237,904,95,27
bei 346,904,35,27
CBS 395,906,48,25
erschienen; 457,903,140,30
unter 613,908,66,22
Verschluss 47,950,127,30
liegen 195,953,73,35
noch: 290,953,68,27
von 381,962,45,18
den 448,953,44,27
Vier 514,955,49,25
Liedern 584,952,94,28
op. 48,1006,35,28
<EOS>
27 97,1003,28,27
die 140,1002,34,27
Nr. 188,1005,34,24
<EOS>
3 237,1004,12,28
(«Heimliche 266,1001,147,33
Aufforderung») 428,1001,188,36
und 634,1001,45,27
Nr. 47,1047,33,28
<EOS>
4 95,1050,13,27
(«Morgen»), 119,1050,151,35
von 280,1059,44,19
den 334,1051,44,27
Fünf 388,1050,57,28
Liedern 451,1051,94,27
op. 555,1059,36,26
<EOS>
48 605,1049,29,29
die 643,1050,35,27
Nr. 47,1096,33,28
<EOS>
4 95,1097,13,28
(«Winterweihe»), 134,1097,216,34
von 373,1107,44,19
den 439,1099,45,27
Acht 507,1099,55,27
Liedern 585,1099,94,27
op. 47,1151,34,28
<EOS>
49 97,1146,28,33
die 138,1147,35,27
Nr. 186,1150,33,24
<EOS>
7 235,1150,12,26
(«Wer 263,1146,73,33
lieben 349,1147,72,28
will 435,1147,45,27
muss 493,1157,64,18
leiden»). 572,1147,105,29
<EOS>
Weshalb 81,1212,104,28
diese 213,1213,60,27
Aufnahmen 301,1212,143,28
anders 473,1213,81,27
als 583,1213,32,27
die 644,1213,34,27
Ophelia-Lieder 47,1259,183,35
nicht 246,1261,61,27
erhältlich 324,1261,116,28
sind, 457,1262,56,29
wollte 531,1262,74,27
Frau 622,1264,55,25
Schwarzkopf 47,1306,161,39
zuerst 217,1314,72,23
nicht 301,1308,61,28
erzählen, 373,1310,114,31
es 500,1319,22,18
sei 535,1313,28,25
lediglich 577,1310,101,35
eine 47,1358,46,27
winzige 102,1362,96,32
Episode 208,1357,93,36
in 311,1360,21,23
ihrem 343,1356,72,28
Leben 425,1358,74,27
gewesen. 507,1367,112,27
<EOS>
Und 630,1359,48,27
es 48,1410,22,21
habe 83,1405,58,30
eben 155,1407,58,28
nicht 227,1405,60,28
geklappt. 300,1405,111,35
<EOS>
Genau 427,1408,74,25
hier 516,1406,47,28
liegt 576,1407,51,36
der 640,1408,40,27
Punkt: 47,1452,82,31
Für 147,1459,39,24
einmal 203,1455,82,28
ist 301,1457,27,24
eine 345,1457,48,24
Zusammenarbeit 409,1456,207,27
von 633,1465,44,18
Gould 48,1502,71,30
mit 130,1508,41,24
einem 181,1508,75,24
anderen 267,1503,98,27
Musiker 376,1502,100,27
gescheitert, 486,1504,140,34
ob¬ 639,1505,39,27
wohl 47,1552,60,28
er, 116,1562,28,23
eher 156,1554,54,27
untypisch 220,1550,120,38
für 351,1549,37,28
einen 397,1553,64,24
grossen 472,1560,92,26
Solisten, 575,1553,102,32
ein 48,1600,35,26
sehr 95,1602,51,28
einfühlsamer 157,1601,163,29
Begleiter 331,1599,108,35
war. 451,1607,51,19
<EOS>
An 516,1602,33,24
mangeln¬ 562,1601,117,34
der 47,1645,39,31
gegenseitiger 100,1654,162,33
Wertschätzung 278,1648,182,33
konnte 476,1647,85,27
es 577,1656,23,19
nicht 617,1648,61,28
gelegen 48,1697,93,38
haben: 158,1700,86,27
«Mit 262,1701,50,25
der 330,1698,39,27
einzig 386,1698,73,33
möglichen 474,1695,131,36
Aus¬ 624,1699,54,24
nahme 48,1746,82,30
von 149,1758,44,18
Elisabeth 213,1747,110,28
Schwarzkopf», 343,1742,177,38
schrieb 540,1743,86,28
GG 646,1747,31,24
1976, 49,1792,61,36
«hat 127,1797,50,28
mir 192,1801,43,24
keine 250,1797,63,28
Vokalistin 328,1794,120,31
mehr 463,1792,64,28
Freude 543,1792,81,27
be¬ 640,1792,38,27
reitet 49,1846,60,27
als 124,1847,31,27
Barbara 172,1847,97,27
Streisand.» 284,1845,128,29
<EOS>
Nach 428,1842,61,29
einem 505,1845,73,24
halben 595,1841,82,28
Jahr 45,1889,50,31
kam 119,1895,53,28
dann 196,1896,61,27
doch 281,1895,58,28
ein 363,1897,36,25
Gespräch 422,1891,112,37
mit 558,1893,41,24
Frau 622,1892,55,25
Schwarzkopf 49,1938,160,42
zustande. 220,1945,115,27
<EOS>
Die 351,1946,40,25
Abschrift 406,1940,110,30
des 532,1941,39,27
Gesprä¬ 587,1941,89,33
ches 48,1986,52,32
autorisierte 108,1996,143,24
sie 259,1996,31,24
nur 299,2002,44,18
stark 351,1993,61,27
entschärft 420,1989,124,31
: 550,2002,4,15
«Ich 564,1989,46,27
habe 620,1987,58,28
Wohl 49,2038,58,30
in 124,2046,21,23
der 163,2042,39,27
Verzweiflung 218,2041,160,37
ein 395,2045,35,24
wenig 448,2044,74,32
zu 538,2048,26,19
viel 582,2038,41,28
ge¬ 640,2046,37,27
schwatzt.» 48,2085,123,33
<EOS>
Die 190,2093,39,25
Kratzer 250,2093,87,25
am 356,2100,38,18
geläufigen 414,2090,128,37
Gouldbild 561,2086,118,31
sind 49,2135,47,29
nun 109,2147,48,20
zulackiert; 173,2140,131,32
einige 320,2142,73,33
Andeutungen 407,2140,169,34
blieben 591,2137,87,29
stehen, 48,2184,87,36
vieles 148,2189,69,27
ist 231,2191,27,25
zwischen 271,2188,113,28
die 398,2189,35,27
Zeilen 446,2188,72,28
geraten. 532,2192,100,31
<EOS>
"Für 82,2256,52,27
mich 141,2256,61,27
war 212,2265,45,18
Gould 265,2256,72,27
nicht 345,2256,62,27
einfach 416,2256,89,27
ein 513,2259,36,24
Pianist, 559,2258,88,27
er 656,2263,23,19
War 48,2302,44,26
ein 102,2307,37,25
musizierender 151,2305,175,28
Denker 336,2305,90,27
oder 437,2305,54,27
ein 502,2307,36,25
denkender 549,2304,131,28
Musiker. 49,2344,102,37
<EOS>
Man 163,2356,53,25
hört 229,2353,52,28
auf 294,2352,41,29
jeder 345,2353,61,35
Aufnahme 418,2352,128,29
seine 559,2356,58,25
Per¬ 631,2355,48,25
sönlichkeit, 50,2399,138,33
dazu 207,2403,57,26
muss 285,2410,65,19
man 371,2410,52,18
ihn 445,2402,37,26
nicht 503,2402,61,27
auf 584,2401,41,28
der 642,2402,39,27
"ühne 50,2446,75,31
sehen, 137,2451,76,31
man 228,2460,52,18
hört 294,2451,51,27
nicht 359,2450,60,27
einfach 432,2449,89,29
Noten, 533,2454,81,27
son¬ 628,2460,51,17
dern 50,2491,52,33
seine 120,2503,59,24
ganze 195,2509,69,26
Person, 281,2503,90,28
die 388,2499,34,27
jedoch 440,2499,81,36
hinter 539,2499,82,28
und 636,2500,45,26
licht 50,2543,58,30
/r;rder 120,2548,88,28
Musik 218,2548,73,28
steht. 301,2548,65,28
<EOS>
Das 376,2550,44,26
erklärt 430,2548,83,28
seinen 522,2551,75,25
Erfolg 608,2547,73,36
°is 50,2604,30,25
heute. 93,2606,76,31
<EOS>
Zum 81,2654,55,31
ersten 146,2664,75,22
Mal 229,2659,44,27
hörte 282,2659,64,28
ich 356,2659,33,27
ihn 400,2659,38,27
in 448,2663,21,23
New 478,2662,55,24
York, 544,2659,61,32
1957, 616,2662,62,30
er 49,2703,21,22
spielte 90,2708,77,32
die 188,2708,34,28
Goldbergvariationen... 243,2708,290,36
<EOS>
Woher 555,2708,82,28
er 657,2718,24,18
ni'ch 50,2751,57,29
kannte, 132,2756,92,33
weiss 250,2760,65,25
ich 340,2757,34,28
nicht, 400,2757,67,33
wahrscheinlich 493,2757,185,29
v°n 49,2799,42,27
Platten. 105,2803,93,30
<EOS>
Irgendwann 213,2807,148,34
kam 375,2806,53,28
jedenfalls 443,2805,117,36
die 573,2807,35,27
Bitte 622,2808,57,26
°der 49,2845,52,31
die 120,2853,34,28
Anfrage 175,2854,98,37
an 294,2863,29,19
mich 344,2855,60,28
und 427,2855,45,28
meinen 492,2858,89,25
Mann, 602,2858,76,28
«alter 52,2896,73,32
Legge, 145,2905,79,35
ob 244,2904,28,27
wir 292,2907,42,24
mit 354,2907,41,24
ihm 416,2904,47,27
eine 484,2907,49,24
Aufnahme 553,2903,126,29
dachen 50,2945,92,34
wollten. 162,2952,98,28
<EOS>
Er 279,2956,27,23
produzierte 323,2953,143,36
zwar 485,2962,59,18
nicht 563,2953,60,27
für 643,2952,36,28
deinen 54,2995,81,31
Mann, 149,3003,76,29
aber 240,3001,54,28
das 306,3002,40,27
schadete 362,3001,105,28
nichts, 481,3002,80,30
wir 576,3005,41,24
ver¬ 632,3011,46,18
wehten 61,3042,80,34
immer 152,3052,83,26
mit 246,3054,41,24
grossen 298,3059,92,27
Künstlern 402,3051,119,27
zusammen¬ 533,3059,146,19
zuarbeiten. 48,3091,133,35
<EOS>
Wir 201,3102,45,25
sagten 265,3105,76,29
also 362,3100,46,27
für 428,3099,36,28
eine 484,3103,48,24
Aufnahme 553,3099,126,28
<EOS>
<EOP>
von 731,621,43,19
Straussliedern 791,614,177,28
zu; 984,623,36,22
es 1038,623,24,19
waren 1078,622,74,20
etwa 1169,620,59,21
vier, 1243,617,52,27
fünf 1311,612,54,29
Sitzungen 730,664,122,34
vereinbart. 865,663,132,28
<EOS>
<EOP>
Man 766,711,52,25
traf 832,709,45,28
sich 888,710,47,27
1966 949,709,56,33
eines 1019,714,60,23
Nachmittags 1092,710,156,36
im 1262,714,32,23
New 1307,713,56,25
Yorker 731,757,82,28
CBC-Studio 821,759,140,28
zum 970,768,53,19
ersten 1033,765,74,22
Mal. 1118,759,49,28
<EOS>
Das 1177,762,43,25
Studio 1230,759,77,28
war 1317,769,46,18
unglaublich 732,806,144,35
überheizt, 898,808,121,30
was 1041,817,45,18
für 1107,807,37,28
einen 1164,811,64,24
Pianisten 1251,811,112,25
vielleicht 732,854,110,28
gut 853,861,39,30
ist, 904,859,32,28
für 948,856,38,28
einen 996,859,64,25
Sänger 1073,859,84,33
aber 1167,857,53,27
nicht: 1231,857,71,27
eine 1316,860,47,24
ausgetrocknete 732,904,186,34
Kehle 932,905,67,28
bedeutet 1013,905,108,28
nämlich 1136,905,100,28
das 1251,906,39,27
Ende 1305,905,59,28
vom 731,959,55,20
Singen. 798,954,89,33
<EOS>
Aber 901,953,58,28
wir 972,957,41,24
versuchten 1024,953,135,28
es 1172,963,23,18
trotzdem. 1207,954,116,27
<EOS>
Es 1338,957,25,24
war 732,1008,45,19
nicht 791,1000,61,27
einfach 864,1002,89,27
für 967,1002,36,27
mich. 1017,1002,67,28
<EOS>
Gould 1098,1002,71,28
begann, 1182,1002,98,35
etwas 1294,1008,70,22
Straussisches 732,1049,162,28
zu 914,1059,27,18
phantasieren, 964,1051,166,34
wir 1151,1054,42,24
dachten, 1214,1051,104,30
er 1340,1059,24,19
wolle 732,1096,65,28
sich 808,1097,46,27
<aufwärmen>, 867,1096,167,37
aber 1046,1099,54,27
nein, 1113,1102,56,25
er 1182,1107,23,19
spielte 1217,1099,77,36
auch 1306,1098,58,28
danach 732,1146,85,27
bei 832,1146,35,27
den 881,1147,44,27
Aufnahmen 941,1146,143,29
so, 1099,1157,30,21
als 1145,1148,31,27
nähme 1192,1148,85,27
er 1291,1157,23,18
die 1328,1148,34,26
Noten 732,1198,73,25
von 814,1203,44,19
Strauss 867,1197,90,26
nur 966,1206,43,17
zum 1017,1206,53,17
Vorwand, 1080,1196,115,33
um 1205,1206,40,17
quasi 1254,1200,62,32
frei 1326,1195,38,28
zu 731,1253,26,19
phantasieren. 766,1243,167,36
<EOS>
Es 944,1247,25,25
war 978,1254,46,19
meinem 1033,1248,98,25
Mann 1141,1248,69,25
und 1220,1245,46,28
mir 1275,1248,43,25
ein 1327,1248,35,25
Rätsel, 732,1292,77,30
wie 824,1295,43,24
das 883,1293,40,27
gehen 937,1293,76,35
sollte 1029,1294,62,27
- 1107,1310,11,1
wir 1135,1297,41,24
hatten 1190,1294,79,27
uns 1285,1302,43,19
ja 1345,1297,19,31
immer 732,1345,81,24
bemüht, 824,1341,103,31
notengetreu 939,1347,147,31
zu 1098,1351,27,19
bleiben, 1138,1342,95,30
zu 1245,1351,27,19
singen 1284,1345,79,33
was 732,1399,46,19
dasteht, 788,1389,96,32
was 896,1399,45,18
für 953,1389,36,29
einen 999,1394,64,24
Sänger 1074,1393,84,33
nicht 1168,1390,61,28
so 1240,1400,24,18
einfach 1275,1390,89,28
ist, 732,1443,32,29
da 778,1439,28,27
ja 819,1442,20,33
noch 853,1438,57,28
Sprache 925,1439,98,35
und 1038,1440,45,27
Ausdruck 1096,1439,116,28
hinzukom¬ 1225,1439,137,28
men. 732,1497,60,19
<EOS>
Wir 800,1491,44,25
Sänger 853,1490,83,33
haben 945,1488,75,28
- 1030,1505,11,1
so 1052,1497,23,19
wie 1084,1491,44,25
jeder 1136,1488,61,35
andere 1206,1488,81,28
nach¬ 1297,1488,67,28
bildende 732,1537,103,28
Künstler 843,1537,103,28
- 954,1554,12,1
schliesslich 976,1538,135,27
eine 1120,1541,48,24
Verantwortung 1177,1540,188,33
gegenüber 732,1586,132,35
dem 877,1587,53,26
Werk. 944,1586,70,28
<EOS>
Gould 767,1634,71,27
und 850,1635,45,26
ich 906,1634,34,28
hatten 951,1634,78,28
natürlich 1041,1634,108,28
beide 1160,1635,63,27
unsere 1235,1643,80,19
be¬ 1326,1634,37,28
stimmten 732,1685,120,24
Auffassungen 864,1682,167,37
von 1045,1692,45,18
den 1103,1684,44,26
Liedern, 1161,1684,101,30
aber 1276,1684,53,26
er 1342,1692,23,18
wollte 732,1730,74,27
zu 817,1739,26,19
unserem 857,1740,104,19
Erstaunen 973,1735,123,24
die 1109,1732,35,27
<Takes> 1156,1732,84,27
gar 1252,1741,40,27
nicht 1303,1732,61,27
anhören 732,1777,101,28
und 849,1780,46,26
nicht 911,1781,60,26
diskutieren. 987,1781,145,27
<EOS>
Es 1148,1784,25,24
schien, 1190,1781,83,29
als 1289,1781,31,27
ob 1336,1781,29,27
er 732,1833,23,19
der 767,1825,39,28
Ansicht 819,1827,91,27
sei, 923,1831,35,27
dass 972,1829,51,27
der 1037,1829,39,27
Komponist 1088,1832,133,32
nur 1234,1839,44,18
Kürzel 1289,1830,75,28
geschrieben 731,1873,145,35
habe, 888,1875,66,30
er 967,1885,23,17
aber 1001,1876,53,27
würde 1065,1878,79,26
nun 1156,1886,47,19
die 1216,1878,34,27
wirklich 1263,1878,101,28
Straussische 732,1921,150,28
Version 904,1925,90,25
spielen. 1018,1924,91,34
<EOS>
Bei 1134,1927,35,25
den 1193,1926,42,26
Ophelia¬ 1260,1926,103,35
liedern 731,1969,83,28
konnte 834,1969,85,28
er 938,1980,23,18
allerdings 980,1972,116,35
nicht 1116,1974,61,26
phantasieren. 1195,1974,168,33
<EOS>
Ich 732,2018,34,28
wartete 776,2024,93,22
also, 879,2018,52,32
was 941,2028,46,18
da 997,2019,28,27
kommen 1034,2019,110,28
würde. 1155,2021,85,27
<EOS>
Zunächst 1250,2022,113,27
einmal 730,2067,83,29
wartet 820,2072,80,22
man 908,2075,54,19
auf 969,2066,42,28
das 1016,2068,40,26
Tempo, 1064,2070,90,33
das 1162,2069,40,27
sich 1212,2069,46,27
der 1267,2069,39,27
Pia¬ 1314,2072,47,24
nist 732,2120,43,25
ausgesucht 783,2115,135,36
hat, 928,2115,44,31
und 982,2116,45,26
gerade 1036,2117,82,33
bei 1129,2117,33,26
einem 1172,2119,73,24
so 1256,2125,23,19
gross¬ 1288,2126,74,25
artigen 731,2169,86,32
Künstler 830,2164,101,28
wie 943,2167,43,24
Gould 998,2164,71,27
versucht 1081,2164,104,27
man, 1197,2173,61,21
sich 1271,2165,46,27
als 1330,2165,31,27
Sänger 732,2218,83,33
anzupassen, 828,2221,146,28
weil 988,2212,48,27
er 1051,2221,23,18
sich 1088,2212,45,27
ganz 1147,2221,58,26
sicher 1218,2212,73,27
(wie 1307,2214,55,30
jeder 732,2266,60,35
erstklassige 805,2263,141,35
Künstler!) 961,2261,124,31
<EOS>
etwas 1102,2267,70,21
dabei 1185,2261,66,27
gedacht 1264,2261,97,35
hat. 733,2315,44,28
<EOS>
Man 791,2316,51,25
passt 856,2316,59,33
sich 929,2311,46,28
nur 989,2319,42,19
dann 1045,2310,61,27
nicht 1120,2310,60,27
an. 1195,2318,35,20
<EOS>
wenn 1245,2318,66,19
ein 1327,2313,34,24
Tempo 732,2366,82,33
aus 831,2371,40,19
sängerischen, 890,2358,166,39
d.h. 1074,2358,50,28
<EOS>
technischen 1142,2358,147,28
oder 1308,2358,54,28
sprachlichen 733,2411,155,38
Gründen, 905,2409,111,31
unmöglich 1035,2407,132,36
wird. 1184,2407,62,27
<EOS>
Bei 1265,2410,35,24
den 1318,2407,43,27
bekannteren 732,2462,154,29
Liedern 903,2459,93,28
hätte 1013,2458,60,27
ich 1089,2456,33,28
nun 1139,2465,46,18
phantasieren 1202,2456,159,36
müssen 734,2516,92,23
wie 837,2513,42,24
er, 889,2518,27,21
aber 926,2509,54,27
das 988,2508,39,26
ist 1038,2510,25,23
schlicht 1074,2505,91,28
unmöglich 1174,2505,133,35
- 1318,2521,11,2
er 1340,2514,24,18
erfand 733,2560,78,29
einfach 822,2559,87,28
neue 923,2565,54,20
Noten 989,2559,72,24
dazu. 1073,2556,63,26
<EOS>
Sie 1150,2557,34,24
müssen 1197,2559,92,22
übri¬ 1303,2554,59,27
gens 733,2619,56,27
gar 799,2618,39,28
nicht 848,2608,61,28
nach 920,2607,55,28
Gründen 986,2605,105,29
suchen, 1103,2604,92,28
warum 1206,2612,88,19
er 1306,2613,22,18
so 1340,2613,23,18
spielte. 732,2659,84,36
<EOS>
Sie 838,2661,35,25
dürfen 895,2656,80,29
ja 997,2659,20,32
nichts 1038,2654,72,28
in 1132,2657,20,24
einen 1174,2656,64,24
Künstler 1262,2653,102,28
hineinrätseln, 733,2708,167,29
der 916,2707,38,27
sich 969,2705,46,27
nicht 1031,2704,60,27
mehr 1107,2703,65,27
wehren 1187,2702,91,27
kann. 1295,2702,68,28
<EOS>
Es 734,2760,25,25
war 767,2766,46,19
einfach 820,2756,88,29
ein 917,2758,36,26
Rätsel. 961,2753,75,29
<EOS>
Auch 1046,2753,60,27
seine 1115,2755,58,25
Freunde 1181,2751,98,28
konn¬ 1289,2751,74,28
ten 733,2812,37,22
es 785,2815,24,19
uns 823,2814,42,20
nie 880,2808,34,25
erklären. 930,2803,107,29
<EOS>
Nur 1052,2805,46,24
er 1112,2810,23,19
hätte 1149,2801,61,27
es 1224,2809,23,19
erklären 1262,2801,102,28
können. 733,2855,98,28
<EOS>
Also 769,2904,51,27
gut, 837,2909,46,30
er 902,2912,23,18
kam 942,2902,54,27
nicht 1014,2900,61,28
zum 1093,2908,53,19
Abhören 1165,2899,105,28
in 1289,2902,22,24
die 1329,2900,35,27
Kabine. 733,2952,89,28
<EOS>
Und 835,2952,48,27
so 894,2961,24,18
war 930,2959,45,19
eine 986,2953,48,24
detaillierte 1044,2948,131,29
Verständigung 1188,2949,177,36
nicht 734,3001,60,28
möglich. 808,3001,105,35
<EOS>
Man 925,3002,52,25
merkt 991,2998,72,28
nämlich 1076,2998,101,27
erst 1190,3003,44,22
beim 1245,2998,61,27
Ab¬ 1322,2998,42,27
hören, 734,3051,76,29
was 821,3059,45,19
bei 877,3050,34,27
der 921,3049,39,28
Aufnahme 970,3047,126,29
passiert 1107,3051,92,33
ist. 1210,3051,31,24
<EOS>
Vielleicht 1253,3047,112,28
wollte 733,3100,74,27
er 818,3108,23,19
ja 850,3102,20,29
gar 881,3107,38,24
nicht 930,3098,60,27
diskutieren. 1001,3097,145,28
<EOS>
Wir 1156,3100,44,25
baten 1210,3097,68,27
ihn 1289,3097,39,27
zu 1339,3106,27,19
<EOS>
<EOP>
kommen, 1416,614,117,31
aber 1549,614,54,27
er 1616,622,24,19
blieb 1654,614,59,28
sitzen 1729,617,67,25
und 1813,615,45,27
spielte 1873,615,77,34
weiter. 1966,617,80,25
<EOS>
Das 1416,665,43,26
Erstaunliche 1473,662,153,28
war. 1641,671,51,20
<EOS>
dass 1706,663,52,26
Gould 1772,663,72,27
auch 1858,663,57,27
gar 1930,671,39,28
keine 1984,663,63,27
Pausen 1417,715,84,24
machte, 1514,710,96,30
sondern 1622,710,98,28
weiterphantasierte, 1732,711,241,36
wäh¬ 1985,711,62,28
rend 1416,761,54,27
wir 1481,764,41,23
abhörten. 1534,759,118,28
<EOS>
Er 1665,762,26,25
sass 1702,768,46,19
im 1759,763,33,24
überheizten 1803,760,147,27
Studio, 1963,761,84,27
mit 1418,813,40,24
seinen 1471,813,74,24
Handschuhen 1559,808,167,28
und 1739,809,46,26
sprach 1797,808,81,35
nicht 1891,809,61,27
einmal 1966,809,82,27
während 1416,858,108,28
unserer 1540,866,91,20
Kaffeepausen 1646,856,162,36
mit 1825,860,41,24
uns, 1883,866,50,21
sondern 1951,858,97,27
phantasierte 1417,907,154,35
weiter. 1586,910,80,24
<EOS>
Also 1681,906,50,27
brachen 1745,905,99,28
wir 1858,908,42,24
ab. 1913,906,33,27
<EOS>
<EOP>
Wahrscheinlich 1451,953,189,29
war 1654,963,45,18
Gould 1714,953,71,28
ein 1798,957,36,24
Einsamer, 1848,956,119,30
allein 1981,954,66,27
mit 1417,1005,41,24
seinem 1473,1005,84,25
Klavier 1573,1002,87,28
und 1676,1002,44,28
dem 1737,1002,52,28
Komponisten. 1806,1005,169,33
<EOS>
Viel¬ 1992,1002,55,28
leicht 1416,1050,66,28
kann 1501,1051,61,27
man 1582,1060,54,18
zur 1655,1060,39,19
Entschuldigung 1715,1052,191,34
anführen, 1925,1051,121,30
dass 1416,1099,52,27
er 1480,1108,23,19
oft 1514,1098,30,28
von 1556,1108,44,19
Medikamenten 1612,1099,184,28
abhängig 1808,1100,114,35
war, 1932,1108,50,21
aber 1995,1100,53,27
darüber 1416,1148,98,27
wurde 1523,1148,79,27
nichts 1612,1148,73,28
verlautbart, 1695,1148,143,31
sonst 1850,1154,62,22
hätte 1922,1149,61,27
man 1994,1157,53,19
am 1416,1205,39,18
nächsten 1466,1196,111,27
Tag 1590,1199,42,33
noch 1644,1196,59,27
einmal 1715,1197,82,27
von 1809,1206,45,18
vorn 1866,1206,57,18
beginnen 1935,1197,112,36
müssen. 1416,1250,100,23
<EOS>
Ich 1452,1294,35,26
bin 1502,1294,37,26
sehr 1556,1294,50,27
glücklich, 1621,1294,116,34
dass 1753,1294,51,27
ich 1820,1294,34,28
der 1870,1295,39,27
Veröffent¬ 1925,1293,121,29
lichung 1416,1342,90,36
der 1516,1343,39,27
Ophelia-Lieder 1567,1342,185,36
zustimmen 1763,1345,138,26
konnte, 1913,1343,93,30
da 2018,1343,29,27
sie 1416,1394,31,24
kompositorisch 1455,1390,189,36
eine 1653,1394,48,24
ganz 1709,1400,57,27
einzigartige 1774,1394,143,33
Kunst 1925,1394,71,25
von 2002,1400,45,19
Strauss 1416,1442,89,25
offenbaren: 1516,1438,143,29
Nämlich 1671,1440,104,27
die 1786,1441,34,27
fast 1833,1439,42,28
klinische 1887,1440,107,28
Ge¬ 2006,1442,40,26
nauigkeit, 1417,1488,119,35
mit 1547,1492,41,23
der 1599,1488,38,28
er 1648,1497,22,19
die 1681,1488,34,28
Umnachtung 1726,1488,161,36
einer 1897,1492,59,24
Person 1966,1491,81,25
hörbar 1416,1537,83,27
machen 1512,1537,96,28
kann. 1623,1537,68,27
<EOS>
Gould 1452,1585,71,27
sass 1538,1594,45,19
unentwegt 1599,1591,130,30
am 1744,1594,38,19
Klavier 1797,1586,87,27
und 1899,1586,46,27
spielte: 1959,1585,87,36
Als 1416,1634,36,28
wir 1466,1637,43,25
abbrachen, 1523,1634,136,32
sagte 1675,1640,60,30
er 1750,1643,23,19
gar 1787,1643,40,27
nichts, 1841,1635,79,30
ich 1936,1634,33,27
kann 1985,1634,61,27
mich 1416,1683,61,26
keiner 1486,1683,75,27
Reaktion 1570,1683,106,27
erinnern, 1685,1687,112,24
es 1805,1692,23,18
gab 1836,1683,44,35
keinen 1888,1683,81,26
Streit, 1977,1685,70,27
wir 1416,1735,42,24
trennten 1472,1737,104,22
uns 1593,1741,42,18
damals 1650,1731,86,28
in 1752,1735,20,24
Frieden 1789,1731,91,28
und 1897,1731,45,28
in 1957,1734,22,24
aller 1994,1731,53,27
Nettigkeit. 1417,1781,126,35
<EOS>
Vielleicht 1557,1781,112,27
blieb 1683,1781,58,27
er 1755,1789,23,19
noch 1792,1781,58,26
im 1864,1783,31,23
Studio 1910,1780,76,27
und 2002,1780,45,26
phantasierte 1416,1829,155,35
weiter. 1587,1832,80,25
<EOS>
Sagen 1685,1831,72,33
wir, 1775,1832,44,27
es 1837,1837,23,19
war 1878,1837,46,18
eine 1939,1831,48,24
un¬ 2005,1836,41,19
glückliche 1416,1877,122,36
Liebe 1553,1878,64,27
...» 1633,1892,43,12
<EOS>
¦ 1687,1886,19,18
<EOS>
<EOP>
PS: 1408,2073,46,25
Glenn 1466,2072,72,26
Goulds 1551,2072,83,26
Version 1648,2074,91,24
Ich 1408,2120,39,25
glaube, 1458,2120,94,35
die 1571,2120,39,25
Personen-Alchimie 1623,2120,244,25
ist 1882,2122,30,23
ein 1926,2123,40,23
recht 1982,2121,64,26
wichtiger 1411,2167,121,36
Gesichtspunkt. 1542,2167,179,34
<EOS>
Kürzlich 1735,2167,107,28
publizierte 1849,2167,146,35
ich 2008,2170,36,26
ente 1411,2223,54,19
Einspielung 1470,2215,152,36
der 1628,2216,46,26
Ophelia-Lieder 1682,2216,196,34
von 1886,2225,48,19
Richard 1942,2218,107,27
Strauss, 1409,2265,94,26
gesungen 1523,2272,120,28
von 1665,2272,48,18
Elisabeth 1734,2264,118,27
Schwarzkopf. 1873,2265,174,39
<EOS>
Eine 1409,2314,58,24
absolut 1485,2312,96,26
fantastische 1591,2311,162,36
Aufnahme 1770,2312,135,37
<EOS>
Ich 2009,2316,37,27
werde 1411,2361,78,27
Ihnen 1499,2361,73,27
die 1583,2361,39,27
byzantinischen 1633,2361,200,35
Verimtngen 1847,2365,151,35
er¬ 2011,2374,35,19
sparen, 1411,2414,90,30
die 1516,2410,39,27
dazu 1567,2410,63,27
führten, 1633,2409,109,37
dass 1758,2411,56,28
die 1825,2412,39,27
Platte 1875,2413,75,28
erst 1963,2417,48,25
15 2021,2416,27,28
Jahre 1403,2459,73,34
nach 1489,2459,62,27
der 1565,2459,45,28
Aufnahme 1621,2459,135,37
herausgekommen 1769,2461,227,38
ist. 2013,2466,31,25
<EOS>
Ich 1411,2508,37,26
hatte 1463,2508,64,27
zuvor 1541,2517,77,19
noch 1632,2510,60,27
nie 1709,2513,41,24
mit 1766,2515,43,23
der 1824,2512,45,27
Schwarzkopf 1883,2511,174,38
zusammengearbeitet, 1410,2559,271,35
und 1703,2560,51,27
diese 1770,2560,64,28
Einspielung 1851,2561,151,38
ist 2020,2565,30,24
das 1412,2606,46,28
Eigebnis 1466,2607,115,36
zweier 1590,2611,91,25
aitsseigewöhnlicher 1691,2611,259,36
Sitzun¬ 1959,2613,88,25
gen 1409,2664,48,28
<EOS>
Von 1543,2659,43,26
den 1594,2659,49,27
ersten 1652,2663,79,23
Noten 1739,2662,76,24
an 1823,2669,34,17
spurte 1865,2664,79,31
ich. 1952,2661,39,26
<EOS>
wie 2004,2669,44,18
ein 1413,2708,40,24
Schalter 1463,2707,104,27
über 1576,2708,61,27
meinen 1646,2712,95,24
Rücken 1750,2709,97,27
lief- 1858,2709,62,36
wir 1931,2712,45,24
spür¬ 1983,2713,65,31
ten, 1413,2758,45,25
dass 1470,2756,57,28
- 1537,2773,12,2
so 1560,2766,24,18
verschieden 1595,2758,155,28
und 1761,2759,51,27
ungewöhnlich 1819,2759,180,36
die 2009,2758,40,28
Rubatosvon 1412,2805,164,28
uns 1585,2816,43,18
beiden 1637,2808,88,27
auch 1733,2808,61,27
waren 1803,2816,81,19
- 1895,2824,12,1
unsere 1916,2816,81,19
An¬ 2002,2810,45,24
nähern/ige 1414,2854,139,37
n 1554,2865,17,18
vom 1583,2865,55,19
selben 1649,2857,82,27
Geist 1744,2858,64,26
getragen 1814,2860,115,33
wurden. 1942,2857,104,26
<EOS>
In 1412,2905,27,24
Wahrheit 1455,2904,117,28
sind 1582,2906,57,26
noch 1649,2907,60,26
einige 1723,2908,78,34
Lieder 1811,2906,86,27
von 1907,2913,47,19
diesen 1967,2905,81,27
Sitzungen 1413,2953,126,37
erhalten 1549,2954,110,28
und 1669,2954,51,27
noch 1726,2955,60,27
nicht 1797,2954,66,27
veröffentlicht, 1871,2953,175,37
aber 1415,3002,62,27
darüber 1488,3003,110,26
kann 1609,3003,67,27
ich 1690,3004,36,25
nicht 1740,3003,65,26
sprechen. 1816,3003,117,35
<EOS>
<EOP>
DAS 1414,3112,37,16
GESPRACH 1460,3112,100,16
FÜHRTEN 1569,3113,86,15
PLINIO 1665,3113,58,15
BACHMANN 1731,3113,111,15
UND 1850,3113,41,15
STEFAN 1899,3113,71,15
ZWEIFEL 1979,3113,79,15
67 1034,3171,27,32
<EOS>
<EOP>
