2176,3261
«Der 139,108,176,82
hellsichtigste 345,108,486,97
aller 862,108,166,82
Narren» 1060,108,291,82
Der 137,262,66,33
Künstler 214,259,146,36
Gould 374,259,104,36
als 489,259,48,36
"Gould" 555,259,124,36
in 699,262,32,33
Thomas 753,259,129,36
Bernhards 896,259,178,36
Figurengarten. 1088,262,241,44
<EOS>
Von 146,318,56,33
Herbert 217,315,134,36
Gamper 366,317,134,43
<EOS>
<EOP>
Nicht 145,629,95,75
eine 255,632,48,25
einzelne 317,630,97,27
Figur 428,632,66,33
steht 507,630,60,28
im 582,633,30,24
Mittelpunkt 627,631,146,35
<EOS>
<EOP>
von 196,687,45,18
Thomas 250,677,101,28
Bernhards 361,678,126,28
Prosa 496,681,66,25
Der 570,682,51,24
Untergeher, 628,680,145,37
es 141,735,23,19
sind 178,726,48,28
ihrer 240,726,58,28
drei. 311,727,51,27
<EOS>
Drei 377,729,48,25
Freunde. 439,728,106,28
<EOS>
«Lebensfreunde», 560,727,212,32
die 141,775,35,28
vor 184,783,40,20
28Jahren 232,775,115,34
Teilnehmer 356,776,136,27
eines 500,779,60,24
Horowitz-Kurses 569,779,204,24
am 141,832,38,19
Mozarteum 194,826,140,25
in 350,827,21,24
Salzburg 387,824,107,35
gewesen 507,833,104,27
seien. 627,828,66,25
<EOS>
Einer 710,828,63,25
von 141,881,45,19
ihnen 196,872,68,28
trägt 275,876,59,32
den 345,873,44,27
Namen 400,875,87,25
Glenn 499,873,70,28
Goulds, 580,874,91,31
bei 682,874,35,27
den 729,874,44,27
beiden 141,920,80,27
andern 232,921,86,27
handelt 328,920,91,28
es 429,930,23,18
sich 463,921,46,27
um 521,930,39,19
den 571,922,44,27
namenlosen 627,922,145,27
Erzähler 141,969,104,28
und 255,969,46,28
um 313,979,41,18
einen 365,973,65,24
gewissen 441,973,112,33
Wertheimer, 565,970,151,32
den 729,970,43,28
der 141,1019,38,26
Glenn 191,1018,71,28
des 275,1019,39,27
Buches 329,1019,86,27
- 428,1035,13,1
der 456,1019,38,27
also 507,1019,46,27
(vordergründig) 570,1019,199,35
nicht 141,1066,61,28
selber 213,1067,70,28
Titelfigur 293,1066,114,36
ist 418,1070,27,25
- 456,1084,12,1
als 480,1068,31,27
Untergeher 523,1068,139,35
bezeich¬ 672,1068,100,28
net 140,1120,37,22
habe. 191,1115,64,28
<EOS>
«Weswegen 176,1166,142,34
wählt 332,1164,68,27
der 414,1165,39,27
tragische 467,1164,110,36
Dichter 592,1165,90,27
wahre 698,1165,74,27
Namen?» 139,1215,112,25
<EOS>
fragte 272,1212,71,36
Lessing 364,1215,90,33
in 474,1216,21,24
der 516,1213,40,27
Hamburgischen 577,1213,193,37
Dramaturgie. 139,1263,162,33
<EOS>
Antwort: 312,1264,113,25
Es 436,1264,26,25
sei 472,1265,28,24
bloss 511,1262,61,27
«der 582,1262,50,27
Begriff 641,1262,84,36
des 732,1262,39,27
Charakters, 139,1309,140,34
den 291,1310,44,28
wir 348,1312,41,26
mit 400,1313,41,24
den 453,1311,44,27
Namen 509,1313,87,25
<EOS>
zu 683,1320,27,19
ver¬ 724,1320,46,19
binden 138,1358,84,27
gewohnt 237,1358,109,36
sind» 361,1359,59,27
davon 436,1359,75,27
die 527,1359,34,28
Ursache. 577,1360,103,27
<EOS>
Dieser 696,1362,75,25
Begriff 139,1406,84,37
- 231,1423,12,2
ein 255,1411,35,23
Charakter 302,1407,123,28
in 435,1411,21,23
seiner 468,1411,70,24
Allgemeinheit, 549,1408,178,35
als 739,1408,31,27
Typus 138,1458,73,33
- 220,1472,12,2
müsse 242,1461,77,22
in 328,1459,22,24
sich 360,1455,46,28
stimmig 415,1459,103,32
sein, 527,1459,53,28
dann 588,1456,63,27
sei 660,1459,29,24
gegen 699,1465,72,26
poetische 138,1505,113,34
Lizenzen 266,1507,105,25
in 386,1507,20,25
bezug 422,1505,72,35
auf 507,1504,42,28
einzelne 560,1505,97,27
Charak¬ 672,1505,98,27
terzüge 137,1558,91,30
und 245,1554,45,27
aus 306,1562,41,19
ihnen 362,1553,68,28
resultierende 446,1554,159,27
Handlungen 621,1553,149,35
nichts 138,1601,72,28
einzuwenden. 224,1603,171,27
<EOS>
Keiner 173,1653,77,25
der 262,1650,39,28
drei 313,1651,45,27
Bernhardschen 371,1650,186,30
Freunde 570,1651,99,28
ist 682,1654,28,25
eine 722,1654,48,25
lebendige 138,1699,116,36
Individualität, 266,1700,168,31
sie 447,1703,31,24
sind 489,1700,49,27
alle 550,1700,41,28
drei 602,1701,45,27
Produkte 660,1700,110,28
«kombinatorischer 138,1748,229,27
Analysis» 385,1748,113,36
(Novalis), 520,1748,123,33
wechsel¬ 662,1749,107,27
weise 138,1799,66,25
bestimmt 216,1797,118,28
durch 347,1797,70,28
Übereinstimmungen. 432,1794,262,39
<EOS>
Ähn¬ 709,1796,61,29
lichkeiten, 137,1845,126,32
Gegensätze 285,1847,137,33
- 444,1862,12,2
im 478,1849,32,24
Grunde 531,1847,88,27
ineinander 642,1847,128,27
reflektierte 138,1893,133,29
Aspekte 289,1894,95,36
und 402,1895,45,27
mögliche 464,1895,113,35
Erscheinungs¬ 595,1895,175,35
weisen 136,1946,82,24
des 241,1943,39,27
EINEN 304,1946,78,24
Bernhardschen 405,1943,185,28
Begriffs 615,1943,92,37
der 731,1944,39,28
Kunstexistenz. 137,1994,180,25
<EOS>
In 330,1995,24,23
Glenn 367,1991,70,28
Gould, 450,1992,77,29
rühmend 542,1992,112,28
erwähnt 668,1993,102,27
auch 135,2040,57,28
in 205,2043,22,25
Heldenplatz 240,2040,160,36
und 408,2040,46,28
Alte 466,2040,50,28
Meister, 523,2043,99,31
fand 634,2040,53,29
Bern¬ 700,2044,68,25
hard 136,2089,55,28
offensichtlich 202,2088,165,29
diesen 379,2089,76,28
Begriff, 467,2089,88,36
den 567,2090,43,28
er 622,2099,24,19
aus 657,2099,41,19
eige¬ 710,2094,59,32
ner 135,2146,39,19
Erfahrung 184,2137,126,36
abstrahierte, 320,2138,157,33
in 489,2140,22,25
wesentlichen 522,2139,159,28
Punk¬ 693,2140,74,27
ten, 136,2191,45,28
im 192,2189,32,25
Modus 236,2187,82,28
des 329,2187,39,27
Gelingens, 380,2186,125,36
realisiert. 518,2187,113,28
<EOS>
So 643,2190,28,25
ist 684,2191,26,25
sein 723,2191,46,25
Glenn 135,2234,70,28
unter 218,2241,67,22
anderm 298,2236,95,27
Zug 406,2237,45,34
für 464,2234,37,29
Zug 514,2237,45,34
lesbar 572,2235,72,28
als 657,2236,31,28
Para¬ 703,2239,64,25
phrase 135,2283,81,35
der 225,2284,39,28
Königin 275,2287,93,34
der 379,2285,39,27
Nacht 428,2284,72,28
in 511,2288,21,23
Der 544,2287,49,25
Ignorait! 599,2287,115,34
<EOS>
und 723,2286,51,26
der 135,2332,46,27
Wahnsinnige, 191,2333,170,37
und 371,2333,46,28
doch 426,2333,58,28
blieben 494,2333,89,28
entscheidende 593,2333,174,28
Umrisse 135,2382,99,27
des 252,2382,39,28
historischen 311,2382,148,28
Glenn 479,2383,70,27
Gould 569,2383,71,27
gewahrt, 659,2383,109,35
blieb 135,2428,57,28
er 207,2438,24,19
durch 245,2431,71,27
die 331,2432,35,27
zahllosen 381,2431,112,28
poetischen 508,2432,130,34
Lizenzen, 655,2434,111,28
bedingt 135,2477,92,36
durch 246,2479,69,28
Zurechtstutzen 335,2480,184,28
auf 538,2480,40,28
den 595,2481,44,27
Idealtyp, 659,2481,108,35
kenntlich. 135,2524,121,30
<EOS>
Die 170,2576,40,25
Identifizierung 221,2575,180,38
wird 411,2577,56,28
allerdings 478,2577,117,36
entscheidend 606,2578,161,28
erleichtert 135,2620,126,29
durch 276,2624,70,28
die 362,2626,34,27
Übernahme 413,2622,143,32
von 572,2636,44,17
Zügen, 633,2629,82,33
die 732,2627,34,27
zum 135,2677,54,20
Markenzeichen 207,2670,184,31
Glenn 411,2675,70,27
Goulds 500,2675,83,28
gehören 602,2675,99,36
und 721,2676,45,27
Signalwirkung 136,2718,180,36
haben 334,2721,73,28
- 428,2739,11,3
akzidentelle: 459,2724,164,28
sein 643,2728,45,24
Spiel 708,2725,57,35
«von 136,2774,55,18
unten 207,2772,71,22
nach 293,2769,56,27
oben», 364,2769,78,32
die 458,2772,34,27
überragende 507,2772,156,36
Bedeu¬ 678,2774,87,28
tung 135,2819,56,30
der 208,2814,39,27
Goldberg-Variationen... 265,2815,296,37
<EOS>
und 583,2823,45,26
im 648,2825,30,24
Sinne 699,2824,67,26
Bernhards 135,2862,126,28
essentielle-, 272,2865,134,27
sein 418,2870,45,24
unwiderruflicher 475,2869,211,29
Rück¬ 698,2871,67,28
zug 135,2918,42,27
vom 185,2918,55,19
Konzertpodium, 249,2913,197,34
das 456,2915,40,27
abgeschirmte 505,2916,166,35
Studio, 681,2920,84,29
der 135,2957,39,28
frühe 188,2957,66,28
Tod. 269,2960,49,26
<EOS>
Der 335,2962,42,26
bekannte 392,2962,114,28
Name 522,2967,70,24
und 607,2967,46,25
die 667,2967,35,27
ein¬ 718,2971,47,23
maligen, 136,3006,104,34
unverwechselbaren 258,3009,237,28
Charakteristika, 513,3012,196,33
der 727,3015,39,27
<EOS>
<EOP>
konstruierten 825,630,169,27
Figur 1010,632,65,33
übergestülpt 1091,631,153,34
und 1261,632,45,26
angehängt, 1322,631,135,35
bewirken 825,678,117,27
jenes 953,681,60,33
Zwielicht 1024,678,115,28
von 1150,687,45,19
Fiktion 1206,679,87,27
und 1305,680,45,26
Realität, 1361,680,96,30
das 826,726,38,28
Bernhard 879,726,115,28
(der 1010,726,52,33
sich 1074,727,47,27
dadurch 1135,727,101,28
mehrere 1251,727,100,28
Ehrver- 1366,728,91,27
letzungsprozesse 826,775,204,35
einhandelte) 1040,776,155,29
so 1210,785,24,18
gern 1245,785,54,26
immer 1311,780,81,23
wie¬ 1403,779,55,25
der 826,824,38,27
erzeugte 877,829,101,30
: 985,837,3,14
einerseits 1003,827,112,25
Verfremdung 1129,824,163,36
der 1304,825,40,28
zitierten 1356,828,101,25
Realität, 826,872,95,30
andererseits 936,873,146,27
Vorspiegelung 1096,873,176,36
dokumentari¬ 1287,874,170,28
scher 826,920,63,28
Echtheit 903,920,99,28
der 1016,921,39,28
Fiktion. 1068,921,94,28
<EOS>
<EOP>
Darin 862,997,68,25
ist 947,997,27,25
sowohl 991,995,84,27
ein 1094,998,35,24
hybrider 1147,994,105,36
Machtanspruch 1269,995,191,35
wirksam 826,1043,108,27
- 945,1059,12,2
die 969,1043,33,27
Welt 1013,1043,55,28
soll 1078,1043,39,28
wirk/ich 1130,1044,106,27
eine 1244,1047,48,24
von 1303,1052,43,19
Thomas 1358,1044,101,27
Bernhard 827,1091,114,28
erfundene, 956,1091,130,32
seiner 1102,1096,70,23
Willkür 1186,1092,92,28
unterworfene 1293,1091,168,29
sein 826,1143,46,25
- 881,1157,12,1
als 902,1140,31,28
auch 941,1140,58,28
grundsätzliche 1008,1140,179,36
Skepsis 1196,1140,90,36
bezüglich 1295,1141,116,35
der 1420,1141,39,27
Möglichkeit 827,1189,141,35
ihrer 991,1189,56,28
Erkennbarkeit. 1070,1190,182,27
<EOS>
Beide 1275,1190,66,27
Aspekte 1364,1190,95,35
gehören 826,1237,99,36
objektiv 935,1238,98,35
insofern 1044,1237,98,28
zusammen, 1152,1246,141,23
als 1303,1238,31,28
die 1345,1239,34,27
Rück¬ 1390,1239,67,27
bindung 826,1286,101,36
von 941,1295,45,19
Wahrnehmen 1002,1286,166,28
und 1184,1287,46,27
Erkennen 1246,1287,117,27
an 1379,1295,29,19
die 1424,1287,35,27
Spontaneität 825,1337,154,33
des 1010,1335,39,27
(transzendentalen) 1083,1335,235,30
Subjekts 1353,1335,104,34
(und 829,1382,58,33
damit 902,1383,71,28
die 987,1383,34,28
Unzugänglichkeit 1036,1383,215,35
des 1267,1383,38,27
«Dinges 1321,1385,94,33
an 1429,1392,30,19
sich») 825,1429,71,32
und 907,1432,46,26
der 961,1432,39,26
praktische 1008,1431,126,35
Herrschaftsanspruch 1143,1429,252,37
wis¬ 1405,1434,52,25
senschaftlich-technischer 826,1478,313,29
Rationalität 1158,1479,140,28
- 1319,1496,12,2
mit 1353,1483,41,25
den 1414,1481,44,27
Worten 826,1530,88,25
des 925,1527,38,27
Malers 973,1527,79,28
Strauch 1062,1527,92,28
in 1166,1532,19,23
Prost: 1196,1531,73,25
die 1279,1529,35,27
Verhexung 1323,1528,135,37
der 826,1576,39,28
Welt 872,1576,54,28
durch 934,1576,71,28
intellektuelles 1013,1576,170,29
Grauen 1191,1580,87,25
- 1286,1594,12,2
die 1307,1578,35,28
zwei 1350,1582,55,24
Sei¬ 1413,1581,45,25
ten 825,1631,37,23
des 873,1626,39,27
EINEN 924,1628,78,26
historischen 1013,1626,149,28
Prozesses 1173,1629,112,25
sind, 1296,1627,56,31
auf 1364,1626,41,29
den 1413,1628,44,27
seinerseits 826,1677,121,26
Bernhards 967,1675,127,28
Begriff 1113,1675,84,36
vom 1214,1685,54,18
Künstler 1288,1676,102,27
rea¬ 1411,1685,46,18
giert: 824,1727,66,32
als 902,1724,30,27
der 943,1725,40,27
einer 992,1727,60,25
isolierten, 1063,1725,118,30
in 1193,1728,20,24
sich 1225,1725,47,28
eingeschlosse¬ 1283,1725,174,35
nen 826,1781,43,19
Kopfexistenz, 881,1772,166,36
ohne 1061,1773,59,28
andere 1134,1774,82,27
Beziehung 1229,1774,129,34
zu 1370,1782,28,19
sich 1411,1774,47,27
beziehungsweise 825,1821,205,36
zu 1039,1830,27,19
seiner 1078,1825,70,24
Kunst, 1157,1825,77,29
ohne 1245,1822,60,28
andere 1315,1823,82,27
Ver¬ 1408,1825,49,25
bindung 825,1870,101,36
zur 935,1879,39,19
Aussenwelt 983,1871,139,27
als 1130,1871,32,27
die 1172,1871,35,27
des 1216,1871,39,28
Herrschens 1264,1871,138,28
und 1412,1872,46,27
Beherrschtwerdens. 825,1919,244,27
<EOS>
Die 825,1997,39,26
Mehrzahl 878,1995,113,28
von 1007,2004,44,19
Bernhards 1066,1995,127,28
Theatertexten 1208,1995,178,28
lässt 1403,1996,55,27
sich 823,2043,46,28
der 880,2044,39,27
Gattung 929,2046,98,33
des 1036,2044,39,28
Künstlerdramas 1087,2044,192,28
zuzählen, 1290,2044,119,34
die 1422,2045,33,27
mit 825,2096,39,24
dem 884,2093,52,27
Vordringen 957,2093,134,36
bürgerlichen 1111,2093,155,36
Nützlichkeits¬ 1286,2093,170,28
denkens 822,2141,103,27
und 936,2141,45,27
dem 992,2142,54,27
Überhandnehmen 1057,2139,221,30
der 1289,2142,40,27
vom 1339,2150,54,18
Für¬ 1405,2144,50,24
sten 824,2195,49,22
in 884,2194,21,23
Verstöntng 921,2193,135,34
so 1062,2199,23,18
genannten 1096,2196,131,29
Vorteilsmenschen 1239,2189,217,28
entsteht. 822,2239,103,27
<EOS>
Und 935,2239,47,27
die 991,2239,34,27
meisten 1034,2242,93,24
Protagonisten 1139,2241,165,32
seiner 1313,2240,70,25
Prosa 1393,2239,64,25
sind 824,2287,48,27
Künstler 891,2287,102,28
oder 1012,2288,55,26
Wissenschaftler. 1085,2285,196,29
<EOS>
Die 1300,2289,40,24
Wissen¬ 1360,2289,95,24
schaft, 822,2334,77,33
welche 918,2335,84,27
die 1019,2335,35,27
letztern 1071,2335,93,27
betreiben, 1181,2334,122,32
ist 1322,2338,26,23
keinem 1366,2334,89,28
bestimmten 823,2383,149,29
Fach 986,2383,55,28
zuzuordnen: 1054,2383,155,29
ob 1223,2383,28,27
als 1264,2383,31,27
Natur- 1308,2386,80,25
oder 1402,2384,54,28
als 822,2433,31,27
Geisteswissenschaft 865,2432,242,28
deklariert, 1118,2432,127,30
als 1257,2432,32,28
Mathematik, 1301,2433,154,28
Musik 823,2482,74,28
oder 911,2482,55,28
Philosophie, 980,2482,150,35
immer 1146,2485,81,25
hat 1242,2482,38,28
sie 1295,2486,30,24
eine 1340,2486,49,24
um¬ 1405,2492,50,18
fassende 822,2530,103,29
Erkenntnis 936,2531,135,28
(Welt- 1086,2530,77,33
und 1176,2532,46,27
Selbsterkenntnis) 1234,2531,219,31
und 823,2580,46,28
deren 886,2581,67,27
Fixierung 972,2583,119,32
zum 1107,2589,54,19
Ziel, 1179,2581,50,29
die 1246,2581,35,27
sich 1299,2581,46,27
aber 1363,2581,54,27
in 1434,2583,21,25
jedem 822,2629,75,35
Fall 911,2629,42,27
der 965,2629,39,27
Denkbarkeit 1016,2629,152,27
und 1182,2629,45,27
vollends 1240,2629,99,27
der 1352,2629,40,28
For- 1405,2631,50,26
mulierbarkeit 822,2677,167,28
entzieht. 997,2677,103,28
<EOS>
Es 1109,2680,26,25
wäre 1144,2681,58,24
diese 1212,2678,57,27
Wissenschaft 1278,2677,156,29
- 1444,2695,11,2
<EOS>
<EOP>
dies 821,2726,47,28
sei 879,2730,29,24
am 919,2736,39,17
Rande 969,2727,75,27
bemerkt 1056,2726,101,28
- 1169,2743,12,2
die 1193,2727,35,27
ideale 1240,2727,70,27
Poesie 1322,2729,76,25
; 1405,2740,3,17
die 1421,2727,34,28
tatsächliche, 821,2775,154,31
und 985,2775,45,28
als 1038,2775,31,28
solche 1078,2775,74,28
verstand 1161,2775,105,28
Bernhard 1273,2775,116,28
seine 1397,2779,58,24
eigenen 821,2827,94,33
Schriften, 931,2824,119,30
ist 1068,2828,26,24
immer 1111,2828,82,24
Produkt 1209,2824,97,28
des 1323,2825,39,27
Schei¬ 1380,2824,75,28
terns, 821,2879,69,26
gehört 910,2874,81,35
darum 1011,2874,82,27
eigentlich 1114,2874,120,35
vernichtet, 1255,2874,130,28
ver¬ 1407,2883,47,19
brannt 821,2921,83,28
- 914,2938,11,2
wie 936,2925,43,25
Wertheimer 989,2922,146,28
das 1144,2923,40,27
Manuskript 1192,2923,142,35
zu 1343,2931,27,19
einem 1380,2925,75,25
Buch 820,2970,62,27
so 895,2979,24,18
lange 932,2970,65,36
zusammenstreicht, 1009,2971,233,30
bis 1256,2972,33,27
nichts 1303,2971,73,28
mehr 1390,2972,65,27
davon 821,3018,75,27
übrig 912,3018,64,35
bleibt 991,3019,67,27
als 1074,3019,31,27
der 1120,3020,39,26
Titel, 1173,3020,61,30
der 1250,3021,39,26
identisch 1304,3020,107,28
ist 1428,3023,27,24
<EOS>
<EOP>
mit 1515,633,41,24
dem 1567,631,54,27
des 1634,631,38,27
Buches 1685,630,86,28
von 1784,639,45,19
Thomas 1842,630,100,28
Bernhard 1955,630,115,28
: 2077,643,3,14
«Der 2094,631,52,24
Untergeher». 1515,678,157,36
<EOS>
Und 1688,679,50,27
wie 1753,682,44,24
Wertheimer 1812,678,147,28
seine 1974,682,59,24
philoso¬ 2049,678,96,36
phischen 1515,726,108,36
Fragmente 1636,730,132,33
verbrannte; 1781,727,145,30
wie 1940,730,43,24
der 1995,727,40,27
Erzähler 2046,725,101,29
alle 1515,776,41,27
seine 1571,779,57,24
Schriften, 1643,776,117,28
die 1775,776,34,27
er 1825,785,22,18
in 1862,779,21,24
28 1898,778,28,25
Jahren 1936,776,82,33
verfasste, 2033,775,112,28
vernichtete 1516,824,137,28
und 1670,825,45,27
auch 1732,825,57,27
die 1806,825,36,27
jüngste 1858,827,88,32
Fassung 1963,827,99,32
seiner 2079,826,68,25
Schrift 1516,872,79,28
über 1605,873,56,28
Glenn 1670,873,71,28
Gould 1751,873,72,28
zu 1832,881,27,19
vernichten 1869,873,132,27
beschliesst. 2011,872,134,28
<EOS>
Thomas 1516,921,99,28
Bernhard, 1626,921,121,30
mit 1759,925,39,23
keinem 1809,922,89,26
der 1909,922,40,26
drei, 1958,922,51,29
auch 2020,921,57,28
nicht 2088,918,58,29
mit 1516,973,40,24
dem 1566,970,54,27
Erzähler, 1631,970,108,28
zu 1750,980,26,17
identifizieren, 1787,969,168,30
will 1966,970,45,27
mit 2022,973,40,24
seinen 2073,972,72,25
trotzdem 1515,1019,109,27
publizierten 1633,1019,147,35
Schriften, 1789,1018,119,30
zumindest 1917,1019,128,27
mit 2054,1021,41,25
den 2104,1017,41,27
späteren, 1516,1072,111,30
zu 1637,1076,27,19
denen 1674,1068,72,27
Der 1757,1070,50,25
Untergeber 1815,1068,145,36
(1983) 1968,1065,80,35
gehört, 2062,1066,83,36
nicht 1515,1116,61,27
zuletzt 1588,1116,82,27
eben 1683,1116,59,27
dies 1755,1116,48,27
mitteilen. 1817,1116,117,27
<EOS>
Als 1948,1116,37,27
so. 1999,1124,30,20
<EOS>
was 2045,1124,45,18
den 2104,1113,41,27
Wahrheitsanspruch 1515,1164,239,36
betrifft, 1764,1163,91,32
sich 1867,1164,46,27
selber 1924,1164,70,27
aufhebende 2004,1160,141,31
wird 1515,1213,56,27
seine 1584,1216,59,24
Kunst 1656,1216,70,24
zum 1740,1222,53,18
Kunststück, 1808,1213,142,27
zum 1965,1222,53,18
virtuosen 2035,1216,110,24
Sprachspiel 1515,1261,141,35
nach 1666,1261,57,28
musikalischen 1735,1262,177,27
Gesetzen, 1923,1263,112,28
gekonnt 2046,1260,99,37
(und 1517,1310,59,31
gewollt) 1583,1310,103,35
nichtssagend, 1698,1310,165,35
nichtssagend 1874,1310,157,35
gekonnt. 2039,1310,106,35
<EOS>
Alle 1548,1359,45,27
die 1603,1359,34,28
Künstler 1646,1360,102,27
(mehrfach, 1759,1359,138,32
wenn 1907,1368,67,19
nicht 1984,1360,61,27
Schrift¬ 2054,1355,88,32
steller, 1513,1407,77,31
sogenannt 1614,1414,125,30
ausübende 1763,1409,134,27
Künstler: 1920,1408,112,28
Sänger, 2057,1411,86,30
Schauspieler, 1512,1456,161,37
Instrumentalisten), 1710,1457,244,31
die 1991,1457,35,27
Kunst¬ 2064,1457,78,26
stückemacher, 1512,1505,176,31
Wissenschaftler 1703,1505,193,28
haben 1908,1505,76,28
gemeinsam, 1996,1509,147,32
dass 1511,1554,53,28
sie 1574,1557,30,25
geltenden 1616,1554,121,36
Normen 1748,1557,100,25
und 1859,1554,46,28
Konventionen 1917,1557,170,25
sich 2098,1549,44,30
entziehen, 1512,1603,127,30
das 1655,1604,39,27
bedeutet 1710,1604,109,27
Isolation 1834,1603,104,27
und 1955,1603,46,28
Alleinsein; 2016,1603,126,28
sie 1512,1654,31,25
haben 1553,1652,74,27
auch 1638,1652,57,28
gemeinsam 1705,1655,142,32
die 1857,1652,34,27
Unbedingtheit 1901,1652,176,35
ihres 2087,1649,55,28
Strebens, 1513,1701,112,30
die 1634,1701,35,27
damit 1678,1701,72,27
verbundene 1759,1700,145,28
Rücksichtslosigkeit 1914,1697,229,37
gegen 1511,1758,73,27
alle 1594,1749,41,28
und 1646,1749,46,28
alles, 1702,1749,60,31
am 1772,1758,38,19
meisten 1822,1752,96,24
gegen 1927,1758,74,27
sich 2011,1748,46,28
selbst: 2068,1747,73,29
unbedingtes 1514,1798,150,35
Streben 1674,1798,92,27
nach 1777,1797,57,28
der 1844,1797,39,28
ganzen 1891,1806,87,26
Wahrheit 1988,1797,113,28
bei 2111,1792,33,29
den 1511,1847,45,28
Wissenschaftlern, 1566,1846,215,30
Streben 1794,1846,93,28
nach 1898,1846,56,27
Vervollkomm¬ 1966,1846,175,28
nung, 1514,1904,68,26
Perfektionismus 1593,1894,202,29
bei 1805,1895,35,27
den 1850,1894,44,27
ausübenden 1904,1895,150,28
Künst¬ 2066,1894,76,28
lern 1512,1944,46,27
und 1575,1944,46,27
Kunststückemachern 1637,1942,259,29
- 1913,1958,11,3
der 1941,1944,39,27
Künstler 1996,1943,102,28
im 2113,1942,28,24
idealen 1513,1993,87,27
Sinn 1611,1995,54,24
des 1677,1992,39,26
Begriffs 1726,1991,94,35
würde 1831,1991,78,27
beides 1920,1992,76,27
in 2007,1996,22,23
sich 2040,1991,46,28
ver¬ 2097,1994,45,23
einen 1511,2045,65,23
-, 1588,2057,20,14
sie 1620,2044,30,24
bewegen 1662,2040,109,35
sich 1783,2040,47,28
am 1842,2049,38,19
Rande 1892,2041,75,27
der 1979,2041,39,27
Verrückt¬ 2029,2037,112,31
heit, 1513,2090,51,27
des 1576,2090,39,26
Wahnsinns 1627,2089,137,27
oder 1776,2090,55,27
sind 1842,2090,49,28
schon 1903,2090,71,28
darüber 1985,2090,99,28
hin¬ 2095,2087,47,27
aus. 1511,2146,48,19
<EOS>
Auf 1570,2136,45,28
verschiedene 1623,2137,158,29
Weise 1791,2141,68,26
vertreten 1869,2144,111,23
sie 1991,2142,32,25
- 2034,2155,12,1
und 2057,2136,45,30
im 2113,2137,28,24
Fall 1512,2185,42,28
des 1567,2186,40,27
Künstlers 1620,2187,114,28
gilt 1747,2188,38,35
das 1797,2188,41,28
seit 1851,2190,39,25
Beginn 1902,2189,87,34
der 2002,2188,38,28
bürger¬ 2053,2188,88,32
lichen 1512,2234,71,28
Epoche 1593,2235,86,36
- 1689,2253,12,2
den 1710,2237,44,27
Anspruch 1764,2236,119,36
des 1891,2236,39,28
Individuums 1940,2237,156,27
auf 2106,2226,36,34
Authentizität 1512,2283,160,29
gegenüber 1696,2286,132,35
dem 1851,2285,52,27
«Marionettismus- 1929,2286,211,26
der 1510,2333,40,28
Gesellschaft 1564,2333,141,28
- 1720,2350,13,2
und 1748,2335,46,26
demonstrieren 1809,2334,181,27
das 2006,2334,39,27
unaus¬ 2062,2334,79,27
weichliche 1511,2383,130,27
Scheitern 1655,2383,115,27
dieses 1785,2383,71,27
Anspruchs. 1869,2383,138,35
<EOS>
Sie 1547,2434,35,25
üben 1599,2432,60,27
ihre 1677,2432,46,27
Kunst 1740,2435,68,24
(oder 1830,2432,67,28
Wissenschaft) 1913,2430,171,29
aus 2103,2429,38,25
gegen 1511,2489,73,26
ihre 1593,2481,45,27
immer 1648,2483,81,25
und 1737,2482,47,26
jederzeit 1792,2481,103,34
stumpfsinnige 1904,2479,176,36
Um¬ 2090,2478,50,26
gebung, 1510,2529,98,36
gegen 1618,2537,73,28
ihre 1703,2529,45,27
immer 1758,2532,83,24
und 1851,2529,45,27
jederzeit 1906,2529,102,35
sie 2018,2532,32,24
zu 2059,2536,26,19
ver¬ 2096,2528,45,24
nichten 1511,2577,93,28
drohende 1614,2577,115,28
Herkunft, 1740,2576,118,32
gegen 1869,2586,72,27
die 1952,2577,34,28
gehirn- 1997,2577,89,36
und 2099,2569,41,31
gehörlose 1510,2626,119,35
Gesellschaft 1643,2625,142,29
(im 1804,2628,43,27
besondern: 1864,2626,136,27
gegen 2016,2632,73,29
das 2104,2620,37,28
Publikum), 1511,2675,143,31
alles 1666,2675,53,28
in 1731,2679,22,24
allem 1765,2675,68,28
gegen 1845,2683,72,28
den 1929,2675,44,28
Tod, 1985,2675,50,30
der 2047,2675,39,27
sich 2097,2665,43,33
des 1510,2725,40,28
Lebens 1559,2725,85,28
bemächtigte. 1653,2725,161,35
<EOS>
So 1824,2726,29,26
hatten 1861,2724,78,28
die 1948,2725,35,27
drei 1992,2725,44,27
Freunde 2046,2714,94,37
gleichermassen 1510,2773,188,35
das 1720,2774,39,27
Klavierspiel 1781,2773,144,35
als 1946,2773,32,28
Mittel 2000,2771,69,29
zum 2090,2769,49,27
Zweck 1510,2822,81,28
gegen 1601,2830,73,28
ihre 1687,2822,45,28
Eltern 1744,2822,74,28
und 1830,2822,46,28
Familien, 1888,2822,114,32
gegen 2013,2827,72,31
ihre 2098,2815,42,28
Herkunft 1510,2870,111,29
und 1635,2872,46,27
Umwelt 1695,2872,97,27
benützt 1806,2872,95,26
und 1916,2871,45,27
perfektioniert 1976,2862,164,44
und 1510,2920,46,27
sie 1569,2923,30,24
damit 1613,2920,71,27
willentlich 1698,2920,129,27
vor 1842,2929,39,17
den 1894,2920,43,26
Kopf 1952,2918,58,37
gestossen- 2019,2917,121,37
Auch 1510,2968,61,28
Glenn 1582,2969,70,27
hätte 1665,2968,61,28
wie 1738,2972,43,24
der 1794,2969,40,27
Erzähler 1846,2968,102,28
von 1960,2978,44,18
sich 2017,2967,45,28
sagen 2075,2963,64,33
können: 1510,3018,101,27
«Der 1626,3020,54,25
Steinway 1692,3019,112,34
war 1818,3026,46,19
mein 1876,3020,59,25
Bollwerk 1949,3015,109,30
gçge11 2071,3012,69,39
<EOS>
<EOP>
68 1124,3183,28,30
<EOS>
<EOP>
