2176,3261
PIAGET 193,344,303,103
bei 511,362,80,70
Bucherer. 623,362,266,71
<EOS>
<EOP>
Dancer 1747,623,102,24
watch 1858,621,79,26
18-karat 1752,662,115,25
gold. 1873,662,63,32
<EOS>
<EOP>
y 250,740,12,8
M 268,736,16,18
<EOS>
<EOP>
IWilliiiliii 754,996,95,20
<EOS>
<EOP>
Be 1502,1339,68,50
Piaget. 1582,1339,165,71
<EOS>
Don 1329,1401,112,52
ï 1449,1395,25,58
show 1485,1397,134,57
your 1627,1416,135,56
hand. 1775,1399,144,56
<EOS>
<EOP>
" 1543,1753,5,1
<EOS>
<EOP>
(;; 1557,1762,24,20
<EOS>
<EOP>
M 1480,1985,75,55
<EOS>
<EOP>
W 1718,2135,57,66
<EOS>
<EOP>
¦ 1547,2306,1,1
<EOS>
<EOP>
35 1645,2333,52,42
<EOS>
<EOP>
~a 1645,2476,32,21
<EOS>
<EOP>
Zurich 369,2713,60,21
Basel 446,2714,52,21
Bern 515,2714,42,21
Luzern 574,2714,63,22
Genf 370,2744,42,22
Lausanne 428,2746,91,22
Lugano 537,2747,68,26
Locarno 622,2747,76,22
St.Gallen 370,2776,89,24
<EOS>
St.Moritz 476,2779,90,22
<EOS>
Davos 583,2780,57,22
Zermatt 369,2809,74,22
Interlaken 460,2811,92,22
BUCHERER 1363,2760,606,80
<EOS>
<EOP>
