2176,3261
Eine 37,105,146,85
vorläufige 215,108,359,100
Diskographie 608,110,466,100
<EOS>
<EOP>
Falls 36,593,41,18
nicht 90,595,44,18
anders 146,595,61,18
vermerkt, 221,596,80,18
sind 316,596,39,17
alle 367,596,31,17
Titel 39,616,36,18
bei 83,618,25,17
CBS/Sony 118,617,86,22
erhältlich 213,618,82,19
* 39,638,7,6
nur 50,644,31,13
als 86,641,25,17
CD 118,642,24,16
erhältlich 148,635,83,24
(was 240,641,42,19
auch 287,642,41,17
far 334,641,27,20
alle 365,641,31,18
'Japanpressungen- 37,662,157,25
gilt, 202,664,32,23
wird 246,664,40,17
doch 294,663,40,18
Glenn 346,664,50,18
Gould 37,684,51,19
in 92,687,17,16
Japan 111,687,54,22
nurmehr 172,687,74,17
noch 251,687,41,17
auf 297,686,33,23
CD 331,687,25,17
ver¬ 362,692,33,12
trieben) 37,707,71,21
** 39,728,16,8
nur 62,736,31,12
auf 99,732,34,22
LP 135,733,24,15
erhältlich 166,732,82,17
Die 35,752,28,18
Werkangaben 71,754,120,23
sind 197,754,38,17
so 240,759,17,12
knapp 262,754,54,22
als 322,754,24,17
mög¬ 354,759,41,17
lich 36,773,29,19
gehallen 72,777,75,22
Die 36,797,28,18
Aufnahmedaten 69,799,139,23
für 210,799,31,23
CBS-Platten. 248,799,103,19
<EOS>
stets 360,802,37,15
Studio 36,820,51,19
Aufnahmen, 94,822,103,22
stammen 205,825,79,15
von 290,828,33,11
den 328,822,33,18
An¬ 366,824,29,16
gaben 34,843,53,21
auf 97,844,34,23
den 136,845,32,18
Plattenhüllen 179,845,116,18
unter 306,848,47,15
Bei- 362,847,33,16
~ug 35,870,29,19
der 72,868,30,17
Diskographie 110,868,115,23
in 236,870,16,15
Otto 263,870,33,15
Friedrichs 306,868,91,18
¦GG 36,889,33,18
A 75,892,11,16
Life 96,890,31,23
and 135,891,36,17
Variations- 180,892,95,16
0989) 286,890,55,22
la 36,910,16,17
gewissen 55,917,78,18
Fallen 137,914,55,16
wird 198,914,42,16
angegeben, 243,914,97,26
wenn 350,919,46,12
ein 36,935,25,16
Werk 72,936,42,17
nur 122,941,31,12
gehoppelt 157,936,82,23
erhältlich 246,931,83,23
ist 336,939,20,15
Die 367,937,29,17
Aufntibmedaten 35,957,137,22
und 181,959,34,17
-orte 224,961,38,15
bei 271,959,26,17
den 305,959,33,18
ande¬ 346,959,49,18
ren 36,983,28,14
Finnen 74,982,62,17
neben 149,982,53,17
CBS 213,983,33,16
sind 257,982,38,17
meist 306,984,45,16
sehr 362,983,36,17
-wcifelhafh 35,1003,100,23
ein 143,1010,26,12
Grossteil 177,1005,76,17
stammt 257,1008,65,14
von 329,1011,31,11
der 367,1006,31,17
ii-l'ei/igcn 35,1024,93,25
TV 144,1028,24,16
Sendung 172,1028,74,22
-Cycle 260,1028,50,18
GG- 326,1030,30,15
so 373,1034,16,11
l(ie 36,1051,28,14
von 74,1055,31,12
Radiosendungen 116,1050,145,23
der 270,1050,31,18
Canadian 310,1051,85,17
Broadcasting 35,1069,116,27
Corporation 159,1074,103,21
(CBC). 273,1073,55,19
<EOS>
ANHALT, 34,1137,88,25
Istvan 132,1142,59,16
fantasia 35,1182,67,21
for 111,1185,22,18
Piano 142,1188,45,16
Juii 208,1185,29,22
67 247,1184,19,20
(zur 36,1204,33,20
Zeit 78,1209,28,17
nur 116,1214,29,12
auf 153,1208,27,18
CBC 188,1210,32,16
Sony 233,1210,40,20
28 282,1209,19,16
DC 312,1209,21,16
5303) 343,1209,48,21
Bach, 34,1273,59,24
c. 102,1278,17,17
<EOS>
Ph. 129,1278,28,17
<EOS>
e. 168,1278,15,16
<EOS>
"Qrttembergische 33,1317,152,28
Sonate 191,1322,55,18
Nr. 251,1322,23,17
<EOS>
1 285,1322,4,16
Januar 311,1322,56,21
68 373,1321,19,18
"Silver 33,1342,53,20
Jubilee 96,1345,60,22
Album- 168,1345,64,17
(als 247,1344,30,20
CD 290,1345,22,16
nur 326,1350,28,11
bei 368,1345,23,17
CBS/Sony 32,1363,84,28
46DC 126,1367,42,18
550+-5) 179,1367,67,20
/ 257,1366,8,22
-CG 274,1367,29,16
joue 314,1368,34,20
tout 358,1370,34,14
auf 33,1388,33,18
BacH- 74,1388,47,20
(CBS) 132,1390,49,21
"ACH, 32,1455,59,24
Johann 97,1460,72,21
Sebastian 179,1459,94,18
Brandenburgisches 33,1499,157,28
Konzert 200,1505,62,16
Nr. 272,1505,22,15
<EOS>
5 305,1504,7,16
(Live 324,1501,43,22
in 377,1508,13,11
Baltimore 32,1521,79,24
2.1,1962) 121,1526,79,22
<EOS>
* 213,1527,5,7
Mit 228,1527,25,16
dem 263,1526,35,17
Baltimore 311,1525,79,17
Chamber 31,1545,75,22
Orchestra, 121,1550,84,18
Dir. 221,1550,27,16
<EOS>
Peter 264,1550,42,15
H. 322,1549,15,16
<EOS>
Adler 347,1547,43,17
Music 31,1566,48,23
and 88,1573,29,17
Arts 126,1575,33,15
Programs 169,1574,78,20
CI) 257,1572,22,16
298 289,1571,29,19
6 32,1610,8,19
Englische 49,1615,77,24
Suiten 135,1620,53,16
Nr. 31,1636,21,18
<EOS>
1: 64,1641,14,16
März 88,1643,40,16
71 137,1643,15,16
Nr.2: 31,1659,47,21
<EOS>
März/Mai 88,1663,81,23
73 179,1665,19,18
Nr. 32,1681,21,19
<EOS>
3: 63,1686,16,18
Juni 86,1687,34,21
74 131,1688,19,17
Nr- 32,1704,20,19
4: 63,1707,15,19
Dez. 88,1710,34,17
<EOS>
74. 133,1709,24,20
<EOS>
Mai 167,1711,28,16
76 205,1708,19,19
Nr. 30,1727,22,19
<EOS>
5: 63,1731,14,17
Dez. 87,1733,34,17
<EOS>
74. 131,1732,25,19
<EOS>
Mai 166,1734,28,16
76 204,1730,19,20
Nr. 31,1749,21,19
<EOS>
6: 62,1752,15,18
Okt. 87,1755,32,17
<EOS>
75. 130,1757,25,17
<EOS>
Mai 165,1757,28,15
76 202,1754,20,19
Englische 32,1794,76,25
Suite 118,1802,41,17
Nr. 169,1803,22,15
<EOS>
1 202,1802,4,16
(Radio 218,1799,54,20
23.11.67) 282,1797,75,21
<EOS>
* 368,1797,6,7
•v,usic 31,1817,47,23
and 86,1824,29,17
Arts 124,1825,33,17
Programs 168,1825,78,21
CD 256,1824,22,16
272 287,1822,29,18
Ouvertüre 30,1863,82,23
im 122,1872,21,14
französischen 154,1869,113,17
Stil 277,1867,26,19
Jan./Feb. 312,1866,77,23
<EOS>
f.1. 32,1887,19,32
<EOS>
Nov. 59,1890,32,18
<EOS>
73 100,1893,19,19
als 128,1892,21,18
I.P 156,1894,20,16
<EOS>
zusammen 183,1897,89,12
mit 280,1892,28,16
den 315,1890,30,18
Eng¬ 353,1891,36,20
lischen 31,1908,55,34
Suiten, 96,1916,57,18
als 163,1915,21,18
CD 193,1916,23,16
zusammen 224,1919,89,13
mit 323,1915,28,15
den 360,1912,29,17
französischen 30,1935,116,21
Suiten 156,1940,51,15
6 30,1974,8,18
F, 47,1980,12,16
ranzosische 58,1984,95,17
Suiten 163,1985,53,16
»'¦ 31,2003,20,15
1 64,2004,3,16
: 75,2013,1,8
Nov. 86,2007,33,16
<EOS>
72 130,2007,19,17
Nr 30,2022,20,18
3: 60,2027,15,18
Dez. 86,2029,33,17
<EOS>
72, 130,2030,25,18
Feb. 165,2029,32,17
<EOS>
73 208,2029,18,19
Nr- 30,2043,21,21
4: 59,2047,17,21
Feb. 86,2051,33,19
<EOS>
73 128,2052,19,21
Nr-5:Feb./Mai71. 30,2068,161,28
<EOS>
Feb. 202,2074,33,17
<EOS>
73 244,2075,18,18
Nr 30,2091,18,16
6: 60,2093,15,19
Feb. 86,2097,33,17
<EOS>
56. 130,2097,23,19
<EOS>
Juli 161,2097,29,22
Aug. 205,2099,34,20
<EOS>
57 251,2098,17,17
G°ldberg-Variationen 30,2135,172,31
Juni 224,2145,35,20
55 271,2144,17,17
dasselbe 30,2179,66,26
April 106,2189,39,22
Mai 160,2190,27,16
81 197,2190,16,16
dasselbe 29,2224,66,26
(Live 106,2233,42,21
in 158,2236,15,15
Salzburg 182,2234,72,23
25.8.59) 262,2233,72,22
<EOS>
* 345,2233,7,7
Jrequenz 29,2252,73,30
CMGI/ 111,2257,58,22
Price 179,2259,40,16
Less 229,2259,34,16
I) 273,2258,11,17
15119 294,2258,40,19
"On 30,2278,36,15
der 73,2278,25,17
CßC-Rundfunkübertragung 105,2279,228,24
1959) 341,2279,45,21
dasselbe: 29,2315,74,27
Var. 109,2326,29,18
<EOS>
5.9.10.18.24.50 146,2326,126,19
<EOS>
(Live 279,2326,42,20
in 327,2327,14,16
Mos- 348,2327,40,16
p?u 28,2345,27,28
<EOS>
12.5.57) 64,2345,66,23
<EOS>
LP: 140,2350,26,16
Melodia 174,2348,66,18
MIO 246,2350,31,16
45965 284,2348,51,20
009 343,2350,30,18
u) 28,2366,20,13
Harmonia 66,2368,82,20
Mundi 157,2371,50,17
CDX 218,2372,35,16
78799 262,2372,52,19
jm'öltionen 29,2405,95,38
(2- 135,2417,23,19
und 168,2417,29,17
5-stimmige) 206,2418,104,22
Dez. 320,2419,33,15
<EOS>
63. 362,2416,25,20
<EOS>
»»¦ 27,2437,28,12
64 65,2434,20,20
auf 95,2438,27,18
CD 130,2441,22,16
zusammen 162,2445,89,12
mit 262,2442,28,15
den 300,2440,29,17
Bach- 340,2440,46,17
'"ccaten 31,2455,66,23
''alienisches 30,2496,99,29
Konzert. 139,2510,67,16
<EOS>
Juni 214,2510,35,21
59. 261,2510,23,17
<EOS>
auf 295,2508,27,18
CD 329,2510,22,16
zu¬ 362,2513,24,13
kitten 29,2526,66,21
mit 109,2532,27,16
den 151,2532,28,16
Bach-Klavierkonzerten 195,2532,191,16
dasselbe 28,2565,65,27
(private 107,2576,66,22
Aufnahme 185,2576,84,19
bei 279,2576,24,18
A. 315,2579,15,15
<EOS>
Guer 343,2579,36,15
<EOS>
<EOP>
•10er 75,2598,36,17
J; 119,2601,11,19
' 138,2599,2,4
<EOS>
<EOP>
"ng 48,2619,29,21
GG 86,2621,22,17
II 118,2623,9,16
Yo 29,2609,18,20
?~?iahre' 75,2595,96,30
<EOS>
Ulx 211,2602,29,15
turnabout 251,2599,83,19
-The 347,2600,40,17
JJ*ierkonzcrte 28,2654,124,40
1,2,3.4.5.7 162,2669,79,19
<EOS>
mit 251,2672,26,14
'the 286,2669,32,17
Colum- 326,2668,59,18
asymphony 41,2686,100,25
Orchestra. 149,2692,84,18
<EOS>
Nr. 240,2693,22,15
<EOS>
1 273,2693,4,15
mit 284,2693,27,15
I.. 319,2693,13,16
<EOS>
Bern- 341,2693,45,16
y. 29,2712,40,19
<EOS>
sonst 80,2715,41,15
mit 130,2716,28,15
V. 168,2715,11,16
<EOS>
Golschmann 190,2714,101,18
LTr 28,2731,18,30
'¦¦ 58,2731,11,17
April 80,2735,39,22
57 130,2738,18,17
Nr. 172,2738,23,16
<EOS>
2.4: 205,2736,32,20
<EOS>
Feb. 247,2737,32,18
<EOS>
69 290,2736,19,22
<EOS>
<EOP>
3.7: 57,2754,30,20
<EOS>
Mai 98,2759,27,16
67 136,2758,19,19
Nr 180,2761,19,16
5 213,2762,6,15
Mai 238,2762,27,15
58 276,2762,19,16
J^avierkonzert 28,2792,119,40
Nr. 164,2807,22,15
<EOS>
I 198,2808,3,14
(Live 222,2807,41,17
m 282,2812,13,11
Salzburg 315,2806,71,22
Am 27,2837,24,17
<EOS>
<EOP>
* 108,2826,7,7
Concertgebouw 130,2828,131,24
Orchestra 276,2829,80,17
of 371,2830,17,16
K.sterdarn, 27,2846,97,28
<EOS>
Dir. 148,2852,27,17
<EOS>
Dimitn 199,2853,58,16
Mitropoulos, 281,2852,103,22
uova 39,2868,36,17
Era 87,2872,26,17
01.5.6506 124,2874,76,19
<EOS>
Price 231,2876,40,16
Less 284,2876,34,16
D15119 330,2875,54,19
Itiï'u 26,2912,59,34
(Livc 98,2918,42,18
in 147,2920,14,17
Leningrad 170,2920,81,23
18.5.57) 259,2921,64,19
<EOS>
Lemn- 333,2922,51,15
g.*a 26,2937,33,29
<EOS>
Philharmonie 71,2937,114,24
Symphony 196,2942,89,25
Orchestra. 299,2943,85,19
<EOS>
I 26,2972,4,16
J 41,2962,4,23
Ladislav 60,2960,68,22
Slovak 138,2965,54,18
<EOS>
<EOP>
' 206,2963,2,2
<EOS>
<EOP>
c 26,2999,6,12
<EOS>
<EOP>
Melodia 58,2983,64,21
MIO 129,2989,31,16
42851 167,2988,48,19
52 224,2990,17,17
/ 248,2989,8,20
Cl) 262,2990,22,17
: 290,2997,2,9
-GG-I.ega- 301,2990,83,22
<EOS>
' 36,3016,2,2
'" 50,3007,11,10
(CBS), 70,3007,55,21
llarmonia 134,3012,82,17
Mundi 223,3012,50,17
I.DC 282,3013,32,16
<EOS>
278916 322,3011,62,21
Kl 26,3040,14,15
(¦Bav,«konzert 25,3050,119,32
Nr. 159,3058,22,16
<EOS>
7 191,3058,8,17
(TV 217,3057,30,20
15 264,3059,14,16
11.67. 288,3056,43,20
<EOS>
bzw. 347,3057,36,18
<EOS>
stra 25,3089,28,18
ir 65,3095,15,12
<EOS>
<EOP>
' 113,3078,6,18
* 131,3078,6,7
Toronto 149,3080,64,17
Symphony 225,3080,90,23
Orche- 328,3080,55,18
2ii' 26,3106,32,18
,'r 76,3102,13,21
Vladimir 101,3100,73,19
Golschmann, 182,3102,108,20
Nuova 298,3105,51,16
Era 358,3105,26,15
'' 47,3120,16,13
(aus 75,3120,34,19
dem 119,3123,36,19
GG-Zyklus 165,3126,86,22
am 261,3132,24,12
TV) 295,3126,33,20
<EOS>
<EOP>
Kleine 447,595,50,18
Präludien. 510,595,84,19
<EOS>
Fughetten 609,597,84,22
und 706,598,31,17
Fugen: 749,599,57,21
BWV 447,620,42,16
899.902.902A. 497,620,123,18
<EOS>
Okt. 632,620,31,17
<EOS>
79 675,621,18,19
/ 701,620,9,23
BWV 720,621,41,17
895. 771,622,35,19
<EOS>
900,924-8. 445,640,95,21
<EOS>
930.933-8. 554,643,94,18
<EOS>
952/3.961. 663,641,89,24
<EOS>
Jan./ 764,643,43,22
<EOS>
Feb. 445,663,33,18
<EOS>
80. 487,665,24,17
<EOS>
auf 521,663,27,18
CD 555,665,22,17
zusammen 585,670,90,12
mit 684,667,28,15
den 721,666,28,17
Bach- 759,666,46,17
Partiten 446,687,65,17
Kunst 445,733,47,15
der 497,732,27,17
Fuge 530,733,38,21
Nr. 575,734,22,15
<EOS>
1-9. 608,734,30,18
<EOS>
Jan 643,734,27,20
Feb. 689,733,32,17
<EOS>
62 728,732,19,19
: 753,742,1,8
Orgel 762,734,43,22
der 445,754,26,17
All 478,754,21,17
Saint's 505,754,55,18
Church 567,754,59,18
in 634,757,14,15
Kingsway 656,757,78,21
(auf 743,755,35,21
CD 783,758,22,16
zusammen 445,782,90,12
mit 542,779,28,15
den 577,777,28,18
Bach-Klavierkonzerten 613,777,192,20
oder 445,799,38,18
den 492,799,29,18
Händel-Suiten) 531,800,127,20
dasselbe: 445,845,71,18
Nr. 523,847,21,16
<EOS>
9.11.13 551,847,51,18
<EOS>
(Radio 610,845,51,22
23.11.67. 668,845,69,21
<EOS>
Piano)* 743,848,63,19
Music 445,870,48,16
and 502,868,29,18
Arts 540,870,33,16
Programs 583,870,78,21
CD 671,870,22,16
272 703,870,29,18
dasselbe: 446,892,76,18
Nr. 533,894,22,15
<EOS>
1.2.4 566,893,36,18
<EOS>
(Live 448,915,41,20
in 499,917,14,15
Moskau 523,915,63,18
12.5.57, 598,916,63,20
<EOS>
Piano) 671,916,53,21
LP: 446,940,26,16
Melodia 483,938,65,18
MIO 557,940,31,16
+ 598,943,7,13
5965 610,937,39,21
009 659,940,29,18
CD 446,963,21,15
Harmonium 486,963,99,15
Mundi 596,961,50,18
CDX 656,963,35,16
787 701,964,30,16
99 741,964,19,19
6 446,1007,9,17
Partiten 464,1008,64,16
Nr. 445,1032,22,14
<EOS>
1 480,1031,3,15
: 491,1038,2,8
Mai/Sept. 504,1029,80,23
<EOS>
59 594,1031,19,19
Nr. 446,1054,21,16
<EOS>
2: 478,1054,15,16
Juni 500,1054,35,21
59 546,1054,19,18
Nr. 446,1078,22,15
<EOS>
5: 479,1077,15,18
Okt. 504,1076,32,17
<EOS>
62 546,1075,19,18
Nr. 445,1100,23,16
<EOS>
4: 478,1098,16,18
Dez. 504,1100,34,17
<EOS>
62. 548,1097,24,20
<EOS>
März 583,1100,38,16
April 635,1099,39,23
65 685,1099,19,19
Nr. 445,1123,22,15
<EOS>
5: 478,1123,15,16
Okt. 503,1122,32,17
<EOS>
5-1. 547,1123,23,17
<EOS>
1957 582,1123,35,18
Nr. 445,1146,22,15
<EOS>
6: 477,1144,15,18
Feb. 503,1144,32,18
<EOS>
56. 546,1143,25,22
<EOS>
Juli/Aug. 577,1143,78,25
<EOS>
57 667,1146,18,17
Nr. 445,1190,22,17
<EOS>
2: 478,1190,15,17
-GG-I.egacy 504,1191,95,21
<EOS>
I» 610,1192,12,15
(CBS) 634,1190,48,20
Partita 445,1236,54,16
Nr 508,1237,19,15
6 540,1234,9,18
(CBC-Radio 560,1236,95,19
17.1.56) 666,1234,65,22
<EOS>
• 742,1235,6,10
Music 445,1258,47,17
and 501,1258,30,17
Arts 539,1260,33,16
Programs 583,1260,77,21
CD 671,1260,22,16
272 702,1260,30,17
3 444,1304,8,18
Sonaten 461,1304,66,17
für 536,1303,23,18
Viola 568,1304,41,17
da 617,1304,19,18
gamba 643,1305,56,22
und 708,1305,29,17
Klavier 747,1305,58,17
mit 444,1327,27,15
Leonard 481,1326,66,18
Rose 556,1328,36,17
(Cello) 603,1327,57,19
Nr. 443,1350,22,15
<EOS>
1 478,1350,3,15
: 489,1356,1,9
Mai 501,1350,27,16
74 538,1350,19,17
Nr. 444,1372,22,15
<EOS>
2+3: 476,1372,39,18
Dez.73 526,1372,55,20
<EOS>
6 443,1414,8,18
Sonaten 461,1416,66,17
für 538,1416,23,18
Violine 572,1417,56,19
und 638,1418,30,17
Cembalo 677,1418,73,18
* 760,1418,7,8
mit 776,1421,28,15
Jamie 439,1438,49,20
Laredo 498,1439,56,17
Nr. 443,1461,22,16
<EOS>
1 477,1461,4,16
+ 485,1466,9,9
2: 499,1461,15,16
Feb.75 525,1461,53,19
<EOS>
Nr. 443,1483,22,16
<EOS>
3+4: 475,1483,40,18
Nov.75 525,1485,54,18
<EOS>
Nr. 443,1506,21,15
<EOS>
5+6: 475,1505,39,17
Jan.76 521,1506,55,21
<EOS>
Sonate 441,1550,54,16
fur 512,1549,23,18
Violine 552,1552,57,18
und 626,1554,30,16
Cembalo 672,1554,73,17
Nr.-i 763,1556,39,16
<EOS>
(TV 444,1571,30,20
18.5.66, 489,1572,63,20
<EOS>
aufgenommen 565,1574,119,22
1965) 699,1576,45,20
* 757,1577,7,7
mit 776,1580,27,15
Yehudi 442,1594,55,17
Menuhin, 505,1596,78,19
Music 593,1599,47,16
and 648,1599,28,16
Arts 684,1600,32,16
Programs 725,1601,78,20
CD 441,1617,22,16
298 474,1618,31,19
/ 514,1620,8,19
Nuova 533,1620,51,16
Era 597,1621,26,16
2206 635,1621,41,17
aus 687,1627,27,12
dem 726,1622,34,18
GG- 774,1624,27,16
Zyklus 441,1639,55,22
am 505,1645,25,12
TV 540,1642,24,16
Die 442,1685,25,17
Toccaten 477,1686,72,17
BWV910: 441,1708,81,19
Okt./Nov. 532,1708,78,22
<EOS>
76 621,1709,20,19
BW 441,1731,24,16
V911 472,1731,39,18
: 519,1738,2,9
Mai 531,1731,28,17
79 569,1732,19,19
BWV912: 440,1753,81,19
Okt./Nov. 531,1753,79,22
<EOS>
76 621,1754,18,19
BWV915: 441,1776,80,19
Okt./Nov. 531,1775,79,22
<EOS>
76 621,1776,19,19
BWV914: 441,1797,81,21
April 532,1798,39,22
65 582,1797,18,20
BWV915:Juni 440,1821,123,21
79 573,1822,20,19
BWV9I6: 440,1842,80,21
Mai 530,1844,28,17
79 568,1845,20,19
Toccata 440,1890,61,16
in 511,1890,14,15
d-Moll 535,1888,53,17
(aufgenommen 442,1910,127,24
und 582,1911,29,18
als 623,1911,20,18
Platte 656,1912,46,18
vertrieben 715,1913,85,18
1973. 439,1935,43,19
<EOS>
CBC-Radio 492,1934,87,18
23.1167) 589,1934,76,19
<EOS>
' 678,1935,4,6
Music 439,1958,48,16
and 495,1957,30,17
Arts 534,1958,32,16
Programs 577,1957,77,22
CD 665,1958,22,16
272 696,1958,29,18
Das 439,2004,28,16
Wohltemperierte 478,2002,139,22
Klavier 627,2002,59,17
I 696,2004,3,15
& 709,2004,12,15
II 731,2004,9,15
1: 439,2028,11,15
1-8 472,2027,27,15
: 515,2034,1,8
Aug 527,2027,31,20
66. 572,2024,25,19
<EOS>
Ian 607,2026,24,19
-Feb 642,2024,35,18
67 693,2025,18,18
<EOS>
<EOP>
9-16: 468,2047,48,21
Sept./Dez. 526,2049,85,22
<EOS>
69 622,2046,19,21
17-24: 472,2071,55,19
(1965). 538,2069,62,21
<EOS>
Sept. 610,2072,39,20
<EOS>
69. 659,2069,24,21
<EOS>
Jan. 690,2072,32,20
<EOS>
71 733,2073,15,16
II: 439,2096,17,16
1-8 472,2096,27,16
: 515,2101,2,11
Juni 523,2095,36,22
Sept. 572,2095,39,22
<EOS>
62 621,2093,19,18
<EOS>
<EOP>
9-16: 468,2117,48,20
April 527,2117,39,23
Juni 577,2118,34,21
6.5. 621,2115,25,21
<EOS>
Aug. 656,2118,36,21
<EOS>
64 702,2114,19,20
17-24:Juni 471,2140,97,22
63. 578,2140,25,19
<EOS>
Feb. 613,2139,31,17
<EOS>
Aug 660,2141,30,21
65 704,2138,19,18
1: 439,2189,11,16
1-8. 460,2188,30,17
<EOS>
laut 500,2186,31,18
CBC 539,2187,33,16
1962 581,2184,35,22
aufgenommen. 627,2184,123,23
<EOS>
1965 762,2184,35,20
vertrieben 439,2209,84,18
II: 438,2234,17,16
Fuge 463,2234,39,21
9.14. 511,2231,37,21
<EOS>
Aufnahme 557,2230,84,19
vom 649,2235,34,13
Juli 693,2229,26,22
Aug. 733,2231,35,21
<EOS>
57 779,2231,18,17
auf 438,2255,26,18
-GG 472,2256,28,16
Legacy 511,2256,56,22
1- 577,2256,13,16
(CBS) 601,2254,49,20
BEETHOVEN. 438,2325,124,17
<EOS>
Ludwig 572,2323,70,22
ian 651,2327,32,12
Bagatellen 437,2370,86,24
op. 533,2376,24,17
<EOS>
55 568,2371,19,17
+ 597,2375,9,9
126 617,2368,26,18
Mai. 667,2370,32,15
<EOS>
Juni 706,2369,35,20
74 751,2366,19,20
Bagatelle 438,2416,74,23
op. 522,2421,24,17
<EOS>
126 558,2415,25,18
Nr. 594,2416,21,16
<EOS>
3 626,2416,6,18
(28 645,2416,27,18
9.52) 680,2414,44,19
<EOS>
' 736,2413,5,8
Nuova 437,2442,51,15
Era 498,2441,26,15
2274. 533,2438,46,19
<EOS>
wohl 590,2438,39,17
eher 639,2438,37,16
aus 685,2442,27,12
dem 721,2437,35,17
CG- 767,2436,27,18
Zyklus 437,2462,55,25
am 505,2468,23,12
TV. 544,2463,24,17
<EOS>
Erstausstrahlung 583,2460,140,22
912.70 737,2460,58,18
<EOS>
Eroica-Variationen 438,2510,150,16
Op. 599,2508,25,21
<EOS>
35 635,2507,19,19
(Juh 439,2532,33,22
Aug 487,2533,31,21
60). 533,2530,34,19
<EOS>
Feb. 577,2530,33,18
<EOS>
67 620,2528,18,20
dasselbe 436,2576,69,19
(TV 516,2576,31,20
wohl 557,2575,40,17
2 607,2576,8,16
6.61. 623,2574,37,18
<EOS>
CBC) 671,2575,40,17
' 722,2572,5,9
Nuova 437,2602,50,15
Era 500,2601,26,15
2206 537,2598,40,18
vom 589,2603,35,12
GG-Zyklus 636,2597,85,23
am 734,2602,24,11
TV. 771,2598,25,15
<EOS>
Aufnahme 436,2621,85,19
I960 531,2620,36,21
Klavierkonzerte 436,2668,131,18
1-5 578,2667,25,18
Nr 436,2693,19,15
1 469,2692,3,16
: 479,2699,1,8
V. 488,2692,11,16
<EOS>
Golschmann 506,2690,100,18
/ 612,2690,6,18
Columbia 625,2688,77,18
Symphony 709,2687,85,24
Orchestra. 435,2714,84,17
<EOS>
Kadenz 530,2713,60,17
GG 599,2713,21,16
April/Juli 630,2711,80,23
<EOS>
5.8 757,2712,18,16
<EOS>
Nr 435,2739,19,15
2: 467,2737,15,17
<EOS>
Bernstein/Columbia 515,2734,181,22
Symphony 704,2733,90,24
Orchestra. 434,2759,84,18
<EOS>
April 528,2758,40,22
57 579,2759,18,17
Nr. 435,2785,22,15
<EOS>
3: 467,2783,15,19
<EOS>
Bernstein 514,2783,79,16
/Columbia 599,2780,98,22
Symphony 704,2780,89,22
Orchestra. 434,2805,85,18
<EOS>
Mai 529,2806,27,15
59 567,2805,19,19
Nr. 434,2830,22,16
<EOS>
4: 466,2827,16,18
L. 489,2829,13,16
<EOS>
Bernstein/ 511,2828,91,20
New 610,2827,36,17
York 654,2825,37,18
Philharmo¬ 699,2825,93,18
nie 433,2853,24,16
Orchestra. 467,2851,84,18
<EOS>
März 561,2852,39,15
61 610,2849,15,18
Nr. 433,2876,23,15
<EOS>
5: 467,2875,14,16
L. 489,2875,12,16
<EOS>
Stokowski 510,2873,87,18
American 617,2874,78,16
Symphony 704,2872,88,23
Orchestra. 433,2896,85,19
<EOS>
März 528,2897,40,16
66 577,2894,19,19
Nr. 433,2945,22,15
<EOS>
5: 466,2944,14,17
5. 492,2943,11,17
<EOS>
Satz 514,2943,32,16
mit 556,2943,27,16
L. 594,2943,12,15
<EOS>
Stokoski 617,2940,71,18
/ 696,2946,7,16
American 714,2943,78,16
S.O. 433,2967,29,17
<EOS>
1958. 472,2967,41,18
<EOS>
-GG 523,2966,28,16
joue 560,2967,34,19
tout 602,2968,33,14
sauf 643,2963,34,19
Bach- 684,2964,47,18
(CBS) 743,2966,48,18
Klavierkonzert 433,3011,122,18
Nr. 569,3012,22,16
<EOS>
2 601,3012,8,16
(CBC-Aiifzcichniing. 625,3009,167,24
<EOS>
Live 433,3035,33,17
m 477,3040,13,11
Toronto 501,3035,63,16
12.12.51) 576,3034,71,19
<EOS>
* 660,3033,5,7
Toronto 675,3034,63,17
Sym¬ 749,3034,43,22
phony. 432,3056,55,24
<EOS>
Dir. 497,3058,27,16
<EOS>
Sir 534,3058,22,16
Ernest 566,3058,50,16
MacMillaii 626,3056,84,18
Music 432,3082,48,15
and 489,3080,29,17
Arts 527,3081,33,16
Programs 571,3081,77,21
CD 658,3081,22,16
284 689,3079,29,18
<EOS>
<EOP>
dasselbe 859,599,68,17
(Live 938,599,42,20
in 990,601,14,15
Leningrad 1014,600,83,22
18.5.57) 1108,601,67,20
<EOS>
Leningrad 859,621,82,22
Philharmonic 948,621,113,19
Symphony 1067,623,90,24
Orche¬ 1163,624,55,17
stra. 858,648,34,14
<EOS>
Dir. 903,645,27,16
<EOS>
Ladislav 940,644,68,18
Slovak' 1017,643,62,19
LP: 858,668,26,15
Melodia 895,666,65,18
MIO 969,669,31,15
42851 1009,667,48,20
52 1068,670,18,17
CI): 858,690,29,15
-GG 898,691,28,15
Legacy 936,691,57,21
2- 1003,691,16,16
(CBS) 1031,690,49,21
Harmonia 858,713,82,16
Mundi 948,712,51,18
LDC 1009,714,33,17
278916 1052,712,59,21
dasselbe 857,757,68,18
(Live 936,757,43,19
m 988,764,14,11
Stockholm 1013,759,89,17
5.10.58) 1113,760,67,18
<EOS>
Swedish 858,780,67,17
Radio 936,781,46,17
Symphony 993,781,89,23
Orchestra. 1094,781,85,20
<EOS>
Dir 1190,784,25,16
G 858,803,9,17
L 883,804,9,16
Jochum. 906,803,71,22
<EOS>
Bis 990,801,26,20
CD 1025,805,22,16
323 1058,805,30,19
(Frequenz 1102,804,84,24
als 1197,805,21,18
-Live 858,826,41,16
in 908,828,15,14
Salzburg 933,826,71,23
2-) 1013,827,26,20
Klavierkonzert 858,871,122,18
Nr. 986,874,22,15
<EOS>
3 1019,874,7,18
(CBC-Radio 1035,872,95,21
21.2.55) 1136,874,68,20
<EOS>
* 1212,875,6,6
CBC 858,895,31,17
Symphony 896,894,89,24
Orchestra, 991,895,85,19
Dir. 1083,897,27,17
<EOS>
Heinz 1118,897,45,17
Lnger 1170,898,48,21
Music 857,918,48,17
and 914,918,29,17
Art's 953,915,33,21
Programs 996,919,78,22
CD 1083,920,23,16
284 1115,919,30,17
dasselbe 857,963,68,17
(Live 937,964,42,19
in 988,965,14,15
Berlin. 1013,964,55,19
<EOS>
Mai 1078,965,27,16
1957) 1116,964,46,21
* 1172,964,7,8
Berliner 858,986,66,17
Philharmoniker, 933,986,135,20
Dir. 1079,988,27,16
<EOS>
Herbert 1117,987,62,18
von 1189,993,29,12
Karajan 858,1010,62,21
/ 928,1008,9,23
Nuova 946,1011,51,16
Era 1007,1011,26,16
015.6525 1042,1009,75,20
<EOS>
Virtuoso 857,1033,68,16
2697062 938,1031,72,21
wohl 1024,1032,40,18
vom 1080,1038,34,12
CBC-Radio 1129,1034,88,17
26.5.57 857,1053,62,20
<EOS>
<EOP>
Klaviersonaten 854,1146,122,19
1: 857,1171,13,15
Nov. 880,1172,33,15
<EOS>
74 923,1171,18,17
2: 967,1171,16,17
Juli 989,1170,30,22
76 1029,1168,19,21
3: 854,1194,16,18
Aug. 880,1194,35,25
<EOS>
76/Aug. 926,1191,68,25
<EOS>
79 1004,1194,20,19
5: 1049,1195,14,17
Sept. 1074,1195,38,21
<EOS>
6+ 1123,1193,18,18
6:Juni 853,1214,58,23
64 921,1214,19,19
7: 965,1218,15,16
Nov. 991,1218,32,16
<EOS>
64 1034,1215,18,19
8: 853,1240,16,16
April 879,1238,40,23
66 929,1237,18,19
9: 972,1240,15,18
Feb. 998,1239,32,17
<EOS>
66 1041,1238,19,18
10 854,1262,16,16
Feb. 887,1262,32,16
<EOS>
Mai 933,1263,27,15
66 970,1261,20,17
12: 1014,1263,23,16
Sept. 1047,1263,38,21
<EOS>
79 1096,1263,19,19
15: 856,1285,20,18
Aug. 887,1286,35,20
<EOS>
81 932,1285,16,16
14: 974,1284,23,17
Mai 1006,1286,28,16
67 1044,1284,19,19
15: 855,1308,21,16
limi 886,1308,32,20
Juli 929,1307,29,21
79 969,1308,19,19
16: 1013,1306,22,19
Aug. 1046,1309,35,21
<EOS>
71/Mai 1091,1306,58,23
75 1159,1309,19,18
17: 854,1330,22,19
Juli 882,1329,30,23
Sept. 926,1331,38,22
<EOS>
60. 975,1328,24,21
<EOS>
Jan. 1007,1332,32,20
<EOS>
67. 1049,1329,25,20
<EOS>
Aug. 1085,1333,34,22
<EOS>
71 1130,1332,16,18
18: 853,1354,22,15
Marz 886,1354,39,16
67 935,1352,18,19
2.5: 979,1354,25,18
<EOS>
April 1015,1353,39,23
66/Okt. 1064,1352,65,20
<EOS>
67 1140,1353,18,19
Klaviersonate 853,1398,111,18
Nr. 975,1400,22,16
<EOS>
50 1008,1400,17,17
(TV 1038,1400,31,18
17.6.64. 1080,1398,64,18
<EOS>
CBC) 1155,1400,40,18
* 1207,1399,6,7
Nuova 852,1422,51,16
Era 908,1422,25,16
2274. 938,1421,43,18
<EOS>
wohl 988,1421,37,17
vom 1032,1427,34,12
CG-Zyklus 1072,1422,82,22
am 1159,1427,24,12
TV 1190,1423,22,16
Klaviersonate 853,1466,111,17
Nr. 977,1468,22,15
<EOS>
51 1010,1468,14,17
(Live 1040,1467,42,20
in 1095,1469,14,15
Stockholm 1123,1467,89,18
6.10.58) 853,1488,67,21
<EOS>
* 936,1488,6,8
BIS 956,1490,26,17
CD 991,1490,22,17
324/Melodram 1023,1489,127,22
18007 1166,1492,46,17
(Frequenz 853,1513,84,21
als 947,1511,21,18
-Live 979,1514,40,16
in 1030,1518,13,12
Salzburg 1053,1512,72,23
2-) 1135,1514,24,19
Symphonie 852,1556,94,24
Nr 969,1559,19,16
5 1002,1559,6,16
(I.iszt-Transkription) 1035,1558,175,23
<EOS>
Nov 853,1581,28,16
Dez. 899,1581,33,17
<EOS>
67. 943,1579,25,19
<EOS>
Jan. 975,1582,32,19
<EOS>
68 1018,1580,18,18
Symphonie 851,1648,95,22
Nr. 956,1650,22,15
<EOS>
6 988,1648,9,18
I 1008,1650,2,16
Satz 1027,1651,32,15
(Liszt-Transkrip- 1071,1649,141,23
tion) 852,1672,40,17
Juli/Aug. 899,1670,79,25
<EOS>
68, 987,1670,25,20
-Silver 1021,1671,54,17
Jubilee 1083,1672,57,20
Album¬ 1149,1672,63,17
tals 854,1692,29,19
CI) 892,1694,22,15
CBS/Sony 925,1692,84,24
46DC 1019,1692,43,20
5304-5) 1073,1693,69,22
32 850,1738,19,19
Variationen 880,1739,93,17
in 984,1741,13,15
e 1008,1745,6,11
»Moll 1019,1739,39,18
Nov 1084,1742,28,15
66 1127,1739,19,18
dasselbe 851,1782,68,18
* 930,1783,6,7
(an 949,1784,27,19
verschiedenen 987,1784,118,18
Daten 1117,1786,46,17
über 1176,1786,36,17
Radio 852,1804,45,18
und 904,1805,30,17
TVgesendet. 941,1807,105,21
<EOS>
wohl 1054,1807,40,17
vom 1102,1813,35,12
19.5.67: 1146,1807,66,21
<EOS>
wie 850,1829,29,15
die 892,1827,23,18
Version 929,1830,60,16
im 1002,1830,20,16
GG-Zyklus 1035,1829,87,26
am 1135,1836,23,11
TV). 1173,1831,37,20
<EOS>
Music 850,1851,47,16
and 906,1851,29,17
Arts 944,1853,32,15
Programs 986,1853,78,20
CD 1074,1854,22,15
2S-i 1105,1854,30,15
Nuo\a 1161,1855,50,15
Era 850,1873,27,16
2274 886,1872,40,18
Variationen 850,1917,93,18
über 954,1918,37,17
ein 1000,1920,24,15
Then 1035,1919,42,17
3+ 848,1940,19,17
Juh 889,1940,29,20
60. 929,1940,24,17
<EOS>
Mai 964,1942,27,15
67 1001,1941,19,17
<EOS>
<EOP>
f-dur 1129,1919,40,18
op. 1178,1925,23,18
<EOS>
Klaviertrio 849,1983,89,18
op, 955,1990,25,17
70 990,1986,19,16
Nr. 1028,1987,21,15
<EOS>
1 1061,1988,3,14
-Geistertrio 1084,1988,94,15
(CBC-Radioaufzeichnung 850,2006,210,24
vom 1068,2013,34,12
Livekonzert 1113,2009,97,17
in 848,2029,14,16
Stratford 870,2028,72,18
vom 951,2035,34,11
Sommer 993,2031,71,16
61. 1071,2030,21,19
<EOS>
gesendet 1100,2032,72,21
62) 1179,2031,28,20
mit 848,2052,27,16
Oscar 890,2052,44,16
Shumsky 949,2051,79,23
(Violine). 1046,2052,80,21
<EOS>
Leonard 1143,2054,65,18
Rose 848,2074,35,16
(Cello) 894,2073,58,20
Melodram 979,2074,83,18
18007 1074,2077,46,16
Sonate 847,2119,55,16
für 910,2118,23,17
Cello 941,2119,41,17
und 991,2119,30,17
Klavier 1030,2120,58,17
op. 1096,2126,24,17
<EOS>
69 1130,2120,20,20
(CBC- 1160,2121,47,19
Radioaufzeichnung 847,2140,159,23
vom 1023,2148,34,11
l.ivekonzert 1077,2143,97,18
<EOS>
in 1192,2145,15,16
Stratford 847,2162,72,18
vom 930,2169,35,11
Sommer 978,2166,70,16
61. 1060,2163,21,21
<EOS>
gesendet 1094,2166,71,21
62) 1178,2165,27,19
mit 847,2187,28,16
Leonard 884,2186,67,18
Rose 960,2188,35,16
/ 1002,2186,9,22
Melodram 1020,2187,83,18
18007 1115,2189,47,17
Sonate 846,2232,55,16
für 910,2230,24,18
Violine 943,2231,56,18
und 1008,2232,31,17
Klavier 1047,2231,60,19
Nr. 1116,2234,21,16
<EOS>
10 1149,2234,14,16
(TV 1175,2232,32,21
18.5.66) 847,2252,67,21
<EOS>
' 924,2254,6,7
mit 939,2256,27,16
Yehudi 975,2254,55,18
Menuhin 1039,2255,73,17
Music 1122,2256,47,16
and 1178,2256,29,16
Arts 847,2278,32,16
Programs 890,2278,78,21
CD 978,2278,22,16
298 1010,2278,30,18
Nuova 1068,2278,50,17
Era 1129,2279,27,16
2206 1166,2278,41,17
aus 847,2305,27,11
dem 880,2299,34,17
GG-Zyklus 921,2300,87,22
am 1013,2305,24,11
TV, 1045,2301,25,17
Aufnahme 1079,2300,83,17
1965 1171,2300,35,20
<EOS>
<EOP>
BERG, 846,2369,58,16
Alban 914,2368,55,17
Klaviersonate 847,2413,111,18
op. 968,2419,23,17
<EOS>
1 1003,2416,4,15
Juli 1031,2414,26,21
58 1069,2416,18,15
-The 847,2436,39,17
GG 896,2438,20,15
l.egaq 927,2438,53,21
<EOS>
4- 993,2437,16,17
(CBS) 1021,2438,48,17
dasselbe 847,2482,67,17
op. 925,2488,25,16
<EOS>
1 962,2483,3,16
(1951) 991,2482,51,19
*;: 1056,2482,11,7
Vox 1081,2484,30,15
turnabout 1124,2483,83,17
TV-34792X 847,2504,94,21
-The 952,2504,39,18
Young 1001,2506,51,22
GG 1062,2507,21,16
I- 1093,2506,11,17
dasselbe 845,2550,69,18
(Live 925,2551,42,19
in 976,2553,14,15
Moskau 1001,2551,62,17
12.5.5^) 1075,2553,66,17
<EOS>
LP: 846,2575,27,16
Melodia 883,2573,65,18
MIO 958,2575,30,16
45965 997,2573,51,20
009 1059,2576,30,17
LP 847,2598,19,15
CI): 879,2598,29,15
Harmonium 919,2598,99,16
Mundi 1029,2597,51,17
I.DX 1090,2598,34,17
<EOS>
78799 1135,2598,50,20
dasselbe 845,2642,69,17
(Live 929,2643,41,18
in 985,2645,13,14
Stockholm 1013,2642,89,18
6.10.58) 1117,2642,67,20
<EOS>
BIS 846,2666,24,16
CI) 880,2666,21,16
32+ 911,2666,28,19
(Frequenz 947,2666,78,23
als 1030,2665,21,18
Live 1057,2668,32,16
in 1095,2668,13,15
Salzburg 1114,2666,69,23
2) 1189,2668,16,18
BIZET, 846,2736,60,19
Georges 916,2736,77,22
Premier 846,2782,66,16
Nocturne 921,2782,75,16
Dcz 1020,2782,29,16
72 1064,2782,18,17
Variations 845,2828,83,16
Chromatiques 937,2826,115,24
op. 1061,2832,24,18
<EOS>
3 1096,2828,8,18
Mai 1129,2828,27,17
7I 1167,2829,14,16
<EOS>
<EOP>
BRAHMS. 846,2896,90,17
<EOS>
Johannes 941,2896,94,22
<EOS>
<EOP>
4 844,2949,9,10
Balladen 863,2941,71,19
op. 944,2947,24,18
<EOS>
10 980,2944,14,16
Feb. 1019,2942,32,18
<EOS>
82 1062,2943,18,17
10 845,2990,16,16
Intermezzi 869,2990,88,16
Mai 982,2990,26,16
59. 1019,2990,24,18
<EOS>
Juli 1050,2989,29,22
Sept 1093,2990,34,22
Nov. 1144,2991,32,16
<EOS>
60 1186,2989,19,18
Intermezzo 845,3036,91,16
op. 944,3040,24,17
<EOS>
119 980,3036,22,19
Nr. 1010,3037,22,15
<EOS>
1 1044,3037,2,15
(TV 1057,3035,28,21
11.10.60 1098,3034,63,20
<EOS>
oder 1168,3035,38,19
CBC-Radio 845,3058,87,18
15.3.69. 943,3057,64,21
<EOS>
u.a.) 1018,3060,39,18
<EOS>
:: 1068,3059,4,7
Music 1085,3061,47,16
and 1142,3059,28,18
Art 1180,3062,25,15
Programs 845,3083,77,20
CD 927,3083,23,16
285 956,3083,27,17
aus 989,3087,27,12
dem 1023,3082,34,18
GG-Zyklus 1063,3082,83,23
am 1152,3088,24,12
TV 1183,3084,23,16
<EOS>
<EOP>
Klavierkonzert 1270,600,121,18
Nr. 1407,602,21,16
<EOS>
1 1439,603,5,15
(CBC-Radioilbertra- 1462,602,167,19
gung 1268,629,42,17
vom 1317,629,34,12
9- 1360,625,12,18
April 1382,623,39,23
62 1429,622,19,19
des 1456,624,27,17
Livekonzertes 1490,624,114,19
in 1614,627,14,16
N.Y. 1269,649,36,16
<EOS>
April 1311,647,39,23
1962) 1357,645,45,21
'New 1409,647,47,17
York 1463,647,36,18
Philharmonics 1507,647,120,19
Orchestra. 1268,670,84,17
<EOS>
Dir. 1366,671,27,16
<EOS>
Leonard 1405,670,67,17
Bernstein 1484,671,78,16
Bern- 1582,672,44,15
steins 1269,694,47,16
Einleitung 1330,692,85,23
Über 1428,692,38,18
interpretatorische 1480,693,147,22
Differenzen 1269,715,92,17
mit 1372,717,27,15
GG 1409,716,20,16
Melodram 1455,715,83,17
18002 1549,716,46,17
dasselbe 1268,760,68,18
(Live 1348,761,41,20
in 1399,763,14,15
Baltimore 1423,760,80,18
9.10.62) 1512,759,68,22
<EOS>
* 1591,761,6,7
Baltimore 1269,783,80,18
Symphony 1357,783,89,23
Orchestra. 1455,783,84,19
<EOS>
Dir. 1549,785,27,16
<EOS>
Peter 1586,786,41,15
IL 1269,807,15,16
Adler/ 1295,806,53,21
Music 1356,808,48,16
and 1410,806,28,18
Arts 1445,809,32,15
Programs 1485,808,77,21
CD 1569,808,22,16
285 1598,808,28,17
Rhapsodien 1268,852,95,22
op. 1372,857,24,18
<EOS>
79 1407,853,19,19
Juni 1448,854,35,20
Juli 1494,853,28,21
82 1532,853,19,17
<EOS>
<EOP>
IHM), 1269,921,59,17
William 1339,920,73,18
Diverse 1267,966,60,16
Stucke: 1341,965,60,18
A 1417,968,10,15
Voluntary, 1443,966,83,24
Sellinger's 1542,966,85,24
Ground. 1267,988,65,17
<EOS>
Hughe 1352,988,52,23
Asthon's 1424,989,72,18
Ground 1516,990,58,17
1+6. 1595,990,31,18
<EOS>
Pavan 1267,1012,50,16
& 1325,1012,12,16
Galliard. 1345,1011,67,19
<EOS>
Mai 1422,1013,27,16
67. 1459,1011,22,19
<EOS>
April 1490,1012,39,23
71 1538,1013,16,18
(auf 1565,1012,35,20
CD 1605,1014,22,16
CBS/Sony 1267,1032,85,24
28DC 1361,1035,44,17
5287) 1415,1035,48,18
<EOS>
<EOP>
GIBBONS. 1271,1151,93,17
<EOS>
Orlando 1373,1151,81,18
Diverse 1271,1196,59,17
Stucke: 1357,1196,61,18
Fantasv 1448,1199,61,17
m 1538,1204,14,11
c-Dur. 1581,1201,50,16
<EOS>
Allemande 1270,1218,88,18
or 1373,1224,18,13
Italian 1406,1220,51,18
Ground. 1474,1221,64,19
<EOS>
-Lord 1555,1222,44,18
of 1615,1221,17,19
Salisbury-, 1270,1241,90,20
Pavan 1368,1244,49,16
& 1426,1245,12,15
Galliard, 1445,1243,69,19
Aug. 1522,1245,35,22
<EOS>
68 1567,1243,20,19
(auf 1597,1244,35,21
CI) 1270,1265,22,16
CBS 1301,1266,33,16
Sony 1346,1266,41,22
28DC 1396,1267,43,17
5287) 1449,1266,49,20
Pavan 1270,1311,48,16
& 1332,1311,12,17
Galliard 1357,1311,64,17
(CBC-Radio 1434,1311,97,19
P.1.56) 1545,1311,64,21
<EOS>
" 1626,1313,4,6
Music 1268,1334,49,16
and 1326,1334,29,16
Arts 1364,1335,32,16
Programs 1406,1335,79,22
CD 1494,1336,22,16
272 1526,1336,29,18
GOLED, 1269,1402,73,20
Glenn 1351,1402,55,17
Interviewt 1268,1449,87,16
von 1364,1453,29,12
John 1400,1448,39,21
McClure 1449,1449,67,17
(-The 1270,1469,48,20
Concert 1328,1471,63,17
Dropout-) 1400,1472,83,22
|an. 1510,1472,28,20
<EOS>
68 1549,1472,19,17
¦The 1269,1492,39,18
GG 1318,1494,21,16
Legac) 1349,1494,54,22
I- 1416,1495,12,15
(CBS) 1440,1494,48,19
Interviewt 1267,1539,86,16
von 1364,1543,28,12
Tim 1404,1540,31,15
Page 1448,1541,36,21
(liber 1497,1540,46,19
die 1553,1541,23,17
Neu- 1588,1543,38,15
einsnielung 1267,1560,97,23
der 1385,1561,26,17
Goldberg-Variationen). 1435,1560,191,24
<EOS>
Doppelalbum 1268,1583,110,22
der 1385,1584,26,17
55er- 1419,1586,42,16
und 1469,1585,30,17
81er-Versionen 1506,1586,121,17
(CBS) 1269,1606,48,20
So 1267,1653,17,16
You 1295,1653,30,16
Want 1334,1654,42,16
to 1385,1656,15,14
Write 1410,1654,43,16
a 1463,1659,9,11
Fugue 1480,1655,49,21
Fuge 1267,1676,39,21
für 1315,1674,24,18
4 1349,1675,8,17
Singstimmen 1367,1676,110,22
und 1488,1676,30,17
ein 1527,1678,25,15
Streich¬ 1562,1676,64,18
quartett. 1267,1700,70,23
<EOS>
V. 1347,1698,12,17
<EOS>
Golschmann 1368,1698,103,17
dirigiert 1480,1698,68,22
das 1556,1699,26,18
Juil¬ 1589,1699,37,22
liard 1266,1720,35,17
String 1308,1721,50,21
Quartet: 1365,1721,69,21
Elizabeth 1443,1720,74,19
Guy-Benson 1526,1723,99,22
(Sopran). 1267,1742,81,23
<EOS>
Anita 1361,1745,44,16
Darian 1416,1745,54,16
(Mezzo-Sopran), 1484,1743,141,25
Charles 1265,1765,61,17
Breisler 1338,1766,63,17
(Tenor). 1414,1766,69,20
<EOS>
Donald 1494,1768,58,17
Gramm 1563,1769,62,16
(Bariton). 1267,1788,84,18
<EOS>
-Silver 1361,1789,54,17
Jubilee 1420,1789,60,21
Album- 1488,1790,64,17
(auf 1562,1789,36,21
CD 1604,1792,22,16
CBS/Sony 1266,1809,84,24
46DC 1361,1810,42,19
5504-5) 1413,1811,67,21
GRIEG, 1264,1879,68,19
Edvard 1342,1879,67,17
Sonate 1263,1924,55,17
in 1328,1924,14,16
e-Moll 1352,1924,52,17
op. 1413,1930,25,16
<EOS>
7 1449,1925,8,16
März. 1481,1925,44,18
<EOS>
Mai 1535,1926,28,16
' 1573,1926,3,3
<EOS>
<EOP>
-GG 1262,1946,29,16
Legacy 1301,1946,57,22
3- 1368,1947,16,17
(CBS) 1396,1946,48,19
HAENDEE, 1262,2013,102,18
Georg 1373,2014,57,21
Friedrich 1440,2014,89,17
Suiten 1261,2057,52,17
für 1323,2056,23,18
Cembalo 1356,2057,72,18
Nr. 1438,2060,23,15
<EOS>
l--t 1472,2060,25,16
(GG 1262,2079,29,17
auf 1301,2079,27,17
Cembalo!) 1335,2080,91,19
<EOS>
März 1452,2082,39,15
Mai 1505,2083,27,15
72 1542,2083,18,16
HAYDN, 1260,2147,74,20
Joseph 1339,2148,69,21
Sonate 1259,2192,54,16
Nr. 1324,2193,21,15
<EOS>
5. 1356,2193,13,18
<EOS>
1958 1381,2193,35,18
6 1257,2234,10,18
Sonaten 1276,2236,65,17
Nr. 1351,2237,22,16
<EOS>
56.58.59.60.61 1384,2235,123,22
<EOS>
Okt. 1257,2257,32,18
<EOS>
1980. 1302,2260,41,18
<EOS>
Feb./März/April 1354,2258,138,25
<EOS>
81 1501,2261,16,17
Sonate 1258,2304,54,17
Nr. 1322,2305,23,16
<EOS>
59 1356,2305,17,18
|an. 1398,2305,29,20
<EOS>
58 1438,2306,18,16
-The 1258,2325,39,18
GG 1307,2327,21,16
l.egacv 1339,2327,53,22
<EOS>
2- 1404,2328,17,16
(CBS) 1433,2328,48,18
dasselbe 1256,2371,69,17
(Live 1338,2372,41,19
in 1391,2374,14,15
Stockholm. 1417,2372,96,20
<EOS>
Okt. 1525,2374,32,17
<EOS>
1958) 1570,2375,45,19
BIS 1257,2394,27,17
CD 1293,2394,22,17
324 1324,2394,30,20
/ 1364,2394,6,16
(Frequenz 1380,2394,84,24
als 1472,2395,22,19
-Live 1504,2398,41,16
in 1554,2399,14,15
Salz¬ 1578,2397,39,18
burg 1257,2416,38,23
2-) 1304,2417,24,20
HINDEMITH, 1256,2487,126,18
Paul 1391,2488,42,16
5 1256,2532,8,18
Klaviersonaten 1275,2531,122,18
' 1407,2532,6,7
Nr. 1256,2555,22,15
<EOS>
1 1290,2556,4,15
Okt 1314,2554,28,17
66. 1356,2554,25,19
<EOS>
Feh. 1391,2555,32,17
<EOS>
75 1433,2557,19,17
Nr. 1256,2578,22,16
<EOS>
2: 1289,2578,15,16
März 1314,2579,40,16
72. 1363,2579,24,17
<EOS>
Feh. 1398,2578,32,18
<EOS>
75 1440,2580,19,18
Nr. 1256,2601,22,15
<EOS>
.5: 1289,2601,15,18
<EOS>
Dez. 1315,2601,32,16
<EOS>
66. 1358,2599,25,20
<EOS>
Jan. 1389,2603,33,19
<EOS>
67 1433,2600,18,20
+ 1256,2650,7,13
Sonaten 1276,2647,65,17
fur 1354,2646,24,18
Blechblaser 1389,2647,97,18
und 1499,2649,29,17
Klavier 1541,2650,58,19
* 1611,2651,6,8
1975. 1256,2670,43,18
<EOS>
div. 1308,2669,28,17
<EOS>
Interpreten 1346,2670,93,23
Das 1256,2716,28,15
Marienleben 1294,2715,102,18
¦ 1406,2716,5,8
Nov.76. 1435,2717,59,19
<EOS>
|an. 1505,2720,29,19
<EOS>
März 1549,2720,39,18
77 1598,2722,18,18
mit 1255,2740,27,15
Roxolana 1292,2738,75,19
Roslak 1377,2739,51,18
(Sopran) 1440,2741,75,23
KRENEK, 1256,2808,87,18
Ernst 1352,2809,50,16
Klaviersonate 1255,2852,111,20
Nr. 1376,2857,22,15
<EOS>
.5 1408,2857,8,17
<EOS>
Inni 1441,2858,31,18
Juh 1484,2858,29,21
58 1525,2859,18,16
¦The 1255,2875,39,18
GG 1304,2878,21,16
Legaci 1335,2878,54,23
4- 1402,2878,16,18
(CBS) 1430,2878,48,22
dasselbe 1254,2922,68,18
(Live 1339,2923,41,19
in 1395,2926,14,15
Moskau 1424,2925,64,19
12 1504,2928,14,17
5.57) 1528,2929,43,19
<EOS>
mit 1589,2933,26,14
Kommentar 1254,2946,99,18
an 1365,2952,18,12
die 1395,2947,24,19
russischen 1432,2949,86,19
Studenten 1532,2952,83,18
LP: 1254,2970,26,16
Melodia 1291,2969,65,18
MIO 1366,2972,30,16
45965 1406,2971,51,19
009 1467,2973,31,19
CD: 1254,2992,30,17
Harmonium 1294,2993,100,18
Mundi 1405,2995,50,17
LDX 1466,2996,35,17
78^99 1510,2998,52,20
Wanderlied 1255,3038,92,18
im 1355,3040,19,16
Herbst 1383,3040,52,18
op 1443,3046,19,18
71 1478,3043,15,18
(TV 1503,3044,31,18
1+ 1544,3045,14,17
V 1568,3045,14,17
i^ 1591,3046,19,13
CBC) 1254,3062,40,19
* 1305,3062,6,7
Patricia 1321,3063,62,17
Rideout 1392,3064,64,18
(Sopran) 1467,3066,76,22
Nuova 1254,3086,51,16
Era 1318,3086,27,16
2.510 1356,3086,38,20
<EOS>
vom 1407,3092,35,12
GG-Zyklus 1455,3089,87,23
am 1554,3095,25,12
TV 1593,3092,22,16
<EOS>
<EOP>
MORAWET7, 1682,605,116,19
Oskar 1808,605,58,17
Fantasie 1681,650,67,17
in 1759,652,14,15
d-Moll 1782,650,54,18
Okt 1861,651,28,18
66 1903,650,20,19
* 1932,652,6,7
CD 1681,672,22,17
CBS/Sony 1712,671,85,23
28DC 1808,674,42,17
530.5 1860,675,40,18
<EOS>
MOZART, 1681,740,86,20
Woirgang 1777,741,90,23
Amadeus 1875,743,88,16
Fantasie 1681,786,67,16
in 1758,787,14,15
d-Moll 1782,786,54,17
KV 1846,787,22,16
397 1878,788,29,18
Nov. 1932,789,32,15
<EOS>
72 1975,789,18,17
Fantasie 1681,808,67,17
in 1758,809,14,16
c-Moll 1782,808,51,18
KV 1844,810,22,16
475 1875,809,30,18
Nov 1930,811,33,16
76 1974,809,18,20
Fantasie 1681,853,67,17
und 1758,853,29,17
Fuge 1797,855,38,20
KV 1846,855,21,16
59+ 1879,855,28,19
Jan 1929,857,26,19
58 1972,857,19,16
-The 1681,875,39,17
GG 1730,876,21,16
Legacy 1760,877,57,20
2- 1827,877,16,16
(CBS) 1855,876,49,20
Klavierkonzert 1681,920,121,19
Nr. 1812,923,22,16
<EOS>
24 1844,921,19,18
Jan. 1884,924,32,20
<EOS>
6l 1927,921,15,19
CBC 1680,945,32,16
Symphony 1718,944,88,22
Orchestra. 1814,944,83,19
<EOS>
Dir. 1905,947,26,15
<EOS>
W. 1939,947,18,16
<EOS>
Susskind 1966,946,74,18
dasselbe 1680,1013,68,17
(Live 1767,1013,42,20
in 1826,1015,15,15
Stockholm 1858,1013,90,18
.50.9.58) 1967,1015,71,20
<EOS>
Swedish 1680,1035,66,17
Radio 1770,1036,46,17
Symphony 1841,1035,89,28
Orchestra. 1954,1036,85,19
<EOS>
Dir. 1681,1059,27,16
<EOS>
G. 1726,1060,14,16
<EOS>
L. 1751,1060,13,16
<EOS>
Jochum.' 1781,1056,72,24
<EOS>
Virtuoso 1870,1060,68,17
2697062/ 1957,1058,83,22
BIS 1681,1082,26,16
CD 1715,1082,23,17
525 1748,1083,27,17
(Frequenz 1803,1082,83,22
als 1895,1082,21,17
-Live 1926,1084,42,16
in 1976,1085,15,15
Salz¬ 2000,1083,40,17
burg 1681,1104,36,23
2)- 1726,1105,27,19
Klaviersonaten, 1680,1150,128,20
sämtliche 1818,1151,80,17
1: 1682,1173,14,17
Nov. 1705,1173,34,17
<EOS>
67 1748,1172,19,18
2: 1792,1173,16,17
Aug./Okt./Nov. 1819,1173,127,22
<EOS>
67 1956,1172,18,20
3:Mai/Nov. 1680,1195,100,22
<EOS>
67 1790,1195,19,19
4: 1834,1195,16,19
Juli/Nov. 1856,1195,77,23
<EOS>
67 1942,1195,20,20
5: 1680,1219,15,18
Mai 1704,1219,28,16
67 1742,1218,19,19
6.-Sept./Okt. 1786,1218,110,23
<EOS>
68 1907,1218,18,18
8: 1679,1242,15,16
Jan./Feb. 1702,1241,78,22
<EOS>
69 1790,1240,18,22
9: 1833,1243,16,19
Juli 1856,1242,30,21
68 1896,1241,18,19
10: 1681,1265,24,16
Aug. 1716,1266,35,20
<EOS>
70 1761,1266,20,17
11: 1807,1266,23,16
Dez. 1841,1266,33,16
<EOS>
65. 1885,1264,23,19
<EOS>
Aug. 1919,1267,35,20
<EOS>
70 1965,1267,19,15
12:Juni/Sept. 1681,1286,119,24
<EOS>
65. 1810,1286,25,20
<EOS>
Mai 1845,1289,27,16
66 1882,1286,20,19
14: 1681,1309,24,18
Nov. 1715,1311,33,16
<EOS>
73. 1759,1311,24,18
<EOS>
Juni/Sept. 1790,1310,87,23
<EOS>
74 1888,1310,19,18
15: 1681,1334,23,16
Juli 1711,1333,29,21
67 1751,1331,19,20
16: 1797,1332,23,18
Aug. 1830,1335,35,21
<EOS>
Sept. 1880,1334,38,22
<EOS>
70. 1929,1334,23,18
<EOS>
Nov. 1963,1335,33,15
<EOS>
7+ 2007,1335,17,17
Sonate 1678,1378,55,17
in 1745,1380,14,15
f-Dur 1772,1378,44,18
mit 1827,1380,28,16
Rondo 1867,1378,50,18
KV 1930,1380,22,16
555 1965,1380,29,17
+94 2007,1380,30,19
April/Nov. 1678,1400,86,23
<EOS>
72. 1775,1402,24,17
<EOS>
März 1809,1403,40,15
75 1858,1402,19,17
10. 1679,1424,21,16
<EOS>
Jan. 1708,1425,31,20
<EOS>
58-GG 1752,1425,56,17
Legacy 1819,1426,56,21
2- 1885,1425,16,16
(CBS) 1913,1424,48,20
Klaviersonate 1678,1468,111,19
Nr. 1807,1471,21,15
<EOS>
10 1839,1471,15,15
(Live 1874,1470,41,18
in 1933,1475,14,11
Salzburg 1966,1469,71,23
25.8.59) 1677,1492,71,18
<EOS>
* 1760,1492,6,7
Frequenz 1775,1494,75,20
CMGI 1859,1493,43,16
Diverses 1676,1538,67,16
für 1755,1537,24,17
4 1790,1537,7,17
Hände 1810,1538,50,16
(private 1874,1538,65,27
Aufnahme 1952,1537,83,17
bei 1676,1559,24,17
A. 1710,1561,16,15
<EOS>
Guerrero. 1736,1561,75,16
<EOS>
40er 1820,1559,38,18
Jahre): 1864,1554,60,28
** 1933,1560,14,6
Allegro 1677,1582,60,22
di 1749,1582,14,17
molto 1779,1582,46,17
aus 1840,1588,26,11
der 1881,1582,27,17
Sonate 1921,1583,54,16
Nr 1991,1584,18,15
+. 2022,1588,13,12
<EOS>
KV 1677,1606,22,16
+97 1712,1606,30,19
; 1754,1613,5,9
Allegro 1774,1604,57,23
aus 1844,1610,26,12
der 1884,1604,26,18
Sonate 1922,1606,54,16
Nr. 1990,1606,21,16
<EOS>
5. 2023,1606,12,17
<EOS>
KV 1676,1629,22,16
521/5 1709,1626,59,24
Variationen. 1779,1629,98,17
<EOS>
KV 1888,1629,22,16
501 1920,1629,25,17
Fantasie 1676,1652,67,16
Nr. 1756,1652,22,16
<EOS>
1, 1788,1652,10,17
KV 1811,1652,23,16
594. 1846,1650,34,20
<EOS>
alle 1894,1650,27,18
mit 1934,1654,27,13
Alberto 1974,1650,61,18
Guerrero 1676,1674,71,16
(Klavier) 1759,1673,74,19
/ 1845,1676,6,15
Vox 1862,1675,29,15
turnabout 1902,1672,82,18
-The 1996,1673,39,17
Young 1676,1697,53,21
GG 1737,1697,22,16
II- 1769,1697,17,16
TY-34793X 1796,1695,95,20
PROKOFIEW, 1674,1767,124,19
Sergej 1808,1765,56,22
Klaviersonate 1674,1809,112,19
Nr. 1795,1812,22,15
<EOS>
7 1827,1811,9,17
Juni 1856,1811,35,20
Juli 1902,1809,29,22
67 1941,1808,19,19
-The 1674,1833,39,17
GG 1723,1834,20,16
Legacy 1753,1835,58,21
4- 1819,1832,17,18
(CBS) 1847,1831,50,22
dasselbe 1673,1878,69,18
(wohl 1751,1878,48,19
TV 1808,1879,22,15
14.1 1839,1877,29,17
<EOS>
62. 1875,1876,25,19
<EOS>
CBC-Aufnahme 1908,1877,126,19
1961) 1675,1899,41,22
* 1724,1900,6,8
Nuova 1736,1902,50,16
Era 1793,1902,26,16
2273 1825,1901,39,18
aus 1872,1905,26,12
dem 1905,1900,35,17
GG-Zyklus 1946,1901,88,22
am 1673,1929,24,12
TV 1708,1924,23,17
-The 1673,1968,39,17
Winter 1718,1969,55,16
Fairy- 1779,1969,48,22
aus 1833,1973,27,12
-Cinderella- 1866,1968,98,17
(Trans. 1973,1969,59,20
<EOS>
M. 1672,1992,18,15
<EOS>
Fichtengoltz) 1701,1991,109,22
"* 1820,1990,14,7
mit 1843,1992,27,15
Albert 1880,1991,50,16
Pratz 1939,1992,41,16
(Vio¬ 1991,1991,42,20
line) 1672,2012,37,22
/ 1719,2012,11,25
Vox 1739,2014,30,16
turnabout 1781,2013,83,17
-The 1875,2013,39,17
voung 1926,2018,51,18
GG 1988,2015,21,17
I- 2021,2017,11,15
TV-34792X 1671,2036,96,20
RAVEE, 1671,2104,67,19
Maurice 1748,2104,77,16
La 1670,2150,18,15
Valse 1698,2148,40,18
op. 1748,2154,25,17
<EOS>
+5. 1783,2150,25,17
<EOS>
Klaviertranskription 1819,2149,172,24
von 2002,2157,29,12
GG 1670,2172,21,16
(wohl 1699,2170,49,20
TV 1755,2172,23,16
5.2.75) 1786,2171,61,20
<EOS>
* 1854,2171,7,7
Nuova 1868,2173,51,16
Era 1926,2174,27,16
2310 1960,2174,37,19
aus 2005,2180,27,12
dem 1670,2193,35,17
GG-Zyklus 1715,2193,87,22
am 1811,2199,25,12
TV 1846,2195,23,16
<EOS>
<EOP>
SCARLATTI. 1669,2261,118,17
<EOS>
Domenico 1797,2263,99,17
Sonaten 1670,2306,66,17
L. 1745,2307,14,16
<EOS>
415. 1767,2306,32,20
<EOS>
46.5. 1809,2305,36,22
<EOS>
486.Jan. 1855,2307,71,24
<EOS>
68 1936,2309,20,18
Feb 1970,2311,28,17
80 2013,2313,19,16
¦SilverJubilee 1670,2327,117,24
Album- 1795,2330,64,18
(als 1869,2332,29,19
CD,- 1907,2333,29,17
CBS/Sony 1945,2333,86,21
46DC 1669,2350,42,19
5304-5) 1721,2351,67,22
SCHONBERG, 1669,2421,128,21
Arnold 1806,2423,68,17
Fantasie 1669,2467,68,17
fur 1751,2465,24,20
Violine 1789,2468,58,19
und 1860,2470,31,17
Klavier 1905,2470,59,18
on 1978,2477,18,11
+7 2013,2474,18,16
]uli 1667,2488,29,22
64, 1706,2488,25,22
mit 1741,2491,28,17
Israel 1778,2491,45,18
Baker 1833,2492,48,18
dasselbe 1669,2535,68,19
(TV 1752,2535,31,22
18.5.66. 1797,2537,64,19
<EOS>
aufgenommen 1875,2538,120,24
bei 2008,2541,23,18
CBC 1669,2559,32,17
1965) 1711,2558,46,22
* 1768,2559,7,7
mit 1784,2561,28,17
Yehudi 1821,2561,56,19
Menuhin 1887,2563,74,18
Music 1670,2582,48,17
and 1726,2582,29,18
Arts 1764,2585,33,16
Programs 1807,2586,79,21
CD 1896,2587,22,17
298 1927,2587,30,20
/ 1965,2586,8,18
Nuova 1981,2588,52,17
Era 1670,2605,27,17
2206 1706,2604,41,19
vom 1757,2611,35,13
GG-Zyklus 1803,2608,86,23
am 1899,2615,25,11
TV 1934,2610,23,16
Klavierkonzert 1670,2651,123,19
op. 1803,2659,24,17
<EOS>
+2 1838,2655,19,17
Jan 1879,2657,27,20
61 1922,2655,15,18
CBC 1670,2675,32,17
Symphony 1712,2675,87,24
Orchestra. 1808,2677,83,20
<EOS>
Dir. 1900,2680,27,17
<EOS>
Robert 1935,2679,53,18
Craft 1995,2679,38,18
dasselbe 1670,2720,69,19
(Live 1750,2721,42,21
in 1803,2725,13,16
New 1826,2725,37,17
York 1874,2725,36,17
16 1921,2724,15,18
.5.58) 1945,2725,44,20
<EOS>
* 2000,2725,7,7
New 1670,2745,36,17
York 1721,2745,38,18
Philharmonie 1775,2746,114,19
Orchestra. 1904,2748,84,19
<EOS>
Dir. 2004,2750,28,16
<EOS>
Dimitri 1670,2768,59,17
Mitopoulos 1739,2769,92,22
' 1847,2769,2,6
<EOS>
<EOP>
Nuova 1858,2772,52,16
Era 1921,2772,26,17
013.6506 1957,2770,75,21
<EOS>
5 1670,2814,8,19
Klavierstucke 1689,2813,112,20
op. 1811,2820,24,19
<EOS>
II 1848,2818,14,16
Juni 1886,2818,35,20
Juli 1932,2817,30,22
58 1973,2819,18,16
5 1670,2861,7,18
Klavierstücke 1688,2860,112,20
op. 1810,2868,25,17
<EOS>
25 1846,2863,18,19
Nov 1889,2864,28,16
65 1932,2863,19,18
Klavierstücke 1670,2906,112,19
op. 1792,2913,24,17
<EOS>
33a 1827,2909,30,19
+ 1866,2915,9,9
35b 1886,2909,29,20
Nov 1940,2911,28,15
65 1983,2908,19,18
6 1670,2951,8,19
kleine 1688,2952,49,19
Klavierstucke 1747,2953,111,19
op 1869,2960,19,17
19 1906,2957,17,18
Juoi 1667,2977,35,20
6+. 1712,2975,25,19
<EOS>
Sept. 1747,2978,39,21
<EOS>
65 1796,2975,18,20
Lieder, 1670,3022,56,18
samtliche: 1748,3023,89,17
op. 1860,3029,25,16
<EOS>
1 1897,3024,3,16
mit 1924,3026,28,14
Donald 1974,3023,57,18
Gramm 1670,3045,61,17
(Bassbariton), 1749,3045,121,20
op. 1887,3051,24,18
<EOS>
2 1922,3047,8,16
mit 1946,3048,28,15
Ellen 1991,3046,40,18
Faull 1670,3067,39,17
(Sopran). 1721,3067,82,23
<EOS>
Das 1814,3070,28,16
Buch 1853,3069,39,17
der 1903,3069,27,17
hängenden 1941,3069,90,22
Gärten 1670,3091,56,16
op. 1736,3095,24,18
<EOS>
15 1771,3092,15,17
und 1798,3091,31,17
op. 1839,3096,25,18
<EOS>
3.6.12,14.48. 1875,3090,105,21
<EOS>
post- 1991,3095,40,20
hum 1670,3112,38,18
mit 1718,3116,27,15
Helen 1754,3113,46,18
Vanni 1810,3115,46,16
(Mezzosopran) 1867,3115,124,23
und 2002,3115,30,18
anderen. 1670,3136,70,18
<EOS>
1965. 1752,3135,41,21
<EOS>
68. 1803,3136,25,19
<EOS>
"'O 1839,3139,19,16
89 1011,3197,29,30
<EOS>
<EOP>
