2176,3261
Beginn 235,665,66,25
der 311,664,31,20
Musiktheoriestunden 351,662,205,22
bei 567,661,27,21
Leo 236,700,33,19
Smith, 279,699,64,22
die 353,699,28,20
GG 390,699,25,20
bis 425,698,26,20
1947 462,699,43,22
besucht. 516,696,78,22
<EOS>
Der 235,735,33,20
Anfang 280,732,69,28
von 361,740,34,14
GGs 407,735,33,19
Tablettensucht 454,732,140,21
lässt 235,769,44,21
sich 295,769,36,20
vergleichsweise 349,767,148,28
harmlos 515,767,79,20
an: 235,810,31,16
Als 275,803,29,22
er 312,810,19,15
beobachtet, 340,803,111,22
wie 461,805,33,18
ein 504,804,27,19
krän¬ 542,802,52,21
kelnder 236,839,71,21
Schulkamerad 317,838,138,21
von 466,844,34,15
den 511,838,33,21
Mit¬ 556,840,38,19
schülern 236,874,81,22
herablassend 344,874,123,21
gemustert 496,877,99,23
wird, 236,909,48,23
befallt 291,908,60,22
GG 357,911,26,19
die 389,909,28,21
Furcht, 424,909,67,22
seinerseits 499,911,96,19
einmal 235,945,65,21
durch 312,945,55,21
eine 378,947,39,19
Krankheit 428,945,95,21
in 536,951,16,14
der 565,944,30,21
Öffentlichkeit 235,978,132,24
blossgestellt 383,980,117,28
zu 516,987,20,15
wer¬ 552,986,42,15
den. 235,1016,40,21
<EOS>
Und 289,1016,36,21
so 337,1023,19,14
trabt 367,1016,46,21
er 424,1023,19,14
noch 455,1015,45,22
am 511,1023,29,14
glei¬ 553,1015,41,27
chen 235,1052,45,21
Nachmittag 294,1052,114,28
mit 421,1054,32,19
zwei 466,1054,42,19
Brause¬ 522,1053,72,20
tabletten 235,1087,87,21
in 335,1090,16,17
der 365,1087,30,21
Tasche 408,1087,63,21
zur 483,1094,31,14
Schule. 527,1086,68,22
<EOS>
Bald 235,1123,42,21
verfügt 296,1122,70,28
er 385,1129,18,15
über 422,1123,45,21
ein 484,1125,28,19
ganzes 532,1129,63,22
Arsenal 235,1158,70,21
mit 314,1161,32,18
solchen 355,1158,72,21
Brausetabletten, 436,1158,159,25
Aspirin 236,1195,69,26
und 313,1194,35,20
stärkeren 357,1194,91,21
medizinischen 457,1194,138,21
Pillen. 235,1228,59,22
<EOS>
Das 231,1301,33,20
von 274,1306,34,14
GG 318,1300,25,21
über 354,1300,43,21
seine 406,1303,47,19
Kindheit 462,1300,81,22
ver¬ 554,1307,36,15
breitete 230,1335,72,21
Bild 311,1335,36,21
des 356,1335,31,21
ausgestossenen 395,1340,147,22
Ein¬ 551,1338,39,18
zelgängers 230,1370,100,26
muss 344,1377,51,14
aufgrund 408,1370,88,28
von 511,1378,34,15
Ge¬ 560,1373,29,19
sprächen 230,1405,88,28
mit 325,1407,31,19
seinem 364,1408,66,19
Vater 439,1408,48,19
und 494,1406,34,21
seiner 537,1409,55,18
Cousine 229,1442,76,19
Jessie 312,1442,55,24
Greig 378,1442,50,25
relativiert 439,1442,94,20
wer¬ 546,1449,43,14
den: 230,1477,43,20
Als 288,1475,28,21
vielbewundertes 329,1475,163,23
Wunder¬ 507,1477,83,22
kind 231,1511,41,21
hat 282,1510,29,22
GG 320,1512,25,19
durchaus 354,1510,89,22
viele 452,1511,45,21
Freunde, 507,1513,83,22
mit 230,1549,32,18
denen 268,1546,57,21
er 333,1552,18,14
Musikstücke 357,1545,121,22
einübt 485,1547,63,21
und 555,1548,35,21
Kinderstreiche 231,1580,138,23
verübt. 380,1581,68,20
<EOS>
<EOP>
•«„ 1593,608,42,29
'VAIE 1679,599,124,33
MI 1613,664,46,23
* 1670,676,10,11
f 1709,668,15,30
*i 1731,672,16,15
1 1817,659,11,23
Der 1850,665,36,17
knapp 1899,665,63,20
<EOS>
<EOP>
s, 1671,711,12,8
rfB 1706,698,49,22
1 1817,689,11,27
10jährige 1851,699,106,22
GG 1970,699,25,17
<EOS>
<EOP>
' 1596,745,3,5
<EOS>
<EOP>
<EOS>
Jf*.:#•¦•*'' 1645,738,55,21
<EOS>
1 1709,747,4,7
*t^HJ 1720,735,42,24
1 1817,727,12,25
mit 1851,734,32,18
Sir 1897,734,30,18
Nichol- 1941,735,80,17
<EOS>
<EOP>
-•* 1593,792,20,9
iéé3 1692,783,48,20
<EOS>
<EOP>
1 1816,764,12,23
son 1850,775,35,11
o( 1900,770,19,17
Gare- 1934,770,57,17
I 1817,798,12,24
1 1851,804,3,17
oche 1860,804,49,18
ed 1916,805,21,17
<EOS>
<EOP>
'"::;¦ 944,312,20,13
<EOS>
<EOP>
^«Eftö 1161,869,126,54
<EOS>
<EOP>
p 1405,1011,6,12
* 1424,1011,6,12
<EOS>
<EOP>
21 1472,1407,47,53
<EOS>
<EOP>
Beginn 229,1657,66,25
der 306,1654,31,21
Orgelstunden 347,1653,129,27
bei 487,1654,28,20
Frede¬ 527,1654,61,22
rick 231,1691,34,21
C. 279,1692,16,18
<EOS>
Silvester. 302,1689,85,21
<EOS>
Damals 400,1687,72,22
vertritt 483,1691,68,18
GG 565,1691,25,19
noch 230,1726,44,22
die 283,1725,27,22
Ansicht. 318,1723,77,22
<EOS>
Bach 405,1722,45,21
dürfe 459,1722,51,21
nur 518,1730,34,14
auf 559,1723,33,22
Orgel 229,1761,50,27
gespielt 286,1759,73,28
werden; 367,1759,78,21
später 454,1761,59,23
wird 520,1759,44,20
er 572,1765,17,14
zu 230,1804,21,15
demjenigen 262,1797,114,25
Pianisten, 388,1796,94,18
der 493,1793,31,21
dieses 534,1793,56,21
Vorurteil 230,1830,83,25
mit 327,1831,31,21
seinem 371,1831,66,20
Spiel 450,1828,45,27
am 510,1835,28,13
ein¬ 552,1835,36,14
drucklichsten 230,1867,131,23
demontiert. 375,1865,112,21
<EOS>
Da 502,1865,25,18
beim 541,1864,47,20
Orgelspiel 231,1902,94,29
das 340,1902,31,21
Absetzen 386,1900,85,21
der 485,1898,31,21
Finger 530,1900,61,25
<EOS>
<EOP>
entscheidend 645,1656,126,21
ist. 784,1659,25,20
<EOS>
hat 822,1657,30,21
GG 864,1659,26,19
nach 903,1657,44,21
eige¬ 959,1659,46,25
ner 647,1698,29,13
Aussage 696,1693,77,26
seinen 792,1694,59,19
Orgelanschlag 871,1692,136,28
zur 644,1732,32,14
Grundlage 693,1727,99,27
seines 809,1730,55,18
Klavierspiels 883,1727,122,28
genommen-. 644,1767,119,19
<EOS>
-Gould 790,1763,65,20
spielte 882,1763,61,27
von 971,1770,34,15
unten 646,1799,55,17
nach 718,1797,43,21
oben 777,1797,46,22
sozusagen, 840,1805,102,20
nicht 959,1798,47,21
wie 644,1830,34,21
alle 684,1830,34,22
andern 724,1832,66,21
von 798,1839,33,14
oben 838,1833,48,21
nach 892,1834,44,21
unten. 944,1838,60,18
<EOS>
Das 645,1866,33,20
war 690,1873,35,13
sein 737,1869,35,18
Geheimnis.- 784,1868,118,21
<EOS>
(Thomas 917,1869,89,23
Bernhard, 646,1900,94,22
in 753,1902,15,20
-Der 781,1904,42,19
Untergeher-) 834,1904,125,26
<EOS>
<EOP>
GG 1054,1659,25,18
entdeckt 1093,1657,84,20
das 1190,1657,32,20
wahre 1236,1657,59,21
Wesen 1309,1659,60,19
der 1384,1657,30,21
Polyphonie 1056,1692,111,27
und 1177,1692,35,21
des 1223,1692,31,22
Kontrapunktes, 1265,1692,149,27
als 1054,1727,25,21
ein 1100,1730,28,18
Stäubsauger 1150,1727,118,27
eingeschaltet 1289,1727,124,27
wird 1054,1763,43,20
und 1107,1764,36,20
er 1153,1770,19,14
sich 1181,1763,37,21
beim 1228,1763,48,21
Spielen 1287,1763,70,27
einer 1367,1765,48,19
Mozartfuge 1055,1797,107,28
selber 1175,1798,56,21
nicht 1244,1798,47,21
mehr 1306,1797,50,22
hört, 1369,1798,45,22
-nur 1054,1841,43,14
noch 1112,1834,45,21
die 1173,1834,28,21
taktile 1217,1834,60,21
Präsenz 1293,1836,75,20
der 1383,1834,32,22
Fuge 1055,1871,45,26
spürt-. 1112,1873,65,24
<EOS>
Der 1190,1871,33,20
Kontrapunkt 1234,1869,125,28
wird 1371,1870,44,21
zu 1054,1912,21,13
seinem 1085,1908,66,18
musiktheoretischen 1162,1905,192,22
Stek- 1365,1905,49,21
<EOS>
<EOP>
kenpferd. 1470,1655,90,27
<EOS>
er 1573,1663,18,13
betrachtet 1604,1655,99,21
ihn 1716,1655,31,21
als 1760,1656,25,21
das 1798,1656,32,21
oberste 1471,1691,70,21
musikalische 1551,1690,125,22
Ordnungsprin¬ 1687,1691,143,28
zip; 1469,1728,35,26
-dies 1521,1726,44,22
war 1581,1733,35,15
unabdingbar, 1632,1726,125,27
damit 1773,1727,56,21
Bach 1470,1762,46,20
in 1523,1764,17,18
mein 1547,1764,47,18
Leben 1602,1762,57,20
treten 1666,1766,57,16
konnte... 1731,1762,98,21
<EOS>
der 1471,1797,30,22
wahre 1510,1797,58,22
Grund, 1578,1797,63,22
weshalb 1651,1797,78,22
ich 1740,1797,26,22
Musi¬ 1777,1799,53,20
ker 1470,1833,29,21
geworden 1510,1833,92,28
bin.- 1614,1832,44,23
<EOS>
<EOP>
1944 28,2394,50,29
<EOS>
<EOP>
'945 28,2855,49,30
<EOS>
<EOP>
Komposition 230,1978,123,25
des 376,1974,30,21
kurzen 428,1973,65,21
Chorals 516,1971,72,21
-Our 230,2014,46,20
Gifts- 290,2010,51,23
im 356,2012,24,19
Rahmen 396,2008,78,22
einer 489,2009,48,20
Rot¬ 551,2008,37,20
kreuzfeier, 229,2046,100,23
an 339,2052,22,16
der 371,2046,30,21
die 410,2045,28,21
Partitur 448,2046,74,18
für 532,2041,27,22
10 571,2044,17,18
kanadische 230,2083,106,22
Cents 345,2084,51,18
verkauft 406,2079,79,22
wird, 494,2079,50,20
von 554,2084,34,15
deren 229,2120,53,20
kompositorischer 299,2115,168,30
Simplizität 483,2113,105,28
der 229,2155,30,21
Text 266,2156,40,20
ein 314,2156,28,19
beredtes 351,2152,80,22
Abbild 439,2150,63,23
ist: 511,2152,29,19
-We 549,2151,38,20
<EOS>
<EOP>
are 643,1978,29,14
the 678,1971,31,22
boys, 715,1972,50,27
we 772,1980,26,14
are 804,1980,29,15
the 839,1974,30,22
girls 875,1975,41,27
of 923,1975,19,21
all 947,1976,22,20
the 976,1977,29,20
public 644,2006,60,27
schools. 714,2007,76,21
<EOS>
We 802,2009,28,20
have 842,2008,44,22
a 897,2017,9,13
red 918,2010,29,21
cross 958,2017,47,15
job 643,2041,29,27
to 680,2045,19,17
do... 706,2041,54,21
<EOS>
And 770,2043,37,20
many 815,2050,54,21
men 878,2051,41,14
will 928,2046,35,20
live 972,2046,32,21
again, 644,2083,57,19
that 713,2077,37,20
little 761,2077,43,21
gifts 814,2078,42,26
have 867,2079,45,21
fed.- 922,2079,45,22
<EOS>
Beginn 644,2113,66,26
der 721,2112,31,21
Klavierstunden 761,2112,147,22
am 919,2121,29,13
TCM 960,2117,43,18
beim 643,2147,46,21
Chilenen 699,2146,82,22
Alberto 790,2147,71,21
Guerrero. 870,2150,88,20
<EOS>
Wie 968,2151,35,20
<EOS>
<EOP>
'LlÉÉi 463,2333,180,60
"- 664,2362,30,23
t 733,2350,30,49
t 816,2355,32,50
_ 355,2398,15,2
^ 384,2398,12,13
^p»^_., 413,2398,65,18
<EOS>
.^ 536,2401,8,9
<EOS>
<EOP>
<EOS>
\r 714,2394,24,20
L 749,2404,5,7
<EOS>
<EOP>
* 828,2394,8,7
<EOS>
<EOP>
* 852,2403,7,8
'i' 355,2426,15,19
<EOS>
<EOP>
' 400,2416,10,7
*m 423,2431,38,15
£ 511,2426,22,20
% 575,2410,27,36
m 655,2430,21,16
!&¦¦ 732,2414,38,32
<EOS>
A 827,2418,30,28
<EOS>
<EOP>
¦ 367,2501,4,6
« 413,2493,22,20
'9- 487,2486,36,27
- 581,2505,20,8
»ft 649,2495,23,18
•Vf' 705,2484,80,29
s 802,2492,24,21
<EOS>
<EOP>
17 533,2518,119,66
<EOS>
<EOP>
-Mû/m 499,2780,76,21
J6ec&z2àjû 589,2775,119,26
— 715,2788,34,3
<EOS>
<EOP>
schon 1053,1977,56,20
GGs 1124,1979,35,19
Mutter 1174,1980,66,18
stört 1256,1980,44,18
sich 1317,1976,36,21
auch 1369,1976,45,21
Guerrero 1053,2013,83,20
weder 1148,2013,59,20
an 1218,2018,22,15
GGs 1251,2013,34,20
Mitsummen 1297,2013,117,21
noch 1053,2046,45,22
an 1110,2053,22,15
seiner 1144,2049,55,19
ungewöhnlich 1211,2046,137,28
tiefen 1360,2046,53,22
Position 1054,2083,78,18
am 1146,2088,30,13
Klavier. 1190,2082,72,20
<EOS>
Guerrero 1278,2084,83,18
sitzt 1376,2084,39,18
selber 1053,2116,56,20
etwas 1119,2120,55,17
tiefer 1184,2116,50,21
als 1245,2117,25,20
es 1280,2123,19,14
von 1310,2123,35,14
einem 1356,2119,57,18
Klavier-Knigge- 1052,2151,165,27
vorgeschrieben 1267,2151,145,27
wurde. 1053,2185,66,21
<EOS>
GGs 1134,2187,34,19
Klavierhocker 1181,2185,137,21
hat 1332,2186,30,20
ihm 1376,2186,37,20
sein 1052,2221,37,18
Vater 1102,2221,49,19
auf 1162,2218,32,22
den 1203,2220,34,20
Leib 1250,2220,39,21
gezimmert, 1302,2223,110,24
d. 1052,2254,16,20
<EOS>
h.. 1075,2254,23,22
<EOS>
er 1106,2261,18,14
hat 1130,2254,30,21
einem 1168,2256,57,19
bestehenden 1233,2255,121,21
Stuhl 1362,2255,50,21
die 1052,2289,28,21
Beine 1091,2290,52,20
abgesägt 1155,2289,86,27
und 1253,2289,36,21
verstellbare 1301,2289,112,21
Schraubfüsse 1052,2323,128,21
angebracht. 1195,2324,112,26
<EOS>
Doch 1324,2324,48,20
GG 1388,2326,25,18
<EOS>
<EOP>
wird 1472,1977,43,20
diese 1524,1977,47,21
Schrauben 1581,1977,102,20
nie 1694,1979,28,18
mehr 1732,1976,51,21
dre¬ 1793,1977,37,19
hen, 1472,2012,40,22
er 1527,2018,17,15
wird 1557,2012,42,21
überhaupt 1615,2012,100,27
an 1728,2018,22,14
diesem 1764,2011,66,21
Stuhl, 1471,2047,56,22
den 1533,2047,34,21
er 1574,2054,18,14
-meinen 1599,2050,79,18
besten 1685,2046,61,22
Freund¬ 1754,2046,75,22
nennt, 1472,2086,59,17
kein 1549,2082,39,21
Tutteichen 1604,2082,105,20
mehr 1726,2081,50,21
ver¬ 1793,2088,37,13
ändern: 1471,2118,74,20
So 1554,2119,23,19
verkommt 1587,2118,101,20
der 1698,2117,32,20
Stuhl 1737,2116,50,21
mit 1797,2118,33,18
den 1469,2152,35,21
Jahren 1517,2152,64,26
immer 1599,2155,63,18
mehr 1678,2151,51,22
zu 1744,2158,21,14
einer 1782,2153,48,19
knarrenden 1471,2187,110,20
Ruine, 1590,2189,58,19
die. 1659,2187,33,20
<EOS>
weil 1702,2186,38,20
schliess¬ 1750,2186,79,20
lich 1470,2221,33,21
als 1516,2222,25,20
Sitz 1554,2223,35,20
nur 1603,2228,34,14
noch 1648,2221,45,21
die 1708,2221,28,21
Holzver¬ 1748,2221,81,20
strebungen 1469,2256,107,27
übrig 1589,2256,51,27
bleiben. 1651,2256,76,22
<EOS>
GGs 1740,2257,34,19
Hin¬ 1787,2257,41,19
tern 1469,2294,39,17
in 1519,2294,17,17
Mitleidenschaft 1548,2290,146,21
zieht. 1705,2290,50,21
<EOS>
<EOP>
Nachdem 1052,2395,91,21
die 1154,2396,27,20
Eltern 1191,2396,58,20
ihrem 1260,2396,56,20
Kind 1328,2397,41,20
das 1381,2397,31,20
Schicksal 1052,2431,87,21
eines 1146,2433,46,19
Wunderkindes 1200,2431,139,21
erspart 1345,2436,66,23
haben, 1052,2465,65,24
und 1126,2466,36,22
GG 1171,2468,24,20
bislang 1205,2466,68,27
lediglich 1283,2466,81,27
ver¬ 1374,2473,37,15
einzelt 1052,2501,62,21
vor 1120,2508,31,14
der 1158,2501,31,21
-Missionary 1195,2504,114,25
Society 1317,2504,70,25
of 1394,2501,21,22
Women- 1052,2539,82,19
in 1150,2539,17,19
der 1183,2537,30,21
presbyterianischen 1229,2537,182,28
Emmanuelkirche 1052,2572,166,21
gespielt 1226,2572,74,28
hat. 1308,2572,34,23
<EOS>
tritt 1350,2576,35,17
er 1394,2580,18,14
nun 1053,2615,37,14
zum 1096,2615,42,14
ersten 1145,2612,57,17
Mal 1210,2609,33,20
in 1251,2610,16,19
einem 1274,2611,58,19
offiziel¬ 1339,2608,72,22
len 1052,2644,28,21
Rahmen 1096,2644,79,21
auf 1190,2643,32,22
und 1236,2644,35,21
gewinnt 1286,2647,80,24
am 1382,2651,29,15
15. 1054,2681,24,21
<EOS>
Februar 1088,2680,74,21
die 1171,2680,28,21
-Piano 1209,2681,63,20
Trophy 1281,2680,68,28
Com¬ 1360,2681,52,21
petition- 1053,2718,83,25
am 1159,2722,29,14
Kiwanis-Festival 1212,2716,160,21
in 1396,2719,16,19
Toronto. 1052,2753,80,20
<EOS>
Ein 1053,2789,31,19
gewisser 1096,2790,83,24
Nicholas 1190,2787,83,21
Kilburn 1286,2787,73,23
gibt. 1372,2789,41,27
<EOS>
<EOP>
nachdem 1470,2397,87,20
er 1571,2404,18,13
GG 1602,2399,24,18
am 1641,2404,29,13
Klavier 1685,2397,68,20
gehört 1766,2397,64,27
Die 1857,2400,31,19
Silber¬ 1902,2401,78,19
hat, 1469,2432,36,22
das 1512,2432,31,21
Klavierspiel 1553,2432,112,28
zugunsten 1674,2437,99,22
eines 1782,2435,48,19
m 1856,2442,13,12
e 1875,2442,7,12
d 1889,2438,8,16
a 1902,2443,8,11
i 1916,2438,3,17
11 1925,2438,12,17
e 1943,2443,8,13
n 1957,2443,8,13
- 1971,2447,5,3
<EOS>
<EOP>
Fagotts 1470,2469,69,24
auf 1556,2466,32,22
und 1604,2467,34,21
antizipiert 1656,2470,100,25
damit 1773,2469,57,21
Gewinner 1857,2472,101,20
des 1973,2475,35,17
in 1471,2504,16,19
der 1499,2503,31,20
Realität 1543,2502,70,22
das 1626,2503,32,21
fiktive 1670,2502,61,23
Schicksal 1743,2504,88,22
Toronto 1857,2508,87,19
zweier 1469,2540,60,19
Figuren 1538,2540,70,25
aus 1617,2545,31,15
Bernhards 1658,2539,95,22
-Unter- 1763,2543,67,19
Conservatory 1857,2544,150,24
geher-, 1470,2573,68,28
die 1549,2574,27,21
nach 1586,2574,44,22
einem 1640,2577,58,20
Kurs 1709,2577,43,21
zusam- 1761,2583,70,15
of 1858,2581,20,17
Music 1891,2581,62,18
men 1471,2616,41,15
mit 1524,2613,31,18
GG 1568,2612,25,19
ihre 1606,2610,36,22
Pianistenlaufbahn 1655,2611,177,24
trotz 1471,2649,43,18
bester 1532,2646,59,22
Aussichten 1610,2648,105,21
aufgeben: 1735,2648,96,27
-Wenn 1472,2684,65,19
wir 1552,2685,32,18
dem 1599,2682,43,22
Ersten 1658,2686,62,19
begegnen, 1735,2684,98,28
müssen 1472,2721,73,19
wir 1565,2721,34,19
aufgeben.- 1617,2719,104,28
<EOS>
(in 1744,2722,26,23
-Der 1792,2723,43,19
1 1472,2756,3,18
mergeltet 1488,2755,88,25
i 1596,2760,2,15
<EOS>
<EOP>
Der 228,2873,33,18
Steinway 273,2871,87,26
CD 375,2871,26,20
ils 417,2871,29,20
wird 461,2868,41,21
gebaut, 516,2867,72,27
auf 229,2905,31,22
dem 266,2906,40,21
GG 315,2907,25,20
später 349,2908,59,24
die 416,2905,28,20
meisten 451,2906,75,18
seiner 535,2904,55,20
Interpretationen 229,2943,158,25
einspielen 399,2940,96,27
wird. 507,2938,48,21
<EOS>
10. 229,2979,24,19
<EOS>
März: 261,2979,53,19
GG 322,2979,24,18
w 354,2984,13,12
ird 373,2976,23,21
zum 404,2982,41,14
ersten 453,2979,57,17
Mal 519,2973,31,21
am 559,2979,29,14
Radio 229,3012,55,22
gesendet 291,3012,82,28
: 381,3022,2,10
den 393,3012,33,20
als 434,3011,26,20
erstes 468,3014,54,17
Hono¬ 532,3011,56,18
rar 229,3055,28,14
eingestrichenen 267,3046,150,29
10,5-Check 432,3045,102,25
wird 547,3044,41,21
er 229,3090,17,14
bis 258,3084,26,20
zu 296,3090,22,14
seinem 330,3089,65,14
Tod 409,3081,32,22
aufbewahren: 455,3079,133,24
GG 230,3121,25,18
ist 265,3123,20,16
allgemein 296,3118,94,27
nicht 401,3117,48,22
ganz 459,3123,46,21
frei 515,3115,29,22
von 556,3122,34,14
<EOS>
<EOP>
Aberglauben. 648,2864,127,27
<EOS>
Vor 788,2865,31,20
allem 831,2863,52,21
im 897,2866,23,18
Zusam¬ 934,2864,72,20
menhang 648,2900,89,27
mit 748,2902,32,19
Geld 791,2899,41,21
nicht: 844,2899,56,21
An 913,2901,24,18
einem 949,2905,57,14
Ii. 649,2939,22,18
<EOS>
vv 680,2944,12,13
ird 699,2935,22,22
er 729,2942,19,15
nie 754,2938,28,19
Checks 789,2935,68,22
unterzeichnen, 865,2935,141,22
aber 647,2973,41,21
auch 699,2971,43,22
an 753,2978,22,14
anderen 786,2971,76,21
Tagen 872,2973,56,24
Checks 939,2970,68,21
zerreissen 648,3010,92,19
und 748,3007,35,22
zurückrufen, 791,3006,124,23
die 923,3007,28,21
er 958,3012,18,16
als 983,3006,25,22
-pechbringend- 648,3042,148,30
empfindet, 804,3041,104,29
um 917,3049,30,14
einen 957,3045,50,18
neuen 648,3086,55,14
-glückbringenden- 712,3078,179,28
Check 900,3078,58,21
aus¬ 968,3085,38,14
zustellen. 649,3115,90,21
<EOS>
<EOP>
Der 1052,2863,33,20
Zweite 1096,2863,65,20
Weltkrieg, 1173,2862,99,27
den 1284,2863,34,20
GG 1331,2864,25,20
zwar 1369,2869,46,16
nur 1054,2904,33,14
am 1096,2904,29,14
Radio 1137,2897,53,21
miterlebt 1201,2897,89,22
hat. 1301,2897,35,23
<EOS>
hinter- 1349,2898,64,23
lässt 1053,2934,43,21
dennoch 1104,2934,82,21
Spuren: 1195,2935,77,27
Zeitlehens 1280,2935,98,22
ein 1386,2938,28,19
überzeugter 1053,2970,115,27
Pazifist 1186,2969,68,22
und 1274,2971,35,20
Sozialist, 1329,2972,85,21
wird 1054,3006,42,21
GG 1104,3007,25,20
für 1135,3005,28,22
den 1170,3006,34,21
Film 1212,3006,43,21
-The 1263,3007,46,21
Wars-, 1316,3008,62,21
der 1385,3007,31,22
auf 1054,3040,32,23
einer 1099,3044,47,19
Novelle 1162,3042,70,21
des 1248,3042,30,21
kanadischen 1296,3042,119,23
Schriftstellers 1054,3078,133,21
Timothv 1201,3078,79,21
Findley 1300,3079,69,27
be¬ 1385,3079,30,21
ruht, 1056,3114,46,22
die 1110,3114,27,21
Musik 1146,3114,57,21
schreiben 1212,3114,91,21
und 1312,3115,35,21
arran¬ 1356,3122,60,14
<EOS>
<EOP>
gieren 1472,2872,58,19
- 1540,2878,9,1
was 1558,2873,35,13
GG 1603,2869,24,18
nicht 1637,2867,48,21
daran 1693,2867,55,21
hindert, 1759,2868,74,22
stets 1472,2905,44,17
eine 1535,2904,37,19
Vorliebe 1592,2902,78,22
fur 1690,2902,28,22
-schlacht¬ 1739,2903,95,21
schiffgrau- 1472,2936,104,29
zu 1588,2945,21,14
hegen. 1621,2938,62,27
<EOS>
Im 1472,2974,26,20
September 1505,2973,105,28
tritt 1618,2979,35,16
er 1661,2981,18,14
in 1687,2977,16,18
die 1712,2975,27,21
-Second¬ 1748,2974,85,22
ary 1472,3015,30,20
School- 1511,3009,75,21
am 1594,3016,30,14
-Malvern 1634,3009,86,22
Collegiate- 1730,3009,104,28
ein. 1472,3046,35,21
<EOS>
die 1514,3045,28,21
er 1548,3051,18,15
bis 1571,3045,28,21
1951 1607,3046,38,23
mit 1653,3047,32,19
massigen 1692,3048,93,24
Zen¬ 1792,3046,41,21
suren 1472,3086,54,14
besucht. 1542,3080,79,21
<EOS>
Er 1637,3083,21,18
geniesst 1674,3084,76,23
diverse 1767,3081,67,20
Privilegien, 1474,3116,110,25
so 1595,3123,19,14
dass 1625,3117,40,20
bald 1676,3116,40,21
einmal 1728,3116,64,21
das 1803,3116,32,20
<EOS>
<EOP>
^ 1019,3190,27,5
<EOS>
<EOP>
