2176,3261
1958 149,664,53,22
13. 356,665,23,22
<EOS>
März: 387,665,52,19
Der 451,665,32,19
-Toronto 494,665,83,20
Star- 588,666,46,19
berich¬ 646,665,68,21
<EOS>
<EOP>
tet 355,703,23,17
über 388,699,43,21
GGs 439,701,34,19
New 483,701,41,20
Yorker 534,699,64,22
Darbietung 607,700,108,27
von 355,741,34,14
Bachs 406,735,55,20
d-Moll-Konzert: 477,734,155,23
GG 649,737,25,19
sei 691,738,22,18
derart 355,770,56,21
-weggetragen- 422,775,143,22
gewesen, 576,777,87,21
dass 673,771,41,21
er 355,812,18,14
-sich 383,805,45,21
in 439,808,17,18
der 467,806,31,20
Erregung 508,808,88,24
des 606,806,31,20
Finales 649,806,66,21
den 354,841,34,20
Daumen 395,842,81,20
an 483,847,22,16
den 514,841,34,21
Tasten 556,842,60,20
verletzte. 626,842,87,21
<EOS>
Dann, 354,877,57,20
als 421,875,25,22
er 457,882,18,15
das 485,876,31,21
Schönberg-Konzert 527,876,187,27
zu 354,918,21,14
spielen 389,911,67,27
begann, 471,911,77,27
hörte 562,912,52,20
das 627,912,33,20
Blut 674,912,40,21
nicht 355,946,46,21
auf. 408,946,35,22
<EOS>
über 451,947,43,20
die 500,947,28,20
Tasten 535,948,60,20
zu 603,953,21,15
spritzen, 632,950,81,24
dies 356,985,36,20
war 404,991,35,14
nur 450,991,33,14
gut 494,989,31,22
so. 538,991,23,15
<EOS>
denn 573,985,48,20
wenn 632,991,54,14
es 698,991,17,14
jemals 356,1019,61,27
ein 431,1026,27,15
Stuck 473,1019,52,22
gegeben 539,1019,80,27
hat. 634,1019,34,22
<EOS>
das 684,1020,31,21
Blut 356,1054,39,22
braucht, 409,1054,79,26
so 503,1062,19,14
ist 536,1057,20,19
es 572,1062,17,14
Schönbergs 605,1054,110,29
Klavierkonzert.- 356,1091,157,21
<EOS>
Für 534,1092,31,20
GG 585,1092,25,19
bedeutet 630,1091,85,21
dies 355,1126,36,20
den 405,1126,34,20
Anfang 454,1125,68,27
einer 536,1129,47,17
langen 597,1126,62,26
psv 675,1133,27,19
¦ 710,1138,2,2
<EOS>
<EOP>
einsehen 355,1161,82,21
und 450,1162,34,20
physischen 497,1161,107,27
Krise. 616,1163,52,19
<EOS>
Das 681,1163,34,19
erste 355,1200,45,18
Symptom 415,1198,94,25
dafür 525,1195,52,23
ist 593,1199,20,19
eine 628,1199,37,19
Ab¬ 681,1197,34,21
nahme 355,1231,64,22
der 431,1232,31,21
Qualität 475,1232,75,25
seiner 563,1234,56,19
Konzert¬ 632,1234,82,19
aultritte, 355,1267,83,22
er 447,1274,18,15
wird 473,1267,43,21
geradezu 524,1267,87,28
fahrlässig 621,1267,94,28
unbekümmert 355,1302,139,22
: 501,1312,3,11
21. 354,1339,24,20
<EOS>
März: 386,1339,53,20
In 450,1340,17,19
Boston 480,1339,65,20
tritt 556,1343,34,16
er 601,1345,18,14
nach 630,1339,43,21
del¬ 683,1339,32,21
l'ause 355,1375,53,19
vor 415,1380,31,14
das 453,1373,32,21
Publikum 493,1373,95,21
und 597,1374,35,20
kündigt 640,1374,74,26
an. 354,1416,28,14
<EOS>
er 389,1416,18,13
würde 415,1409,60,21
nun 483,1416,36,14
die 526,1409,29,21
Mozartsonate 561,1411,128,20
in 698,1411,16,19
c-Dur 354,1446,54,19
K330 418,1445,49,23
spielen, 478,1444,72,28
anstatt 560,1449,66,17
Beetho¬ 638,1445,74,21
vens 355,1486,42,15
Opus 407,1482,49,25
110. 469,1482,32,20
<EOS>
da 512,1480,23,21
er 546,1487,18,14
letzteres 575,1480,79,21
nicht 666,1480,48,21
geübt 353,1516,54,26
habe. 415,1515,51,21
<EOS>
-Allerdings-, 475,1516,120,26
fügt 604,1515,37,27
er 649,1521,19,15
hin¬ 675,1515,39,21
zu, 353,1557,27,14
-habe 390,1550,55,21
ich 456,1550,25,21
auch 492,1550,44,21
den 546,1550,34,21
Mozart 590,1552,65,19
nicht 666,1550,47,21
geübt- 354,1587,68,26
Kritiker 450,1587,72,20
bekritteln 548,1586,94,21
seine 669,1588,46,18
Technik, 354,1621,79,22
zeihen 451,1621,60,22
GG 530,1622,25,21
des 572,1621,31,21
musikali¬ 621,1621,92,21
schen 354,1657,52,20
Desinteresses. 418,1659,132,19
<EOS>
23. 355,1693,28,23
<EOS>
März: 390,1694,53,20
Auch 461,1692,46,21
bei 525,1692,26,21
den 569,1692,33,21
Goldberg- 620,1691,94,28
Variationen 354,1729,108,20
in 476,1731,15,17
Montreal 505,1728,85,20
ist 604,1731,19,17
er 636,1734,18,14
nicht 666,1727,48,21
<EOS>
<EOP>
5- 1146,121,20,11
m 1212,107,80,66
7 960,215,61,56
<EOS>
<EOP>
à- 1130,268,31,30
HE? 1134,301,69,22
<EOS>
<EOP>
P 1350,329,19,22
¦ 1389,332,3,2
t. 1418,325,10,26
<EOS>
•¦ 986,334,6,9
1 1015,333,9,16
¦( 1034,332,7,16
».- 1080,362,21,7
<EOS>
«. 954,359,8,7
<EOS>
<EOP>
\ 876,439,5,13
1 901,437,7,15
<EOS>
<EOP>
¦M 809,532,28,14
<EOS>
<EOP>
V 876,621,8,12
1 906,614,9,18
rm~ 781,684,75,24
<EOS>
<EOP>
auf 768,914,31,21
der 804,914,32,21
Höhe 844,914,48,21
seiner 901,916,55,19
früheren 964,914,82,21
Darbie¬ 1057,914,70,21
tungen. 768,953,72,23
<EOS>
Ohrenzeuge 848,948,115,28
Jacques 965,951,75,25
Hétu 1049,950,43,20
er¬ 1102,956,25,13
zählte. 768,985,63,22
<EOS>
GG 839,986,25,20
sei 872,987,22,19
auf 903,984,31,22
die 938,985,28,21
Bühne 974,985,61,21
getreten, 1042,989,86,22
habe 768,1020,46,21
(ebenfalls) 825,1019,105,24
den 941,1020,34,21
Beethoven 986,1019,101,22
ab¬ 1097,1019,31,22
gesägt 768,1059,59,24
und, 838,1055,42,25
wie 891,1057,33,20
GG 935,1057,24,19
behauptete 969,1054,110,29
-auf 1091,1054,39,22
vielfachen 769,1091,98,21
Wunsch-, 876,1091,91,22
durch 976,1091,55,21
die 1040,1091,28,21
Gold¬ 1077,1091,51,21
berg-Variationen 768,1126,158,27
ersetzt. 938,1130,67,17
<EOS>
Doch 1018,1126,47,20
er 1077,1133,18,13
sei 1106,1129,21,17
offenbar 768,1162,81,20
auch 864,1162,43,20
fur 923,1161,27,21
diese 965,1162,46,20
nicht 1027,1162,47,20
vor¬ 1090,1168,37,13
bereitet 769,1197,73,21
gewesen, 849,1203,87,21
habe 947,1196,45,22
sich 1001,1196,36,22
verspielt 1047,1196,82,27
und 768,1233,35,20
einige 814,1234,57,25
Variationen 881,1234,109,20
gar 1001,1239,31,20
verpatzt 1043,1236,75,23
: 1124,1242,3,11
die 768,1268,28,21
Bergsonate 805,1269,104,26
sei 919,1270,22,19
jedoch 952,1267,62,28
sehr 1025,1267,39,22
schön 1074,1267,53,22
gewesen. 768,1310,86,20
<EOS>
In 768,1341,18,18
Salzburg 797,1339,83,27
(als 892,1339,34,22
Livekonzert 937,1338,114,22
auf 1062,1338,31,21
Cl) 1102,1340,26,19
erhältlich) 768,1374,102,23
fangt 882,1373,48,27
er 939,1381,19,13
sich 967,1374,36,20
am 1014,1381,28,13
10. 1056,1376,23,18
<EOS>
Aug 1087,1377,36,23
wegen 769,1416,61,20
einer 843,1412,48,18
Klimaanlage 904,1409,120,27
eine 1038,1411,38,19
Tra¬ 1091,1411,37,18
cheitis 767,1444,62,22
ein. 841,1447,34,19
<EOS>
in 887,1447,16,18
Berlin 916,1444,56,22
verpasst 985,1449,76,22
er 1074,1451,17,14
im 1104,1447,23,17
September 769,1480,105,27
einen 883,1482,51,19
Einsatz, 945,1481,73,20
dann 1029,1479,47,21
wei¬ 1089,1486,39,13
tet 768,1520,24,16
sich 802,1515,36,21
die 848,1516,27,20
Tracheitis 885,1515,93,20
zu 987,1521,21,14
einer 1019,1516,46,19
Bron¬ 1075,1516,53,18
chitis 768,1550,51,21
im 831,1552,23,18
rechten 866,1549,71,21
Lungenflügel 950,1548,125,28
aus: 1088,1555,40,14
er 769,1592,18,14
notiert 799,1588,64,17
m 875,1592,17,12
sein 906,1588,35,17
unveröffentlichtes 955,1583,174,22
Tagebuch, 770,1620,94,27
das 875,1621,31,20
wie 918,1627,33,14
die 961,1620,28,21
ebenfalls 999,1619,86,22
un¬ 1097,1626,31,15
veröffentlichten 769,1655,152,21
Briefe 930,1655,56,21
im 996,1658,23,18
-GG 1030,1657,33,19
Fond¬ 1073,1655,55,21
ili 770,1694,17,19
der 793,1692,31,21
Nationalbibliothek 831,1691,179,22
von 1018,1698,34,14
Kanada 1060,1691,69,21
liegt, 770,1727,44,27
seine 831,1730,45,18
Gegenmittel: 892,1727,126,27
-ein 1035,1730,35,18
end¬ 1087,1727,41,21
<EOS>
<EOP>
loses 1179,913,44,20
Bad-, 1235,913,50,21
Chiropraktiker 1298,912,142,28
(mit 1455,914,41,21
der 1509,913,30,21
Palmermethode), 1179,947,171,25
halbindianische 1388,947,150,22
Masseure 1179,985,88,19
und 1275,984,35,20
Schach 1317,983,68,21
zur 1394,990,30,14
Konzentra¬ 1433,985,105,19
tion. 1179,1021,40,18
<EOS>
Dennoch 1228,1019,81,21
kommt 1317,1019,69,21
es 1394,1025,17,15
zu 1418,1025,20,14
Schweiss- 1448,1018,90,21
ausbrüchen 1179,1054,112,21
zu 1298,1061,21,14
allen 1327,1054,45,21
Tageszeiten, 1379,1056,115,25
was 1504,1060,34,14
er 1179,1096,17,15
einem 1207,1092,57,19
-exotischen 1277,1090,112,21
Fieber- 1401,1090,68,20
(Brief 1484,1089,57,23
an 1178,1132,22,14
seinen 1211,1128,59,18
Manager) 1281,1126,92,26
zuschreibt. 1386,1124,102,22
<EOS>
Ins¬ 1502,1127,36,19
gesamt 1178,1165,68,22
verliert 1260,1161,69,20
er 1343,1168,18,13
last 1375,1161,32,20
20 1423,1162,22,19
Kilo. 1461,1160,42,21
<EOS>
Er 1519,1162,20,19
bricht 1178,1195,56,22
die 1245,1196,28,21
("bung 1285,1194,63,29
und 1359,1196,35,21
sagt 1405,1200,37,23
Konzerte 1455,1197,83,21
ab. 1178,1231,26,21
<EOS>
um 1218,1238,30,13
sich 1262,1231,35,21
in 1311,1234,17,17
Hamburg, 1340,1231,96,27
im 1450,1234,23,18
Hotel 1488,1231,49,22
Vier 1178,1268,37,20
Jahreszeiten, 1223,1267,124,26
einen 1361,1269,50,19
Monat 1426,1269,58,19
lang 1499,1267,39,27
zu 1177,1308,21,14
erholen 1209,1302,73,21
- 1293,1314,9,2
-dies 1314,1302,47,21
war 1371,1309,35,14
die 1416,1303,28,20
schönste 1455,1302,83,21
Zeit 1177,1339,33,19
in 1222,1345,16,13
meinem 1251,1340,75,18
Leben- 1339,1338,66,21
(GG). 1419,1339,52,20
<EOS>
Die 1177,1374,31,20
Realität 1217,1372,71,22
holt 1296,1372,38,22
ihn 1343,1373,29,21
wieder 1382,1373,67,21
ein: 1457,1379,36,15
Ob¬ 1503,1372,34,21
wohl 1178,1408,45,20
seine 1239,1411,45,17
Leistungen 1299,1411,105,23
sich 1419,1408,36,20
wieder 1472,1408,66,22
normalisiert 1177,1444,118,20
haben, 1301,1443,65,22
bricht 1373,1443,56,20
bei 1436,1443,26,21
seinem 1471,1445,64,19
ersten 1177,1483,58,16
Konzert 1243,1480,74,19
in 1324,1480,17,19
Florenz 1349,1477,71,22
am 1427,1485,29,14
15. 1467,1480,22,19
<EOS>
Nov. 1498,1481,38,19
<EOS>
beim 1178,1513,45,20
letzten 1236,1513,63,20
'Ion 1311,1515,33,18
der 1356,1514,30,20
Suite 1396,1516,48,19
Opus 1455,1516,48,25
25 1514,1516,22,19
von 1177,1554,34,14
Schönberg 1223,1548,101,27
das 1334,1549,32,20
Buhkonzert 1378,1549,112,22
los: 1502,1550,33,21
-Obzwar 1178,1583,83,21
die 1268,1584,28,20
Suite 1306,1586,48,19
damals 1363,1584,69,21
bereits 1441,1585,64,21
.55 1515,1588,21,21
<EOS>
Jahre 1173,1619,51,26
alt 1230,1619,23,21
war. 1262,1626,37,15
<EOS>
hatte 1307,1620,48,21
sie 1362,1623,24,19
in 1394,1623,15,19
das 1417,1621,32,21
Vokabu¬ 1457,1621,79,22
lar 1177,1654,24,22
der 1213,1655,31,21
Florentiner 1258,1655,106,21
noch 1377,1656,45,21
nicht 1436,1657,47,20
Ein¬ 1498,1659,37,18
gang 1176,1698,47,20
gefunden. 1230,1690,95,28
<EOS>
Ich 1335,1692,27,21
erhob 1372,1692,55,21
mich 1438,1692,46,21
vom 1495,1699,42,14
Instrument, 1177,1731,112,17
um 1300,1734,30,14
vom 1342,1734,41,14
oberen 1394,1728,65,20
Balkon 1470,1728,66,20
<EOS>
<EOP>
mit 1593,665,33,18
einem 1644,665,58,19
höchst 1722,663,63,21
unangenehmen 1806,662,146,27
Sprechchor 1593,698,111,27
gegriisst 1710,702,82,23
zu 1799,705,21,14
werden, 1828,698,76,21
dem 1912,698,41,21
sofort 1593,732,55,22
fieberhafte 1659,732,104,22
Anfeuerungen 1774,732,136,27
aus 1922,740,32,14
den 1593,769,34,21
unteren 1637,774,74,16
Rängen 1721,771,71,25
widersprachen. 1803,768,150,28
<EOS>
Obwohl 1594,804,74,21
mir 1682,807,34,18
diese 1729,804,46,22
Erfahrung 1790,803,99,28
völlig 1902,803,54,28
neu 1594,846,32,14
war. 1635,847,38,14
<EOS>
erkannte 1681,840,86,21
ich 1775,840,26,20
instinktiv, 1809,839,96,22
dass 1913,839,41,21
mir 1594,877,34,19
kein 1634,875,40,21
Unbill 1682,875,57,21
geschehen 1747,875,100,27
könne, 1855,875,64,21
so¬ 1928,881,25,14
lange 1594,910,50,27
ich 1658,910,26,21
den 1698,910,34,21
Zuschauern 1746,910,111,21
Gelegen¬ 1871,909,83,27
heit 1594,945,35,22
geben 1638,946,57,26
würde, 1705,946,67,22
ihren 1782,946,49,20
Zorn 1842,947,43,18
anein¬ 1895,947,59,19
ander 1594,981,54,21
anzulassen. 1654,980,111,22
<EOS>
So 1774,983,21,19
melkte 1803,980,65,22
ich 1875,980,27,21
listig 1910,980,46,27
den 1594,1016,33,20
Applaus 1640,1016,78,27
für 1729,1015,28,22
sechs 1768,1016,50,21
Vorhänge.- 1830,1015,105,27
<EOS>
Nach 1595,1053,47,21
einer 1655,1056,48,19
Darbietung 1715,1054,110,28
des 1837,1054,31,21
zweiten 1881,1057,73,19
Klavierkonzerts 1595,1088,152,23
von 1754,1096,34,15
Beethoven 1797,1090,100,21
in 1905,1092,18,19
Tel 1930,1091,25,20
Aviv 1595,1127,36,18
gratuliert 1645,1124,91,27
dem 1747,1125,40,21
Kafkabewunde¬ 1800,1124,153,22
rer 1594,1166,27,14
GG 1629,1161,25,19
(er 1665,1161,28,21
wollte 1703,1160,58,21
eine 1770,1163,38,18
TV-Oper 1818,1162,82,26
nach 1910,1161,44,21
Kafkas 1595,1194,63,22
VeriniMllwig 1673,1195,133,28
schreiben) 1812,1195,101,25
ein 1926,1199,28,19
bewegter 1593,1230,89,27
Max 1693,1233,39,19
Brod: 1746,1232,53,21
dessen 1812,1232,63,20
Beglei¬ 1888,1232,65,27
terin 1593,1269,44,19
meint, 1645,1269,59,19
laut 1713,1267,35,21
GGs 1756,1268,34,20
Umschrift, 1797,1266,101,23
nicht 1906,1267,47,22
minder 1593,1302,70,20
bewegt: 1674,1302,78,26
-unquestionably 1765,1303,158,26
ze 1936,1309,18,14
finest 1593,1336,50,22
Mozart 1651,1339,64,20
I 1724,1339,4,19
have 1736,1338,45,21
ever 1787,1345,42,14
heard-. 1836,1338,68,21
<EOS>
Eine 1913,1340,40,19
unbekannte 1593,1372,116,22
Bewunderin 1730,1373,118,21
schreibt: 1869,1373,83,21
¦Lieber 1593,1408,70,21
Mr. 1674,1411,28,18
<EOS>
Gould, 1715,1409,62,21
ich 1790,1409,26,20
bin 1830,1408,28,21
nur 1871,1416,33,13
eine 1916,1411,37,19
israelische 1592,1444,99,21
Hausfrau. 1701,1444,92,21
<EOS>
Ich 1806,1444,27,21
weiss, 1844,1446,57,20
dass 1912,1444,40,21
Sie 1593,1481,27,18
sich 1627,1479,36,21
nur 1672,1486,33,14
wenig 1713,1482,57,24
um 1779,1486,29,14
das 1818,1479,31,21
Publikum 1858,1479,94,21
kümmern. 1593,1514,100,23
<EOS>
Sie 1701,1516,28,20
hassen 1737,1515,62,21
uns 1808,1521,33,15
ja 1849,1517,15,23
beinahe. 1872,1515,80,21
<EOS>
Trotzdem 1591,1550,90,21
möchte 1689,1549,72,22
ich 1770,1550,26,21
Ihnen 1805,1550,53,21
von 1866,1557,35,14
gan¬ 1908,1557,44,20
zem 1592,1592,37,14
Herzen 1647,1588,62,18
danken, 1726,1586,78,21
dass 1821,1586,41,20
wir 1878,1593,32,13
bei 1925,1586,27,21
Ihrem 1592,1621,56,21
Spiel 1666,1621,46,27
zuhören 1731,1621,78,22
durften 1828,1621,71,22
Ich 1924,1621,27,22
kam 1591,1656,41,21
nach 1646,1656,43,21
Hause 1703,1659,56,18
und 1772,1657,35,20
war 1821,1664,35,13
für 1869,1656,28,21
Tage 1909,1659,43,25
wie 1593,1694,33,19
verwandelt. 1637,1692,110,21
<EOS>
Gott 1759,1693,38,20
segne 1809,1698,52,21
Sie 1872,1694,27,19
!- 1905,1694,13,19
<EOS>
<EOP>
Ein 1986,665,30,17
ganzes 2030,668,73,17
Schaufenster 1986,699,150,19
für 1986,736,32,17
den 2031,735,37,18
kana¬ 2082,735,58,17
dischen 1987,770,86,18
Musik¬ 2086,765,70,22
liebling 1989,806,86,20
<EOS>
<EOP>
1959 147,1803,54,22
<EOS>
<EOP>
W*X. 1550,1819,84,23
<EOS>
<EOP>
* 589,2029,149,118
<EOS>
<EOP>
¦¦ 710,2193,5,3
<EOS>
<EOP>
,i 721,2195,10,8
<EOS>
<EOP>
\ 1054,2349,37,38
wP 1122,2335,81,44
<EOS>
<EOP>
4 1233,2482,23,39
<EOS>
<EOP>
¦ 1090,2537,1,4
<EOS>
<EOP>
** 1562,2726,45,14
<EOS>
<EOP>
GG 1986,1807,25,18
beim 2024,1808,50,17
Auf¬ 2087,1804,44,20
wärmen 1985,1843,80,17
der 2079,1842,34,18
Hände 1985,1879,65,17
in 2064,1879,17,17
heis¬ 2095,1874,50,20
sem 1985,1919,40,12
Wasser 2039,1914,77,17
i<" 2128,1907,27,18
eine 1985,1950,44,17
Aufnahm« 2043,1946,102,21
<EOS>
<EOP>
Schon 356,2901,57,21
im 433,2909,23,14
Februar 476,2903,73,21
kundigen 569,2904,89,27
sich 677,2906,37,21
bessere 356,2935,67,22
Zeiten 430,2938,57,19
an 494,2945,22,13
: 522,2948,2,10
In 533,2940,17,18
London 559,2940,71,20
wird 638,2940,43,21
GG 689,2942,25,20
die 356,2970,25,20
Harriet-Cohen-Bach-Medaille 392,2972,275,24
ver¬ 678,2983,34,13
liehen. 356,3005,63,21
<EOS>
Gute 356,3041,44,19
Zeiten 406,3041,57,20
stimmen 472,3044,84,18
exzentrisch 564,3044,107,20
: 678,3054,3,11
GG 689,3046,25,19
erscheint 356,3074,86,21
im 452,3078,24,17
Frühling 488,3076,82,26
bei 579,3077,27,20
den 616,3078,34,20
Bern¬ 662,3080,52,19
steins 356,3111,55,18
zum 426,3116,41,13
Dinner 482,3112,65,19
und 561,3112,36,20
trägt 611,3115,46,23
über 673,3112,43,22
<EOS>
<EOP>
seiner 765,2908,55,19
üblichen 843,2907,82,21
Mutze 949,2909,57,19
zusätzlich 1029,2907,95,22
einen 765,2948,49,14
Astrachanhut; 833,2941,140,26
Felicia 993,2943,60,20
Bern¬ 1073,2945,51,19
stein 765,2980,43,17
wundert 819,2978,81,19
sich, 911,2978,42,20
dass 962,2978,40,20
Gould 1013,2979,56,20
seine 1079,2981,45,19
Hute 765,3012,44,20
nicht 823,3012,47,20
ablegt: 882,3012,67,27
nachdem 963,3012,87,22
GG 1063,3016,25,18
sie 1102,3021,22,13
versichert 765,3045,94,22
hat. 875,3046,34,22
<EOS>
dass 925,3047,39,20
dies 980,3048,36,20
nicht 1032,3048,48,21
auf 1096,3049,31,20
religiösen 765,3079,90,27
Gründen 875,3082,83,20
beruhe 979,3083,67,20
(noch 1068,3084,56,21
heute 765,3113,54,21
wird 836,3116,41,19
GG 894,3117,25,19
oft 935,3116,24,21
dem 975,3117,42,20
jüdischen 1035,3117,89,26
<EOS>
<EOP>
Glauben 1173,2907,79,21
zugerechnet), 1262,2907,133,26
lüftet 1406,2907,49,22
sie 1466,2911,24,18
den 1499,2908,34,21
Hut 1173,2945,34,18
und 1222,2943,33,20
das 1269,2943,31,20
Geheimnis: 1312,2943,110,20
Beim 1438,2945,46,19
An¬ 1499,2946,33,17
blick 1173,2978,45,21
seiner 1229,2980,55,19
Haare 1295,2980,53,19
ruft 1359,2978,34,21
sie 1404,2981,24,18
aus: 1438,2985,40,14
-Das 1491,2980,42,20
ist 1174,3018,19,16
ja 1201,3015,16,25
unmöglich.- 1224,3013,120,28
<EOS>
Leonard 1352,3014,76,20
Bernstein, 1437,3016,96,20
der 1173,3049,30,20
mit 1217,3053,30,16
ihm 1264,3049,36,20
am 1316,3056,28,13
-i 1361,3051,7,19
Klavierkonzert 1391,3049,142,21
von 1173,3090,34,13
Beethoven 1223,3084,99,20
feilt, 1339,3084,39,21
berichtet: 1394,3084,94,21
-Es 1505,3085,28,21
war 1173,3125,36,14
ein 1219,3121,28,18
schweissnasser. 1259,3118,147,22
<EOS>
proteinloser 1419,3119,116,27
<EOS>
<EOP>
Haarfilz, 1592,2906,79,25
der 1690,2908,30,21
offenbar 1737,2907,82,22
nie 1839,2914,27,15
an 1884,2914,22,15
die 1924,2907,28,22
Irische 1591,2943,62,20
Luft 1670,2942,39,22
kam... 1727,2943,73,21
<EOS>
Wahrend 1820,2943,86,21
ich 1924,2943,27,21
Drinks 1590,2979,64,20
mixte, 1661,2981,62,20
lotste 1731,2979,52,21
sie 1792,2986,23,14
ihn 1824,2979,29,21
ms 1863,2985,25,14
Bade¬ 1897,2979,52,20
zimmer, 1590,3016,78,19
setzte 1681,3018,54,17
ihn 1748,3014,28,20
auf 1790,3013,32,22
einen 1831,3020,51,14
Stuhl, 1896,3014,56,21
w 1590,3056,13,13
tisch 1610,3049,41,21
ihm 1666,3050,37,20
die 1719,3050,28,20
Haare, 1761,3051,60,20
schnitt 1837,3050,63,20
und 1917,3050,34,20
kämmte 1590,3084,82,21
sie... 1688,3087,55,18
<EOS>
Beim 1762,3087,48,19
Herauskom¬ 1830,3084,120,21
men 1591,3126,41,13
strahlte 1641,3119,73,21
sein 1724,3123,35,17
wunderbares 1770,3119,127,22
Haar 1908,3121,44,20
SO 1135,3190,27,21
<EOS>
<EOP>
