2176,3261
February 46,98,108,36
23, 168,100,36,29
1959 220,101,54,29
MISS 46,196,60,27
MALKA 120,198,96,25
RABINOWITZ, 230,196,171,32
c/o 46,242,37,30
THE 97,246,53,25
JERUSALEM 159,246,154,33
POST, 329,246,67,27
JERUSALEM, 41,292,161,32
ISRAEL. 218,295,94,25
<EOS>
Dear 46,389,66,28
Malka 120,390,83,27
Rabinowitz, 215,389,157,32
Thank 51,438,82,28
you 141,448,51,26
for 202,439,41,34
the 253,439,38,27
galley 301,439,81,35
proof 389,437,80,36
of 473,436,32,37
the 509,437,38,27
audito¬ 559,437,91,27
rium 47,489,61,25
heating 122,488,100,35
I 238,489,9,25
am 257,495,42,20
very 313,496,57,26
happy 383,488,78,34
to 474,489,23,24
know 510,486,71,26
that 594,485,51,28
it 656,488,19,25
has 47,534,45,29
finally 94,535,95,37
been 202,536,61,27
achieved 275,536,120,27
and 403,535,54,27
I 464,537,14,24
think 486,534,69,27
the 566,534,39,27
least 617,534,61,27
they 47,584,54,36
could 113,585,72,26
do, 196,585,35,28
since 247,588,64,23
I 323,587,10,23
made 345,584,70,26
such 428,584,53,26
a 494,591,16,19
spectacle 522,583,113,34
of 648,583,30,36
myself 48,632,90,37
over 142,642,60,18
/he 213,633,38,27
issue, 263,636,62,27
is 342,636,20,24
to 374,637,23,23
put 406,636,45,31
a 461,640,17,19
plaque 487,632,90,34
bear¬ 590,632,67,27
ing 48,682,41,35
my 100,691,40,26
naine 153,691,71,18
over 237,690,58,19
one 306,690,46,18
register 365,683,96,34
so 472,688,25,19
thai 511,680,49,26
in 574,682,25,25
future 40,728,82,33
all 133,731,37,26
comfortable 180,729,155,37
artists 347,732,81,25
in 439,732,26,23
the 478,728,38,26
hall 529,728,53,28
will 593,729,50,26
be 48,776,29,29
able 88,779,56,27
to 156,782,22,24
celebrate 191,779,114,27
the 317,779,37,26
martyrdom 366,777,144,36
of 524,776,31,36
St. 558,779,25,24
<EOS>
Glenn! 592,777,87,27
<EOS>
Thank 52,875,82,28
you 142,886,51,26
for 203,875,41,36
writing 256,877,96,36
and 362,875,54,28
all 425,875,36,27
the 472,875,37,27
very 522,883,58,26
best. 593,875,52,27
<EOS>
Glenn 45,972,76,28
Gould 135,974,79,26
December 42,1068,126,30
13, 182,1074,31,28
1961 229,1069,48,33
MR 42,1165,40,29
LEONARD 97,1171,124,24
BERNSTEIN, 235,1171,155,28
895 42,1214,43,31
PARK 100,1220,69,24
AVENUE, 182,1220,110,28
NEW 42,1262,59,31
YORK 115,1268,71,25
CITY, 200,1267,63,30
N.Y, 278,1268,53,28
<EOS>
U.S.A. 346,1268,74,26
<EOS>
Dear 41,1361,66,29
Leonardo, 116,1363,127,31
I 42,1410,11,23
am 62,1420,41,18
so 116,1422,25,17
terribly 154,1411,99,36
sorry 264,1420,66,26
to 342,1415,24,22
hear 378,1412,61,26
that 450,1413,52,26
you 507,1422,53,26
are 572,1422,42,18
suf¬ 624,1412,46,36
fering 35,1456,84,41
at 130,1465,26,23
the 167,1461,38,27
moment, 218,1462,107,25
though 341,1460,86,34
I 439,1463,11,23
have 460,1461,62,26
no 535,1470,31,18
doubt 579,1462,75,26
that 43,1506,50,29
you 98,1518,51,27
are 161,1518,42,19
suffering 214,1508,111,36
with 336,1508,54,26
elan. 403,1508,59,26
<EOS>
Moreover, 476,1510,123,28
it 614,1513,18,23
is, 643,1513,22,25
>üy 43,1560,39,31
spies 94,1560,63,33
tell 168,1558,42,27
me, 220,1565,41,24
an 275,1565,35,18
exotic 323,1558,77,25
ailment 410,1556,102,26
and 522,1557,55,26
that 586,1558,52,26
is 649,1560,21,25
worthy 45,1607,89,31
of 146,1606,33,36
you 184,1615,45,24
- 244,1622,11,2
but 269,1605,43,27
do 323,1604,31,28
you 362,1613,52,27
have 427,1604,62,27
a 500,1613,17,17
title 529,1605,49,27
for 587,1604,42,35
it 640,1609,18,23
yet? 40,1657,57,26
<EOS>
If 106,1655,26,35
you 138,1665,45,22
are 196,1664,41,18
stuck, 248,1654,64,27
in 325,1656,26,25
that 365,1653,51,27
department 427,1652,150,35
I 587,1655,12,24
have 609,1654,62,27
several 44,1704,92,27
titles 146,1704,62,27
for 216,1703,42,36
diseases 268,1703,103,27
which 384,1701,75,28
I 470,1703,12,24
am 491,1709,42,18
expecting 546,1703,122,34
to 43,1749,21,26
have 77,1752,63,28
in 152,1755,26,25
later 191,1753,63,27
life 265,1751,40,37
but 317,1752,43,27
have 370,1751,62,27
not 445,1753,42,23
yet 494,1753,42,32
had 548,1749,52,26
occasion 44,1803,111,26
to 168,1805,23,24
make 204,1801,70,28
use 287,1809,39,19
of. 338,1798,31,39
<EOS>
<EOS>
always 400,1799,94,36
find 501,1797,59,37
that 569,1797,52,28
a 631,1806,17,18
H<>od 40,1850,66,29
disease 115,1850,92,28
title 218,1850,49,28
will 280,1850,51,27
impress 342,1853,95,32
your 445,1856,65,29
average 519,1854,105,29
concert 44,1901,94,25
manager 149,1908,119,27
no 279,1908,31,17
end, 324,1899,52,30
and 391,1898,54,27
this 455,1898,45,26
I 511,1899,11,25
have 533,1897,61,27
long 607,1896,56,35
felt 35,1941,46,32
has 91,1947,45,27
been 149,1948,62,26
hugely 224,1948,88,37
responsible 325,1947,144,36
for 478,1947,41,35
my 530,1955,40,27
modest 583,1945,92,27
success. 43,1997,90,27
<EOS>
.So 149,1999,29,25
<EOS>
any 191,2006,50,26
help 253,1996,55,35
1 319,1999,12,25
can 341,2006,46,18
give 398,1999,55,34
you 461,2005,52,27
in 527,1998,24,25
this 566,1996,45,26
matter 43,2046,86,26
is 140,2048,20,25
most 173,2049,61,24
humbly 245,2046,99,35
offered. 356,2045,91,36
<EOS>
Seriously, 463,2045,121,36
I 600,2047,10,24
do 621,2044,31,27
hope 43,2087,59,39
that 113,2095,52,26
you 171,2103,53,27
are 235,2102,42,19
coming 289,2097,96,33
around 395,2095,98,26
nicely 503,2095,79,35
and 593,2094,54,27
lhat 42,2137,50,30
you 98,2151,53,27
will 163,2143,53,27
be 225,2143,30,27
back 268,2143,61,27
in 341,2145,26,25
harness 380,2144,98,26
very 491,2152,58,27
soon. 560,2152,64,19
<EOS>
I> 42,2185,12,31
myself, 69,2191,90,36
have 170,2192,63,27
been 246,2192,61,27
bernsteining 322,2192,164,36
in 498,2195,25,24
all 536,2192,36,27
direc¬ 583,2192,72,28
tions 43,2234,61,33
and 115,2241,54,26
have 179,2241,62,26
just 246,2243,54,33
written 311,2244,95,24
a 419,2250,17,17
monumental 449,2241,167,27
defence 43,2283,94,36
of 150,2289,31,36
my 186,2299,40,26
long-time 239,2289,122,37
hero, 373,2290,63,30
Herr 452,2292,60,24
Richard 522,2290,105,26
Strauss. 42,2331,93,35
<EOS>
This 154,2338,53,28
will 219,2338,52,27
be 281,2338,30,28
exjnsed 323,2338,104,34
to 435,2342,23,24
public 467,2338,85,35
view 563,2341,61,24
in 637,2341,26,24
March 41,2378,80,36
Hi-Fidelity 133,2387,142,35
I 290,2388,11,25
think, 311,2387,72,29
and 398,2387,53,27
will, 462,2387,52,29
I 529,2389,9,24
have 549,2387,62,27
no 625,2395,30,18
doubt, 43,2428,76,34
raise 135,2438,61,24
many 208,2444,76,27
eyebrows, 296,2436,128,35
but 441,2436,42,26
it 495,2438,18,24
had 524,2436,53,26
to 586,2438,24,24
be 622,2436,30,26
*«<-/. 43,2482,55,27
<EOS>
It" 124,2484,33,26
is 168,2488,20,23
the 201,2485,37,26
fact 247,2484,50,36
that 309,2485,51,25
1feel 371,2483,65,36
thai 447,2485,51,26
Strauss 509,2487,90,24
is 612,2487,20,24
far 36,2523,44,33
and 90,2533,54,26
away 153,2543,73,26
the 238,2533,39,27
greatest 285,2536,104,33
musical 400,2532,102,29
figure 501,2532,83,38
of 596,2532,32,37
the 632,2533,39,27
twentieth 44,2574,119,35
century. 176,2585,100,33
<EOS>
Repeat: 290,2584,96,33
greatest. 397,2585,104,33
<EOS>
Repeat: 516,2584,95,32
twentieth. 44,2623,122,35
<EOS>
It 181,2633,19,25
was 212,2640,51,18
not 275,2634,43,24
an 328,2639,34,19
easy 376,2639,57,27
piece 443,2633,69,32
to 525,2633,22,24
do 560,2631,32,26
be¬ 605,2631,38,26
cause 44,2677,66,28
I 120,2681,12,25
wanted 143,2680,100,28
to 252,2683,23,25
try 289,2683,36,32
and 337,2681,53,26
dissolve 400,2680,101,27
the 514,2679,38,28
time- 565,2681,62,26
style 44,2723,57,33
equation 113,2731,114,32
which 241,2729,77,27
clutters 330,2729,95,27
most 438,2731,60,24
judgment 503,2728,129,36
of 643,2727,33,37
lj's 43,2767,35,30
work, 91,2778,68,28
and 175,2778,54,27
in 240,2780,24,25
attempting 278,2780,141,33
this 430,2777,46,27
I 488,2779,9,24
bad 508,2777,52,26
to 570,2780,23,23
give 603,2779,55,34
soute 43,2823,62,27
sort 116,2830,48,23
of 176,2825,32,38
technical 212,2826,122,28
substance 342,2826,127,28
within 482,2826,84,26
the 579,2825,38,27
I)c'ges 39,2868,74,37
of 124,2874,33,37
ajournai 159,2875,125,37
which 295,2876,77,26
cannot 385,2879,87,23
really 485,2875,74,35
wel¬ 572,2874,52,28
come 44,2919,62,29
technical 118,2924,117,27
description 245,2924,141,36
to 399,2928,23,23
any 433,2933,50,27
extent 496,2927,79,24
There 594,2924,70,26
u'as 44,2968,48,26
not 104,2976,42,23
enough 157,2973,93,36
space 262,2979,69,29
for 335,2973,47,36
all 392,2973,36,27
the 439,2973,38,27
angry 488,2981,77,28
things 577,2972,77,36
1 665,2974,9,25
"'anted 45,3016,96,31
to 151,3025,23,23
say 186,3031,44,26
but 243,3023,41,26
I 295,3024,11,24
think 317,3022,68,27
that 398,3022,51,26
up 461,3027,30,29
to 503,3025,23,23
a 538,3030,17,18
point 565,3023,71,33
it 648,3023,17,24
ll'orked. 44,3064,97,33
<EOS>
and 157,3071,55,27
when 222,3071,69,27
I 305,3073,11,24
get 323,3074,40,33
some 373,3079,65,19
copies 450,3073,79,33
I 541,3073,10,24
will 562,3070,51,27
Se»d 43,3112,59,28
it 112,3119,17,25
on 141,3128,33,18
to 187,3123,23,23
you. 226,3128,49,22
<EOS>
<EOP>
April 732,98,60,36
25, 805,100,36,29
1966 857,97,54,33
MRS. 732,197,60,26
<EOS>
YEHUDI 807,197,101,26
MENUHIN, 923,198,133,30
2, 732,246,21,27
THE 767,246,53,25
GROVE. 834,246,91,27
<EOS>
HIGHGATE 732,295,131,25
VILLAGE, 876,295,118,27
LONDON 733,344,110,24
N.6, 858,340,48,33
<EOS>
ENGLAND. 921,343,132,25
<EOS>
Dear 732,441,67,26
Lady 808,439,66,36
Diana, 885,441,85,26
Somehow 733,488,122,27
in 869,490,25,24
the 908,488,38,27
depths 958,488,83,34
of 1053,487,32,35
my 1090,496,39,26
dour 1142,487,61,27
hieland 1214,486,101,27
heart, 732,536,71,32
I 818,538,13,24
feared 831,535,91,37
it 931,538,19,25
would 961,536,84,27
come 1054,544,65,19
to 1130,539,24,24
this! 1167,536,58,26
<EOS>
With 1240,535,53,26
most 1306,538,61,22
grave 731,594,74,27
apprehension 817,584,174,36
have 1005,585,62,26
I 1079,587,10,23
anticipated 1099,584,150,35
that 1258,584,52,26
day 733,633,50,36
when 795,633,70,27
riotous 879,635,90,25
living 980,633,77,36
and 1066,633,55,27
multi-residential 1130,632,220,28
dwelling 733,682,114,35
would 859,682,82,27
catch 951,682,65,27
up 1030,687,30,29
with 1074,682,55,27
you. 1138,690,55,26
<EOS>
But, 1207,684,49,29
braced 1272,681,90,27
against 733,732,98,33
the 842,730,38,27
event 892,733,72,24
as 975,738,28,19
one 1015,738,46,19
may 1074,738,55,27
be, 1142,730,33,31
one 1191,738,47,19
can 1249,738,46,19
scarcely 734,778,102,36
minimize 848,781,125,25
the 985,779,37,26
shock 1034,779,71,26
with 1118,779,55,26
which 1188,779,75,26
these 1276,778,63,27
catastrofihes 734,827,163,35
confront 909,826,113,36
us. 1034,836,29,18
<EOS>
And 1078,827,56,27
imagine, 1143,830,108,33
if 1267,826,26,37
you 1300,836,45,21
tv 731,886,20,17
ill. 754,877,27,26
<EOS>
my 798,886,39,27
consternation 851,880,177,24
last 1041,878,48,26
week 1101,877,64,27
when 1179,877,69,27
upon 1262,882,63,30
rifling 730,925,82,36
through 822,925,99,37
the 933,926,39,27
New 982,928,57,25
York 1055,926,54,27
Times 1124,927,73,26
and 1207,925,55,28
en¬ 1272,934,40,19
deavouring 730,975,150,35
to 891,978,22,23
divert 926,975,78,27
my 1017,983,40,27
glance 1066,975,86,35
from 1157,974,69,36
any 1240,983,50,26
item 1303,977,56,24
penned 726,1023,100,35
by 835,1023,32,34
Homer 877,1024,91,26
Sibelius, 978,1023,104,33
I 1096,1025,12,25
encountered 1118,1023,162,28
a 1289,1031,17,19
modest 731,1071,91,28
dispatch 833,1071,106,35
telling 952,1072,82,35
of 1045,1071,30,36
Sir 1080,1074,38,25
Yehudi's 1131,1071,102,28
fiftieth 1241,1070,87,37
birthday 731,1119,112,36
celebrations 855,1119,158,28
this 1025,1120,47,27
week 1084,1120,66,27
and 1161,1120,54,27
- 1226,1136,12,2
oh, 1251,1120,33,31
the 1300,1120,39,26
humiliation 730,1168,153,27
of 897,1168,31,35
it 933,1171,18,23
- 964,1184,11,2
that 990,1169,50,26
upon 1052,1174,62,29
that 1129,1169,50,26
occasion 1191,1171,111,24
the 1317,1168,37,27
good 726,1217,70,38
burghers 804,1216,114,37
of 930,1216,32,35
London 964,1218,100,26
would 1078,1218,84,26
hold 1170,1217,61,27
a 1239,1225,17,19
benefit 1269,1215,89,36
performance 726,1265,167,37
for 897,1264,47,37
him. 953,1265,55,28
<EOS>
A 726,1317,17,24
benefit! 759,1313,101,37
<EOS>
My 868,1316,41,33
dear. 921,1313,62,28
<EOS>
I 997,1316,11,23
am 1017,1322,41,18
one 1072,1322,46,18
with 1130,1314,56,26
you 1195,1322,51,27
in 1259,1317,26,23
your 1294,1322,66,27
embarrassment. 727,1363,203,28
<EOS>
But 945,1365,46,24
what 1003,1362,65,27
a 1079,1371,16,18
comfort 1107,1361,101,37
it 1219,1365,19,24
must 1249,1366,61,23
be 728,1412,30,27
for 759,1411,50,38
you 813,1420,52,28
to 878,1415,23,23
know 914,1411,71,27
that 997,1411,51,27
men 1060,1420,54,18
of 1129,1410,31,36
goodwill 1161,1411,118,36
will 1289,1411,52,27
rally 728,1461,60,35
round 802,1461,79,27
in 892,1463,24,24
this 930,1461,46,26
your 985,1469,63,26
hour 1059,1461,61,26
of 1131,1459,31,36
adversity. 1167,1461,125,34
<EOS>
And 1306,1461,55,26
you. 723,1518,56,26
<EOS>
in 796,1512,25,24
turn 835,1513,57,24
must 908,1512,62,24
not 980,1512,44,24
allow 1032,1508,75,28
foolish 1109,1507,94,38
pride 1211,1509,73,35
to 1296,1512,23,23
impede 728,1558,92,35
your 828,1566,64,27
acceptance 903,1561,141,32
of 1057,1557,31,36
these 1092,1558,63,26
benefactions. 1168,1557,166,36
<EOS>
Indeed. 727,1606,92,28
<EOS>
I 834,1609,12,23
would 856,1606,84,27
direct 948,1606,75,27
your 1029,1615,66,27
thoughts 1104,1606,108,36
toward 1223,1606,96,27
a 1328,1615,17,18
phrase 723,1654,90,34
which 825,1655,76,27
has 914,1655,44,27
contributed 971,1655,153,27
to 1135,1659,22,22
my 1171,1664,39,26
comfort 1223,1654,100,36
in 729,1704,25,24
many 769,1711,74,26
moments 856,1707,118,23
of 986,1703,31,36
stress 1020,1707,69,24
and 1100,1703,54,28
strain 1163,1705,77,26
- 1255,1720,11,1
a 1279,1712,17,18
simple, 726,1750,89,34
homespun, 831,1751,133,35
hieland 980,1752,102,27
phrase, 1088,1752,92,34
"Behind 1201,1752,102,27
every 729,1805,71,27
silver 812,1798,74,27
lining 897,1799,80,36
there's 987,1799,84,27
a 1083,1808,16,18
cloud". 1112,1800,84,27
<EOS>
For 726,1847,46,25
my 782,1853,41,28
part. 831,1850,59,30
<EOS>
I 905,1849,12,24
would 927,1847,84,27
ask 1019,1848,44,27
that 1076,1848,51,27
you 1135,1858,50,25
direct 1198,1849,75,26
Sir 1283,1850,38,26
Yehudi"s 732,1893,101,27
attention 844,1897,120,24
to 977,1898,23,24
three 1013,1896,63,27
morsels 1089,1897,96,26
of 1197,1896,32,36
good 1230,1897,68,35
news 727,1950,66,20
tv 806,1952,21,17
Inch 827,1942,54,27
may, 894,1952,59,26
each 969,1944,58,26
in 1040,1946,26,23
ils 1080,1946,29,24
own 1121,1953,57,17
way. 1191,1953,57,27
<EOS>
serve 1263,1953,68,18
to 728,1996,22,23
alleviate 763,1991,112,27
your 883,2000,65,26
distress: 958,1991,104,27
(1) 731,2044,39,28
Remind 784,2040,104,28
him 896,2040,51,27
please 955,2040,84,35
that 1051,2040,51,27
he 1113,2040,29,27
promised 1151,2040,127,35
to 1286,2044,23,24
see 1321,2049,38,19
<EOS>
<EOP>
what 787,2090,62,28
could 862,2089,72,28
be 945,2089,29,27
done 986,2089,63,26
about 1060,2089,76,26
revising 1148,2090,103,35
his 1262,2090,37,26
EMI 1309,2091,53,24
contract 785,2142,107,25
in 903,2140,25,26
such 941,2138,55,28
a 1008,2146,16,19
manner 1037,2145,103,19
as 1151,2146,28,18
to 1191,2140,23,24
permit 1222,2140,91,33
us 787,2199,25,18
lo 825,2193,22,24
make 861,2189,69,27
one 942,2195,46,20
or 1000,2196,29,18
more 1041,2195,62,19
recordings 1117,2186,134,37
for 1259,2186,41,37
Columbia 786,2239,124,28
in 923,2240,25,25
the 962,2237,38,27
not 1012,2239,42,24
too 1065,2239,38,24
distant 1117,2236,92,27
future; 1216,2234,88,37
(2) 732,2291,38,27
I 786,2291,9,24
recently 807,2289,102,34
taped 922,2287,73,35
four 1002,2285,55,37
programs 1065,2291,126,31
for 1201,2284,40,36
<EOS>
<EOP>
Humphrey 785,2338,134,34
Burton 930,2338,89,26
and 1032,2335,54,27
he 1096,2335,29,27
tells 1137,2334,53,28
me 1201,2342,37,19
that 1249,2334,52,27
the 1311,2335,39,27
BBC 786,2388,56,25
will 853,2386,50,27
most 914,2389,61,24
likely 986,2385,71,36
purchase 1066,2384,114,36
the 1192,2383,37,27
TV 1245,2384,37,26
show 1292,2383,65,27
which 787,2434,76,28
Yehudi 880,2435,82,26
and 973,2434,54,27
I 1035,2437,11,23
made 1057,2434,71,26
last 1140,2433,46,27
year: 1193,2441,72,27
and 1278,2433,55,26
(,]) 732,2486,39,29
The 790,2484,44,26
Gould 848,2483,79,27
prospecting 932,2486,153,33
and 1094,2483,54,27
stock 1157,2482,64,28
counsel¬ 1234,2482,101,27
<EOS>
<EOP>
ling 787,2532,50,36
service 847,2535,89,24
is 949,2535,20,24
always 980,2532,95,36
at 1086,2536,27,23
your 1119,2540,66,28
disposal. 1195,2531,106,35
<EOS>
One 731,2584,50,25
thing 792,2581,67,36
more, 870,2589,68,20
dear 953,2581,62,27
Lady 1024,2581,66,35
Diana-. 1101,2583,92,25
<EOS>
I 1206,2582,11,26
have 1227,2581,62,27
cho¬ 1301,2580,52,28
sen 729,2638,41,19
not 785,2633,41,24
to 837,2633,23,24
comment 874,2633,118,24
directly 1003,2630,99,35
upon 1114,2635,64,29
Sir 1190,2631,39,26
Yehudi 1241,2629,84,27
s 1331,2637,13,18
e/e 730,2679,35,28
val 767,2682,40,24
ion 809,2681,40,25
/o 863,2682,23,24
the 899,2679,37,27
Knighthood 949,2679,154,36
became 1113,2679,100,27
frankly 1221,2677,101,36
my 730,2736,40,28
nose 783,2736,57,19
is 852,2731,20,24
out 884,2731,42,24
of 937,2726,33,38
joint. 964,2729,72,35
<EOS>
I 1050,2730,13,24
read 1073,2727,60,28
of 1142,2725,32,38
this 1178,2726,46,27
extra¬ 1236,2728,75,25
ordinary 729,2776,113,37
happening 853,2777,136,35
- 1001,2792,12,2
a 1025,2785,16,17
happening 1054,2776,135,35
which 1201,2774,73,27
under 1288,2772,75,27
any 728,2834,52,27
other 792,2826,69,26
circumstances 872,2828,180,24
I 1062,2827,12,24
should 1083,2824,89,27
be 1182,2823,29,26
compelled 1223,2820,132,36
to 729,2878,22,22
say 765,2883,42,26
was 820,2884,51,18
long 883,2875,57,34
overdue, 951,2874,106,27
mightily 1074,2872,106,35
deserved, 1192,2870,119,27
and 728,2923,54,26
one 792,2931,46,19
of 850,2922,31,36
the 886,2924,38,26
few 933,2922,47,35
cogent 992,2924,85,34
arguments 1087,2922,136,35
for 1225,2917,48,38
the 1284,2918,38,28
retention 729,2974,117,24
of 859,2970,33,37
the 895,2971,38,28
British 945,2971,86,26
Crown 1045,2972,85,24
- 1146,2985,11,1
in 1172,2971,24,24
the 1211,2968,38,27
pages 1257,2973,76,31
of 729,3018,31,37
the 765,3020,38,26
New 814,3022,56,24
York 887,3020,54,25
Times 956,3021,72,24
not 1041,3021,41,24
48 1094,3018,31,26
hours 1135,3018,72,26
after 1219,3016,64,35
you 1289,3026,51,26
had 728,3068,53,27
departed 790,3067,118,35
from 914,3067,64,35
these 991,3067,63,27
shores 1065,3066,81,28
last 1157,3066,47,27
November, 1214,3066,138,29
aud 729,3117,53,27
after 792,3116,62,34
ire 867,3124,35,19
bad 914,3116,52,26
spoken 975,3116,89,34
by 1079,3116,30,35
téléphone, 1123,3116,127,34
and 1265,3116,54,27
it 1329,3117,19,26
<EOS>
<EOP>
is 1418,102,20,23
my 1451,107,40,27
uushakeable 1504,98,161,27
conviction 1678,101,135,24
that 1826,98,52,26
anything 1888,98,119,36
Homer 1417,149,90,25
Sibelius 1517,147,101,27
can 1630,155,46,19
know 1689,146,71,28
about 1772,146,76,28
on 1859,155,32,19
Monday, 1902,146,111,36
I 2028,148,11,25
can 1419,205,45,18
know 1477,196,72,27
about 1561,196,75,27
on 1648,204,32,19
Sunday! 1693,196,110,35
<EOS>
With 1422,294,55,26
much 1489,293,68,27
love 1570,293,52,27
to 1635,296,22,23
you 1666,301,51,27
both. 1731,293,59,27
<EOS>
Sincerely, 1805,292,120,36
G 1419,392,22,25
Herbert 1451,390,103,27
Gould 1566,390,79,27
Treasurer 1422,439,120,27
and 1552,439,54,27
Principle 1614,439,118,35
Beneficiaiy. 1743,438,153,36
<EOS>
Knightly 1416,488,112,34
Musicians' 1538,487,141,27
Benevolent 1688,488,148,27
Fund. 1846,487,69,27
<EOS>
(dictated 1422,583,117,28
by 1549,584,32,35
telephone) 1593,584,136,35
<EOS>
<EOP>
AAA. 1419,877,80,25
<EOS>
PRIVATE 1419,925,106,26
EYE 1539,925,49,25
INC. 1602,925,49,25
<EOS>
MRS. 1419,1023,60,25
<EOS>
WILFRED 1494,1023,121,25
RIDDELL, 1629,1023,119,29
1646 1420,1067,56,29
VICTORIA 1488,1071,124,25
STREET, 1626,1071,102,30
WINDSOR, 1419,1119,130,31
ONTARIO. 1564,1120,122,26
<EOS>
Dear 1419,1217,67,25
Mrs. 1494,1218,54,24
<EOS>
Riddel/. 1562,1215,97,28
<EOS>
We 1424,1266,33,24
are 1468,1272,42,19
in 1523,1267,26,23
ivceipt 1562,1267,87,32
of 1660,1263,32,37
a 1695,1273,17,18
letter 1725,1264,68,27
from 1800,1263,65,37
our 1879,1273,45,18
most 1935,1268,60,23
valued 1421,1312,89,27
and 1518,1312,55,27
most 1582,1316,62,23
distinguished 1654,1313,176,36
client, 1839,1313,74,32
Mr. 1417,1363,40,25
<EOS>
G.H. 1466,1363,56,26
<EOS>
Gould, 1532,1361,82,33
informing 1630,1361,131,38
us 1772,1370,27,19
that 1811,1362,52,27
you 1869,1371,51,27
have 1933,1362,62,27
re¬ 2007,1370,32,19
tained 1420,1410,84,27
in 1513,1412,25,25
your 1546,1419,65,26
possession 1615,1412,133,32
a 1760,1419,17,18
phonograph 1785,1411,158,35
record¬ 1956,1410,88,28
ing 1420,1460,41,34
from 1463,1457,70,37
his 1546,1459,38,26
private 1592,1461,96,33
and 1699,1459,55,27
special 1763,1460,90,34
collection 1863,1460,124,26
of 2001,1458,31,36
musical 1421,1507,100,26
performances 1527,1505,181,38
of 1720,1506,32,37
historical 1754,1507,126,28
importance. 1891,1510,149,33
<EOS>
We 1423,1557,32,25
are 1467,1564,43,18
informed 1522,1554,121,38
that 1652,1556,51,26
this 1714,1556,46,26
recording 1772,1556,125,37
is 1908,1559,20,24
of 1940,1555,31,37
nominally 1421,1604,135,36
little 1568,1604,58,27
value 1639,1604,70,27
but 1720,1604,44,27
that 1774,1604,52,28
it 1837,1607,19,25
has 1866,1605,46,27
givat 1919,1608,69,33
sentimental 1419,1654,155,26
attachment 1583,1653,148,27
to 1742,1657,23,23
the 1778,1654,38,27
aforementioned 1828,1653,208,35
Mr. 1418,1703,40,25
<EOS>
Gould 1467,1701,81,27
In 1417,1752,28,24
our 1458,1759,46,18
capacity 1514,1753,108,33
as 1633,1759,30,18
his 1674,1750,38,27
representative, 1724,1753,184,33
we 1924,1759,36,18
wish 1972,1749,58,27
to 1420,1801,24,24
advise 1455,1798,84,27
you 1546,1807,52,27
that 1610,1799,53,26
it 1674,1801,18,24
will 1703,1799,51,26
be 1765,1799,30,27
advisable 1806,1798,126,28
and 1943,1797,54,28
expedient 1419,1847,127,35
if 1557,1847,25,36
you 1582,1856,51,27
would 1647,1847,84,28
comply 1740,1847,92,37
with 1845,1847,56,28
our 1913,1855,45,20
re¬ 1969,1854,32,20
quest 1419,1898,68,32
to 1497,1898,23,24
forward 1524,1895,117,35
the 1650,1897,38,26
recording 1702,1897,123,35
to 1836,1900,22,24
our 1872,1904,45,19
client's 1927,1894,91,28
address 1417,1942,100,28
- 1530,1960,12,2
32 1552,1946,35,28
Southwood 1597,1945,149,26
Drive. 1753,1947,77,26
<EOS>
Toronto 1850,1946,96,26
8. 1959,1946,19,24
<EOS>
It 1992,1946,21,24
goes 1415,1999,59,27
without 1487,1991,100,27
saying 1596,1995,87,33
that 1693,1993,52,26
it 1756,1996,19,24
will 1786,1994,51,26
be 1848,1994,29,26
properly 1885,1992,113,36
packaged 1412,2040,131,35
and 1551,2040,55,27
handled 1615,2040,111,28
for 1731,2041,42,36
shipping 1782,2042,112,36
purposes 1898,2046,115,30
and 1417,2088,54,26
that 1481,2089,51,26
any 1543,2097,51,27
damages 1606,2090,117,36
resulting 1735,2091,112,36
from 1847,2089,71,37
caivless- 1931,2090,107,26
ness 1417,2145,54,19
or 1483,2145,29,19
complacency 1522,2138,168,37
on 1703,2148,32,19
your 1744,2148,65,27
part 1814,2141,60,32
will 1884,2137,51,28
be 1946,2138,29,27
fur¬ 1978,2137,54,36
ther 1418,2186,53,28
dealt' 1483,2186,73,28
with. 1568,2188,59,27
<EOS>
It 1417,2240,21,26
might 1448,2239,76,36
be 1535,2239,30,28
mentioned 1577,2239,142,28
only 1727,2238,58,34
m 1797,2245,26,18
passing 1832,2238,102,34
that 1943,2237,52,26
our 2007,2245,44,20
client, 1420,2288,75,29
Mr. 1509,2290,39,24
<EOS>
Gould, 1563,2288,81,27
is 1661,2290,20,23
a 1692,2295,17,17
man 1721,2294,57,17
who 1793,2285,52,26
shuns 1858,2285,72,26
un¬ 1943,2294,41,18
necessary 1420,2344,125,28
publicity 1551,2335,119,37
of 1681,2333,33,37
any 1717,2342,51,26
kind. 1780,2333,62,27
<EOS>
He 1858,2335,35,26
has 1905,2333,46,28
al¬ 1962,2335,34,27
ways 1421,2394,67,22
preferred 1497,2383,119,37
to 1626,2387,22,23
remain 1662,2384,91,25
out 1767,2384,42,24
of 1820,2380,32,37
the 1856,2382,39,28
public 1904,2383,84,35
eye 2000,2393,41,22
and 1420,2434,54,26
it 1483,2436,18,24
would 1513,2432,83,27
therefore, 1612,2429,117,36
be 1746,2430,29,27
regrettable 1787,2432,139,34
should 1937,2432,90,28
we 1422,2491,34,18
be 1469,2482,29,26
forced 1508,2480,83,35
to 1600,2483,23,23
make 1637,2479,69,26
an 1718,2488,34,17
issue 1767,2482,58,25
of 1838,2480,31,35
this 1874,2482,46,26
relatively 1933,2482,122,32
minor 1421,2533,81,24
oversight 1513,2527,119,36
on 1644,2536,32,18
your 1685,2536,65,27
part, 1757,2532,59,31
besides, 1834,2529,97,30
in 1948,2534,26,24
con¬ 1988,2540,54,19
sultation 1420,2578,112,27
with 1547,2576,55,27
our 1615,2585,45,18
valued 1672,2576,88,28
client, 1770,2578,76,29
we 1863,2588,34,19
made 1912,2581,70,27
spe¬ 1995,2586,46,29
cial 1421,2626,48,27
note 1479,2628,55,24
of 1547,2624,31,36
his 1582,2625,38,27
view 1632,2627,60,26
that 1705,2626,53,27
there 1769,2627,64,28
really 1846,2629,73,35
was 1933,2637,51,19
not 1996,2632,42,24
sufficient 1419,2673,119,36
substance 1549,2674,127,29
for 1686,2675,41,35
truly 1737,2676,61,37
sensational 1810,2679,150,26
publi¬ 1967,2678,79,36
city 1421,2725,45,33
and 1478,2722,54,27
hence 1542,2723,74,28
it 1629,2726,18,25
might 1659,2725,75,36
not 1746,2730,42,23
be 1800,2727,29,26
worthwile 1842,2727,131,27
in 1986,2730,26,23
any 1419,2780,51,27
case. 1483,2780,56,18
<EOS>
I 1418,2823,12,23
hope 1439,2820,61,36
that 1512,2821,52,27
this 1575,2823,46,26
matter 1634,2827,87,24
will 1733,2825,51,27
be 1795,2825,29,27
brought 1837,2825,100,36
to 1948,2828,23,24
a 1984,2833,16,18
speedy 1419,2871,86,35
aud 1516,2872,55,26
amicable 1580,2874,122,27
conclusion. 1715,2874,142,27
<EOS>
Yours 1422,2971,68,26
very 1502,2979,58,28
truly, 1572,2971,64,36
Albert 1419,3067,82,28
Arnold 1510,3069,92,27
Ames. 1610,3072,71,25
<EOS>
Private 1420,3119,96,26
Eye 1527,3120,47,30
Inc. 1586,3120,43,25
<EOS>
7 1037,3195,28,27
<EOS>
<EOP>
