2176,3261
f* 145,183,37,24
É'. 113,207,33,49
<EOS>
7 156,227,28,27
'i?- 201,218,22,33
<EOS>
<EOP>
N 710,238,27,46
¦/ 213,272,22,18
i 500,277,11,10
K. 522,273,22,15
<EOS>
¦>¦• 524,330,27,15
y 235,345,33,19
/ 52,396,23,29
<EOS>
<EOP>
s..--. 662,715,25,10
<EOS>
»¦L.» 631,743,64,22
<EOS>
M- 247,802,23,17
±+\ 281,809,31,17
<EOS>
<EOP>
- 406,903,3,6
<EOS>
<EOP>
"< 246,1016,13,8
X 267,1017,31,14
< 310,1023,3,7
<EOS>
<EOP>
/T 20,1688,132,85
t 186,1687,26,71
<EOS>
<EOP>
% 1204,1206,73,123
<EOS>
<EOP>
ife- 1472,1417,56,55
-.-.» 907,1499,28,11
<EOS>
<EOP>
Skizze 1418,1936,73,19
von 1505,1942,38,13
Myfanwy 1558,1937,93,21
PaveIic 1666,1936,84,19
aus 1764,1941,36,14
Sidney, 1814,1936,86,22
BC, 1916,1935,35,23
Canada 1966,1935,81,21
<EOS>
<EOP>
sit»o, 44,2125,62,36
zwischen 120,2130,114,28
schnellen 248,2131,113,27
Crescendi 375,2131,114,28
und 504,2131,46,28
ätzenden 565,2130,107,28
"orzati, 42,2170,94,42
und 154,2179,46,27
es 217,2189,23,18
beschleunigt 257,2179,155,36
sich 429,2179,47,28
noch 493,2179,58,29
mehr 568,2179,65,29
in 649,2182,22,24
uen 42,2226,42,24
tückischen 97,2228,132,28
Handwechseln 241,2228,180,28
der 433,2228,39,28
Durchführung. 486,2228,186,36
<EOS>
Gould 42,2267,68,34
stösst 125,2281,68,23
da 209,2277,29,27
- 253,2293,13,1
beinahe 282,2277,96,27
- 394,2293,12,2
an 423,2286,28,19
die 467,2278,35,27
Grenzen 519,2279,97,26
des 632,2278,39,27
technisch 42,2316,114,37
Machbaren. 170,2325,144,28
<EOS>
Aber 329,2325,59,28
man 402,2334,54,19
vernimmt 470,2328,124,25
alles; 609,2326,62,33
^an 42,2369,50,27
erschrickt. 102,2373,127,29
<EOS>
Und 240,2374,49,28
wird 299,2374,56,27
dann 365,2374,62,27
eben 438,2374,57,28
in 507,2377,21,25
die 539,2374,35,28
melan- 586,2374,85,29
cholische 42,2412,110,38
Welt 159,2422,55,28
des 223,2423,39,27
«Largo 270,2426,81,32
e 359,2431,12,18
mesto» 379,2427,85,23
versetzt, 472,2428,100,28
wo 581,2432,36,18
sich 626,2423,46,27
^e 43,2461,32,29
Zeit 88,2468,43,30
in 146,2474,22,25
den 184,2471,44,28
Pausen 244,2474,85,25
festkrallt, 345,2471,114,33
bis 476,2471,32,28
die 524,2472,34,27
im 575,2475,30,24
pia- 619,2473,54,34
nissimo 44,2513,96,35
anhebende 152,2520,135,28
Coda 302,2521,62,27
die 378,2521,34,27
Kompressionen 428,2523,191,33
der 633,2521,40,27
Akkorde 43,2560,100,35
löst 163,2569,41,28
und 224,2570,46,27
eine 289,2572,48,25
riesige 356,2572,79,33
Bewegungs- 455,2570,150,35
und 627,2570,44,26
oewegtheitskurve 43,2615,218,35
vom 271,2627,55,18
Bass 336,2620,55,26
bis 400,2618,34,28
in 445,2620,22,25
den 478,2617,44,28
hohen 533,2617,79,28
Dis- 622,2620,49,25
*ant 43,2660,51,28
einleitet. 104,2665,105,29
<EOS>
In 221,2670,24,24
den 257,2667,43,27
letzten 312,2666,82,28
vier 406,2670,46,24
Takten 462,2666,82,28
dieser 555,2666,72,28
er¬ 638,2675,33,19
staunlichen 42,2707,140,35
Wölbung 195,2715,112,36
lässt 319,2715,55,28
Gould 387,2715,72,28
die 471,2715,34,27
Melodie 519,2714,95,28
zer¬ 627,2723,44,19
gehen. 57,2758,87,33
<EOS>
Er 156,2767,26,24
betont 193,2764,79,28
stärker 283,2764,87,28
die 380,2764,35,28
begleitenden 427,2764,156,37
Achtel 594,2764,77,27
Qer 42,2803,36,27
linken 89,2807,75,34
Hand. 176,2813,70,28
<EOS>
So 258,2816,28,25
mündet 298,2814,97,27
der 406,2813,39,28
rezitativische 456,2813,160,28
Ab- 627,2813,44,27
§esang 42,2853,79,41
in 135,2863,21,26
unmaskierter 171,2863,168,28
Resignation. 352,2865,147,33
<EOS>
Spricht 74,2904,87,36
Beethoven 172,2911,130,28
auf 314,2911,42,28
solche 365,2911,74,28
Weise 451,2913,70,27
nicht 533,2910,61,28
deut- 605,2911,66,27
lcner, 50,2952,61,36
als 122,2958,32,28
wenn 164,2968,69,20
der 244,2961,39,27
umsichtig 294,2960,122,36
disponierende 426,2960,171,36
Mau- 608,2962,63,25
r'2io 42,2998,49,30
Pollini 110,3007,76,28
dieselben 207,3009,112,27
Reibungen 340,3009,127,36
glättet? 487,3009,92,35
<EOS>
Gould 600,3008,71,27
w°llte, 43,3046,77,39
bei 135,3055,34,29
Beethoven, 185,3057,136,33
nicht 336,3057,62,29
assoziieren, 411,3061,141,28
sondern, 567,3057,104,32
'edenfalls 42,3097,113,35
tendenziell, 176,3106,140,33
dissoziieren. 337,3107,149,27
<EOS>
Es 510,3110,24,24
geschieht 556,3106,115,36
<EOS>
<EOP>
dann 727,2129,62,28
tatsächlich, 811,2127,138,32
dass 972,2127,52,27
die 1046,2127,34,27
Sonate 1103,2129,81,25
als 1206,2128,31,27
erzählte 1260,2128,98,27
Geschichte 726,2177,129,29
zu 864,2186,27,19
bröckeln 899,2175,105,30
beginnt. 1013,2175,100,36
<EOS>
Joachim 1118,2175,103,35
Kaiser 1230,2178,74,25
gibt 1311,2176,46,35
den 727,2228,45,28
bedenkenswerten 783,2226,221,30
Hinweis 1016,2227,98,25
auf 1128,2223,40,28
Goulds 1178,2223,83,28
Unver¬ 1273,2227,84,24
mögen, 726,2282,93,31
Sonatenzusammenhänge 830,2273,310,36
aufzuhellen. 1151,2272,150,28
<EOS>
Das 1312,2274,44,26
mag 728,2335,53,27
stimmen 788,2329,108,25
- 906,2341,12,3
vor 928,2333,40,20
allem 976,2323,67,29
im 1053,2326,31,24
Blick 1093,2322,61,28
auf 1162,2321,40,29
die 1209,2322,35,28
förmlich 1254,2321,103,29
zerquetschte, 726,2375,158,36
bis 895,2375,32,28
zur 937,2383,40,19
Karikatur 986,2372,117,29
verzerrte 1113,2377,107,23
Aufnahme 1230,2370,127,29
der 727,2425,40,27
«Appassionata». 781,2427,191,33
<EOS>
Anderseits: 762,2474,136,27
wer 916,2482,46,19
inszeniert 978,2475,118,25
heute 1112,2471,69,28
noch 1197,2470,58,28
Shake¬ 1273,2469,83,29
speare 728,2531,76,26
mit 814,2526,41,23
Krinolinen? 865,2522,140,27
<EOS>
Oder: 1015,2521,69,28
können 1095,2521,90,27
wir 1195,2523,42,24
uns 1246,2527,43,20
noch 1300,2518,58,28
wiedererkennen 726,2570,202,28
in 948,2573,21,25
einer 990,2574,59,24
schön 1069,2570,70,28
- 1159,2585,12,2
beschönigend 1191,2567,167,37
schön 727,2619,71,28
- 807,2636,12,2
gespielten, 827,2620,131,35
auf 968,2618,40,30
mittlerer 1015,2620,107,27
Temperatur 1130,2621,143,32
gehal¬ 1282,2616,75,37
tenen 726,2673,67,23
-Appassionata-Interpretation? 814,2670,384,34
<EOS>
Was 1218,2670,49,25
dieses 1288,2666,69,27
Werk 726,2717,66,27
der 808,2717,39,28
Welt 863,2717,55,29
um 935,2726,41,19
1800 993,2719,56,26
bedeutete, 1066,2717,129,31
das 1213,2716,40,27
müsste 1270,2719,88,23
doch 726,2765,59,28
auch 798,2766,57,28
zweihundert 868,2766,155,28
Jahre 1031,2765,66,36
danach 1110,2765,86,29
- 1210,2781,13,3
nicht 1236,2764,61,28
ein¬ 1311,2766,46,25
fach 726,2813,51,28
«historisch» 789,2814,142,29
rekonstruierbar 943,2815,195,27
sein, 1150,2818,52,28
vielmehr 1214,2813,110,28
in 1336,2815,21,25
der 726,2863,39,28
ganzen 787,2873,87,27
Ungeheuerlichkeit 899,2863,225,37
wieder 1148,2863,85,28
erlebbar 1256,2862,103,28
werden. 725,2913,99,27
<EOS>
Unsere 836,2916,83,24
hermeneutisch 930,2913,183,27
so 1125,2922,24,18
feinsinnige 1161,2912,134,35
Kul¬ 1307,2911,50,27
tur 726,2965,36,23
einerseits, 774,2964,119,31
die 906,2962,35,28
Macht 954,2962,75,28
der 1041,2962,39,28
technischen 1093,2961,147,29
Multipli¬ 1252,2960,105,36
katoren 726,3009,94,28
anderseits 832,3011,122,27
hat 968,3011,39,27
bewirkt, 1019,3011,103,33
dass 1135,3011,52,27
wir 1200,3013,41,25
schläfrig 1255,3008,104,37
geworden 726,3059,122,36
sind. 869,3059,56,28
<EOS>
Und 946,3059,49,28
auch 1016,3059,57,29
die 1094,3060,35,28
Interpreten 1150,3062,139,33
sind 1311,3059,48,27
müde 726,3108,70,28
geworden. 808,3109,128,35
<EOS>
Die 949,3111,40,25
frühe 1002,3107,66,29
Unschuld 1080,3108,115,28
der 1207,3108,38,28
direkten 1257,3108,101,28
<EOS>
<EOP>
61 1033,3181,24,30
<EOS>
<EOP>
Begegnung 1416,2129,137,33
zeichnet 1560,2128,99,27
kaum 1666,2128,70,27
noch 1746,2128,57,28
die 1812,2129,35,27
Dilettanten 1855,2129,134,28
aus; 1998,2140,51,21
von 1415,2184,44,18
den 1477,2175,44,27
«aufgeklärten» 1542,2174,181,37
Kennern 1742,2178,104,27
zu 1865,2186,27,19
schweigen. 1913,2178,134,37
<EOS>
Gould 1449,2224,72,27
hat 1529,2224,39,27
absichtlich 1576,2224,132,29
und 1718,2226,46,27
polemisch 1773,2226,124,35
die 1907,2228,34,28
«Appas¬ 1951,2232,96,33
sionata» 1412,2275,98,25
als 1521,2272,31,28
ein 1562,2276,36,24
schlechtes 1608,2273,125,29
Stück 1743,2275,68,28
bezeichnet. 1820,2275,135,30
<EOS>
Das 1966,2280,44,26
ist 2020,2283,27,24
allerdings 1413,2321,118,36
Unsinn. 1541,2324,95,26
<EOS>
Aber 1648,2322,58,28
es 1717,2332,23,19
gewinnt 1751,2327,102,33
an 1865,2334,29,19
Sinn, 1905,2328,63,30
wenn 1980,2337,68,18
man 1413,2378,53,19
die 1480,2370,35,28
Rezeption 1528,2372,116,34
im 1658,2374,32,25
Auge 1703,2374,61,35
behält, 1778,2373,82,32
die 1875,2375,34,29
in 1924,2379,22,25
der 1959,2377,40,28
Tat 2012,2379,36,26
diesem 1413,2419,86,27
Werk 1506,2419,65,28
- 1579,2435,12,3
und 1601,2421,47,27
manchen 1654,2421,115,28
anderen 1777,2423,99,29
- 1886,2440,11,3
den 1907,2426,44,27
Stachel 1960,2426,89,28
gezogen 1412,2476,100,28
hat. 1522,2467,45,28
<EOS>
Wieder 1577,2470,89,27
zuhören 1676,2471,100,28
können? 1786,2472,106,29
<EOS>
hiesse 1903,2474,72,29
dann 1985,2476,62,27
möglicherweise, 1414,2516,200,36
dass 1636,2519,51,28
der 1709,2521,40,27
neuen 1770,2531,73,19
Erfahrung 1866,2522,126,37
die 2014,2525,34,27
Dekonstruktion 1413,2565,195,29
der 1621,2568,39,28
überlieferten 1673,2569,160,30
Deutungen 1847,2575,136,34
vor¬ 1997,2581,50,20
angegangen 1414,2624,148,27
sein 1573,2620,46,24
muss. 1630,2627,72,20
<EOS>
Solche 1714,2620,78,28
Dekonstruktion 1803,2621,195,29
be¬ 2010,2623,38,27
trieb 1414,2664,55,28
Glenn 1480,2664,70,28
Gould 1561,2666,72,28
im 1643,2670,32,25
Umgang 1687,2671,104,35
mit 1801,2674,41,24
den 1853,2671,43,27
berühmten 1908,2671,139,28
Werken 1413,2713,96,29
der 1525,2714,40,28
Klassiker. 1581,2716,117,29
<EOS>
Verfremdung. 1715,2718,169,37
<EOS>
Entstellung, 1902,2720,145,35
Zer-setzung 1413,2764,144,37
- 1571,2781,12,3
in 1598,2768,22,25
propädeutischer 1633,2768,202,35
Absicht. 1847,2769,98,28
<EOS>
Beethoven 1449,2813,131,29
war 1588,2824,47,19
das 1643,2816,41,28
eine 1693,2819,49,26
«Opfer». 1751,2817,97,36
<EOS>
Das 1858,2820,44,26
andere 1912,2818,81,28
war 2002,2826,46,19
nicht 1414,2861,61,29
Haydn, 1484,2863,86,36
sondern 1579,2865,98,28
Mozart. 1685,2869,90,25
<EOS>
Schon 1785,2867,74,28
im 1869,2869,31,26
Januar 1903,2869,84,33
196I 1996,2864,50,34
nahm 1414,2911,70,29
Gould, 1496,2913,80,32
zusammen 1588,2923,135,20
mit 1735,2918,41,25
Walter 1788,2916,81,28
Süsskind 1880,2916,109,27
und 2001,2915,46,28
dem 1414,2961,53,28
CBC 1485,2963,49,27
Symphony 1552,2963,135,37
Orchestra, 1703,2964,126,32
Mozarts 1847,2967,95,25
c-Moll- 1960,2964,86,27
Konzert 1415,3012,94,27
auf. 1521,3011,45,28
<EOS>
Die 1581,3015,39,25
Aufnahme 1634,3012,127,28
ist 1774,3016,27,24
auch 1814,3013,57,27
nach 1886,3013,55,27
dreissig 1955,3013,93,35
Jahren 1410,3059,82,35
ein 1503,3063,35,25
ergreifendes 1549,3061,149,35
Zeugnis 1708,3063,92,34
für 1810,3060,37,29
die 1857,3062,34,27
Kunst, 1902,3064,76,28
diese 1989,3062,59,27
unendlich 1415,3109,119,28
schwer 1551,3110,86,28
zu 1654,3119,27,19
treffende 1697,3109,107,29
Musik 1821,3111,75,27
wahrhaftig 1912,3110,136,36
<EOS>
<EOP>
BITTE 1693,3167,49,14
LESEN 1751,3167,57,15
SIE 1816,3167,26,15
WEITER 1850,3168,69,14
AUF 1928,3168,35,15
SEITE 1972,3168,49,15
96 2029,3168,22,15
<EOS>
<EOP>
