2176,3261
I 1128,278,54,101
i 579,362,34,61
<EOS>
<EOP>
X2 1205,486,44,30
<EOS>
<EOP>
'HE&i 1247,621,114,38
<EOS>
<EOP>
GGs 1867,679,36,16
Privat¬ 1917,679,76,16
studio 1867,714,68,17
im 1950,714,21,17
Hotel 1867,748,56,18
«Inn 1936,749,47,17
o 1997,754,7,12
the 1867,784,32,17
Park» 1913,784,62,17
<J 789,754,112,62
<EOS>
<EOP>
*r+ 1750,946,49,28
<Q 1584,964,32,23
^, 1674,970,29,21
<EOS>
<EOP>
^J 1615,1068,91,50
<EOS>
<EOP>
1971 30,670,48,23
<EOS>
<EOP>
Gould 233,1310,55,20
kauft 305,1310,47,20
sieh 370,1311,36,20
eine 422,1317,37,15
eigene 475,1313,61,25
Auf¬ 551,1310,42,23
nahmeausrüstung, 232,1344,180,28
mit 421,1349,31,18
der 460,1346,30,21
er 498,1354,18,13
sich 522,1347,36,20
im 567,1350,24,17
Eaton 233,1382,53,18
Auditorium 302,1380,111,21
für 429,1380,28,22
die 472,1381,28,22
Aufnah¬ 516,1381,76,22
men 232,1422,40,13
jeweils 285,1415,65,24
ein 362,1417,27,19
ad-hoc-Studio 402,1416,139,22
auf¬ 554,1416,38,22
baut. 231,1450,48,21
<EOS>
Fortan 292,1452,63,19
bezahlt 367,1450,68,22
er 448,1457,18,15
seine 478,1455,45,18
hand¬ 536,1452,55,21
verlesenen 232,1485,100,21
Techniker 339,1485,96,21
aus 441,1493,32,14
der 481,1487,31,20
eigenen 519,1489,73,24
Tasche, 232,1520,66,21
erspart 310,1524,65,23
sich 388,1521,34,20
dafür 434,1521,53,21
die 498,1521,27,22
Auto¬ 537,1524,53,19
fahrten 231,1555,70,21
ins 312,1557,27,19
verhasste 350,1554,89,22
New 451,1558,38,18
York. 505,1556,48,22
<EOS>
<EOP>
Im 653,1312,24,19
Dezember 700,1310,96,21
haben 818,1309,57,20
Trager 898,1310,62,25
am 982,1316,28,13
Hafen 652,1345,54,22
den 717,1346,34,21
aus 764,1352,31,14
New 806,1347,42,19
York 860,1344,43,22
kommen¬ 915,1344,95,21
den 653,1382,34,21
Steinway 699,1383,87,26
CD 799,1382,27,20
ils 841,1382,29,20
fallen 883,1379,52,21
lassen 949,1379,56,21
Als 653,1417,28,21
GG 692,1418,24,20
den 728,1417,34,21
Schaden 773,1416,80,22
sieht, 866,1415,49,22
meint 928,1417,54,19
er 994,1421,19,16
lakonisch: 652,1453,100,20
-Nun 765,1455,49,18
denn, 827,1452,54,20
auf 893,1450,32,22
dem 935,1451,41,21
da 990,1451,22,21
können 654,1488,71,21
wir 739,1489,32,20
es 784,1496,18,13
nicht 816,1487,47,21
machen.- 877,1487,91,20
<EOS>
Die 983,1488,30,20
nächste, 653,1523,79,22
vielkritisierte 755,1522,129,22
Aufnahme, 908,1521,103,23
die 652,1559,27,20
Handel-Suiten 690,1559,137,21
(1972). 840,1560,72,21
<EOS>
wird 923,1558,42,21
also 976,1558,36,21
<EOS>
<EOP>
aus 1059,1316,32,13
völlig 1108,1310,53,26
pragmatischen 1177,1310,142,27
Gründen 1337,1311,82,20
aufeinem 1058,1344,96,22
Cembalo 1164,1345,86,22
gemacht. 1259,1345,87,27
<EOS>
Unter¬ 1357,1348,60,19
dessen 1059,1379,63,21
resümiert 1129,1383,94,18
GG 1231,1383,25,19
die 1264,1381,28,21
Schäden 1300,1381,80,21
sei¬ 1389,1383,31,19
nes 1059,1422,30,13
-Lebensgefährten- 1107,1415,178,28
(GG): 1306,1416,55,25
-Die 1380,1418,39,20
Platte 1059,1450,54,22
ist 1126,1453,20,19
an 1161,1458,21,14
vier 1196,1458,37,14
kritischen 1246,1452,94,21
Stellen 1354,1452,65,20
gebrochen, 1059,1486,107,26
der 1177,1487,31,20
Deckel 1219,1487,64,21
ist 1295,1489,21,19
am 1328,1494,28,14
Bass¬ 1369,1488,51,21
ende 1058,1521,44,22
auch 1114,1521,44,22
zerbrochen 1170,1521,106,22
- 1289,1535,8,2
ein 1310,1524,28,20
bemer¬ 1350,1522,68,21
kenswerter 1059,1557,109,21
Schaden 1176,1557,81,21
-. 1267,1570,16,10
<EOS>
wie 1293,1560,33,19
auch 1335,1558,44,21
am 1389,1565,30,13
<EOS>
<EOP>
entgegengesetzten 1472,1314,178,23
Ende. 1666,1310,52,21
<EOS>
Der 1735,1311,33,20
Reso¬ 1784,1311,48,20
nanzboden 1473,1345,105,22
ist 1590,1348,20,19
am 1621,1352,29,15
oberen 1663,1345,66,22
Ende 1740,1346,46,21
zer¬ 1797,1352,34,15
splittert. 1474,1381,79,27
<EOS>
Die 1571,1383,31,19
Tasten 1620,1383,60,19
sind 1698,1381,38,20
aus 1754,1388,32,13
der 1803,1380,31,22
Reihe 1473,1416,50,22
gesprungen...-. 1534,1422,159,22
<EOS>
Die 1708,1417,30,21
späteren 1751,1419,81,25
Aufnahmen 1474,1451,111,21
auf 1597,1451,32,21
dem 1639,1452,42,20
in 1694,1453,17,19
mühseliger 1725,1451,108,27
Arbeit 1474,1487,58,21
wieder 1539,1488,67,20
aufgepäppelten 1613,1486,147,28
CD 1768,1488,26,20
318 1802,1488,31,22
klingen 1473,1522,70,27
denn 1557,1523,47,20
auch 1619,1522,43,21
etwas 1677,1527,54,16
harscher, 1747,1522,85,21
spitzer. 1473,1560,65,25
<EOS>
1972 30,1626,51,25
<EOS>
<EOP>
1973 30,1839,50,29
<EOS>
<EOP>
1974 31,2087,51,25
<EOS>
<EOP>
1975 31,2265,51,27
<EOS>
<EOP>
1976 33,2512,51,28
<EOS>
<EOP>
GG 234,1631,24,18
schreibt 283,1627,73,21
die 382,1626,27,22
Filmmusik 434,1626,105,22
für 566,1626,28,22
-Slaughterhouse 235,1663,158,27
Five 411,1664,39,18
(nach 479,1662,54,21
dem 552,1663,41,19
gleichnamigen 235,1698,142,28
Roman 403,1699,64,18
von 494,1703,33,14
Kurt 554,1699,40,18
Vonnegut). 235,1733,108,28
<EOS>
GG 356,1734,25,19
vergleicht 394,1731,92,28
die 499,1731,28,22
Inter¬ 540,1734,53,19
pretation 235,1772,88,26
eines 340,1771,46,18
Werkes 404,1768,69,20
im 491,1770,24,17
Studio 533,1768,61,19
<EOS>
<EOP>
stets 651,1634,42,17
mit 704,1632,32,20
der 747,1632,30,20
Arbeit 788,1632,57,20
eines 856,1634,47,19
Regisseurs 914,1633,97,25
serts-: 1057,1635,61,17
Welcher 1131,1631,79,21
Bühnenschauspieler 1223,1631,194,27
(seine 653,1666,56,21
Favoriten 721,1668,91,19
waren 825,1674,57,13
Godard 895,1667,68,20
und 977,1668,34,19
würde 1058,1667,60,20
sich 1131,1666,37,21
auch 1181,1666,45,21
weigern, 1240,1669,83,24
dass 1336,1666,41,21
bei 1390,1665,27,22
Bergmann) 653,1701,108,25
am 781,1708,28,13
Schneidetisch 828,1702,130,20
und 978,1703,34,20
einem 1058,1704,58,18
Film 1126,1702,42,20
Szenen 1179,1703,66,19
geschnitten 1254,1702,110,26
wer- 1376,1708,42,14
verteidigt 651,1736,92,26
den 756,1736,33,21
allgemein 803,1737,94,26
verpönten 913,1740,98,24
den. 1057,1737,40,21
<EOS>
Gebrauch 651,1770,91,21
von 758,1778,34,14
Schnitten, 809,1772,98,21
von 925,1779,34,13
-in- 978,1775,33,18
25.Aug.: 234,1845,85,24
<EOS>
GG 334,1843,24,19
Fahrt 373,1841,49,21
mit 436,1841,31,20
72 482,1841,21,20
Meilen 519,1839,63,21
Std. 235,1879,35,21
<EOS>
in 285,1880,16,19
einer 316,1884,46,14
55-Meilen-Zone; 377,1875,160,24
Otto 552,1875,41,20
Friedrich. 235,1913,92,23
<EOS>
GGs 344,1915,33,19
offizieller 394,1910,90,24
Biograph, 500,1909,93,27
zahlt 234,1951,45,21
weitere 300,1952,68,19
5 388,1951,8,21
Geschwindigkeits¬ 417,1945,175,29
übertretungen, 235,1986,144,27
eine 390,1991,38,14
verbotene 439,1983,93,21
Wen¬ 544,1984,49,18
dung 235,2023,47,25
und 297,2021,33,22
ein 345,2023,28,20
1 389,2023,3,18
herfahren 403,2018,92,23
des 511,2018,30,21
Rot¬ 557,2019,36,19
<EOS>
<EOP>
lichts 652,1840,50,20
in 714,1842,15,19
zweieinhalb 740,1842,116,20
Jahren. 863,1842,70,26
<EOS>
Einmal 945,1842,67,22
verfolgt 653,1875,73,27
die 741,1875,27,21
Polizei 782,1876,60,21
GG 857,1879,25,18
in 897,1878,16,19
der 927,1877,31,20
Mei¬ 972,1880,41,18
nung, 653,1916,53,20
einen 719,1913,50,17
Wahnsinnigen 782,1910,138,27
vor 934,1919,31,13
sich 977,1912,36,21
zu 651,1952,21,14
haben. 682,1946,64,19
<EOS>
Als 757,1946,28,19
sie 794,1948,24,18
ihn 827,1945,31,21
um 868,1952,30,15
eine 908,1949,38,18
Erklä¬ 956,1947,55,20
rung 653,1986,44,20
bitten, 705,1980,62,22
sägt 778,1985,36,22
er: 825,1986,25,16
-Nun. 862,1983,54,19
<EOS>
ich 927,1981,27,21
hatte 965,1981,48,21
das 653,2016,30,21
Radio 702,2015,53,21
laufen 773,2014,58,22
und 851,2015,34,21
war 903,2022,36,14
dabei. 956,2016,56,21
<EOS>
<EOP>
Mahler 1059,1843,67,21
zu 1142,1850,21,14
dirigieren-, 1181,1844,108,26
womit 1308,1846,62,18
das 1388,1844,31,20
wilde 1060,1878,53,21
Fuchteln 1126,1878,82,21
seiner 1223,1880,55,19
Arme 1290,1881,52,18
erklärt 1356,1878,65,21
war. 1060,1919,37,14
<EOS>
Als 1059,1948,28,21
GGs 1096,1950,34,19
Reverenz 1140,1950,84,19
an 1234,1955,22,14
seine 1266,1951,45,18
Ahnen 1322,1948,61,21
er¬ 1393,1955,25,14
scheint 1059,1982,67,20
seine 1137,1985,46,18
Einspielung 1195,1983,113,26
der 1319,1983,31,20
Grieg- 1361,1985,58,24
Sonate 1058,2018,65,19
op. 1134,2024,28,19
<EOS>
7. 1175,2019,15,18
<EOS>
<EOP>
CBC-FM 1610,1647,98,20
Celebrates 1577,1670,130,19
the 1713,1670,36,19
rWENNSSAIL 1565,1704,243,33
Of 1629,1740,59,32
AIRN«UD 1565,1775,187,33
:H©EN«EOB 1554,1814,257,33
<EOS>
<EOP>
Die 235,2096,30,19
vierteilige 273,2093,97,28
Sendung 378,2093,82,26
über 468,2091,43,21
und 519,2090,34,22
mit 562,2091,32,19
GG. 234,2132,30,19
<EOS>
-Les 280,2132,39,19
chemins 334,2129,82,22
de 429,2128,21,22
la 467,2128,14,20
musique-, 496,2128,97,26
vom 235,2172,40,13
Pariser 290,2167,63,19
Regisseur 367,2167,88,24
und 467,2163,35,21
Musiker 516,2162,78,22
Bruno 235,2203,58,18
Monsaingeon. 315,2203,133,24
<EOS>
wird 469,2200,42,20
ausge- 533,2206,61,18
Das 234,2274,34,20
Haus 277,2275,46,19
am 332,2280,29,14
Lake 370,2273,45,21
Simcoe 423,2275,70,19
wird 501,2272,43,22
vom 553,2278,41,15
\ater 236,2311,48,18
verkauft, 296,2308,85,22
da 395,2308,22,22
die 429,2309,27,20
Mutter 471,2311,64,18
nicht 548,2307,47,21
mehrzwei 235,2344,97,21
Häuser 340,2345,66,20
unterhalten 413,2344,110,21
könne. 532,2343,62,21
<EOS>
Laut 235,2381,43,19
GG 289,2381,25,18
und 326,2379,35,20
seiner 373,2382,55,18
Cousine 439,2381,75,19
ist 527,2382,19,17
dies 559,2379,36,20
wohl 236,2415,46,21
der 298,2415,31,21
Auslöser 345,2415,82,21
eines 442,2417,47,19
schweren 506,2415,89,21
Hirnschlages, 236,2450,127,26
der 377,2450,30,21
zum 419,2457,42,14
Tod 474,2450,33,21
der 521,2450,30,21
83- 564,2451,30,23
<EOS>
<EOP>
strahlt. 655,2087,66,22
<EOS>
Insgesamt 731,2089,95,24
hat 837,2086,28,21
GG 874,2088,24,19
schon 907,2086,55,21
viele 970,2086,45,21
Auftritte 655,2123,81,22
am 748,2129,28,15
Fernsehen 791,2121,96,22
hinter 902,2121,58,21
sich, 972,2122,41,20
denen 654,2162,56,21
noch 719,2160,44,21
zahlreiche 771,2158,96,21
weitere 875,2160,69,18
folgen 953,2156,59,28
sollten: 654,2197,71,22
Dies 739,2197,40,20
lässt 793,2195,43,21
ihn. 850,2193,36,23
<EOS>
trotz 900,2196,45,17
seines 958,2194,55,19
<EOS>
<EOP>
Rückzuges 1060,2087,98,26
aus 1168,2094,32,14
der 1210,2088,31,20
Öffentlichkeit, 1251,2086,137,25
zu 1398,2095,21,14
einem 1058,2123,58,19
der 1126,2122,31,20
meistgesehenen 1167,2123,151,26
Pianisten 1330,2125,87,19
seiner 1057,2159,56,18
Zeit 1124,2158,33,19
werden. 1168,2157,75,21
<EOS>
<EOP>
* 1643,1957,50,60
<EOS>
<EOP>
Ankündigung 1868,1632,141,21
einer 1869,1668,56,16
lOtei- 1939,1666,66,17
ligen 1869,1703,53,20
Sendung 1936,1701,93,20
über 1869,1737,48,18
A. 1930,1737,18,17
<EOS>
Schön¬ 1957,1737,74,16
berg, 1869,1773,58,19
die 1941,1771,31,17
GG 1986,1771,25,17
produzierte 1869,1807,134,21
<EOS>
<EOP>
(isw-iaaii 1568,2167,174,24
<EOS>
<EOP>
in 1622,2195,18,19
stereo 1647,2197,73,18
September-December 1498,2217,261,26
1974 1766,2220,51,19
jahrigen 655,2268,78,27
Florence 748,2267,79,21
Gould 842,2265,55,21
führt. 912,2263,54,22
<EOS>
Der 981,2265,32,19
Tbd 656,2304,32,22
der 702,2304,30,20
Mutter 744,2305,65,18
lost 820,2301,33,21
beim 865,2300,47,21
zweiund- 926,2299,87,21
vierzigjahrigen 655,2338,144,28
GG 807,2338,24,20
diverse 838,2337,66,21
psychische 912,2334,101,28
und 656,2376,34,21
vor 704,2382,30,13
allem 746,2374,52,21
auch 811,2372,43,22
phvsische 868,2371,93,28
Pro¬ 975,2372,37,18
bleme 656,2412,58,21
aus 730,2417,31,15
Jessie 781,2411,53,25
Greig. 851,2410,53,24
<EOS>
die 922,2407,27,20
dann 966,2406,47,21
zu 656,2454,20,15
seiner 691,2453,54,15
wichtigsten 759,2444,111,27
Bezugsperson 885,2444,128,26
<EOS>
<EOP>
wurde, 1056,2263,67,22
erzahlt, 1129,2263,72,21
dass 1208,2263,41,20
er 1256,2270,18,13
introspektiver 1282,2262,134,28
geworden 1056,2299,94,27
sei 1165,2301,22,18
und. 1204,2299,41,21
<EOS>
von 1261,2305,34,14
der 1311,2299,30,20
Offen¬ 1356,2297,60,22
barung 1056,2334,68,27
des 1133,2334,31,21
Johannes 1171,2333,90,28
fasziniert, 1273,2333,94,23
eine 1378,2336,38,19
Komposition 1057,2372,122,24
in 1190,2372,16,17
der 1216,2370,30,19
Art 1257,2372,27,17
von 1295,2376,35,13
Handels 1341,2370,75,20
Messias 1057,2407,72,20
geplant 1140,2405,71,27
hat. 1223,2405,34,21
<EOS>
<EOP>
CBt*-FN 1544,2252,52,12
95.1 1634,2252,35,14
<EOS>
Montreal 1687,2253,72,12
CBC-FM 1544,2270,53,12
103.3 1625,2270,42,14
<EOS>
Ottawa 1687,2272,54,11
CBlr-FM 1545,2288,53,12
94.1 1634,2288,35,14
<EOS>
Toronto 1688,2289,62,12
::,.-?¦"¦' 1550,2307,47,10
<EOS>
98.3 1635,2305,33,15
<EOS>
Wir.nipeg 1688,2307,71,15
<EOS>
C3U-R-: 1545,2325,52,11
105.7 1625,2324,44,14
<EOS>
Vancouver 1689,2326,80,12
<EOS>
<EOP>
Er 236,2524,20,19
mietet 267,2524,62,19
in 342,2524,16,19
Toronto 371,2523,74,20
nach 458,2521,43,22
der 514,2521,31,22
vor¬ 557,2528,38,15
übergehenden 236,2557,134,27
Schliessung 377,2557,112,27
des 495,2558,31,20
Eatons 534,2559,61,19
im 236,2595,24,19
Luxushotel 268,2592,110,22
-Inn 388,2595,40,19
on 437,2599,24,14
the 469,2592,30,22
Park- 507,2592,52,22
die 569,2592,27,22
<EOS>
<EOP>
Suite 656,2524,48,19
215. 713,2522,36,20
<EOS>
in 760,2522,16,18
der 786,2519,30,21
er 825,2524,17,14
sein 851,2519,35,18
eigenes 896,2518,69,25
Stu¬ 975,2516,38,19
dio 656,2558,29,20
einrichtet. 700,2555,97,22
<EOS>
Zudem 814,2553,64,22
gibt 894,2551,36,27
er 946,2557,18,14
sein 979,2552,34,18
geheimgehaltenes 657,2591,174,27
Zimmer 841,2591,78,19
im 930,2589,23,19
Hotel 965,2585,50,22
<EOS>
<EOP>
-Hampton 1059,2515,99,26
Court- 1165,2515,63,20
bald 1235,2513,40,22
zugunsten 1282,2519,99,23
der 1389,2515,30,22
Suite 1058,2552,48,18
640 1119,2548,35,22
im 1168,2552,22,18
-Inn- 1206,2551,49,19
auf. 1268,2549,35,22
<EOS>
die 1317,2550,27,21
er. 1357,2558,21,14
<EOS>
in¬ 1393,2558,23,13
kognito, 1059,2586,80,26
bis 1146,2585,27,20
zu 1181,2592,21,14
seinem 1211,2587,66,20
Tod 1285,2587,35,20
bewohnt. 1328,2587,90,21
<EOS>
Nach 1059,2620,47,22
1967 1122,2620,42,25
folgt 1179,2620,43,28
eine 1236,2624,38,18
zweite 1289,2624,61,19
Spiel¬ 1364,2622,55,28
krise: 1059,2658,53,20
Im 1129,2659,25,18
Sommer 1172,2659,82,19
treten 1272,2662,56,17
bei 1345,2659,27,21
der 1389,2659,31,21
Arbeit 1060,2693,58,21
an 1126,2699,22,15
der 1156,2693,30,21
vierten 1194,2696,68,18
Folge 1272,2693,50,27
der 1330,2694,31,21
Fern¬ 1369,2697,50,19
sehsendung 1059,2728,110,27
-Music 1188,2730,65,20
of 1271,2729,20,21
our 1307,2736,33,15
times- 1359,2732,60,21
erste 1059,2769,44,17
Koordinationsprobleme 1133,2764,228,28
der 1389,2768,31,21
Finger 1060,2802,60,25
auf. 1128,2799,34,22
<EOS>
es 1171,2807,18,13
beginnt 1197,2800,74,27
ein 1280,2803,28,19
Jahr 1313,2802,43,26
piani¬ 1364,2805,56,25
stischer 1059,2835,73,23
Probleme, 1143,2835,96,23
die 1252,2836,27,22
er 1292,2845,18,13
im 1322,2841,24,18
-Tage¬ 1360,2841,60,26
buch 1059,2872,45,21
eines 1123,2874,46,18
Pianisten- 1188,2874,97,20
medizinisch 1306,2874,114,22
genau 1059,2914,57,21
dokumentiert. 1124,2907,139,22
<EOS>
Es 1274,2911,21,18
handelt 1303,2909,71,22
sich 1383,2911,37,21
offenbar 1059,2943,81,22
um 1147,2951,31,14
eine 1185,2946,38,20
.Nervenprellung, 1230,2946,154,27
<EOS>
die 1392,2947,29,21
er 1059,2987,18,14
sich 1091,2979,36,22
bei 1141,2979,27,22
einem 1184,2987,57,14
Sturz 1256,2983,51,19
in 1322,2989,17,13
seinem 1354,2985,66,19
Boot 1061,3018,42,18
Arnold 1118,3016,64,20
S. 1195,3018,16,18
<EOS>
zugezogen 1225,3023,99,21
hat. 1339,3018,34,22
<EOS>
mit 1389,3023,32,17
dem 1059,3051,42,22
er 1116,3058,18,15
auf 1148,3051,31,22
dem 1191,3052,42,21
Lake 1250,3052,44,22
Simcoe 1309,3056,69,19
die 1393,3055,28,21
Fische 1060,3088,58,20
vor 1134,3095,30,13
den 1179,3088,33,20
Netzen 1229,3090,64,19
der 1307,3089,32,21
Fischer 1353,3089,68,22
vertrieben 1061,3123,98,22
hat. 1173,3123,34,22
<EOS>
Laut 1223,3126,41,19
Otto 1278,3127,42,18
Friedrich 1334,3126,87,21
<EOS>
<EOP>
hat 1477,2515,29,21
ein 1515,2522,27,14
Medizindozent 1551,2515,139,23
für 1699,2517,28,22
Neurologie 1736,2519,104,28
und 1477,2551,35,20
Spezialist 1525,2552,89,27
fur 1627,2552,28,22
Musikerprobleme 1669,2554,170,28
den 1478,2587,34,21
Verdacht 1520,2587,83,22
auf 1611,2588,32,21
Epilepsie 1649,2590,87,27
nicht 1744,2591,48,21
aus¬ 1799,2598,41,14
geschlossen. 1477,2623,119,26
<EOS>
Fine 1610,2626,40,20
weitere 1665,2629,69,19
Fachkraft 1748,2626,91,22
meinte 1478,2662,65,19
nach 1551,2660,44,21
der 1603,2661,30,21
Durchsicht 1640,2662,105,22
des 1752,2663,30,21
Tage¬ 1790,2664,50,26
buchs, 1479,2695,61,22
er 1550,2703,18,14
habe 1579,2697,45,21
sich 1635,2697,36,22
durch 1682,2698,55,21
die 1748,2698,27,21
laien¬ 1786,2698,55,21
hafte 1479,2731,48,22
Selbst-Behandlung 1543,2732,183,29
nur 1744,2742,33,13
noch 1795,2735,44,20
mehr 1478,2768,51,21
Schäden 1538,2768,81,23
zugefügt. 1627,2769,88,28
<EOS>
Ein 1725,2771,29,20
Psycho¬ 1764,2769,76,28
loge 1480,2803,38,27
schliesslich 1545,2804,107,22
spekulierte 1678,2805,107,27
auf 1811,2805,32,21
-schwere 1479,2840,86,22
innere 1587,2843,58,20
Probleme-, 1668,2841,105,22
Aus¬ 1797,2844,42,19
nahmsweise 1479,2875,118,22
übt 1607,2876,30,22
nun 1648,2884,38,13
GG 1696,2879,25,18
fast 1731,2876,33,21
taglich 1775,2877,65,27
in 1480,2914,16,18
seinem 1521,2914,66,19
Appartement 1613,2915,125,25
an 1763,2919,22,14
der 1810,2913,31,20
St. 1479,2949,23,19
<EOS>
Clair 1509,2948,45,20
Avenue 1573,2951,67,18
HO. 1662,2950,31,19
<EOS>
um 1715,2955,30,14
gewisse 1765,2951,75,23
Muskeln 1480,2984,81,20
wieder 1573,2984,67,20
zu 1650,2990,21,14
trainieren. 1682,2986,99,18
<EOS>
<EOP>
GGs 1871,2524,37,18
Apparte¬ 1921,2524,98,21
ment 1871,2560,52,17
an 1936,2564,21,12
der 1972,2559,35,17
St. 1872,2595,29,18
<EOS>
Clair 1912,2595,51,17
Avenue 1871,2631,76,17
mit 1962,2631,32,17
Steinway 1872,2666,97,21
400 1983,2665,38,18
<EOS>
<EOP>
S3 1024,3200,28,27
<EOS>
<EOP>
