2189,3308
^KSflJL*» 1935,1383,161,39
*É 2132,1393,33,28
<EOS>
<EOP>
..*¦ 1572,1676,20,10
<EOS>
<EOP>
~r 1614,1665,30,11
<EOS>
<EOP>
Jpf^P 863,1859,135,44
<EOS>
<EOP>
- 1349,2808,4,4
* 1367,2802,12,13
<EOS>
<EOP>
,--' 1301,2990,25,11
<EOS>
<EOP>
«Soweit 52,3257,91,18
ich 157,3256,32,19
mich 203,3257,52,18
erinnere, 269,3257,111,23
habe 395,3258,51,19
ich 461,3259,32,18
das 508,3260,36,18
Wesentliche 558,3261,144,19
meiner 717,3263,79,18
Zeit 809,3263,44,19
immer 868,3264,69,18
allein 952,3265,65,18
verbracht.» 1031,3266,142,18
<EOS>
[Glenn 1190,3266,73,21
Gould] 1278,3267,74,21
<EOS>
<EOP>
