2176,3261
1983 33,665,53,24
GG 238,668,25,19
erhält 282,666,56,21
postum 357,671,71,22
den 449,666,34,21
-Grammy 504,668,93,25
<EOS>
<EOP>
Award- 240,702,66,20
für 318,701,27,21
die 356,701,27,21
Goldberg-Variationen 394,701,204,26
(-Bestes 240,737,79,22
klassisches 330,736,104,22
Album-, 445,736,81,22
-Beste 539,738,59,19
Aufführung 239,771,113,27
eines 367,775,46,17
Instrumentalsoli¬ 430,771,167,21
sten-): 239,809,67,21
diese 322,807,46,21
Aufnahme 384,806,98,22
wird 496,807,43,20
auch 554,806,44,21
von 239,849,34,15
der 280,842,32,22
-National 318,842,89,22
Academy 416,842,88,27
of 512,841,20,22
Recor¬ 538,844,59,19
ding 239,878,41,26
Arts 295,880,39,18
and 348,878,34,20
Sciences- 396,880,88,19
gewürdigt 500,877,99,27
und 240,913,34,21
GG 290,914,25,20
ein 332,915,27,19
Platz 377,913,45,21
in 439,915,17,19
der 472,913,31,21
-Hall 519,912,45,21
of 581,912,19,22
Fames- 240,951,68,18
eingeräumt. 320,951,117,24
<EOS>
Thomas 239,984,79,21
Bernhards 325,984,98,21
Buch 432,984,46,21
-Der 487,986,42,19
Unter¬ 537,986,61,18
geher- 238,1019,63,27
erscheint; 309,1019,96,23
es 413,1025,18,16
entwirft 439,1019,77,22
ein 525,1022,28,18
fak- 561,1019,37,21
<EOS>
<EOP>
Glenn 885,389,143,41
oOULi 1065,395,143,38
1932 924,459,71,29
— 1025,472,50,4
198?! 1106,437,102,52
<EOS>
~*'-:¦-.-.., 936,542,77,29
<EOS>
'.; 1034,555,15,20
<EOS>
L:T 1070,547,29,24
?; 1109,556,16,21
<EOS>
L 1135,549,9,25
<EOS>
<EOP>
b 656,701,19,24
tisch 656,771,43,21
falsches, 708,770,79,23
fiktiv 795,770,49,22
aber 853,771,42,21
wahres 903,771,67,21
Bild 979,772,37,20
vom 657,814,42,13
-grössten 715,809,88,25
Pianisten 820,809,88,19
aller 925,807,42,22
Zei¬ 982,809,34,20
ten-. 656,847,44,17
<EOS>
Über 709,842,45,22
GG 759,844,25,20
am 791,849,29,15
Flügel 828,842,57,28
heisst 893,842,54,22
es 953,850,18,14
: 977,853,2,11
-Er 988,845,29,19
sah 657,878,30,20
dann 707,878,48,21
aus 776,885,31,14
wie 827,880,33,20
ein 881,880,27,20
Tier, 928,881,41,19
bei 990,879,27,20
näherer 658,913,74,22
Betrachtung 744,914,119,27
wie 875,916,33,19
ein 920,916,28,19
Krüp¬ 962,915,55,26
pel, 657,949,31,26
bei 704,948,27,22
noch 748,949,44,20
näherer 809,949,74,21
Betrachtung 899,949,119,27
aber 657,984,43,22
dann 716,985,49,21
wie 783,987,33,19
der 835,985,30,21
scharfsinnige. 884,984,133,27
<EOS>
schöne 658,1019,64,22
Mensch, 733,1020,76,22
der 820,1020,31,21
er 861,1027,19,14
gewesen.- 889,1026,97,19
<EOS>
<EOP>
Die 1063,773,30,19
-National 1105,771,88,21
Library 1205,771,70,27
of 1286,770,20,22
Canada- 1314,770,79,22
in 1405,772,17,19
Ottawa 1063,809,68,18
erwirbt, 1148,806,75,21
unter 1243,810,51,17
der 1311,806,31,20
Bedin¬ 1359,805,63,21
gung, 1063,848,53,22
binnen 1131,842,64,21
5 1212,843,9,21
Jahren 1233,842,63,26
eine 1311,843,39,20
grosse 1364,848,58,21
Ausstellung 1064,877,112,27
zu 1192,884,21,14
organisieren, 1229,880,126,24
einen 1372,880,50,18
Grossteil 1063,913,82,21
von 1166,919,34,14
GGs 1221,914,34,19
Nachlass. 1276,913,90,21
<EOS>
226 1388,911,35,22
Schachteln 1063,948,105,21
mit: 1189,950,40,19
Schriften. 1250,947,93,22
<EOS>
Doku¬ 1363,947,59,22
menten. 1064,987,79,19
<EOS>
Briefen. 1153,982,75,24
<EOS>
Tagebüchern, 1239,983,128,27
Arti¬ 1379,986,43,18
keln, 1064,1019,46,22
Preisen. 1123,1021,72,20
<EOS>
1530 1210,1020,41,21
Tonbandern 1264,1019,115,20
mit 1391,1021,32,18
<EOS>
<EOP>
den 1478,665,35,20
-Outtakes- 1521,665,105,21
von 1633,672,36,15
GGs 1676,667,34,20
Aufnahmen 1718,665,112,22
: 1836,676,2,11
Teilen 1479,699,55,22
von 1550,706,34,15
GGs 1600,702,34,19
Bibliothek: 1650,701,109,21
20 1775,703,22,19
000 1804,704,35,19
Zeitungsartikeln: 1478,735,165,27
Stücken 1662,737,76,20
aus 1758,743,32,15
der 1808,737,32,22
Wohnungseinrichtung 1479,770,215,28
sowie 1718,775,54,17
dem 1797,773,42,20
legendären 1480,806,104,27
Stuhl 1598,806,49,20
und 1661,806,34,21
dem 1708,807,41,20
CD 1762,809,26,19
318. 1802,809,37,22
<EOS>
der 1479,842,31,21
nun 1526,848,35,15
in 1579,844,16,18
der 1612,842,31,21
Eingangshalle 1659,842,133,27
der 1808,843,32,21
Bibliothek 1480,877,100,21
steht. 1591,877,51,21
<EOS>
Bei 1480,914,28,21
einem 1519,915,57,19
im 1589,914,23,20
Oktober 1624,913,79,21
in 1714,914,16,20
New 1742,914,42,20
York 1796,914,43,21
organisierten 1480,952,127,23
Festival 1615,948,72,21
mit 1697,951,31,18
GG-Filmen 1737,949,102,20
stehen 1481,984,62,22
die 1550,985,27,20
Besucher 1585,984,87,21
um 1680,990,30,15
2 1719,985,9,20
(New 1738,983,53,24
Yor¬ 1799,986,40,19
ker!) 1481,1019,47,23
<EOS>
Häuserblocks 1542,1019,128,22
Schlange. 1681,1019,89,27
<EOS>
<EOP>
GGs 1870,670,38,17
Grabplatte 1922,670,118,21
im 1871,705,21,17
Mount 1907,705,66,17
Plea¬ 1986,705,56,17
sant 1870,742,46,16
Cemetery 1930,741,103,21
mit 1871,776,33,17
dem 1918,776,40,17
Beginn 1973,776,72,21
der 1872,811,35,18
Goldberg¬ 1920,811,112,21
variationen 1871,847,129,17
<EOS>
<EOP>
1985 35,1096,52,23
<EOS>
<EOP>
1986 35,1411,53,23
<EOS>
<EOP>
1987 35,1519,53,24
<EOS>
<EOP>
1988 34,1836,52,24
<EOS>
<EOP>
1989 37,2123,52,28
<EOS>
<EOP>
1990 36,2299,53,26
<EOS>
<EOP>
"992 37,2944,50,29
<EOS>
<EOP>
Zum 239,1097,44,20
300. 297,1097,42,22
<EOS>
Bach-Jubiläum 353,1095,145,27
hätte 512,1095,48,21
GG 574,1096,25,19
die 239,1131,27,20
h-Moll-Messe. 280,1131,135,21
<EOS>
als 429,1131,25,20
.Schlusspunkt 468,1130,131,27
<EOS>
seiner 239,1168,55,19
musikalischen 306,1166,139,21
Tätigkeit, 457,1166,92,26
ver¬ 561,1172,38,14
filmen 240,1201,60,21
und 309,1201,35,21
sich 354,1201,35,22
nachher 400,1201,78,22
ausschliess¬ 486,1201,113,22
lich 240,1236,32,21
der 298,1236,31,20
Schriftstellerei 354,1236,139,21
widmen 521,1236,78,21
wollen. 240,1272,69,20
<EOS>
Als 240,1307,28,21
absoluter 293,1306,90,22
Irrwitz 407,1309,65,19
findet 497,1306,54,22
im 576,1310,23,18
Namen 240,1345,66,18
von 320,1348,34,14
GG. 367,1344,31,19
<EOS>
der 412,1343,31,20
sich 456,1343,36,20
zeitlebens 505,1343,94,20
<EOS>
<EOP>
gegen 654,1102,56,20
Konzerte 720,1096,83,20
und 812,1095,35,21
vor 857,1101,30,14
allem 896,1094,51,21
gegen 957,1101,56,20
jeglichen 654,1130,85,27
Wettbewerb 748,1130,116,21
ausgesprochen 871,1129,142,28
hat, 654,1166,35,23
eine 700,1168,38,19
internationale 749,1165,134,21
-Bach 894,1165,55,20
Piano 961,1167,52,18
Competition- 654,1203,130,26
statt; 800,1205,49,21
32 868,1201,21,22
Teilnehmer 908,1200,107,22
spielen 654,1237,66,27
über 732,1236,43,21
50 786,1239,21,18
Stunden 819,1236,78,21
lang 908,1235,40,27
Bach- 959,1235,54,21
Werke; 654,1272,70,23
es 740,1278,18,15
gewinnt 774,1274,79,25
Angela 870,1272,65,27
Hewitt 951,1273,63,20
(Lehrer 656,1307,73,24
u. 754,1314,14,14
<EOS>
a. 780,1314,13,14
<EOS>
Myrthe 820,1307,67,27
Guerrero). 913,1307,100,24
<EOS>
Gesponsert 654,1345,105,26
wird 770,1343,43,21
das 825,1343,31,21
Ganze 869,1345,56,19
von 936,1350,35,13
der 984,1343,30,21
<EOS>
<EOP>
EXIUBITION 1079,1107,155,22
EXPOSITION 1254,1107,159,22
<EOS>
<EOP>
Eine 240,1414,39,19
von 293,1417,34,15
Thérèse 341,1411,75,22
Salvia! 429,1411,65,23
<EOS>
und 509,1413,35,21
dem 558,1414,41,20
Centre 239,1449,61,19
Culturel 312,1446,77,21
du 402,1447,24,20
Canada 439,1448,71,21
in 522,1449,17,20
Paris 554,1451,45,19
<EOS>
<EOP>
organisierte 656,1417,115,25
GG-Aussteilung 799,1415,148,27
reist 977,1416,39,19
durch 655,1450,55,21
weite 728,1453,51,18
Teile 796,1450,43,21
von 856,1456,35,15
West- 908,1452,55,20
und 981,1450,36,21
Oktober: 240,1518,85,22
Glenn-Gould-Kolloquium 350,1517,249,28
an 240,1561,21,15
der 278,1554,29,21
-Université 323,1554,107,19
du 445,1553,24,20
Quebec- 485,1553,80,25
in 583,1555,16,20
Montreal, 240,1588,92,23
an 344,1594,22,15
dem 378,1588,41,20
verschiedene 432,1588,124,21
Ka¬ 568,1590,32,20
pazitäten 240,1627,86,27
zu 340,1630,21,14
allen 376,1622,44,21
möglichen 435,1622,103,27
(und 555,1624,44,21
unmöglichen) 240,1659,138,28
Themen 400,1658,79,21
referieren-, 500,1657,99,24
1988 242,1698,43,22
erscheinen 292,1694,101,22
die 400,1693,28,21
Beiträge 434,1694,80,26
als 522,1692,24,22
Buch 554,1692,46,22
(-GG 243,1731,43,27
Pluriel-). 298,1730,89,23
<EOS>
Verleihung 241,1767,104,25
des 362,1765,31,21
mit 411,1766,33,19
50000 462,1764,64,21
Kan.S 546,1764,53,19
<EOS>
<EOP>
dotierten 656,1520,88,21
-GG 759,1521,33,20
Prize- 807,1521,54,20
für 875,1519,28,22
Verdienste 919,1519,98,22
in 656,1557,18,19
Musik 690,1555,58,21
und 765,1555,35,21
Kommunikation 815,1554,163,22
an 995,1561,22,14
R 658,1592,13,18
Murray 678,1592,70,25
Schafer; 759,1589,79,23
vergeben 850,1590,86,27
wird 947,1590,42,20
er 1000,1596,19,14
von 656,1632,35,14
der 702,1626,30,21
-GG 743,1627,34,20
Memorial 787,1626,92,21
Foundation-, 891,1626,126,22
die 656,1660,28,21
vom 691,1667,42,14
langjährigen 743,1660,121,27
GG-Freund 871,1661,104,20
und 983,1661,35,20
Förderer 658,1695,81,21
GGs 746,1697,34,19
bei 788,1695,27,21
CBC, 824,1698,44,21
John 873,1695,47,27
Peter 929,1698,50,19
Lee 986,1698,33,19
Roberts, 657,1730,77,23
anlässlich 748,1731,96,21
der 858,1731,31,21
Gedenkfeier 902,1731,116,22
gegründet 657,1765,99,26
worden 769,1766,72,20
ist 853,1768,22,18
und 887,1766,36,20
der 936,1766,30,20
u.a. 980,1772,37,15
<EOS>
<EOP>
S» 1176,1389,47,25
<EOS>
<EOP>
r 1256,1460,23,49
<EOS>
<EOP>
Regierung 1483,1097,94,25
Kanadas 1592,1095,79,21
(70000S). 1688,1095,108,23
<EOS>
der 1812,1094,30,21
Ausstellungs- 1874,1096,154,22
Provinz 1483,1133,71,18
Ottawa 1580,1133,68,18
CO 1676,1132,33,21
000 1715,1132,34,19
S 1757,1132,7,19
<EOS>
der 1811,1130,31,21
pia 1874,1132,29,21
kat 1909,1132,32,18
der 1955,1132,35,18
Air 1483,1168,27,18
Canada 1535,1166,69,20
(70000$), 1632,1165,107,25
Yamaha 1765,1165,77,21
National 1875,1168,92,16
Libra- 1981,1168,67,16
(30000$) 1484,1201,100,25
und 1608,1201,35,22
Sony 1664,1202,47,27
(10000S): 1736,1202,106,21
ry 1875,1208,18,16
in 1907,1203,17,17
Ottawa 1937,1202,74,19
letztere 1482,1236,70,22
haben 1565,1236,59,22
CBS 1637,1238,39,20
aufgekauft 1688,1235,104,29
und 1806,1236,36,21
produzieren 1483,1273,116,27
heute 1606,1273,53,21
in 1668,1274,16,19
Japan 1688,1274,54,26
keine 1751,1272,50,21
LPs 1809,1274,33,19
von 1483,1314,33,14
GG 1525,1309,24,19
mehr, 1558,1307,53,21
sondern 1620,1307,75,21
nur 1704,1314,34,14
noch 1745,1307,45,21
CDs. 1799,1309,42,19
<EOS>
<EOP>
Osteuropa. 1483,1416,101,25
<EOS>
<EOP>
GLENN 1077,1594,154,36
GOULD 1251,1593,164,37
<EOS>
<EOP>
John 1479,1513,47,27
McGreevy 1537,1516,95,25
(Regisseur 1645,1514,99,27
von 1755,1521,34,14
-GGs 1801,1515,42,20
Toronto-), 1483,1549,102,23
Ray 1607,1551,34,25
Roberts. 1665,1549,77,22
<EOS>
Stephen 1765,1549,78,27
Posen 1484,1586,55,19
(GGs 1550,1584,43,24
ehemaliger 1602,1584,108,27
Rechtsanwalt 1720,1584,124,21
und 1484,1620,35,21
jetziger 1529,1622,71,26
Nachlässverwalter) 1610,1620,185,24
und 1808,1620,35,21
Walter 1483,1655,64,21
Homburger 1561,1655,112,27
(GGs 1690,1655,44,23
Manager) 1750,1657,92,24
angehören. 1485,1691,107,27
<EOS>
In 1611,1692,18,19
der 1648,1691,31,21
internationalen 1698,1690,146,21
Jury 1480,1728,42,25
sitzen 1532,1729,55,19
u. 1597,1733,16,15
<EOS>
a. 1620,1733,15,15
<EOS>
Bruno 1646,1728,58,20
Monsaingeon 1716,1728,127,25
und 1484,1762,35,20
Yehudi 1531,1761,64,22
Menuhin. 1607,1761,91,21
<EOS>
Die 238,1841,31,19
grosse 277,1843,58,22
GG-Ausstellung 344,1834,147,27
der 499,1833,31,21
Natio¬ 538,1835,59,19
nalbibliothek 240,1872,127,24
beginnt 392,1871,73,26
ihre 491,1869,36,21
Reise 554,1870,44,19
durch 239,1909,54,22
Kanada, 307,1908,76,22
die 396,1907,27,21
bis 436,1906,26,20
1992 478,1906,40,22
dauern 533,1904,65,20
wird: 239,1946,51,20
danach 305,1943,68,22
soll 388,1942,30,21
sie 433,1944,24,18
nach 472,1940,43,21
Europa 532,1941,66,25
kommen. 240,1981,92,21
<EOS>
Bruno 240,2018,58,20
Monsaingeons 314,2017,136,24
Glenn-Gould- 467,2009,132,24
Zyklus 239,2052,65,27
in 312,2053,17,20
23 337,2052,22,22
Folgen 368,2050,63,27
wird 440,2047,43,22
am 491,2053,29,15
franzö¬ 529,2046,68,22
<EOS>
<EOP>
sischen 657,1834,69,21
Fernsehen 737,1835,99,22
ausgestrahlt. 847,1836,122,27
<EOS>
In 657,1870,19,19
Amsterdam 683,1869,113,21
findet 803,1869,56,22
ein 865,1873,28,18
von 900,1878,36,13
der 942,1871,32,21
hol¬ 980,1871,39,21
ländischen 658,1903,101,21
-GG 773,1907,34,18
Society- 820,1907,80,25
organisier¬ 914,1908,104,24
tes 657,1942,25,17
GG-Symposium 693,1941,151,25
statt; 856,1944,50,19
Ehrenmit¬ 918,1941,99,20
glieder 657,1974,67,27
dieser 737,1974,55,21
Gesellschaft: 805,1974,120,21
L.Bern¬ 941,1977,77,19
<EOS>
stein 658,2011,44,18
und 726,2008,33,21
I. 783,2010,9,19
<EOS>
Pogorelich. 803,2009,105,26
<EOS>
Letzterer 933,2012,86,18
meint: 657,2046,64,19
-Gould. 736,2044,70,21
<EOS>
Michelangeli, 822,2044,126,25
[loro- 964,2046,52,19
<EOS>
<EOP>
ft 1168,1869,33,31
<EOS>
,1s 1187,1975,23,25
<EOS>
<EOP>
M 1195,2004,17,18
<EOS>
<EOP>
- 1352,2079,13,6
il. 1383,2069,20,20
<EOS>
<EOP>
witz. 1482,1840,45,20
<EOS>
den 1537,1837,34,21
Rest 1581,1839,36,19
kann 1626,1836,48,22
man 1683,1842,42,16
vergessen-. 1734,1842,106,21
<EOS>
Ausstellungs- 1874,1837,155,21
Dieholländische-GG 1482,1872,201,22
Society-ediert, 1692,1870,150,27
stück; 1875,1873,70,21
GGs 1958,1873,38,18
ähnlich 1482,1907,71,22
wie 1574,1909,34,19
die 1628,1907,28,20
-GG 1677,1908,34,19
Society 1732,1908,71,24
of 1825,1904,19,22
Zeichnung 1875,1908,111,22
zu 2000,1913,20,12
Japan-, 1477,1945,71,24
eine 1562,1945,38,18
Zeitschrift, 1615,1941,100,22
in 1731,1942,17,20
der 1763,1941,31,20
alle 1808,1941,33,20
seinem 1874,1944,76,17
Plat 1964,1944,42,17
- 2012,1952,5,4
<EOS>
<EOP>
Ereignisse 1482,1980,95,23
um 1590,1983,31,14
GG 1633,1978,26,19
angekündigt 1670,1976,121,26
sind 1803,1976,39,20
ten 1875,1980,33,16
debut 1914,1979,62,17
und 1483,2012,33,21
alle 1532,2011,33,21
möglichen 1581,2011,102,27
(und 1702,2011,45,23
unmög¬ 1764,2013,78,24
lichen) 1481,2046,67,23
Themen 1563,2046,80,21
behandelt 1656,2046,95,21
werden. 1764,2046,76,21
<EOS>
<EOP>
Der 241,2130,33,20
vom-GG 283,2129,84,20
Estate- 378,2129,65,18
(GGs 455,2124,43,25
Nachlass¬ 508,2122,92,22
verwaltung 240,2163,109,27
unter 356,2167,52,17
Stephen 415,2160,77,28
Posen 502,2161,53,18
und 566,2157,33,21
Ray 242,2202,34,25
Roberts) 291,2200,81,20
beauftragte 388,2195,111,28
Biograph 513,2192,88,30
Otto 241,2237,42,19
Friedrich 294,2234,87,22
publiziert 393,2232,91,29
-GG 497,2232,33,19
A 542,2231,11,20
Life 566,2227,35,23
<EOS>
<EOP>
and 656,2121,33,20
Variations-. 701,2122,111,19
<EOS>
Zum 655,2157,44,20
Jahresende 707,2155,105,27
erscheint 824,2155,86,21
von 922,2162,35,13
And¬ 969,2155,46,20
rew 657,2198,35,14
Kazdin 703,2190,64,22
-GG 780,2192,33,19
at 825,2195,17,16
Work 853,2189,51,22
- 917,2202,8,2
Creative 939,2191,78,20
Lying-: 656,2228,69,26
alles 737,2226,43,21
in 793,2228,16,18
allem 822,2225,53,21
eine 888,2228,38,18
Abrech¬ 939,2225,76,21
<EOS>
<EOP>
nung 1062,2126,48,20
mit 1118,2122,32,18
GG. 1158,2121,31,20
<EOS>
dessen 1197,2120,63,20
schwarze 1269,2120,87,21
Seiten 1363,2122,58,19
zum 1060,2161,42,14
ersten 1113,2158,59,17
Mal 1183,2155,34,20
von 1229,2162,34,13
jemandem 1275,2156,102,25
aus 1389,2162,32,15
GGs 1061,2191,34,19
engem 1103,2196,63,21
Freundeskreis 1175,2190,134,21
ausgespro¬ 1318,2197,104,21
chen 1061,2224,44,21
werden: 1118,2225,77,21
die 1209,2225,28,22
ideale 1250,2225,56,22
Ergänzung 1319,2228,103,27
<EOS>
<EOP>
zum 1480,2128,41,14
faktenorientierten, 1533,2120,182,24
offiziell 1728,2121,69,23
ab¬ 1810,2123,31,21
gesegneten 1479,2161,106,23
GG-Bild 1604,2157,74,21
von 1698,2164,35,15
Friedrich 1753,2158,88,21
und 1481,2192,35,21
der 1533,2193,31,21
intellektuellen 1581,2193,138,22
Biographie 1737,2195,105,27
von 1481,2234,34,16
Pavzant. 1527,2230,80,20
<EOS>
<EOP>
Im 241,2308,26,19
Herbst 275,2305,62,22
wird 346,2305,43,21
der 397,2305,31,21
zweite 435,2305,60,20
-GG 504,2303,34,20
Prize- 546,2303,54,19
offiziell 240,2341,70,21
verliehen. 322,2341,94,21
<EOS>
Gegen 240,2378,59,27
Ende 309,2377,47,21
des 365,2376,30,21
Jahres 402,2375,60,28
wird 472,2373,43,22
bei 525,2372,28,22
CBS 563,2372,37,21
die 240,2412,29,22
erste 278,2416,45,17
von 334,2418,34,14
sechs 379,2411,50,21
geplanten 439,2410,95,28
neuen 545,2414,55,15
Plätten 241,2448,67,21
erscheinen: 324,2447,109,21
Einerseits 451,2448,90,19
wer¬ 558,2449,41,16
den 241,2484,34,20
bislang 295,2483,70,27
lediglich 385,2482,82,28
als 489,2482,24,20
-Raub¬ 535,2479,64,21
drucke- 241,2518,74,22
erhältliche 325,2518,103,22
Aufnahmen 437,2516,112,23
end¬ 560,2514,41,23
lich 241,2554,33,22
offiziell 284,2553,69,22
herausgegeben. 364,2553,150,28
<EOS>
z.T. 523,2553,35,19
<EOS>
mit 569,2553,31,17
Computereinsatz 241,2592,166,25
klanglich 420,2587,87,28
-verbes¬ 522,2586,79,22
sert-, 241,2629,49,18
(wie 302,2626,43,22
etwa 356,2629,44,18
Ravels 411,2624,60,22
La 481,2626,21,18
Wise, 513,2621,50,26
die 574,2620,27,22
Chopin-Sonate 241,2660,144,27
Nr. 401,2662,26,19
<EOS>
3), 444,2659,27,25
andererseits 488,2658,113,21
völlig 242,2697,53,26
Unbekanntes 304,2697,128,20
ediert, 441,2696,61,20
wie 513,2695,33,19
etwa 557,2697,45,17
das 241,2732,32,21
Siegfried-Idyll 294,2730,139,29
mit 456,2732,31,21
Kammer¬ 511,2731,90,20
orchester 240,2767,91,22
unter 351,2772,52,16
der 422,2768,31,20
Leitung 474,2769,72,23
von 566,2770,34,15
GG, 241,2804,31,24
Bachs 289,2803,55,21
Italienische 361,2802,109,22
Variationen, 487,2802,114,22
Beethovens 242,2838,110,23
integrale 365,2838,85,28
6. 461,2836,17,24
<EOS>
Symphonie 491,2836,111,29
in 241,2878,16,18
der 269,2875,31,21
Transkription 311,2874,132,28
von 455,2880,34,15
Liszt. 500,2876,49,19
<EOS>
<EOP>
Mit 240,2959,31,19
dem 285,2957,41,21
zehnten 341,2957,76,21
Todestag 431,2957,85,27
darf 531,2954,38,24
in 584,2957,16,19
Kanada 241,2992,71,21
eine 325,2995,38,18
geplante 376,2992,83,28
offizielle 472,2991,82,22
GG- 567,2992,33,20
Briefmarkc 241,3028,108,21
erscheinen. 360,3028,107,21
<EOS>
<EOP>
NP 1384,2771,71,40
<EOS>
<EOP>
/ 1505,2924,58,61
<EOS>
<EOP>
SS 1030,3197,27,23
<EOS>
<EOP>
