2176,3261
Diese 39,681,63,29
Vermutung 113,686,142,32
wird 266,683,57,27
gestützt 334,687,98,31
unter 444,687,67,23
anderm 522,682,96,28
da¬ 630,683,39,27
durch, 40,728,75,36
dass 127,732,52,27
sie 191,734,30,25
alle 232,732,41,27
drei 284,732,45,27
lungenkrank 340,731,160,35
seien 511,733,59,25
wie 581,733,44,26
ihr 636,731,35,28
Autor, 39,778,74,35
sowie 126,783,69,25
dadurch, 207,780,106,33
dass 326,780,52,27
Bernhard 389,779,116,28
eine 516,782,49,25
analoge 577,780,93,34
Konstellation 39,826,162,30
schon 221,828,69,28
einmal 310,828,83,27
entwickelte, 412,828,149,31
in 583,831,21,24
Der 623,831,51,24
Ignorant 40,875,114,35
und 168,877,50,27
der 230,877,45,27
Wahnsinnige. 293,877,169,37
<EOS>
Nicht 479,876,66,27
nur 561,886,44,17
ent¬ 621,882,48,21
spricht 40,925,82,33
Glenn 130,925,71,28
der 209,925,39,28
Königin, 256,928,100,33
sondern, 366,925,104,33
obzwar 479,925,89,28
nicht 577,925,61,28
so 646,934,24,19
ausgeprägt, 40,978,140,31
auch 196,974,57,28
Wertheimer 268,974,147,28
dem 430,975,53,27
gescheiterten, 500,974,170,36
verkommenen 40,1022,178,28
Vater, 237,1026,66,26
dem 323,1024,53,27
als 395,1023,32,28
Ignorant 446,1026,105,32
bezeich¬ 571,1022,99,29
neten 40,1075,67,23
Trinker, 125,1072,95,32
und 240,1072,47,27
der 306,1072,39,27
Erzähler, 364,1072,108,30
der 491,1073,39,27
nur 549,1081,44,18
noch 612,1071,59,28
Beobachtende, 40,1118,178,35
Reflektierende, 235,1119,178,34
die 430,1121,34,27
wechselseitigen 480,1121,190,36
Beziehungen 40,1166,157,39
Analysierende 214,1169,173,35
dem 405,1170,53,27
Doktor. 475,1170,91,27
<EOS>
Da 583,1172,33,24
der 632,1170,39,26
Beobachter 40,1214,139,31
auch 187,1218,57,27
der 254,1218,40,27
Abseitsstehende, 301,1218,205,33
sich 517,1218,46,27
Heraus¬ 573,1221,97,24
haltende 40,1260,103,34
ist, 155,1269,33,28
steht 201,1266,59,27
im 271,1269,31,24
Vordergrund 314,1267,155,35
die 480,1267,35,28
wesentliche 527,1267,143,28
Zusammengehörigkeit 40,1311,270,39
der 318,1315,38,26
gedanklichen 364,1316,163,34
Konstrukte 537,1316,134,27
Glenn 39,1360,69,30
und 120,1364,47,27
Wertheimer: 179,1362,155,29
Zudem 348,1364,85,27
dass 445,1364,52,27
Perfektionie¬ 510,1364,159,28
rung 39,1415,57,32
einer 112,1416,60,23
Kunst 188,1415,70,24
auch 274,1411,57,27
heisst 349,1411,69,27
in 436,1415,21,24
eine 475,1416,48,24
Rolle, 540,1413,64,33
eine 622,1416,49,24
Maske, 39,1456,83,38
in 135,1464,22,24
eine 169,1464,49,24
Künstlichkeit 229,1459,161,28
als 403,1461,31,26
Kunst 447,1464,71,24
seine 530,1465,58,24
ganze 601,1471,70,26
Existenz 40,1505,101,32
hineinzwängen 149,1510,185,33
- 345,1523,11,2
«Wir 367,1510,55,25
gehen 429,1508,76,35
entweder 513,1510,117,28
als 639,1510,32,28
Ganzes 39,1554,81,32
in 135,1561,22,24
die 170,1559,35,26
Musik 218,1556,75,28
hinein 306,1555,75,27
oder 395,1556,55,26
gar 463,1565,39,26
nicht», 516,1558,80,32
habe 611,1558,58,28
Glenn 41,1603,67,31
gesagt, 121,1611,83,32
den 218,1606,44,27
Unterschied 275,1604,147,28
des 435,1604,39,27
Künstlers 489,1605,114,27
zum 616,1615,54,18
Dilettanten 39,1649,137,35
bezeichnend 185,1654,149,29
-, 344,1669,19,17
ist 373,1655,27,25
sie 410,1655,29,25
mittelbar 450,1653,113,27
ein 572,1656,37,25
Pro¬ 618,1657,50,24
cess 41,1704,44,26
der 100,1704,39,27
Auflösung. 153,1703,131,36
<EOS>
Auf 301,1701,44,29
den 357,1702,44,27
ersten 417,1705,73,23
Akt 506,1700,43,27
von 564,1709,44,19
Der 624,1703,51,26
Ignorant 39,1748,114,36
unii 171,1753,51,27
der 238,1753,45,27
Wahnsinnige 305,1752,164,34
- 488,1765,12,2
Aufbau 521,1748,89,28
der 631,1750,39,26
Kunstfigur 41,1796,128,41
- 179,1818,12,1
folgt 201,1801,55,36
notwendigerweise 264,1800,222,36
der 494,1797,39,28
zweite 542,1800,77,25
mit 629,1800,42,25
ihrer 40,1843,56,33
Demontage 108,1853,142,33
auf 263,1849,41,30
dem 315,1850,53,28
Höhepunkt. 382,1847,143,38
<EOS>
Im 539,1849,33,25
Unter¬ 589,1848,81,26
geber 40,1897,73,31
steht 122,1899,59,28
für 193,1898,36,29
die 242,1900,35,27
beiden 290,1899,81,28
Phasen, 384,1898,93,31
die 490,1897,34,27
im 538,1899,31,24
Grunde 583,1895,87,28
Momente 39,1941,113,34
des 167,1949,39,26
EINEN 221,1952,78,23
dialektischen 312,1947,160,28
Prozesses 487,1949,112,25
sind, 613,1944,55,31
das 41,1990,37,31
Paar 88,1998,54,26
Glenn 152,1997,71,27
und 234,1997,45,27
Wertheimer, 290,1996,151,34
wobei, 451,1996,80,33
analog 542,1994,80,35
zur 632,2002,38,18
Anlage 40,2040,82,40
des 137,2046,39,27
Stücks, 191,2046,85,33
zuerst 291,2051,72,22
Glenn 378,2046,71,27
dominiert, 463,2046,130,32
dann 608,2043,61,28
Wertheimer. 40,2086,150,36
<EOS>
Eine 75,2142,50,28
ergänzende, 135,2143,145,35
sozusagen 291,2151,124,27
universalhistorische 427,2141,244,30
Lesart 41,2184,72,34
für 123,2190,36,29
die 171,2192,35,28
Konstellation 217,2191,164,28
der 391,2192,39,28
beiden 441,2192,82,28
ist 535,2195,27,24
auf 573,2190,41,29
ver¬ 622,2200,49,19
schlüsselte 41,2235,126,33
Weise 179,2243,69,25
nahegelegt 261,2240,133,36
dadurch, 406,2240,108,33
dass 527,2240,52,28
Glenn, 593,2240,77,32
der 41,2280,36,31
in 87,2289,22,26
Amerika 120,2289,106,27
(<neue 238,2287,78,35
Weib, 325,2289,71,32
unbelastet 407,2289,129,27
von 546,2298,46,18
Über¬ 601,2287,69,29
lieferung) 41,2327,118,46
zum 191,2346,53,19
«hellsichtigsten 275,2338,187,35
aller 493,2338,53,27
Narren» 574,2340,97,25
Wurde, 41,2383,84,36
Züge 137,2388,59,34
eines 208,2389,60,25
Aufklärers 280,2385,128,29
hat 421,2386,39,28
- 472,2402,12,2
wobei 497,2386,74,28
Aufklä- 583,2385,87,29
rung 42,2432,55,35
im 104,2437,31,24
Verständnis 144,2435,143,27
Bernhards 295,2434,127,28
identisch 431,2435,108,27
ist 548,2438,27,24
mit 583,2438,42,24
der 632,2435,40,27
Klarheit 41,2475,96,35
und 154,2484,47,27
Eiseskälte 218,2483,118,28
am 354,2493,38,17
Ende 410,2484,58,26
von 486,2493,45,18
Die 549,2487,45,23
Jagd¬ 602,2484,71,36
gesellschaft, 41,2531,146,38
mit 206,2536,41,23
«kristallinischer 265,2532,193,27
Hoffnungslosig¬ 475,2532,196,36
keit» 42,2572,53,32
; 101,2592,4,20
sie 114,2583,31,26
macht 153,2581,76,28
tabula 236,2581,78,28
rasa, 321,2589,56,25
und 385,2581,47,28
so 439,2589,24,20
wird 471,2581,56,27
Glenn 535,2581,71,28
auch 615,2581,57,28
a's 43,2620,28,29
«Wissenschaftsmensch» 92,2629,289,29
und 404,2630,45,27
als 471,2629,30,28
«der 524,2630,51,27
Nicht- 595,2629,76,28
ataeptierer» 42,2669,143,42
bezeichnet. 202,2678,135,29
<EOS>
Das 356,2681,44,26
Abholzen 417,2678,115,29
der 550,2679,39,27
einen 607,2681,65,26
halben 43,2718,80,35
Meter 135,2730,72,25
dicken 220,2727,80,28
Esche 314,2727,68,28
vor 395,2736,40,19
seinem 448,2731,85,24
Fenster 547,2730,91,25
in 650,2730,22,25
Leopoldskron 42,2768,164,40
- 217,2792,12,2
was 240,2786,45,18
in 295,2780,23,23
einem 328,2780,74,24
realistischen 412,2775,153,29
Kontext 575,2779,97,25
e|ne 43,2820,45,27
Absurdität 97,2824,129,28
wäre 235,2830,60,23
- 304,2841,12,2
dürfte 327,2824,73,29
einen 410,2828,65,25
ähnlichen 485,2824,122,29
Stel¬ 617,2825,54,28
lenwert 42,2864,91,36
haben 145,2874,76,28
wie 234,2878,43,24
in 290,2878,21,24
Jagdgesellschaft 318,2874,209,37
das 534,2874,40,28
Abhol¬ 588,2874,83,28
en 43,2916,36,26
des 90,2919,39,29
Waldes 139,2923,87,28
am 237,2932,38,19
Schluss 286,2923,91,28
und 389,2924,46,27
spielt 445,2923,64,35
wahrschein- 520,2923,151,28
lch 50,2963,31,29
überdies 96,2969,102,30
an 213,2981,28,18
auf 255,2971,41,29
die 307,2973,35,27
mythische 356,2972,127,35
Weltesche 497,2972,122,28
der 633,2972,39,28
Germanen, 43,3011,129,41
unter 182,3026,67,22
der 258,3021,40,27
die 306,3021,35,27
Götter 351,3023,76,25
Gericht 435,3020,88,28
hielten 533,3020,83,28
und 627,3021,46,27
a,e 43,3061,32,26
Nomen 84,3065,90,31
spannen 185,3078,99,27
: 292,3083,3,14
Abschütteln 306,3069,149,28
von 465,3078,45,19
(nur 523,3067,56,35
mittel- 589,3069,82,27
ar 58,3115,22,20
persönlicher) 100,3118,163,31
Schuld 287,3118,83,28
- 392,3134,12,2
als 425,3117,31,28
«Erscheinungen 478,3117,195,37
<EOS>
<EOP>
grosser 724,692,86,26
Richterpersönlichkeiten» 829,683,304,35
bezeichnete 1153,683,142,27
der 1317,683,38,27
Maler 723,732,70,27
Strauch 810,731,94,28
die 923,732,35,27
Baumstämme 975,733,176,26
-, 1169,748,20,17
die 1208,732,35,27
gemäss 1261,735,94,32
Bernhard 724,780,115,28
mit 853,783,42,25
jedem 910,781,76,35
geschichtlichen 1001,780,188,35
Zustand 1205,781,97,27
ge¬ 1317,789,38,27
geben 724,828,73,36
ist; 814,831,35,31
Befreiung 867,828,119,36
von 1001,837,45,19
schicksalhaften, 1062,828,193,34
fatalen 1272,828,84,29
Zwängen, 725,879,119,34
insbesondere 856,877,159,28
wohl 1026,877,62,28
der 1099,878,39,27
Versuch, 1149,877,102,32
aus 1264,886,41,19
der 1317,878,39,27
Fatalität 725,925,100,28
der 833,926,40,27
Künstlerexistenz 881,925,204,28
(als 1097,925,44,34
der 1151,926,39,27
von 1198,935,46,18
Existenz 1254,929,102,24
überhaupt) 725,974,141,35
sich 888,975,47,27
loszumachen; 953,975,171,33
allgemein 1145,975,118,35
Liqui¬ 1283,978,73,32
dation 725,1022,77,28
von 818,1031,45,19
Mythos 879,1023,90,35
und 985,1024,45,27
Geschichte 1046,1023,130,28
- 1193,1040,13,1
und 1223,1024,45,27
damit 1285,1024,71,27
ebenfalls 725,1069,108,29
jeder 845,1072,61,35
humanen 918,1072,117,27
Lebensmöglichkeit. 1046,1072,241,35
<EOS>
Zum 1300,1074,56,25
andern 725,1119,85,27
scheint 827,1119,87,28
Wertheimers 930,1120,158,28
Selbstmord 1105,1121,138,27
tödliche 1261,1120,95,28
Bindung 725,1168,104,35
an 837,1177,29,18
Herkunft 876,1168,111,28
und 997,1169,46,27
Überlieferung 1052,1167,171,38
zu 1231,1178,27,18
signali¬ 1268,1169,88,35
sieren, 725,1219,78,30
indem 813,1217,76,27
er 899,1225,24,19
an 931,1226,29,19
einem 969,1220,75,25
Baum 1053,1220,73,25
(unterschwelliger 1139,1216,218,37
Bezug 725,1267,73,33
zur 812,1273,39,19
Esche) 865,1265,81,34
sich 965,1266,46,28
erhängt, 1026,1267,102,35
dieser 1144,1267,70,27
Baum 1229,1269,72,25
vor 1317,1275,39,19
dem 725,1315,53,27
Haus 789,1317,60,24
der 861,1314,39,27
ausgerechnet 910,1315,163,35
in 1084,1318,22,24
die 1117,1316,34,26
Schweiz, 1162,1315,106,33
die, 1279,1315,42,33
so 1333,1323,23,20
Wertheimer, 725,1363,150,32
«für 887,1362,49,28
alle 946,1363,41,28
der 998,1364,39,27
tödliche 1047,1364,97,27
Kerker» 1156,1364,92,27
sei, 1260,1367,35,30
ihm 1308,1364,48,27
entflohenen 725,1411,146,28
Schwester 881,1411,126,28
(Bindung 1019,1411,116,37
an 1145,1422,28,18
familiäre 1183,1411,110,29
Her¬ 1303,1416,53,24
kunft) 725,1460,77,34
<EOS>
<EOP>
und 821,1461,46,27
das 875,1461,39,27
Haus 924,1464,60,24
in 992,1464,22,24
Zizers 1022,1463,69,25
stehe, 1101,1461,70,33
dieser 1179,1462,71,26
«perver¬ 1258,1470,98,27
sen 726,1518,38,20
Wortschöpfung», 777,1509,206,36
wo 998,1519,36,19
die 1047,1510,35,28
letzte 1096,1510,65,28
österreichische 1174,1510,182,28
Kaiserin 725,1561,97,25
ihren 831,1558,64,28
letzten 904,1558,83,28
Aufenthalt 997,1558,131,28
genommen 1137,1567,140,27
hatte. 1288,1559,68,27
<EOS>
Ersticken 726,1607,112,27
an 855,1615,29,19
der 901,1607,40,27
«unbedingten 958,1607,166,36
Freiheit» 1141,1607,104,28
(so 1266,1605,36,35
der 1319,1608,39,27
Fürst), 725,1654,84,34
im 822,1659,32,23
luftleeren 869,1655,116,28
Raum, 1000,1659,80,28
oder 1095,1656,54,27
unter 1163,1661,66,22
der 1244,1656,39,27
«prä¬ 1297,1660,59,31
potenten 725,1708,109,29
Last», 848,1706,67,31
in 930,1707,22,24
der 966,1704,39,27
dicken, 1018,1704,86,32
schwülen 1119,1704,117,27
Luft 1251,1703,49,28
von 1313,1713,45,19
Herkunft, 725,1750,117,34
Erinnerung 859,1754,138,34
und 1013,1753,46,27
Überlieferung: 1075,1751,180,37
im 1273,1756,31,24
Er¬ 1321,1756,35,24
gebnis 725,1797,79,35
kein 818,1798,52,27
Unterschied. 883,1800,154,28
<EOS>
Unter 759,1848,69,26
welchem 848,1847,110,28
Gesichtswinkel 980,1849,185,28
immer 1185,1853,82,25
Kunst 1287,1853,70,25
und 725,1894,46,27
Künstler 779,1895,102,26
betrachtet 889,1895,127,29
werden, 1024,1897,98,33
stets 1130,1902,55,22
trifft 1193,1897,55,28
die 1255,1898,34,27
Fest¬ 1299,1901,58,24
stellung 724,1942,96,35
des 831,1942,39,27
kunststückemachenden 882,1942,294,31
Bruders 1188,1946,96,27
eines 1296,1949,60,24
Wissenschaftlers 725,1990,202,28
in 941,1994,23,24
der 978,1991,39,27
Erzählung 1031,1992,127,36
Am 1171,1996,43,23
Ortler 1230,1994,78,26
zu 1319,2002,27,18
: 1353,2007,3,13
«Das 726,2042,53,26
Kunststück 787,2039,136,28
lebt, 930,2039,51,33
der 991,2040,39,26
es 1037,2048,23,19
macht 1069,2040,76,27
ist 1153,2043,26,25
tot.» 1188,2046,51,22
<EOS>
Der 1247,2043,43,25
Preis 1298,2044,58,24
ist 725,2093,27,25
zu 760,2098,27,19
hoch, 796,2088,67,33
vor 871,2096,41,19
allem 920,2087,68,27
wenn 997,2096,68,18
man 1074,2096,55,18
bedenkt, 1137,2089,107,32
dass 1253,2089,52,27
aus 1315,2097,41,19
Kunststücken 725,2137,165,30
auch 904,2135,58,29
die 976,2136,35,27
gewöhnliche 1025,2135,159,37
Existenz 1198,2139,104,25
be¬ 1317,2137,38,27
steht 726,2188,59,29
und 792,2187,46,29
als 847,2186,31,29
total 886,2185,55,29
vergesellschaftete, 948,2184,222,37
künstliche 1179,2184,127,28
aus 1314,2194,41,18
nichts 726,2238,72,28
anderem 813,2236,106,29
mehr 936,2234,64,27
besteht, 1015,2233,94,33
dass 1125,2234,52,26
also 1192,2233,47,28
die 1254,2234,35,27
alte, 1305,2233,50,34
in 726,2291,22,24
der 766,2288,38,27
bürgerlichen 821,2283,156,38
Literatur 995,2285,108,25
übliche 1121,2281,88,28
Entgegen¬ 1229,2284,126,33
setzung 726,2342,93,30
von 831,2344,44,19
Kunst 888,2337,70,24
und 972,2332,45,29
Leben 1030,2331,73,28
gegenstandslos 1117,2330,187,36
ge¬ 1317,2339,39,27
worden, 726,2386,100,31
die 852,2384,34,27
Künstlerexistenz 913,2381,203,29
nur 1142,2388,43,18
durch 1212,2379,71,27
ihre 1310,2379,46,29
Bewusstheit 726,2433,153,29
und 893,2432,46,28
Zurechnungsfähigkeit 953,2427,269,37
eine 1237,2431,48,24
Aus¬ 1300,2432,56,24
nahme 726,2483,83,27
ist, 828,2486,33,29
als 881,2482,31,27
dass 932,2481,52,27
man 1003,2488,53,18
an 1076,2487,29,18
einer 1124,2480,60,24
aus 1203,2485,41,19
solchen 1265,2477,91,28
unvermeidlichen, 727,2531,214,32
allen 973,2528,57,29
gemeinsamen 1061,2529,168,34
Voraus¬ 1262,2529,95,25
setzungen 726,2586,124,30
hervorgetriebenen 872,2577,226,38
Höchstkunst 1121,2574,154,29
noch 1299,2576,58,28
ungeteilten 727,2629,138,36
Gefallen 877,2627,98,30
finden 986,2626,77,29
könnte 1074,2626,85,27
und 1172,2624,45,28
nicht 1229,2624,61,28
gern 1302,2633,55,27
dafür 727,2677,67,30
eine 804,2681,49,26
simple 864,2678,81,36
Melodie 957,2676,94,29
eintauschte, 1063,2672,146,33
wenn 1221,2681,68,20
Um¬ 1302,2676,55,26
stände 727,2728,80,27
und 825,2727,45,28
Zustände 887,2726,111,29
wieder 1015,2725,86,28
bestünden, 1118,2722,133,32
lebens¬ 1269,2722,89,29
mögliche, 727,2776,121,36
denen 862,2776,73,28
sie 948,2778,31,25
entspricht. 993,2773,129,37
<EOS>
¦ 1134,2781,18,18
<EOS>
<EOP>
Bildausschnitt 1411,3033,175,21
aus 1600,3040,37,14
einem 1651,3034,66,19
GG- 1732,3034,38,19
Po 1776,3034,24,19
r 1807,3039,7,14
t 1819,3034,7,19
rät 1832,3034,32,19
von 1411,3074,37,15
Don 1463,3068,39,21
Hunstein 1517,3069,104,20
<EOS>
<EOP>
71 1031,3197,23,25
<EOS>
<EOP>
