2176,3261
sie, 47,633,37,28
gegen 102,641,73,26
ihre 196,632,45,28
Welt, 261,632,59,31
gegen 339,640,72,27
den 432,632,42,26
Familien- 494,630,117,27
und 632,632,45,26
gegen 47,686,72,29
den 133,681,43,27
Weltstumpfsinn.» 190,679,215,36
<EOS>
Sie 82,731,35,25
hassen 126,729,81,27
ihre 218,728,45,28
Herkunft 273,727,110,29
- 392,744,12,2
und 415,728,45,27
umgekehrt: 469,727,147,35
dass 627,727,50,27
die 47,775,34,28
Eltern 91,777,74,28
ihn 174,777,39,27
und 222,777,46,27
sein 278,780,45,24
Klavier 332,776,88,27
hassten, 428,776,101,31
habe 538,776,59,27
Glenn 607,776,70,27
gesagt 47,831,76,30
(in 137,824,34,35
Wahrheit 185,826,113,27
haben 310,826,75,27
sie 398,828,30,25
ihn 441,824,39,28
verständnisvoll 493,824,185,28
gefördert) 47,873,123,33
-, 186,891,20,14
sie 219,877,30,25
hassen 262,874,82,27
das 356,874,39,27
Publikum 408,873,120,28
- 541,889,12,2
Glenn 566,873,71,27
sei 649,875,29,24
•der 49,922,49,27
einzige 113,926,84,32
weltbedeutende 213,922,196,28
Klaviervirtuose 424,922,186,27
(ge¬ 629,919,48,37
wesen), 47,971,98,33
der 162,972,39,27
sein 218,975,44,24
Publikum 279,971,121,28
verabscheute» 417,970,172,28
-, 607,986,20,16
die 644,970,34,27
Menschen 48,1019,122,29
überhaupt: 183,1020,139,36
«Glenn 335,1020,82,27
und 429,1020,46,27
sein 487,1023,46,24
Menschen- 544,1019,134,27
hass», 49,1064,70,34
notiert 132,1072,81,24
sich 224,1068,46,28
der 283,1069,38,27
Erzähler. 332,1068,107,28
<EOS>
Der 452,1071,43,25
Rückzug 506,1068,102,36
nicht 619,1067,61,28
nur 49,1123,42,21
aus 102,1127,40,19
dem 155,1118,53,28
Konzertbetrieb 220,1118,182,28
folgt 414,1117,54,36
daraus, 480,1118,90,30
sondern 583,1117,96,28
auch, 48,1166,63,28
soweit 121,1169,76,25
möglich, 207,1166,105,35
aus 321,1175,41,19
der 372,1167,39,27
Gesellschaft. 419,1165,147,28
<EOS>
Dass 576,1168,56,25
der 641,1166,39,27
historische 49,1210,131,32
Glenn 191,1215,69,27
Gould 271,1215,71,27
die 352,1215,34,27
erste 397,1220,58,22
Konsequenz 465,1218,147,32
radi¬ 621,1214,58,27
kal, 48,1258,41,34
die 97,1264,35,27
zweite 141,1267,77,24
weitgehend 226,1263,144,36
zog, 378,1272,46,27
müsste 433,1268,89,23
ihn 530,1263,40,27
Thomas 578,1263,101,27
Bernhard 49,1310,114,29
mindestens 174,1312,140,27
so 326,1321,24,18
sehr 362,1312,50,27
empfehlen 423,1311,132,36
wie 566,1315,44,24
seine 622,1315,58,24
Kunst. 48,1358,76,30
<EOS>
Was 84,1411,48,27
für 141,1409,38,29
Aufnahmen 186,1408,144,29
von 340,1417,44,18
ihm 394,1409,47,27
er, 451,1418,28,21
der 489,1411,39,26
für 537,1408,37,30
Klavier¬ 583,1410,98,28
spiel 48,1458,54,32
nicht 118,1459,61,27
viel 194,1458,43,27
übrig 253,1457,65,35
hatte, 333,1456,68,32
gehört 418,1458,81,34
hat, 515,1459,45,29
ist 577,1462,26,24
nicht 620,1459,60,27
bekannt; 49,1501,110,37
qualitative 172,1507,127,36
Aussagen 310,1508,115,32
über 438,1506,55,26
sein 505,1510,44,23
Spiel 563,1507,57,35
sind 632,1508,49,26
jedenfalls 48,1553,116,31
in 176,1559,22,23
dem 211,1555,53,27
Buch 277,1553,60,28
so 351,1562,22,18
wenig 387,1557,74,31
zu 472,1562,28,19
finden 513,1554,75,28
wie 602,1559,43,23
in 659,1558,21,24
andern 50,1604,85,28
Büchern 145,1604,102,28
Bernhards 257,1601,127,29
solche 395,1601,75,27
über 482,1602,56,26
die 548,1603,35,26
Art 593,1605,39,25
der 643,1604,39,27
"Studien» 49,1652,114,29
seiner 179,1656,69,25
Protagonisten. 262,1653,177,33
<EOS>
Er 456,1652,24,24
sei 494,1653,29,23
einfach 538,1650,89,28
der 642,1652,38,27
Grösste, 50,1698,93,35
der 159,1702,39,27
Allergrösste, 213,1701,151,35
der 381,1698,38,28
«Weltberühmteste», 436,1698,245,31
muss 50,1753,63,24
Schüler 133,1750,92,28
von 245,1758,44,19
Horowitz 309,1750,112,25
sein, 440,1749,53,28
des 513,1747,39,26
vor 573,1755,39,18
ihm 632,1747,47,27
Berühmtesten, 50,1794,184,36
den 245,1799,42,26
er 299,1807,23,18
sich 333,1797,45,28
zum 389,1804,53,20
Lehrer 454,1795,79,27
nimmt, 545,1796,89,31
so¬ 646,1803,35,18
zusagen 49,1848,96,35
ernennt, 157,1853,101,23
und 272,1847,46,28
sogleich 329,1845,97,37
hinter 439,1845,73,27
sich 523,1843,47,28
lässt. 582,1843,60,27
<EOS>
In 656,1845,23,25
Wirklichkeit 50,1891,151,33
bezeichnete 210,1897,142,27
Gould 362,1895,71,29
sich 445,1894,45,28
als 500,1893,32,28
Autodidak¬ 544,1891,137,29
ten, 51,1942,41,30
hatte 105,1945,62,28
aber 179,1946,53,27
Unterricht 244,1945,126,28
zuerst 382,1949,72,23
bei 466,1944,34,27
seiner 511,1946,70,24
Mutter, 592,1944,88,27
dann 51,1988,60,32
neun 133,2003,60,18
Jahre 210,1994,65,35
lang 296,1995,52,34
(1943-1952) 372,1992,155,33
bei 550,1992,35,27
einem 608,1994,73,24
chilenischen 50,2037,150,34
Lehrer, 217,2043,84,31
Alberto 318,2043,93,27
Guerrero. 428,2046,111,24
<EOS>
Der 558,2044,42,25
Beste 617,2043,64,25
freilich 50,2083,82,36
wollte 143,2092,75,27
er 229,2101,23,18
immer 263,2096,82,23
sein, 356,2096,53,27
und 422,2093,45,26
er 478,2101,23,18
verlangte, 512,2091,120,36
der 643,2090,39,27
Künstler 51,2134,101,33
dürfe 160,2140,64,28
mit 234,2144,41,23
seiner 284,2144,71,24
Arbeit 362,2140,77,28
erst 448,2145,44,23
zufrieden 501,2140,116,28
sein, 628,2142,53,27
Wenn 50,2189,67,27
er 127,2198,23,19
überzeugt 159,2189,121,36
sei, 290,2193,36,27
eine 336,2193,48,24
nicht 395,2189,61,28
mehr 466,2189,64,28
zu 540,2198,27,19
überbie¬ 578,2189,104,28
tende 51,2234,63,31
Leistung 126,2240,106,34
vollbracht 243,2238,124,28
zu 378,2247,27,19
haben. 418,2238,82,28
<EOS>
Grundsätzlich 513,2238,168,28
hätte 50,2277,60,36
Bernhards 120,2287,127,28
Glenn 257,2287,72,28
(und 342,2287,59,32
mit 411,2290,41,24
ihm 463,2287,48,27
die 522,2288,34,26
Freunde) 568,2287,111,33
auch 52,2333,53,28
Jongleur 119,2336,108,36
sein 245,2339,45,24
können, 310,2336,97,30
brillierend 428,2336,123,27
statt 570,2340,52,23
mit 642,2338,40,25
den 51,2376,42,32
Goldberg-Variationen 102,2384,261,37
mit 374,2388,42,23
einer 426,2388,59,23
Tellernummer: 495,2384,187,28
tur 52,2431,40,26
unwesentliche 113,2433,177,27
Einzelheiten 311,2432,149,28
hätten 481,2432,79,28
dadurch 582,2433,100,27
geändert 51,2480,107,29
werden 175,2482,92,28
müssen, 286,2487,101,25
nicht 406,2482,61,27
die 486,2482,34,27
Anlage 539,2482,85,34
des 643,2482,39,27
Ruches. 52,2521,91,36
<EOS>
Alle 86,2577,44,29
drei 150,2580,45,27
hätten 215,2580,78,27
lebenslänglich 313,2579,176,36
den 509,2580,44,26
«Wunsch 574,2579,108,28
nach 52,2624,55,29
Verrammelung» 117,2628,197,36
gehabt, 325,2628,90,36
seien 427,2631,58,24
«die 498,2628,46,27
geborenen 555,2627,127,36
"errammelungsfanatiker- 52,2667,317,47
gewesen; 395,2686,113,27
Glenn 534,2676,70,27
aber 630,2675,53,29
habe 52,2715,56,34
«seinen 119,2729,84,24
Verrammelungsfanatismus 214,2725,335,37
am 559,2734,38,18
weite¬ 607,2727,75,26
sten 52,2769,46,28
vorangetrieben». 109,2775,208,36
<EOS>
Er 329,2777,26,25
habe 366,2775,57,27
sich 435,2774,46,28
in 493,2777,22,24
seinem 527,2776,83,25
Haus 622,2776,60,25
lrn 52,2819,29,23
Wald 95,2821,60,29
verrammelt, 168,2824,151,28
um 335,2832,39,19
das 389,2824,39,26
herum 443,2823,81,27
drei 538,2823,45,27
Wärter 598,2825,85,25
aL|fgestelIt 52,2865,124,37
gewesen 185,2882,103,26
seien, 298,2876,67,26
ihm 375,2872,47,28
die 432,2873,35,27
Leute 477,2875,67,24
fernzuhal¬ 554,2870,128,29
ten. 52,2913,42,30
<EOS>
Das 104,2920,43,27
heisst, 158,2921,75,31
er 244,2930,24,19
wiederholt 276,2921,135,28
den 421,2922,43,26
in 476,2924,20,23
Verstörungais 512,2920,170,37
"Konsequenz 52,2960,155,45
Hauenstein» 229,2973,149,25
bezeichneten 400,2970,159,27
Rückzug 582,2969,101,36
e,ries 52,3012,57,29
mit 126,3020,41,26
einer 184,3023,60,23
philosophischen 260,3018,199,37
Studie 476,3019,75,27
befassten 568,3018,114,27
<EOS>
<EOP>
Industriellen 732,632,155,27
in 898,634,21,24
ein 931,634,35,25
Jagdhaus 973,631,116,35
mitten 1100,634,80,25
im 1192,634,31,24
Wald, 1235,631,66,30
des¬ 1313,631,50,27
sen 732,688,38,19
Fensterläden 781,680,159,27
mit 950,683,41,23
Ausnahme 1002,679,130,28
eines 1142,682,60,25
einzigen 1212,682,102,33
ge¬ 1326,687,36,27
schlossen 732,727,114,28
blieben 856,728,89,27
und 956,728,45,27
von 1011,737,44,18
dem 1067,728,52,27
unsichtbare 1131,728,144,27
Wäch¬ 1285,727,79,28
ter 732,781,33,22
unerwünschte 782,776,175,28
Personen 975,780,110,23
fernzuhalten 1103,776,158,27
hatten. 1278,776,86,27
<EOS>
Glenn 732,825,71,27
Gould, 820,826,77,31
der 914,826,40,27
wirkliche, 970,825,122,30
hatte 1109,825,62,28
kein 1188,826,51,27
Haus 1256,828,60,25
im 1334,828,30,24
Wald, 732,873,68,33
aber 811,874,53,27
hielt 874,874,53,27
sich 937,874,47,27
bekanntlich, 993,874,153,30
vor 1156,882,39,19
allem 1205,874,68,27
in 1283,877,21,23
jün¬ 1316,877,48,31
geren 732,930,68,26
Jahren, 809,922,89,34
gelegentlich 914,922,148,36
in 1077,925,21,24
einem 1113,925,74,25
seinen 1202,925,74,24
Eltern 1292,922,73,27
gehörenden 733,969,145,36
und 887,971,46,27
nur 942,980,44,18
wenigen 994,975,104,31
Freunden 1107,971,117,27
bekannten 1234,971,132,27
kleinen 733,1018,87,28
Haus 835,1022,61,24
an 910,1028,28,19
einem 953,1023,74,24
See 1041,1022,41,25
nördlich 1097,1019,100,28
von 1212,1028,43,18
Toronto 1271,1021,95,25
auf; 733,1066,48,32
verrammelt 792,1068,146,28
hat 948,1068,39,28
er 997,1077,23,19
sich, 1030,1068,53,31
seit 1094,1071,38,25
den 1143,1068,44,28
späten 1197,1072,80,31
siebzi¬ 1288,1068,77,27
ger 732,1124,40,27
Jahren, 779,1115,89,35
in 882,1119,22,24
einem 917,1119,74,25
allgemein 1005,1117,119,35
nicht, 1137,1117,66,32
auch 1218,1116,56,28
telefo¬ 1289,1115,76,29
nisch 733,1164,63,27
nicht, 807,1164,68,31
zugänglichen 886,1165,164,36
Studio 1061,1166,77,27
in 1150,1168,22,24
einem 1183,1168,73,24
Hotel 1268,1164,65,28
in 1344,1168,22,23
Toronto 734,1215,95,25
(nicht 840,1211,74,34
New 922,1216,56,25
York, 986,1214,62,30
wie 1057,1218,44,23
bei 1110,1214,35,27
Bernhard), 1153,1213,136,31
wo 1299,1222,35,18
er 1344,1222,23,18
nachts 734,1262,77,27
arbeitete, 831,1262,116,32
die 967,1263,35,27
Rolläden 1023,1263,104,27
stets 1148,1268,54,21
geschlossen 1223,1262,143,36
hielt. 734,1311,58,28
<EOS>
Er 806,1313,25,24
zog 842,1319,40,26
sich 894,1311,46,27
oft 953,1310,32,29
zurück 997,1311,83,28
in 1093,1314,20,25
ein 1127,1315,35,24
Hotel 1175,1311,64,27
in 1251,1313,22,25
Wawa, 1286,1313,80,28
einem 733,1363,75,25
kleinen 821,1360,88,27
Ort 924,1361,39,27
im 977,1363,31,24
kanadischen 1024,1361,151,27
Norden, 1190,1361,96,29
ja, 1301,1363,27,32
er 1344,1369,23,18
habe 735,1409,57,27
davon 801,1409,74,27
geträumt, 883,1412,124,32
so 1016,1417,24,19
Jonathan 1043,1409,114,34
Cott, 1166,1411,55,29
ehemaliger 1230,1408,137,36
Leiter 733,1461,70,24
der 811,1458,39,26
Musikabteilung 859,1457,192,36
beim 1058,1458,62,27
kanadischen 1129,1457,151,27
Radio, 1290,1458,76,29
einen 735,1510,64,23
ganzen 813,1515,85,27
Winter 914,1509,84,24
«im 1013,1509,42,23
Dunkel» 1069,1506,101,27
zu 1185,1516,27,17
verbringen, 1227,1506,140,35
nördlich 734,1555,101,27
des 854,1555,39,27
Polarkreises: 914,1554,154,28
Entsprechung 1091,1554,171,36
zu 1281,1564,26,18
der 1328,1554,39,28
metaphorischen 735,1603,199,36
Finsternis 945,1605,122,26
und 1079,1604,45,27
Kälte, 1135,1603,68,31
in 1216,1605,21,25
der 1249,1603,39,28
Bern¬ 1300,1605,67,26
hards 734,1651,67,28
Protagonisten 814,1655,172,32
sich 1001,1652,45,28
aufhalten. 1061,1651,123,30
<EOS>
Sich 770,1701,50,26
zurückziehen, 838,1701,172,29
sich 1028,1701,46,27
abschliessen 1091,1701,150,27
bedeutet 1259,1701,109,27
zunächst 733,1748,111,27
und 862,1750,46,26
ist 925,1753,27,23
die 969,1750,34,27
Voraussetzung 1021,1753,180,32
für 1218,1749,36,27
erhöhte 1271,1749,96,27
Konzentration 734,1797,174,27
auf 925,1797,39,27
die 977,1798,35,27
Kunst 1027,1801,69,24
(oder 1114,1798,67,31
Studie), 1196,1798,98,29
noch 1310,1797,57,28
grössere 733,1847,99,31
Perfektionierung: 849,1844,217,36
«Klavierradikalismus», 1086,1847,281,28
«Klavierspiel 735,1891,156,35
in 903,1896,22,23
seiner 938,1897,70,23
höchsten 1020,1894,111,27
Konsequenz», 1145,1897,165,32
«bis 1324,1895,44,26
zum 733,1947,54,20
Äussersten 798,1936,133,31
und 944,1941,46,27
über 1002,1941,55,27
das 1069,1942,39,27
Ausserste 1121,1940,115,29
hinaus» 1249,1942,91,27
- 1355,1958,11,2
<EOS>
<EOP>
und 735,1988,46,28
das 797,1988,40,27
wiederum 853,1988,127,27
heisst: 997,1989,80,26
immer 1096,1993,81,23
noch 1194,1991,57,25
grössere 1268,1994,99,30
Rücksichtslosigkeit 734,2036,232,36
gegen 974,2045,72,27
sich 1057,2036,45,27
selbst 1113,2037,66,26
(von 1190,2037,56,31
Garibaldi 1257,2037,109,27
in 736,2091,21,23
Macht 775,2086,80,28
der 871,2086,45,26
Gewohnheit 933,2085,155,27
als 1103,2085,32,27
«Kunstwille» 1155,2085,154,27
be¬ 1328,2085,38,27
zeichnet), 734,2135,120,32
noch 866,2134,58,28
strengere 935,2139,111,30
»Selbstdisziplin». 1058,2133,204,34
<EOS>
Dies 1274,2135,51,25
sei 1337,2136,29,24
ein 736,2190,35,25
Lieblingswort 786,2185,167,35
von 969,2191,44,20
Bernhards 1027,2182,126,28
Glenn 1168,2182,71,26
gewesen, 1255,2190,111,27
der 736,2237,39,27
wohl 787,2234,59,29
deshalb 859,2233,94,28
ein 965,2235,35,25
«Ordnungsfanatiker» 1014,2229,253,38
zu 1279,2239,27,18
sein 1320,2233,45,24
hat. 737,2286,44,27
<EOS>
Aber 795,2285,58,27
auch 865,2283,57,28
der 936,2283,39,27
wirkliche 987,2280,115,29
Glenn, 1116,2280,77,28
der 1207,2279,38,27
zwar 1259,2288,58,17
ein 1330,2282,36,23
schöpferisches 737,2333,175,38
Chaos 935,2332,72,28
in 1030,2333,21,25
seinen 1075,2333,74,24
Räumen 1173,2332,100,23
hatte, 1298,2327,68,28
habe, 737,2384,65,30
so 814,2393,24,17
Cott, 850,2385,56,29
»in 919,2385,33,24
jedem 964,2381,75,36
Augenblick 1052,2377,136,38
seines 1199,2380,69,25
Lebens 1281,2377,86,27
völlige 737,2432,79,36
Kontrolle 830,2432,111,27
über 955,2431,55,27
sich 1023,2429,45,28
haben 1082,2428,74,27
wollen». 1170,2427,99,27
<EOS>
Er 1284,2428,25,24
war 1322,2433,46,20
anscheinend 737,2482,151,26
wirklich 914,2479,100,28
bestrebt, 1040,2477,103,29
wie 1169,2479,43,24
die 1239,2475,34,27
Bern¬ 1299,2477,68,25
hardschen 738,2530,124,27
Künstler 882,2529,103,28
«sich 1003,2527,57,29
zum 1079,2535,52,19
Mechanismus 1151,2524,171,29
zu 1341,2532,27,19
machen». 737,2579,116,27
<EOS>
Wie 872,2581,46,25
die 937,2578,34,27
Königin 991,2580,93,33
der 1102,2576,38,28
Nacht 1159,2573,70,29
nur 1248,2581,42,19
noch 1310,2573,58,27
Stimme 737,2631,96,24
gewesen 851,2636,103,27
sei, 974,2630,34,27
«Koloraturmaschine... 1028,2622,262,31
<EOS>
habe 1311,2622,57,27
dem 737,2676,54,27
Glenn 810,2676,70,28
des 900,2676,39,27
Buches 958,2675,87,28
als 1065,2675,31,28
Ideal 1116,2673,57,29
vorgeschwebt, 1194,2671,174,37
«ganz 739,2734,68,26
Klavier», 821,2725,105,29
der 941,2725,39,28
Steinway, 994,2725,114,35
zu 1124,2732,26,18
werden, 1165,2721,96,28
«Kunst¬ 1278,2722,90,25
maschine», 737,2774,133,34
und 882,2775,46,27
Glenn 939,2774,69,27
Gould, 1021,2774,78,27
den 1111,2773,43,27
Menschen, 1167,2770,128,28
nicht 1308,2769,61,28
mehr 738,2823,65,27
nötig 820,2826,62,32
zu 898,2832,27,18
haben. 944,2823,80,27
<EOS>
(Er 1046,2823,38,29
hat 1101,2822,37,26
darum 1155,2821,81,26
«Tag 1255,2821,52,33
und 1325,2819,45,27
Nacht» 737,2872,82,27
Klavier 835,2872,86,27
zu 935,2881,27,18
spielen, 976,2872,92,35
während 1082,2870,106,28
der 1201,2869,39,27
wirkliche 1254,2869,115,27
Gould 738,2920,71,27
seinen 826,2924,74,24
schon 918,2921,70,27
als 1006,2921,30,27
Jugendlicher 1049,2918,157,38
erworbenen 1223,2918,147,28
hohen 738,2969,76,27
technischen 830,2969,147,28
Stand 993,2970,69,27
mit 1076,2973,40,23
einer 1132,2972,59,24
Stunde 1207,2968,83,28
Üben 1307,2967,62,28
täglich 738,3018,81,35
hielt 837,3018,52,27
und 908,3018,45,27
in 972,3022,20,23
seinem 1011,3022,83,23
mit 1113,3021,40,24
Apparaten 1172,3020,126,32
voll¬ 1317,3016,54,27
<EOS>
<EOP>
gestopften 1418,629,129,36
Studio 1560,631,77,26
nicht 1651,631,61,27
einmal 1726,631,82,28
ein 1821,634,36,25
Klavier 1870,631,87,28
stehen 1971,631,80,28
hatte.) 1419,678,81,32
<EOS>
Er 1525,682,24,23
habe, 1571,678,65,32
so 1659,687,22,19
Wertheimer, 1703,679,152,31
seine 1877,683,58,24
Persön¬ 1957,682,93,25
lichkeit 1420,726,89,28
vernichtet, 1522,726,130,32
um 1668,736,40,18
Genie 1722,730,67,24
zu 1803,736,27,18
sein. 1846,731,51,24
<EOS>
Mit 1913,731,39,23
diesem 1967,728,84,27
Vorgang 1420,779,101,32
dürfte 1536,775,73,28
identisch 1626,776,109,27
sein, 1753,779,53,25
was 1823,785,46,18
der 1887,777,39,26
Erzähler, 1944,776,107,32
in 1422,829,20,24
ironisch-blasphemischer 1467,824,303,35
Anspielung 1792,824,140,35
auf 1955,825,41,27
die 2018,826,33,26
«Menschwerdung 1422,874,214,34
Gottes», 1659,875,94,28
«die 1781,873,45,27
Glenngouldwer- 1853,873,198,35
dung» 1422,923,72,35
Glenns 1505,922,82,28
nennt: 1597,927,79,22
die 1688,922,35,27
Umwandlung, 1733,921,173,36
Hinaufstei¬ 1918,920,133,29
gerung 1422,980,86,27
oder 1529,971,53,27
Pervertierung 1604,974,169,32
des 1793,970,39,27
Menschen 1854,970,123,27
zum 1999,979,53,18
Kunstprodukt. 1422,1019,175,36
<EOS>
Durch 1457,1068,75,28
willentliche 1545,1068,143,28
Künstlichkeit 1703,1068,161,28
gegen 1876,1076,72,27
die 1962,1068,34,27
un¬ 2011,1076,41,19
willkürliche 1422,1117,147,28
(das 1586,1117,51,31
Mechanische, 1652,1117,166,30
den 1834,1117,43,27
»Marionettis- 1894,1118,158,26
mus») 1422,1167,77,28
der 1527,1166,38,26
gewöhnlichen 1590,1165,174,36
Existenz 1790,1168,102,24
vorgehend, 1917,1165,136,35
reproduzieren 1422,1214,171,35
Bernhards 1615,1213,126,28
Künstler 1761,1213,103,28
in 1884,1217,21,23
der 1927,1214,38,26
Rück¬ 1986,1213,67,27
sichtslosigkeit 1422,1262,173,36
gegen 1608,1272,73,26
sich 1694,1262,47,28
selber 1754,1262,70,27
und 1838,1263,46,26
ihre 1898,1262,46,27
Umwelt 1957,1262,97,27
die 1422,1311,35,28
Künstlichkeit 1466,1311,160,28
der 1635,1311,40,28
Gesellschaft. 1683,1310,147,29
<EOS>
Sich 1840,1311,51,28
zum 1900,1320,53,19
Mecha¬ 1963,1311,90,27
nismus 1422,1364,89,24
machend, 1524,1361,119,29
vollstrecken 1655,1361,148,27
sie 1817,1363,30,24
an 1861,1369,28,18
sich 1902,1361,46,26
die 1961,1361,34,26
von 2009,1368,44,19
Rudolf 1423,1408,80,28
zur 1510,1418,39,18
Lippe 1559,1411,65,33
im 1635,1412,30,23
Titel 1676,1409,53,27
eines 1740,1412,58,24
Buches 1810,1408,87,28
so 1907,1417,23,19
genannte 1941,1413,113,31
Naturbeherrschung 1422,1458,243,35
am 1681,1466,39,18
Menschen, 1737,1457,129,31
die 1885,1458,34,26
Reflex 1937,1456,72,28
ist 2028,1461,25,22
oder 1423,1506,54,27
Bedingung 1503,1506,131,36
der 1659,1506,39,26
technokratischen 1723,1505,212,28
Beherr¬ 1961,1505,93,27
schung 1422,1555,87,35
der 1517,1555,39,27
äussern 1565,1560,94,22
Natur 1669,1558,70,24
- 1749,1571,11,1
die 1771,1555,34,27
Bernhards 1815,1554,126,28
Künstler 1952,1554,103,28
(im 1427,1603,43,32
Gegensatz 1481,1605,122,34
zum 1613,1611,53,19
wirklichen 1677,1603,132,28
Glenn) 1820,1603,83,30
hassen 1917,1603,80,27
und 2010,1603,45,26
die 1422,1653,35,27
in 1469,1656,21,23
Verstörung 1509,1654,134,34
etwa 1649,1657,60,23
gleichermassen 1720,1652,187,35
als 1919,1652,32,27
Mecha¬ 1963,1651,90,28
nismus 1424,1703,90,25
bezeichnet 1531,1700,128,28
wird 1677,1701,56,26
(«Frösche- 1754,1700,128,31
und 1902,1700,44,27
Grillen¬ 1965,1699,91,27
mechanismus», 1423,1749,192,31
«physikalische 1645,1748,176,36
und 1852,1748,45,27
chemische 1926,1748,128,27
Universalmaschine»), 1425,1797,262,30
wie 1709,1801,44,23
vom 1775,1806,55,18
-mechanisierten 1854,1796,202,27
Marionettentheater» 1423,1846,251,28
der 1685,1847,39,26
von 1733,1854,44,18
der 1787,1846,39,26
Burg 1837,1847,58,33
(vom 1908,1846,65,29
Kopf) 1985,1843,66,37
aus 1425,1903,40,18
in 1480,1897,20,24
der 1516,1895,38,26
Tiefe 1567,1893,59,28
einem 1640,1897,74,24
Vorarbeiter 1728,1893,138,27
gehorchenden 1880,1892,177,36
Arbeiter 1422,1942,102,27
die 1534,1942,34,27
Rede 1580,1942,56,27
ist. 1648,1945,32,24
<EOS>
Ebenso 1692,1941,86,28
reproduzieren 1790,1941,171,35
sie 1973,1944,31,25
das 2015,1941,40,28
Zweckdenken 1423,1990,173,27
der 1604,1991,39,25
verachteten 1652,1990,144,26
-Vorteilsmenschen-, 1807,1989,249,34
in 1422,2040,22,24
ihrer 1455,2037,59,27
Existenz 1524,2040,103,24
wie 1638,2040,43,24
in 1692,2040,22,24
ihrer 1726,2037,58,27
Kunst 1794,2040,70,25
(«Glenn» 1878,2038,107,31
habe 1996,2038,60,29
fast 1422,2085,43,27
nichts 1477,2086,73,26
gelesen, 1562,2086,96,34
nur 1670,2095,44,17
was 1726,2095,45,17
seinem 1784,2090,84,23
Zweck 1880,2088,81,26
diente, 1974,2088,83,29
seiner 1422,2137,70,24
Kunst, 1504,2136,75,26
und 1593,2134,45,27
er 1650,2143,24,19
habe 1686,2134,58,28
nichts 1757,2134,72,28
Schriftliches 1842,2135,150,29
hin¬ 2006,2137,50,27
terlassen-, 1421,2182,118,29
der 1549,2183,39,27
wirkliche 1598,2183,115,28
Glenn 1724,2184,70,27
las 1804,2184,32,27
viel, 1847,2185,49,28
mit 1906,2189,41,24
Vorliebe 1957,2186,100,28
Autoren 1422,2234,99,24
des 1532,2232,39,27
ausgehenden 1581,2232,161,36
neunzehnten, 1754,2234,166,29
beginnen¬ 1933,2235,123,36
den 1422,2280,44,26
zwanzigsten 1475,2284,150,32
Jahrhunderts, 1631,2282,172,34
und 1813,2284,45,27
war 1868,2293,45,18
ein 1922,2288,35,23
brillan¬ 1966,2285,91,27
ter 1423,2333,32,22
Kritiker 1464,2329,94,28
und 1567,2331,45,27
Essayist) 1622,2331,107,36
; 1738,2345,4,17
die 1753,2333,34,27
Kunst 1797,2335,70,26
und 1877,2333,45,28
Kunstaus¬ 1933,2337,124,24
übung 1423,2377,80,37
selber 1520,2379,69,28
untersteht 1607,2381,129,27
streng 1753,2388,76,30
zweckgerichteter 1846,2383,211,36
Ökonomie. 1423,2424,137,31
<EOS>
Statt 1455,2479,56,25
unmittelbar 1524,2479,148,28
Opfer 1683,2479,67,36
der 1761,2481,39,27
Gesellschaft, 1811,2480,147,30
sind 1971,2482,48,26
es 2031,2489,23,19
diese 1421,2526,59,28
Wissenschaftler/Künstler, 1495,2527,315,32
die 1827,2530,34,27
fast 1877,2529,42,28
alle 1935,2530,40,27
keine 1991,2530,64,27
materiellen 1421,2576,139,28
Probleme 1574,2578,116,28
haben, 1704,2578,83,29
zwar 1802,2587,57,19
nicht 1874,2578,61,28
«schwei¬ 1950,2578,104,28
zerreich», 1421,2625,115,29
aber 1549,2626,54,28
doch 1615,2627,59,27
«steinreich» 1688,2627,142,28
sind, 1844,2628,54,28
auf 1913,2626,40,29
vermit¬ 1963,2630,91,24
telte 1421,2673,51,29
Weise, 1486,2677,75,27
willentlich 1575,2675,130,29
(wobei 1721,2676,86,32
es 1820,2686,23,17
aber 1857,2676,53,27
tatsächlich 1923,2675,131,28
"Unsinn- 1423,2725,110,26
ist. 1544,2727,32,26
<EOS>
von 1588,2734,44,19
«freiem 1643,2724,90,29
Willen» 1743,2725,90,28
zu 1842,2734,28,19
sprechen), 1880,2725,133,36
als 2024,2724,31,28
-Opfer 1422,2772,79,36
ihrer 1510,2773,58,29
Disziplin» 1577,2774,119,36
(so 1708,2774,36,32
die 1754,2774,35,28
Königin 1799,2777,94,33
in 1902,2777,22,24
Der 1935,2776,50,25
Igno¬ 1991,2776,65,34
rant 1424,2825,57,24
und 1492,2824,51,26
der 1552,2824,46,26
Wahnsinnige). 1613,2823,184,36
<EOS>
Die 1811,2825,40,25
erstrebte 1865,2823,106,27
Auto¬ 1985,2825,69,24
nomie, 1422,2874,84,27
als 1520,2872,31,27
blosse 1565,2872,72,28
Negation 1651,2875,109,32
von 1775,2881,44,18
Natur 1833,2875,69,24
und 1916,2872,45,27
Gesell¬ 1975,2871,78,27
schaft, 1422,2919,77,30
ist. 1522,2924,32,25
<EOS>
wenn 1576,2929,67,19
nicht 1666,2921,60,27
Nichts 1748,2921,76,27
(der 1849,2921,51,31
Tod), 1921,2919,64,32
eine 2007,2923,49,23
scheinbare: 1422,2968,141,29
als 1572,2970,32,27
bestimmte 1612,2970,132,27
Negation 1753,2973,110,32
ebenfalls 1871,2968,108,28
Hete- 1988,2971,65,25
ronomie. 1423,3022,109,24
<EOS>
Einen 1546,3022,67,23
offenen 1626,3018,90,27
Weg 1729,3021,52,32
(nicht 1796,3018,73,32
bloss 1880,3018,61,27
den 1954,3018,43,27
von 2011,3026,44,19
<EOS>
<EOP>
69 1041,3189,28,34
<EOS>
<EOP>
