2176,3261
Die 51,616,42,28
lange 106,619,70,35
Nacht 49,665,75,29
das 51,714,44,28
Geräusch 108,717,116,26
des 50,762,41,28
Wassers 108,767,97,25
sagt 50,816,51,32
was 51,867,50,21
ich 113,863,36,26
denke 162,863,79,27
F-moll 48,956,77,30
Adagio 48,1006,83,36
Versenkung 48,1052,142,39
in 213,1060,21,24
das 257,1057,39,28
Innenleben 321,1058,137,27
des 482,1059,39,27
Einzeltons. 546,1059,130,28
<EOS>
Gestaltfülle 47,1102,138,31
gerade 207,1106,82,34
in 312,1108,22,26
der 357,1107,39,27
Begrenzung, 418,1109,153,34
in 595,1111,21,24
der 640,1108,38,28
äussersten 47,1151,127,30
Zurücknahme. 188,1154,177,28
<EOS>
Aus 381,1158,44,25
dem 440,1156,53,27
kargen 508,1156,83,35
Strich 605,1157,71,27
des 47,1198,37,29
Bogens 97,1204,88,34
löst 199,1203,41,27
sich 254,1203,45,27
der 313,1204,39,27
Ton 364,1206,44,25
mit 422,1207,41,24
warmer 476,1213,96,20
Leucht¬ 584,1206,92,27
kraft 47,1245,55,32
und 111,1251,45,27
folgt 164,1251,54,35
den 228,1251,42,27
ruhigen 281,1251,95,36
Wellenbewegungen 386,1253,241,36
des 638,1255,38,27
Klaviers. 46,1295,104,32
<EOS>
Lange, 168,1302,79,33
endlos 265,1300,78,27
scheinende 361,1301,133,28
Bögen, 511,1305,83,33
weite 611,1306,65,24
Klangräume, 45,1344,157,39
unhörbarer 218,1348,140,28
innerer 371,1352,87,26
Gesang. 471,1353,91,34
<EOS>
Er 80,1398,24,25
senkt 119,1397,63,27
die 196,1397,33,27
Hand, 244,1397,70,30
schweigt. 329,1397,112,36
<EOS>
Im 79,1446,32,26
Bereich 128,1446,88,27
von 234,1454,42,18
Ahnung 293,1445,99,36
und 409,1447,44,27
Erinnerung, 469,1450,145,34
von 631,1458,43,19
Traum 44,1488,80,33
und 137,1495,46,26
Vision 196,1498,73,24
bleiben 281,1494,88,27
noch 383,1494,57,27
bis 453,1495,33,27
in 498,1499,22,23
die 532,1497,34,27
dunkel¬ 579,1497,95,28
sten 45,1543,46,26
Orte 107,1545,51,26
Klänge 173,1543,83,35
von 270,1551,43,19
sanglicher 329,1542,123,35
Durchsichtigkeit, 464,1543,209,38
föne 49,1587,53,31
aus 113,1601,40,18
der 165,1593,39,27
Ferne 215,1595,66,24
als 292,1591,31,27
zarter 335,1596,70,21
Schatten 416,1591,106,27
einer 533,1595,61,25
Lacri- 605,1597,69,24
mosa-Verdunkelung. 45,1640,250,36
<EOS>
Peter 54,1734,62,31
Szondi 129,1738,80,28
Japanischer 253,1737,144,37
Haiku 411,1737,70,27
<EOS>
<EOP>
Am 743,1148,28,19
Lake 787,1148,50,20
Ontario, 852,1149,98,24
Ende 965,1150,53,19
der 1032,1151,36,19
50er 1084,1151,52,20
Jahre 1150,1152,62,20
<EOS>
<EOP>
/9 780,1339,41,29
-.^ 860,1326,74,42
<EOS>
M 1647,1350,34,33
4* 1552,1361,51,42
(9T2Z 985,1382,117,54
yC 780,1411,29,16
jJPt. 761,1424,90,44
<EOS>
<EOP>
y 759,1679,30,23
" 808,1681,4,5
<EOS>
<EOP>
m 831,1686,27,17
yy^ 771,1698,132,44
<EOS>
<EOP>
¦M 1462,1735,28,17
^ 775,1744,52,22
<EOS>
<EOP>
M 1964,2084,61,41
¦h. 1405,2129,34,40
<EOS>
JâcÂ 1635,2135,51,26
z 1719,2152,4,7
Ns-> 1620,2152,34,15
<EOS>
<EOP>
a 1858,2195,13,27
m 1925,2157,115,65
1 1516,2194,11,25
it* 1583,2178,89,44
1 1692,2196,12,26
2 1774,2196,13,25
tu 1281,2266,53,51
-üu 1424,2264,107,56
Dm 1582,2272,119,48
il* 1979,2266,67,39
•>- 826,2279,24,18
<EOS>
<EOP>
j 763,2376,30,42
<EOS>
<EOP>
»r» 1842,2443,51,14
<EOS>
<EOP>
- 1552,2508,19,7
L- 1614,2508,34,30
%ofh 1264,2532,111,66
'.43(61 1904,2562,125,53
<EOS>
<EOP>
W 1560,2530,61,27
ly 1621,2547,66,47
r 1041,2601,30,25
-d 1108,2603,38,27
i 1180,2603,4,28
j 1216,2605,13,26
<EOS>
<EOP>
Auszug 730,3079,80,25
aus 823,3085,36,15
dem 874,3080,43,20
Adagio 931,3080,76,25
der 1022,3081,37,19
Sonate 1073,3081,78,20
in 1166,3082,18,19
f-Moll 1198,3082,72,20
mit 1284,3083,36,19
GGs 1334,3083,40,19
Anmerkungen 1389,3083,155,25
zur 1559,3090,34,15
Interpretation 1609,3085,174,25
und 730,3115,38,19
fürs 782,3115,47,20
Schneiden 842,3115,121,20
im 977,3116,24,19
Studio 1015,3116,74,21
<EOS>
<EOP>
65 1024,3183,27,33
<EOS>
<EOP>
