2176,3261
Buchhalter 142,100,391,81
Mozart 566,100,248,81
Unveröffentlichtes 143,250,302,48
Manuskript 456,251,198,46
zu 664,262,40,25
einer 721,254,88,33
Radiosendung. 138,306,245,49
<EOS>
Von 409,310,58,33
Glenn 484,306,99,37
Gould 600,307,103,36
<EOS>
<EOP>
Asgardstrand 1516,102,480,96
Eine 1516,254,76,33
Phantasie 1604,251,170,36
von 1791,262,62,25
Manfred 1866,251,148,47
Eicher 2024,251,110,36
<EOS>
<EOP>
Am 114,627,115,73
KV 249,627,43,24
491 312,625,42,29
ertönt: 377,627,87,24
vom 489,632,55,20
Dominant-Sept- 566,626,207,34
<EOS>
<EOP>
Akkord 199,673,97,27
vor 312,682,44,18
dem 372,673,56,27
ersten 448,676,79,24
es-Dur-Thema 546,673,182,27
in 747,675,26,25
der 141,721,45,27
Exposition 192,724,137,32
bis 339,721,37,27
zum 383,730,54,18
ersten 447,725,80,23
orchestralen 537,721,159,27
Kom¬ 704,724,69,24
mentar 141,774,97,23
zum 246,779,55,18
zweiten 312,772,103,26
es-Dur-Thema. 428,770,187,27
<EOS>
Dieses 175,820,76,26
Beispiel 260,819,94,34
stammt 364,823,96,23
aus 469,827,41,19
dem 519,819,54,27
ersten 583,823,75,23
Satz 668,820,50,26
von 726,827,45,19
Mozarts 139,870,96,24
Klavierkonzert 246,866,181,28
in 438,870,22,23
c-Moll 471,867,76,27
- 559,883,12,2
einem 583,870,74,24
der 668,867,40,27
letz¬ 719,867,52,27
ten 141,920,38,22
Werke, 191,915,86,33
die 291,915,35,28
er 340,924,23,19
in 377,919,22,23
dieser 413,915,70,27
Form 497,918,66,24
ausgeführt 577,914,136,37
hat, 727,915,44,32
eines 141,967,58,24
von 207,973,45,18
nur 260,973,44,18
zweien 312,967,84,24
in 405,967,22,24
Moll, 435,964,59,33
und 503,964,46,27
aus 557,973,41,18
diesen 606,964,76,27
beiden 691,964,80,27
programmnotiz-würdigen 141,1013,324,35
Gründen 479,1013,105,27
ein 598,1015,36,25
Werk, 648,1013,70,33
das 732,1013,40,27
eine 140,1064,48,25
ziemlich 200,1061,103,28
viel 316,1061,43,28
bessere 372,1061,87,28
Presse 472,1064,74,25
hatte, 559,1061,68,33
als 642,1061,31,28
es 687,1070,23,19
ver¬ 724,1070,46,19
dient. 141,1110,66,27
<EOS>
Trotz 227,1112,62,25
seiner 307,1113,70,24
sanft-schwindelnden, 397,1109,263,34
ekstati¬ 681,1110,90,27
schen 139,1157,68,29
Melodien, 224,1158,119,34
seiner 361,1162,70,24
gewissenhaft 445,1157,163,37
ausgewoge¬ 624,1167,146,27
nen 140,1216,43,18
Kadenzpunkte, 194,1207,184,36
trotz 390,1212,56,23
seiner 456,1210,71,25
stabilen 537,1207,95,28
und 643,1207,47,28
archi¬ 701,1207,69,27
tektonisch 139,1256,126,27
untadeligen 279,1256,145,35
Form 438,1259,66,25
ist 518,1259,26,24
es 558,1264,23,20
ein 594,1259,36,25
gutes 643,1261,67,30
Bei¬ 723,1258,47,26
spiel 140,1305,54,35
dafür, 207,1304,71,34
weshalb 291,1304,102,28
ich 407,1304,34,28
glaube, 455,1305,88,35
dass 557,1305,52,27
Mozart 622,1307,85,25
kein 720,1305,51,28
besonders 140,1353,121,28
guter 273,1358,67,31
Komponist 353,1356,135,33
ist. 500,1356,33,25
<EOS>
<EOP>
Aber 174,1401,59,29
die 248,1402,35,28
Betonung 298,1404,121,34
liegt, 434,1401,58,36
um 508,1411,41,18
fair 565,1400,40,28
zu 621,1410,27,19
sein, 664,1405,53,28
auf 734,1400,39,28
«Komponist», 140,1454,163,32
denn 326,1451,61,27
Mozart 410,1453,84,24
war 516,1459,47,18
unbestrittener- 586,1449,184,29
massen 139,1508,90,19
ein 244,1502,36,25
grossartiger 296,1502,145,33
Musiker. 457,1499,104,28
<EOS>
Und 577,1499,50,27
ich 643,1498,35,28
krebse 694,1498,78,28
nicht 139,1548,61,28
zurück, 213,1549,90,33
wenn 319,1557,67,19
ich 401,1548,35,28
auf 450,1547,43,29
diese 504,1548,58,28
Unterscheidung 577,1547,195,35
Wert 138,1600,59,26
lege. 206,1597,56,36
<EOS>
Wie 271,1600,47,26
seine 329,1600,57,25
Zeitgenossen 396,1599,156,34
bezeugen, 560,1597,122,35
war 692,1605,46,19
er 748,1605,24,19
ein 139,1649,36,25
überragender 186,1647,168,34
Interpret, 364,1649,115,32
und 492,1647,46,27
wie 549,1649,43,25
unsere 604,1654,79,20
Augen 693,1648,78,33
und 139,1695,46,27
Ohren 206,1694,76,28
bezeugen, 303,1695,121,36
ein 446,1698,36,24
findiger 504,1693,94,38
Handwerker 619,1695,152,27
des 139,1744,39,27
Theaters 196,1743,110,28
und 326,1744,45,27
in 389,1747,22,24
allen 430,1743,58,28
geläufigen 506,1742,129,37
musikali¬ 654,1744,117,27
schen 139,1792,68,28
Formen 218,1795,96,25
seiner 326,1796,69,24
Zeit 407,1794,43,26
ein 461,1796,37,24
erfrischend 509,1792,138,28
zuverläs¬ 658,1792,112,28
siger 139,1845,58,32
Künstler, 208,1842,107,33
der 329,1842,39,27
ein 379,1845,37,24
Divertimento 428,1844,164,25
so 604,1850,24,19
ausstossen 640,1847,131,22
konnte, 139,1890,92,33
wie 244,1893,43,25
ein 300,1893,36,25
Buchhalter 348,1890,135,28
ein 496,1893,36,25
Zirkular 544,1890,99,28
absendet. 656,1891,114,27
<EOS>
Aber: 138,1939,68,28
in 220,1942,22,24
gewisser 255,1942,107,32
Weise 374,1941,69,26
liegt 456,1939,51,35
genau 519,1948,74,26
hier 606,1939,48,28
das 666,1940,40,27
Pro¬ 721,1942,49,25
blem. 138,1987,68,28
<EOS>
Zu 220,1990,30,25
viele 263,1987,56,29
seiner 334,1990,70,26
Werke 417,1987,77,29
tönen 508,1991,69,24
wie 589,1991,44,25
Zirkulare; 647,1988,123,33
sie 139,2040,30,24
sind 179,2037,49,27
einschlägige 237,2036,150,36
Eintagsfliegen, 398,2035,180,37
oft 589,2035,32,29
sind 631,2037,48,27
sie 689,2040,32,24
mit 730,2040,41,24
einem 137,2088,75,24
gewinnenden 223,2085,167,36
Sinn 401,2087,56,25
für 468,2084,37,28
Humor 516,2088,88,24
gesegnet, 615,2090,111,31
oft 738,2084,32,29
liefern 138,2134,77,28
sie 231,2137,31,25
eine 279,2138,48,24
prägnante 343,2139,124,30
Zusammenfassung 484,2134,232,35
der 732,2134,39,28
Hauptpunkte, 138,2183,168,35
um 322,2191,40,20
die 376,2183,35,27
es 424,2191,24,19
dem 461,2183,55,27
Autor 529,2185,70,25
zu 613,2192,26,19
tun 654,2189,41,22
ist. 710,2186,31,24
<EOS>
<EOP>
Aber 174,2231,58,28
wie 251,2234,44,25
Zirkulare 316,2231,112,28
können 448,2231,91,28
sie 560,2234,30,25
mit 611,2234,42,25
bewun¬ 673,2232,97,27
dernswerter, 138,2279,154,34
wenn 306,2289,69,19
auch 389,2280,57,27
nicht 460,2279,62,28
immer 535,2283,82,24
syntaktisch 631,2280,139,36
lupenreiner 139,2327,138,37
Promptheit 286,2328,141,37
von 436,2338,46,19
Punkt 492,2328,74,28
zu 576,2338,27,18
Punkt 614,2329,73,28
sprin¬ 699,2332,71,33
gen 137,2384,44,27
oder 194,2377,55,28
andererseits 262,2378,145,27
in 421,2381,22,24
einer 456,2381,60,24
unerhört 530,2377,108,28
parenthe¬ 651,2378,119,36
tischen 139,2425,85,28
Länge 240,2429,72,33
auf 329,2426,41,28
einem 384,2430,75,24
bestimmten 475,2427,150,27
Punkt 642,2427,73,27
be¬ 732,2427,38,27
harren, 139,2472,88,34
über 240,2475,55,28
den 308,2476,44,27
sich 365,2476,46,27
der 424,2477,40,26
Buchhalter 476,2476,135,28
am 624,2484,38,19
liebsten 675,2476,95,28
aufregt 140,2521,86,36
- 235,2539,12,2
einem 257,2526,75,25
Punkt, 341,2525,80,33
der 431,2525,39,27
für 479,2524,37,28
das 525,2525,40,27
Firmeninteresse 575,2527,196,26
nicht 139,2569,61,28
unbedingt 213,2571,126,37
von 351,2581,45,19
Belang 410,2573,84,36
ist. 506,2576,32,25
<EOS>
<EOP>
Und 174,2619,50,26
in 233,2621,22,25
diesem 264,2620,85,28
Beispiel 359,2622,94,36
diktierte 463,2622,103,28
Mozart 575,2626,85,24
nun 669,2632,48,18
tat¬ 728,2628,42,22
sächlich 140,2665,97,28
ein 255,2670,35,24
solches 307,2669,86,28
Zirkular, 411,2670,104,33
das 533,2671,39,27
beide 590,2671,64,28
Kritiken 671,2671,99,28
gleichzeitig 140,2713,135,37
provoziert: 289,2720,133,31
Er 438,2722,26,25
erlaubt 478,2719,88,28
sich 581,2720,46,27
eine 643,2723,48,24
Reihe 706,2720,64,27
von 140,2769,44,20
sanft 202,2762,57,28
verschlauften 276,2764,163,30
Themen 457,2768,103,28
in 578,2772,21,25
es-Dur, 618,2770,88,33
von 725,2778,44,19
denen 140,2809,73,28
eines 222,2813,59,25
motivisch 291,2814,119,27
besonders 419,2814,122,30
eingängig 551,2820,120,33
ist, 680,2821,33,30
und 725,2819,45,27
die 141,2858,33,27
alle 188,2858,41,27
von 243,2868,44,18
jener 301,2863,60,32
netten, 375,2867,83,27
narzisstischen 473,2865,170,28
Selbstzu¬ 658,2867,111,27
friedenheit 139,2905,135,29
getragen 284,2913,109,31
sind, 405,2911,55,32
die 472,2912,34,26
den 519,2913,43,26
Nicht-Mozartia- 574,2913,195,29
ner 141,2962,38,19
ausgesprochen 189,2956,181,34
wütig 381,2961,73,32
machen 464,2959,96,27
kann. 572,2961,68,27
<EOS>
Gleichzei¬ 653,2962,116,28
tig 140,3004,31,32
verbindet 179,3002,116,28
Mozart 305,3007,83,24
sie 398,3008,30,24
mit 439,3009,42,24
teilnahmslosen 490,3007,185,29
Tonlei¬ 685,3011,84,26
terläufen 141,3049,111,28
und 274,3052,46,26
voraussagbaren 342,3054,193,35
Akkordwechseln, 558,3055,212,35
wie 141,3100,43,24
ein 193,3100,36,24
Buchhalter, 238,3099,139,33
der 387,3100,39,27
mit 434,3104,42,24
ungerechtfertigter 485,3102,225,37
Em¬ 720,3107,50,25
<EOS>
<EOP>
phase 826,622,70,37
auf 905,622,40,28
Nebensächlichkeiten 953,622,256,28
eines 1220,626,59,24
Gegenstandes 1290,623,169,35
herumreitet, 826,671,154,33
für 998,671,37,28
den 1054,672,44,27
sich 1116,671,46,28
ohnehin 1182,671,101,28
niemand 1301,671,107,28
im 1427,674,31,25
Hauptsitz 826,723,116,33
interessiert. 951,723,142,25
<EOS>
«Gut, 1103,722,59,31
Harry, 1171,723,74,32
wie 1255,723,44,25
ich 1308,720,35,28
sehe, 1351,720,60,33
hat 1420,720,40,28
J. 822,771,15,32
<EOS>
B. 847,771,23,25
<EOS>
das 881,769,40,27
mit 933,772,42,24
der 986,769,39,27
Reparatur 1036,772,119,32
des 1166,769,39,27
Wasserkühlers 1218,769,178,28
hin¬ 1408,768,50,28
gekriegt 826,817,101,36
- 936,833,11,3
legen 958,817,65,36
wir 1031,820,42,25
es 1082,826,23,19
zu 1114,826,27,19
den 1151,818,44,27
Akten 1204,817,74,28
und 1287,818,46,27
vergessen 1342,826,117,27
wir 826,869,43,24
es.» 881,875,43,18
<EOS>
Aber 937,866,60,27
bevor 1010,866,70,27
wir 1093,869,42,24
dies 1148,866,47,27
tun, 1209,871,47,27
wollen 1272,866,82,27
wir 1367,869,42,23
ein 1423,869,36,24
bisschen 826,914,105,27
weiterhören 944,914,151,27
in 1108,918,22,23
Mozarts 1144,917,96,24
Köchel 1252,914,82,27
491. 1348,914,46,32
<EOS>
<EOP>
(Weiter 866,963,97,34
mit 974,965,45,26
KV 1027,966,43,24
491) 1080,964,53,30
<EOS>
<EOP>
Wolfgang 821,2351,108,22
Amadeus 942,2351,101,19
Mozart 1057,2350,81,19
<EOS>
<EOP>
J. 1509,625,17,32
<EOS>
S. 1535,625,19,25
<EOS>
Bach 1568,622,60,28
Sonate 1514,673,80,26
Nr. 1608,674,35,25
<EOS>
5 1652,674,12,27
für 1677,671,38,28
Violine 1728,671,83,28
und 1825,671,46,28
Cembalo 1885,671,108,28
Adagio 1514,720,85,35
Jaime 1509,771,71,32
Laredo 1593,770,83,27
Glenn 1514,817,71,28
Gould 1599,817,71,28
Abschied 1514,915,118,26
ist 1640,918,30,24
Einssein, 1677,918,111,27
dessen 1803,915,83,26
einziges 1897,917,104,34
Thema 2013,915,88,26
die 2111,913,38,28
Entzweiung, 1514,966,156,34
ist; 1676,966,39,29
Nähe, 1723,964,71,32
die 1807,964,40,27
nur 1857,972,45,18
die 1909,964,40,27
Entfernung 1955,963,145,36
vor 2107,967,43,22
Augen 1514,1014,80,34
hat, 1608,1013,44,31
die 1668,1013,39,26
darauf 1720,1012,96,35
zustrebt, 1819,1012,104,32
wie 1940,1014,44,25
verhasst 1997,1013,108,26
sie 2116,1011,33,26
ihr 1516,1060,39,28
auch 1568,1061,61,27
sei; 1645,1063,43,30
Verbundenheit, 1710,1061,190,31
welche 1921,1061,87,26
die 2024,1061,40,26
Tren¬ 2084,1062,63,25
nung, 1516,1118,67,28
ihren 1599,1109,67,27
Tod, 1682,1109,48,32
in 1746,1112,25,24
dem 1785,1109,56,27
sie 1854,1111,35,24
Abschied 1898,1109,119,27
ist, 2027,1111,31,30
selber 2074,1108,76,28
vollzieht' 1516,1157,121,27
Der 1549,1208,44,26
Morgenwind 1605,1206,157,35
hat 1775,1206,40,28
sich 1830,1206,46,28
gelegt, 1890,1206,79,36
die 1985,1207,33,27
unruhige 2035,1205,110,35
Bewegung 1514,1256,129,33
des 1654,1254,38,28
Meeres 1703,1256,86,26
ist 1801,1257,26,25
erstarrt, 1840,1260,97,27
die 1950,1255,35,27
Sonne 1996,1256,75,27
steigt 2082,1255,63,33
aus 1514,1311,40,19
dem 1564,1303,54,27
Nebel, 1626,1303,76,31
ihre 1712,1303,47,28
Glut 1768,1303,51,28
wird 1828,1304,57,27
weiss, 1892,1306,74,29
zwei 1976,1306,54,25
Seevögel 2040,1299,105,39
stehen 1514,1351,80,27
stumm 1604,1356,88,23
und 1703,1352,45,28
unbeweglich 1759,1352,158,36
unter 1927,1357,67,23
einer 2003,1356,60,24
dunk¬ 2073,1350,72,29
len 1513,1400,36,27
Wolke. 1563,1400,83,28
<EOS>
Tromöya, 1549,1451,116,34
Norwegen, 1679,1453,133,32
Anfang 1827,1449,89,36
Oktober 1930,1449,100,28
'82. 2045,1449,41,28
<EOS>
Ich 1548,1498,37,28
fahre 1600,1498,63,29
im 1678,1501,31,25
Auto 1726,1501,58,26
entlang 1800,1498,92,36
der 1907,1499,39,27
Sorlands-Küste 1962,1499,183,29
Richtung 1513,1547,110,36
Stavern, 1632,1549,99,28
am 1741,1556,38,19
Abend 1787,1548,81,27
möchte 1876,1547,93,28
ich 1978,1547,34,28
in 2021,1550,21,24
Asgard¬ 2052,1543,93,39
strand 1514,1597,77,27
sein. 1604,1599,53,25
<EOS>
Das 1672,1599,44,25
graugrüne 1731,1601,127,31
Meer 1873,1599,61,24
gleitet 1948,1596,76,36
seitwärts 2039,1598,106,26
vorüber, 1514,1645,102,31
und 1627,1645,46,27
immer 1682,1648,83,25
wieder 1775,1645,86,28
Streifen 1870,1643,94,29
heller 1974,1645,71,27
Birken¬ 2055,1644,90,28
wälder, 1513,1693,88,33
Wasser 1614,1697,84,24
und 1710,1694,47,27
Licht. 1769,1693,68,28
<EOS>
Was 1849,1696,50,25
macht 1911,1693,77,27
das 1999,1693,40,27
Licht 2051,1692,61,28
in 2124,1693,21,24
den 1514,1742,44,28
Birken? 1571,1742,96,28
<EOS>
Das 1681,1745,43,25
Licht 1738,1742,62,28
sieht 1814,1742,58,28
sich 1886,1742,45,28
um. 1946,1751,47,19
<EOS>
Die 1549,1794,39,25
Sehnsucht 1604,1792,127,27
war 1745,1801,47,18
bei 1806,1792,36,27
Bach 1857,1791,59,27
kein 1931,1791,52,28
hinausbren¬ 1999,1791,145,28
nendes 1514,1841,84,27
Feuer, 1613,1843,71,27
sondern 1699,1841,98,27
in 1813,1843,21,23
sich 1849,1839,47,27
bleibende 1910,1840,118,28
seelische 2043,1836,102,32
Tiefe, 1512,1888,67,32
schrieb 1599,1889,86,28
Ernst 1705,1891,64,25
Bloch. 1788,1888,76,27
<EOS>
Die 1884,1891,39,24
Klänge 1943,1889,84,35
und 2047,1889,45,27
die 2112,1886,32,27
Melodiebögen, 1513,1938,179,35
die 1706,1938,35,26
mich 1753,1936,61,28
nicht 1828,1936,61,27
loslassen, 1902,1937,115,32
in 2031,1941,21,24
die 2065,1938,35,27
ich 2112,1932,33,31
mich 1512,1986,62,28
immer 1588,1989,82,24
wieder 1683,1985,86,28
versenken 1782,1985,125,28
kann: 1921,1985,71,29
Jaime 1508,2038,72,31
Laredo, 1593,2034,91,31
Violine, 1698,2034,90,30
Glenn 1803,2034,71,28
Gould, 1888,2035,78,31
Klavier 1980,2035,88,28
J. 1507,2086,17,32
<EOS>
S. 1533,2085,19,25
<EOS>
Bach 1567,2082,59,27
Sonate 1513,2134,81,25
Nr. 1609,2134,34,24
<EOS>
5, 1652,2134,18,29
f-moll 1685,2130,74,30
Adagio 1512,2179,84,36
Das 1548,2281,44,25
Wasser, 1602,2283,89,30
Synonym 1701,2283,118,33
für 1829,2280,37,28
Zeit 1875,2283,43,25
und 1927,2281,47,27
Urgrund 1983,2281,102,35
aller 2095,2278,50,29
Dinge, 1513,2329,79,36
fast 1605,2327,43,30
farblos, 1661,2328,92,34
ruhig-bewegt. 1767,2329,174,37
<EOS>
Asgardstrand. 1548,2378,169,36
<EOS>
Warmes 1727,2381,100,25
Dämmerlicht. 1837,2378,168,28
<EOS>
Ein 2016,2382,38,23
sanfter 2065,2375,80,31
rötlicher 1514,2427,104,27
Schimmer 1626,2427,126,27
streicht 1760,2427,90,27
über 1858,2427,56,27
die 1923,2427,34,27
Hügel, 1965,2427,76,36
ein 2050,2431,36,23
letz¬ 2095,2427,49,26
ter 1512,2481,34,22
flackernder 1555,2475,141,28
Widerschein 1707,2476,152,28
der 1872,2477,39,27
Wolken 1921,2477,92,27
über 2027,2477,56,27
dem 2093,2475,50,27
Oslofjord. 1514,2524,117,35
<EOS>
Schnell 1646,2524,86,28
fallende 1746,2524,96,28
Dämmerung. 1855,2527,163,33
<EOS>
Ich 1548,2573,36,27
suche 1593,2573,67,27
einen 1669,2576,65,25
Sender 1743,2574,85,27
im 1836,2576,31,24
Autoradio. 1875,2574,132,27
<EOS>
Zuerst 2015,2576,75,25
sind 2098,2565,45,33
es 1513,2631,23,18
nur 1547,2631,43,18
Sprachfetzen, 1600,2621,166,36
die 1777,2622,35,27
in 1823,2625,22,23
einem 1856,2625,74,24
Rauschen 1941,2622,118,28
unter¬ 2070,2624,73,25
gehen, 1511,2670,82,36
dann 1605,2670,62,28
erkenne 1679,2670,99,29
ich 1789,2670,36,28
Paul 1836,2670,53,28
Hindemiths 1901,2671,144,28
Trauer¬ 2057,2672,86,26
musik 1512,2719,78,28
für 1603,2719,37,28
Bratsche 1654,2719,105,28
und 1774,2720,46,27
Orchester. 1835,2719,123,28
<EOS>
Trauermusik? 1974,2713,167,35
<EOS>
Es 1511,2771,27,26
folgt 1550,2768,55,36
die 1619,2769,35,28
zweite 1667,2772,77,25
Sonate 1758,2771,82,26
für 1853,2768,38,29
Klavier 1903,2769,88,28
von 2005,2778,45,19
Hinde¬ 2064,2764,77,33
mith; 1511,2817,69,35
Glenn 1591,2818,71,28
Gould 1672,2818,72,28
hat 1753,2818,39,28
sie 1803,2821,31,25
Ende 1844,2818,59,28
der 1913,2818,39,28
sechziger 1963,2818,112,36
Jahre 2081,2813,61,39
aufgenommen. 1511,2865,187,37
<EOS>
3. 1715,2869,19,29
<EOS>
Satz: 1743,2869,59,26
«Sehr 1819,2867,67,28
langsam 1900,2867,101,35
- 2017,2884,12,1
BewegU 2045,2863,95,34
Rondo». 1510,2915,95,28
<EOS>
Lange 1629,2918,72,33
Pause, 1725,2918,76,29
danach 1825,2915,87,28
in 1935,2918,22,25
norwegischer 1981,2911,160,40
Sprache 1510,2964,100,36
die 1632,2965,35,27
Nachricht, 1691,2964,126,33
dass 1842,2965,52,26
Glenn 1917,2965,70,27
Gould 2012,2964,71,29
am 2107,2962,33,25
4. 1510,3012,21,28
<EOS>
Oktober 1539,3013,100,27
gestorben 1653,3014,122,35
ist. 1789,3017,32,23
<EOS>
<EOP>
Weit 1546,3064,55,25
weg 1617,3071,50,26
Lichtpunkte 1684,3062,151,35
einer 1853,3065,60,24
Stadt, 1930,3063,68,32
flimmernd 2016,3051,125,39
am 1510,3118,39,18
Horizont. 1563,3113,111,25
<EOS>
6-1 1127,3181,28,25
<EOS>
<EOP>
