2218,3325
xEr 180,3280,33,20
hatte 228,3281,59,18
den 301,3281,39,18
Gipfel 355,3280,70,23
seiner 439,3280,74,19
Kunst 527,3280,66,19
erreicht, 607,3280,108,23
und 730,3279,38,20
es 783,3284,22,15
war 819,3284,39,14
nur 872,3284,36,14
eine 922,3279,47,19
Frage 985,3279,62,24
der 1063,3279,36,20
allerkürzesten 1113,3279,176,20
Zeit, 1303,3279,53,24
dass 1372,3279,49,20
ihn 1436,3280,32,19
der 1483,3280,37,19
Gehirnschlag 1534,3280,156,23
treffen 1703,3280,85,19
müsste.» 1803,3281,106,18
<EOS>
(Thomas 1925,3280,97,21
Bernhardi 2036,3278,118,22
<EOS>
<EOP>
