2176,3261
<EOS>
-\ 931,116,11,8
K* 972,114,14,13
*iÊfc7*V 994,113,58,17
<EOS>
<EOP>
1965 147,672,55,25
Die 354,675,30,19
-idée 391,673,48,21
fixe- 446,672,43,22
einer 496,676,48,18
Reise 551,676,45,18
in 603,675,17,19
den 627,674,35,20
Nor¬ 670,676,43,18
<EOS>
<EOP>
den 355,709,33,21
treibt 395,709,50,21
ihn 452,708,30,22
weiterhin 489,709,92,21
um. 588,715,38,15
<EOS>
GG 632,710,26,20
plant 665,709,49,27
eine 353,746,37,19
Expedition 405,744,103,27
in 523,745,16,20
die 553,744,28,21
Arktis: 595,744,65,21
-Ich 676,744,37,21
habe 354,779,45,21
einen 408,781,51,19
unendlichen 469,779,117,21
Drang, 596,781,64,25
über 671,780,43,20
die 354,814,27,22
Flächen 389,814,74,22
der 472,814,30,22
Polarseen 509,814,91,23
zu 609,821,21,15
blicken, 638,814,75,23
und 354,850,35,21
dieser 397,850,56,21
Drang 461,852,58,25
wächst 527,850,67,21
von 602,857,35,14
Jahr 642,849,42,27
zu 692,857,21,14
Jahr, 351,885,44,27
jetzt 416,887,41,26
kann 478,885,48,22
ich 547,885,26,22
nicht 595,885,48,22
mehr 664,885,51,22
anders, 355,920,67,23
als 432,920,24,21
aus 466,927,32,14
meinem 508,923,77,18
Trott 595,922,45,19
auszu¬ 649,927,65,14
brechen,- 354,956,92,21
Immerhin 461,956,96,21
kommt 572,956,71,21
er 657,963,18,14
im 689,958,24,18
Juni 351,993,40,25
bis 404,991,26,22
nach 443,991,44,22
Churchill, 500,991,93,22
dem 606,991,42,22
nörd¬ 661,991,53,22
lichsten 354,1026,74,21
mit 439,1029,32,18
der 480,1027,31,20
Eisenbahn 521,1026,99,21
zu 630,1033,21,14
errei¬ 661,1029,53,18
chenden 354,1062,79,21
Punkt. 442,1062,62,21
<EOS>
Später 511,1063,63,27
wird 582,1062,43,21
das 632,1062,31,21
Zug¬ 671,1063,42,26
geratter 354,1102,76,22
in 439,1099,17,19
der 467,1097,30,21
Radiodokumentation 507,1097,207,21
-The 354,1133,46,20
Idea 409,1133,41,21
of 458,1132,20,22
North- 485,1133,65,21
als 560,1133,25,21
basso 595,1133,51,21
conti¬ 657,1135,56,19
nuo 354,1174,35,15
die 399,1168,27,21
polyphon 436,1168,92,27
übereinandergela- 539,1168,174,27
gerten 353,1208,62,22
Aussagen 423,1206,90,24
von 522,1211,34,13
Bewohnern 566,1204,108,21
des 683,1204,31,20
Hohen 353,1239,62,21
Nordens 423,1240,79,20
zum 510,1245,41,15
Thema 560,1239,68,21
der 635,1240,30,20
Ein¬ 674,1241,38,19
samkeit 354,1274,74,21
und 445,1275,34,20
Isolation 496,1274,82,21
untermalen. 595,1274,118,22
<EOS>
Seinen 353,1311,63,20
Wunsch, 428,1310,81,23
jenseits 522,1312,70,25
des 604,1310,30,21
nördli¬ 648,1310,65,21
chen 352,1345,45,22
Wendepunkts 409,1345,132,27
eine 551,1348,38,19
Nacht, 601,1345,60,24
d. 673,1345,16,22
<EOS>
h. 696,1345,16,22
<EOS>
sechs 353,1380,51,22
Monate 419,1383,70,19
zu 505,1387,22,16
verbringen, 544,1381,109,27
wird 671,1381,42,21
<EOS>
<EOP>
^7-r7-L^Mmsis^^~---z 853,132,382,40
^mm^m 1242,130,227,42
<EOS>
<EOP>
"nMÊSÈm 1075,200,442,91
7M. 893,223,75,31
<EOS>
m 964,262,48,26
y 1000,296,36,24
'C 1217,295,34,18
<EOS>
<EOP>
¦y 1005,395,42,18
1 1486,402,2,14
m. 1518,401,22,16
<EOS>
<EOP>
asstsss 1215,417,86,23
,:- 1483,420,24,13
-n 871,422,36,23
<EOS>
<EOP>
-vV 1201,456,42,21
*u 976,452,46,22
mté&Ft 1279,454,132,27
®m^h?y 1261,476,155,40
<EOS>
WÊ 1103,501,49,29
mm 1039,529,68,30
i'v 1068,545,39,28
¦¦y* 1080,574,32,25
mm 1084,583,105,52
\-k 915,628,32,14
ti"? 1115,635,61,21
<EOS>
.,->"£?-• 1261,643,53,15
<EOS>
'""" 1319,640,31,10
<EOS>
<EOP>
<EOS>
<EOP>
<EOS>
<EOP>
¦^ 1201,682,15,9
il**' 1232,678,37,16
~*-r 1397,686,29,8
<EOS>
• 1448,691,1,2
<EOS>
<EOP>
< 1193,746,26,23
yy.ys 1229,745,132,25
<EOS>
* 1371,743,11,12
<EOS>
<EOP>
¥ 1433,1224,54,60
<EOS>
<EOP>
der 1594,674,31,20
lichtscheue 1631,673,106,21
GG 1748,675,25,19
nie 1780,676,28,18
verwirklichen, 1814,672,140,22
was 1595,715,36,15
ihn 1643,709,29,20
nicht 1685,709,47,21
hindert, 1744,709,75,20
oft 1831,707,25,21
über 1869,708,43,21
Irr¬ 1924,710,31,18
lichter 1594,744,62,21
und 1665,744,35,21
andere 1710,744,64,21
Sinnesverwirrun¬ 1785,744,170,21
gen 1595,786,34,21
im 1639,782,25,18
Hohen 1674,780,63,20
Norden 1748,780,70,20
zu 1828,785,21,14
reden 1860,779,54,20
(so 1927,777,29,26
Manfred 1596,814,78,22
Eicher. 1681,814,63,23
<EOS>
Produzent 1753,814,96,22
von 1857,820,33,15
ECM). 1899,813,57,24
<EOS>
Er 1595,852,20,19
nimmt 1624,853,66,17
zum 1698,857,43,14
letzten 1749,850,65,20
Mal 1824,849,33,21
an 1866,855,22,15
einem 1897,851,58,19
Konzert 1596,887,74,20
teil 1681,885,28,21
- 1721,897,9,2
als 1742,885,25,21
Zuhörer. 1778,885,81,21
<EOS>
Bei 1596,922,28,19
einer 1633,923,48,18
Fahrt 1690,920,51,21
auf 1751,919,32,22
dem 1790,920,41,21
Highway 1842,919,85,28
17 1939,921,17,20
beschliesst 1595,956,103,21
er. 1707,963,21,14
<EOS>
etwas 1737,960,55,16
über 1803,955,44,21
die 1855,955,27,20
Sänge¬ 1892,957,64,24
rin 1597,994,26,18
Petula 1632,991,61,21
Clark 1702,991,51,21
zu 1762,997,22,15
verfassen, 1793,990,96,23
der 1899,990,31,21
er 1940,997,18,14
mehr 1596,1026,51,21
künstlerische 1655,1026,129,21
Uberlebenschan- 1794,1025,162,22
cen 1596,1068,32,15
zutraut 1635,1066,71,17
als 1713,1062,25,21
den 1745,1062,35,21
Beatles, 1788,1061,75,21
(her 1870,1059,46,23
den 1923,1061,34,21
Highway 1598,1096,84,28
17 1696,1099,17,20
gelangt 1726,1097,70,27
er 1808,1103,18,15
nach 1838,1096,44,22
Wawa, 1895,1098,62,20
das 1596,1132,31,20
neben 1640,1132,56,21
dem 1709,1133,41,20
Häuschen 1764,1132,93,21
am 1869,1138,29,14
Lake 1913,1131,44,21
Simcoe 1597,1168,69,21
zu 1679,1174,22,15
seiner 1715,1170,55,19
wahren 1782,1168,73,20
Zuflucht¬ 1869,1166,88,22
burg 1597,1202,44,27
wird. 1652,1203,48,20
<EOS>
Er 1713,1205,20,18
nimmt 1745,1206,66,17
nie 1824,1205,28,18
jemanden 1864,1202,93,26
mit 1596,1240,33,19
sich: 1640,1238,46,23
studiert 1698,1239,74,21
hier. 1784,1238,41,22
<EOS>
1000 1839,1240,42,18
Meilen 1894,1237,63,21
nördlich 1598,1273,79,22
von 1694,1281,36,14
Toronto. 1747,1276,81,19
<EOS>
Noten 1847,1275,56,19
und 1923,1273,34,21
Bücher, 1597,1309,70,23
meditiert 1679,1310,90,20
und 1781,1309,35,21
lauscht 1828,1308,68,21
stun¬ 1908,1312,49,17
denlang 1596,1345,76,27
dem 1682,1345,42,21
Rauschen 1737,1345,91,21
eines 1841,1346,46,19
nahen 1899,1343,58,22
Wasserfalls. 1597,1379,112,23
<EOS>
<EOP>
Bild 1986,675,42,17
von 2041,680,35,12
GGs 1987,710,37,17
Lieblings¬ 2038,710,112,20
maler 1986,746,61,17
David 2061,745,57,18
Milne 1986,781,58,17
<EOS>
<EOP>
Der 1987,853,34,16
Highway 1986,887,87,21
17, 2088,887,30,21
auf 1986,923,33,17
dem 2033,923,40,17
GG 2087,922,25,18
nach 1987,958,48,17
Wawa 2048,958,55,17
fuhr 2116,955,43,19
und 1987,994,37,17
Petula 2038,993,69,18
Clark 1987,1029,55,17
entdeckte 2055,1026,105,20
<EOS>
<EOP>
1966 146,1455,55,24
Im 352,1457,26,20
Januar 384,1457,65,25
scheitert 457,1455,82,22
eine 549,1458,37,19
Zusammen¬ 596,1457,115,20
<EOS>
<EOP>
arbeit 352,1491,56,21
mit 426,1494,32,17
Elisabeth 476,1491,87,21
Schwarzkopf. 582,1491,130,27
<EOS>
Während 352,1526,86,21
es 450,1532,18,15
in 479,1528,17,19
den 508,1527,35,20
Freundeskreisen 555,1526,156,21
als 352,1561,25,21
Erklärung 387,1561,97,27
heisst. 494,1561,60,22
<EOS>
ihr 566,1561,26,21
Mann 602,1563,53,19
habe 666,1561,46,21
ihr 353,1597,26,21
aus 389,1604,33,14
Eifersucht 433,1596,97,22
verboten, 541,1597,91,22
mit 644,1599,32,18
GG 688,1598,25,20
weitere 352,1635,69,19
Strauss-Lieder 428,1632,139,22
aufzunehmen, 575,1632,136,22
zeichnet 352,1668,78,21
sie 439,1670,24,19
das 472,1668,31,21
Bild 512,1668,37,20
eines 559,1670,46,19
total 615,1667,43,21
auti- 667,1670,45,18
stischen 353,1703,76,21
GG. 439,1705,31,21
<EOS>
der 480,1703,31,21
über 521,1703,43,21
die 573,1703,27,21
Noten 611,1705,56,19
von 678,1709,35,15
<EOS>
<EOP>
1967 148,1775,52,23
<EOS>
<EOP>
Strauss 770,1456,71,20
phantasiert, 853,1455,116,28
nicht 981,1455,49,22
zum 1041,1462,42,15
Ab¬ 1096,1455,34,21
hören 771,1490,55,21
in 840,1493,17,18
die 870,1491,27,20
Kabine 910,1491,65,20
kommt, 988,1491,77,22
über¬ 1080,1491,51,20
haupt 770,1526,56,27
nicht 834,1526,47,21
diskutiert, 890,1526,99,22
sondern 997,1527,76,20
stän¬ 1081,1529,49,18
dig 770,1560,30,28
am 809,1567,29,15
Flügel 849,1560,58,28
sitzt 918,1563,39,19
und 966,1561,36,21
vor 1012,1567,31,15
sich 1053,1560,37,22
hin 1100,1560,30,22
spielt. 770,1596,56,27
<EOS>
Er 837,1598,20,19
bleibt 865,1596,54,21
auch 928,1596,44,21
im 982,1599,24,18
überheizten 1017,1596,114,21
Studio, 770,1632,67,21
als 846,1632,24,20
sich 879,1632,36,20
die 923,1632,28,20
Schwarzkopf 959,1631,128,28
ver¬ 1093,1638,36,15
abschiedet: 770,1666,111,21
Sie 894,1668,27,19
schliesst 933,1666,80,22
die 1024,1667,28,21
negati¬ 1064,1670,66,24
ven 771,1709,32,14
Einflüsse 820,1701,85,23
von 921,1709,35,14
bewusstseinver- 974,1703,156,21
<EOS>
<EOP>
ändernden 1177,1454,101,21
Medikamenten 1290,1453,145,22
nicht 1446,1454,48,21
aus 1505,1461,32,15
und 1178,1489,35,21
spricht 1221,1488,66,28
von 1295,1495,34,15
einer 1338,1491,47,19
-unglücklichen 1394,1489,144,27
Liebe- 1177,1524,61,21
zwischen 1248,1524,87,21
ihnen 1348,1524,52,22
beiden. 1411,1525,69,22
<EOS>
18.Mai: 1178,1561,73,20
<EOS>
GG 1273,1561,24,20
tritt 1320,1562,36,19
zusammen 1378,1567,104,15
mit 1505,1565,32,17
Yehudi 1178,1595,64,21
Menuhin 1251,1595,85,21
am 1344,1602,29,14
kanadischen 1383,1596,118,22
TV 1510,1598,28,20
auf, 1176,1629,35,23
um 1221,1637,30,14
ihn 1262,1631,30,21
öffentlich 1302,1630,92,23
zu 1403,1638,21,15
Schonberg 1435,1632,103,27
zu 1177,1672,21,15
bekehren; 1213,1666,99,23
nach 1329,1667,44,21
Disputen 1390,1669,87,25
über 1494,1667,44,21
diesen 1177,1702,59,21
Komponisten 1251,1704,129,26
und 1395,1703,35,21
die 1444,1703,28,21
Frag¬ 1487,1705,51,25
<EOS>
<EOP>
würdigkeiten 1593,1455,129,26
des 1737,1455,31,20
Konzertlebens 1783,1454,138,21
in 1936,1456,18,19
britisch 1593,1489,70,21
ausgesuchter 1674,1489,124,27
Höflichkeit 1809,1488,104,22
fol¬ 1924,1488,29,22
gen 1592,1532,34,20
die 1637,1525,28,21
wunderbaren 1677,1525,131,21
Darbietungen 1822,1525,131,27
von 1593,1567,34,15
Bach. 1634,1560,52,22
<EOS>
Beethoven 1693,1560,102,22
und 1803,1560,35,22
Schönberg. 1846,1560,107,27
<EOS>
Menuhin 1593,1596,86,21
wird 1689,1596,42,21
nach 1741,1596,44,21
GGs 1794,1598,35,18
Tod 1838,1596,33,20
als 1880,1595,26,21
des¬ 1915,1595,39,21
sen 1593,1637,29,16
Anwalt 1638,1632,67,20
in 1721,1634,17,18
der 1753,1632,32,21
Musikwelt 1800,1631,100,21
auf¬ 1915,1630,38,22
treten. 1593,1671,62,16
<EOS>
<EOP>
1 353,1796,2,18
®* 365,1785,41,27
jnadion 450,1802,119,31
Music 578,1803,82,30
<EOS>
<EOP>
yjìenr 438,2000,89,27
Gc 541,1996,43,31
»»¦:/-; 470,2032,83,13
h 453,2050,10,14
m 481,2054,13,10
»'/»jr,iós:0 530,2048,89,19
.3-0 443,2075,38,10
<EOS>
e-(i 492,2070,30,15
: 536,2074,2,9
/ 551,2071,4,15
s 571,2075,6,9
iioi 594,2073,24,14
<EOS>
<EOP>
Aus 348,2134,35,18
Anlass 392,2130,63,21
der 465,2130,30,21
Expo 505,2132,47,25
67 561,2129,23,24
in 594,2133,17,18
Montreal 621,2131,87,21
spielt 348,2167,51,28
GG 417,2167,25,20
Stucke 460,2166,63,21
der 540,2166,32,20
kanadischen 589,2166,119,21
Komponisten 349,2205,129,24
Anhalt. 489,2201,69,22
<EOS>
Morawetz 569,2203,95,19
und 674,2201,36,21
Hétu 348,2240,43,20
ein. 400,2240,33,19
<EOS>
Letzterer 443,2239,86,19
spricht 537,2236,65,27
heute 611,2236,54,21
von 673,2242,36,14
dieser 348,2274,56,21
Einspielung 413,2272,114,29
seiner 537,2274,55,19
-Variations 603,2272,106,21
pour 348,2316,45,21
piano- 409,2312,62,24
als 489,2308,25,21
von 532,2314,34,14
den 583,2307,34,21
-Glenn- 637,2306,73,21
Gould-Variationen- 347,2344,185,22
- 541,2355,9,3
derart 560,2344,58,21
seien 627,2344,47,20
sie 683,2344,26,19
von 347,2387,36,15
GG 395,2382,25,20
in 433,2383,17,18
seiner 462,2382,55,19
Interpretation 530,2381,136,26
auf 679,2377,31,22
den 348,2416,34,21
Kopf 394,2416,45,27
gestellt 447,2416,69,27
worden. 527,2416,78,21
<EOS>
<EOP>
Andrew: 772,1775,74,22
Kazxlin. 868,1775,70,22
<EOS>
GGs 959,1777,35,19
langjähriger 1015,1775,118,27
Produzent, 772,1811,103,23
erinnert 887,1813,77,18
sich, 976,1810,43,23
wie 1031,1813,34,18
er 1077,1818,19,13
GG 1107,1813,25,18
zusammen 770,1853,105,15
mit 892,1850,32,17
Cornelia 941,1846,79,21
Foss. 1037,1848,47,20
<EOS>
der 1102,1846,30,21
Frau 772,1884,43,19
des 828,1882,31,21
Komponisten 872,1884,129,25
Lukas 1014,1882,58,20
Foss. 1085,1884,48,20
<EOS>
gesehen 771,1917,77,28
hat. 859,1917,33,21
<EOS>
GG 904,1919,25,19
habe 939,1917,46,21
ihr 995,1917,27,21
andauernd 1031,1918,101,20
zugedienert 770,1953,113,27
und 897,1953,35,21
neben 947,1953,56,21
ihr 1019,1952,26,22
auf 1058,1952,33,22
der 1102,1953,31,21
Stuhllehne 772,1988,103,21
gesessen. 887,1995,87,20
<EOS>
GGs 986,1991,34,18
Beziehung 1033,1988,101,27
zu 770,2031,22,14
Cornelia 806,2024,80,21
Foss 899,2025,41,20
beschreibt 954,2024,98,21
Goulds 1067,2024,65,20
offizieller 770,2058,91,22
Biograph 876,2058,88,28
Otto 980,2061,42,19
Friedrich, 1039,2058,92,26
ohne 772,2095,47,21
den 825,2095,34,21
Namen 866,2096,67,20
der 941,2095,31,21
Frau 978,2096,43,20
zu 1029,2101,20,15
nennen, 1057,2101,75,16
etwa 770,2134,46,17
folgendermassen: 829,2129,170,27
GG 1013,2132,25,19
hat 1052,2129,29,22
eine 1095,2132,38,19
langjährige 771,2165,108,26
Romanze 895,2167,85,18
mit 996,2167,31,18
der 1042,2165,32,20
Frau 1088,2167,44,18
eines 772,2202,47,19
berühmten 831,2200,109,21
Musikers, 954,2200,92,21
die 1060,2200,28,20
mit 1102,2202,31,17
ihrem 772,2234,55,21
Mann 848,2236,52,19
heim 920,2234,48,22
Nachhausefah- 988,2234,144,21
ren 772,2275,29,15
einmal 813,2269,64,21
die 889,2270,27,20
Goldberg-Variationen 927,2269,205,27
hörte; 773,2304,59,24
als 843,2305,25,20
sie 879,2307,24,18
schwanger 913,2305,102,26
war, 1024,2311,39,14
galten 1074,2304,59,26
die 770,2339,29,22
Goldberg-Variationen 820,2338,205,28
als 1049,2338,25,22
-ihr 1097,2338,36,22
Lied-. 772,2376,56,21
<EOS>
GG 839,2377,25,19
meldet 876,2374,66,22
sich 954,2374,37,21
am 1002,2381,30,14
Telephon 1044,2374,88,28
jeweils 772,2411,65,27
als 850,2411,25,21
Sir 889,2413,26,19
Nigelthon, 928,2410,101,28
u.a.: 1044,2414,44,18
<EOS>
am 1103,2417,29,15
<EOS>
<EOP>
anderen 1178,1775,76,22
Ende 1266,1775,45,22
nimmt 1323,1778,66,18
oft 1401,1775,25,22
das 1437,1775,31,22
chine¬ 1479,1775,59,22
sische 1178,1811,56,21
Zimmermädchen 1241,1811,170,21
der 1420,1811,31,21
Frau 1459,1813,43,19
ab. 1511,1811,27,21
<EOS>
GG 1178,1848,23,20
erfährt 1212,1846,67,22
erst 1289,1851,34,17
spater, 1334,1851,64,23
dass 1408,1847,41,20
dies 1461,1847,36,21
der 1508,1846,31,22
eifersuchtige 1179,1881,123,28
Ehemann 1314,1882,92,21
gewesen 1418,1888,81,21
ist. 1513,1884,25,18
<EOS>
Mitte 1179,1919,48,19
6()er 1234,1917,44,21
zieht 1284,1918,46,20
sie 1338,1920,24,18
für 1371,1917,28,21
-t 1406,1924,10,14
Jahre 1421,1917,51,27
in 1481,1919,16,19
GGs 1505,1919,34,19
Nähe 1177,1952,48,22
nach 1236,1953,44,21
Toronto. 1291,1955,81,19
<EOS>
GG 1383,1955,25,19
will 1420,1953,35,21
sie 1466,1955,24,19
hei¬ 1502,1952,36,22
raten, 1179,1992,55,19
was 1245,1996,35,13
sie 1290,1991,25,18
jedoch 1326,1988,63,27
als 1400,1988,25,21
zu 1436,1996,21,13
instabil 1469,1988,69,20
ablehnt. 1178,2024,77,21
<EOS>
Ebenfalls 1270,2024,87,21
gegen 1370,2030,57,20
die 1440,2024,27,20
Heirat 1482,2025,56,18
spricht 1177,2059,67,28
sich 1255,2059,36,21
die 1302,2059,27,21
Mutter 1341,2061,65,18
von 1418,2065,34,14
GG 1464,2060,24,19
ans. 1500,2064,38,15
<EOS>
die 1179,2096,27,20
ihn 1219,2095,30,20
ständig 1262,2095,70,25
leitet 1345,2094,47,20
und 1406,2093,34,21
der 1454,2093,30,20
Mei¬ 1498,2094,40,19
nung 1178,2136,48,20
ist. 1235,2132,26,19
<EOS>
nur 1272,2136,33,14
die 1314,2129,28,21
Musik 1352,2129,58,20
hatte 1420,2129,48,19
in 1478,2130,16,18
GGs 1505,2129,33,19
Leben 1178,2165,57,20
eine 1246,2167,38,17
Rolle 1297,2163,44,21
zu 1354,2170,21,14
spielen. 1388,2163,72,26
<EOS>
Es 1474,2165,20,18
fol¬ 1506,2162,31,21
gen 1178,2206,34,20
noch 1225,2199,45,21
drei 1284,2199,34,20
grössere 1332,2201,78,24
Affären 1423,2197,70,22
mit 1507,2203,31,16
Frauen 1178,2236,66,19
in 1251,2236,17,18
GGs 1276,2235,33,19
Leben, 1317,2233,63,23
über 1389,2233,44,21
die 1439,2234,27,21
jedoch 1474,2234,64,26
nichts 1178,2268,57,21
näheres 1246,2268,76,21
bekannt 1333,2268,78,21
ist. 1423,2272,26,17
<EOS>
Am 1179,2306,32,18
28.12. 1227,2305,56,20
<EOS>
sendet 1299,2305,59,20
CBC. 1373,2306,38,20
<EOS>
GGs 1427,2307,34,19
Radio¬ 1477,2305,61,22
dokumentation-The 1177,2338,206,23
idea 1390,2340,40,22
of 1438,2340,20,22
.North-: 1464,2342,73,22
<EOS>
fur 1178,2374,28,22
derartige 1218,2375,88,28
Produktionen 1319,2377,131,21
hat 1464,2377,29,22
GG. 1507,2380,31,19
<EOS>
eigener 1178,2414,70,24
Aussage 1261,2414,77,25
zufolge, 1350,2412,77,28
mehr 1441,2413,51,21
Zeit 1505,2416,33,19
<EOS>
<EOP>
aufgewendet 1594,1775,125,28
als 1733,1775,26,21
für 1774,1775,28,21
seine 1818,1777,46,18
Klavier- 1880,1774,75,21
einspielungen. 1595,1811,140,27
<EOS>
Immerhin 1752,1809,98,22
ist 1866,1812,20,18
heute 1903,1808,54,22
der 1593,1847,32,21
Computerausdruck 1633,1845,187,29
mit 1830,1847,34,18
den 1873,1844,34,21
auf¬ 1918,1843,37,22
gelisteten 1595,1882,93,27
Aktivitäten 1703,1881,109,21
GGs 1826,1881,35,19
für 1875,1879,28,21
CBC 1919,1881,38,21
30 1595,1919,23,22
Meter 1630,1919,55,18
lang... 1695,1917,69,25
<EOS>
<EOP>
\ 1795,2327,20,28
<EOS>
<EOP>
links: 1987,1635,64,17
Platten¬ 2065,1635,87,17
cover 1988,1676,60,11
von 2061,1675,35,12
GGs 2110,1667,36,20
Beitrag 1989,1705,83,21
zur 2084,1709,33,13
Expo 1988,1741,48,21
67 2051,1741,22,18
und 2088,1739,35,19
200 1988,1776,38,17
fahren 2040,1776,72,17
Kanada 1990,1812,76,17
unten: 1988,1848,72,17
GG 2074,1847,25,17
mit 2113,1843,31,21
seinem 1989,1883,76,17
kom¬ 2079,1883,50,17
munikations¬ 1989,1919,146,16
theoretischen 1987,1952,159,20
«Paten» 1990,1990,88,17
Mar¬ 2092,1989,47,18
shall 1989,2025,52,18
McLuhan 2055,2024,91,18
<EOS>
<EOP>
i 1808,2407,17,27
\f/J 1880,2380,160,54
1968 146,2488,54,22
Wie 351,2490,35,20
aus 393,2495,32,15
verschiedenen 432,2488,137,21
Lebenserinne¬ 576,2487,135,22
<EOS>
<EOP>
rungen 351,2530,67,21
amerikanischer 428,2523,150,21
68er 588,2521,43,22
hervor¬ 641,2522,70,21
geht, 351,2559,46,28
hat 410,2559,29,21
in 452,2561,16,19
dieser 480,2559,56,21
Zeit 548,2559,34,21
ein 594,2560,27,19
genialer 634,2558,78,27
Happening-Pianist 352,2596,178,26
für 555,2593,28,22
Furore 608,2596,62,19
in 696,2600,16,14
kleinen 352,2630,68,21
Inn-Kreisen 433,2631,112,20
gesorgt. 558,2634,74,23
<EOS>
Er 646,2631,20,19
trat 679,2633,32,17
<EOS>
<EOP>
zusammen 769,2493,105,15
mit 883,2489,32,18
einer 924,2488,47,20
Frau 980,2488,44,19
am 1033,2493,29,14
Trian¬ 1071,2488,58,19
gel 768,2523,26,27
auf: 805,2522,38,22
beide 854,2522,51,21
blieben 914,2522,70,21
inkognito. 995,2521,99,28
<EOS>
GG 1105,2523,24,20
hat 769,2559,29,21
jedenfalls 820,2557,93,29
nie 935,2560,27,19
jene 985,2560,36,24
Gerüchte 1044,2558,85,21
dementiert, 769,2595,112,20
nach 902,2594,43,21
denen 965,2594,57,21
er 1042,2601,18,14
einen 1080,2600,49,15
geheim 768,2630,71,27
geplanten 850,2630,96,27
Auftritt 957,2628,70,22
in 1038,2631,16,19
Wood¬ 1067,2629,62,21
<EOS>
<EOP>
stock, 1176,2487,55,22
als 1245,2487,25,20
endgültig 1284,2487,91,27
letztes 1388,2488,61,20
Konzert 1463,2489,74,19
für 1176,2521,28,22
den 1215,2522,35,21
internationalen 1262,2522,147,21
Frieden 1422,2522,72,21
ge¬ 1507,2529,30,20
dacht, 1175,2558,58,21
m 1252,2565,16,14
letzter 1287,2558,61,21
Minute 1367,2559,67,20
abgesagt 1453,2558,83,27
habe. 1176,2594,52,21
<EOS>
In 1236,2596,19,19
diesen 1263,2594,59,21
Zusammenhang 1331,2593,157,27
mag 1497,2600,41,20
auch 1175,2629,44,21
die 1241,2630,28,20
Aussage 1292,2631,77,22
von 1392,2636,34,14
Elisabeth 1449,2629,87,21
<EOS>
<EOP>
Schwarzkopf 1593,2486,127,28
über 1729,2487,43,21
GG 1781,2489,26,19
gebracht 1816,2487,85,27
wer¬ 1911,2493,44,15
den: 1593,2522,43,21
-Es 1655,2524,29,19
hatte 1703,2521,48,22
uns 1770,2529,33,14
eben 1820,2522,46,21
jemand 1885,2523,69,25
sagen 1593,2564,52,20
müssen: 1661,2561,81,17
Dieser 1759,2559,59,20
junge 1833,2560,53,25
Mann 1901,2559,53,20
nimmt 1593,2598,66,16
Drogen.- 1671,2595,84,23
<EOS>
<EOP>
1969 147,2698,54,24
Nach 352,2703,47,20
der 422,2703,31,21
Zweitausstrahlung 477,2703,182,26
der 682,2702,31,22
<EOS>
<EOP>
-Idea 352,2737,48,21
of 415,2737,19,21
North- 446,2737,65,21
am 526,2745,28,13
16.9. 572,2737,41,24
<EOS>
geht 627,2737,42,27
die 684,2738,28,20
-Trilogie 351,2772,82,27
der 445,2773,31,21
Einsamkeit- 489,2773,117,22
mit 620,2778,32,16
-The 666,2773,45,21
Latecomers- 353,2808,119,21
am 484,2815,29,14
12.11. 528,2810,46,19
<EOS>
weiter. 588,2812,62,18
<EOS>
Noch 664,2808,47,22
heute 352,2841,53,22
erinnern 412,2845,82,19
sich 502,2844,36,20
die 547,2844,28,21
Radiomacher 583,2845,129,20
bei 351,2876,27,21
CBC 396,2879,37,19
an 452,2885,22,13
den 492,2879,35,20
fieberhaft 544,2878,94,22
arbei¬ 655,2880,56,21
tenden 352,2912,64,20
GG: 433,2914,34,21
diese 483,2913,48,21
hochkomplexen, 548,2913,163,28
•970 146,2979,53,22
Dez.: 351,2982,48,21
<EOS>
CBC-Television 423,2984,143,21
hat 591,2985,30,21
Arturo 648,2989,62,18
<EOS>
<EOP>
Benedetti 351,3017,90,20
Michelangeli 448,3018,121,27
engagiert, 576,3025,95,21
um 679,3028,31,13
eine 351,3052,37,19
Beethovensonate 395,3051,164,23
und 566,3054,35,20
das 608,3055,31,20
5. 648,3056,14,19
<EOS>
Kla¬ 671,3056,38,20
vierkonzert 351,3085,110,21
einzuspielen: 485,3088,129,26
Michel¬ 638,3089,72,21
angeli 352,3120,54,26
bricht 419,3120,56,21
jedoch 488,3122,61,25
nach 563,3123,43,21
der 620,3123,30,21
Beet- 662,3125,48,20
<EOS>
<EOP>
-technisch 1177,2700,100,21
revolutionären 1298,2701,145,21
und 1464,2701,35,20
in 1521,2704,16,17
ihrer 1176,2736,46,22
Konzeption 1237,2737,108,26
einmaligen- 1361,2736,116,27
Sen¬ 1494,2738,42,19
dungen 1175,2772,72,27
werden 1265,2771,70,21
jetzt, 1355,2774,45,24
in 1419,2775,17,17
der 1455,2772,30,20
Zeit 1504,2774,33,18
schnellatmiger 1176,2807,143,27
(I.ive-to-Tape-) 1334,2808,147,26
<EOS>
Pro¬ 1498,2809,39,20
duktionen, 1175,2842,104,26
von 1294,2850,34,13
den 1340,2843,34,20
jungen 1387,2846,65,24
Techni¬ 1466,2843,70,21
kern 1176,2879,42,21
der 1225,2879,31,21
mythischen 1262,2878,113,29
Zeit 1383,2880,33,19
GGs 1422,2880,35,19
bei 1464,2879,27,20
CBC. 1499,2880,38,19
<EOS>
zugerechnet. 1175,2914,121,26
<EOS>
1969 1317,2913,43,24
ist 1378,2917,21,18
eines 1417,2917,47,18
seiner 1483,2917,55,18
<EOS>
<EOP>
produktivsten 1593,2702,136,27
Jähre 1735,2701,51,26
bei 1795,2701,27,20
CBC: 1831,2702,48,20
er 1888,2706,19,15
pro¬ 1914,2706,40,21
duziert 1592,2737,67,21
monatlich 1675,2736,95,22
zwei 1784,2738,42,20
Sendungen. 1842,2736,111,26
<EOS>
in 1593,2775,17,19
denen 1620,2773,56,21
er 1687,2779,18,15
spielt 1715,2772,51,28
und 1777,2772,36,21
mit 1825,2774,32,18
verschie¬ 1868,2770,85,22
densten 1593,2808,74,22
Kapazitäten 1681,2810,112,25
(Komponisten. 1808,2808,146,26
<EOS>
Dirigenten. 1593,2846,107,25
<EOS>
Musikern 1715,2843,91,21
und 1823,2842,35,21
Psychia¬ 1874,2841,80,28
tern) 1593,2881,47,21
diskutiert. 1654,2880,99,20
<EOS>
<EOP>
hovensonate 1175,2987,120,22
ab. 1302,2987,27,22
<EOS>
weil 1336,2987,38,21
die 1381,2988,28,20
Klimaanlage 1416,2987,120,27
angeblich 1175,3023,92,27
den 1280,3023,34,21
Flügel 1328,3023,56,27
ruiniert 1399,3025,73,19
habe. 1485,3023,51,21
<EOS>
Man 1176,3060,39,18
ruft 1225,3057,34,22
GG 1267,3060,25,19
an 1301,3065,22,14
und 1333,3059,34,20
bittet 1378,3058,49,21
ihn 1437,3058,29,20
einzu¬ 1476,3061,58,17
springen, 1175,3095,89,24
wozu 1281,3100,50,13
er 1347,3100,18,13
sich 1381,3093,36,21
nach 1434,3093,43,21
zwei 1495,3100,41,13
Minuten 1177,3129,80,20
Bedenkzeit 1270,3128,105,21
auch 1388,3128,43,21
bereit 1444,3128,54,21
er¬ 1510,3135,26,14
<EOS>
<EOP>
klärt, 1592,2988,50,21
obwohl 1654,2988,71,20
er 1737,2995,18,14
das 1766,2989,31,20
Konzert 1810,2990,74,18
einige 1896,2990,56,24
Jahre 1588,3023,51,26
nicht 1649,3023,47,22
mehr 1707,3023,50,22
gespielt 1764,3023,75,28
hat 1849,3023,28,21
- 1889,3035,8,1
seine 1908,3025,45,19
Antwort 1592,3061,78,18
zum 1681,3066,41,13
Produzenten: 1734,3059,130,21
-O 1875,3061,22,17
Gott, 1908,3060,44,20
stell 1592,3094,37,21
dir 1642,3095,25,19
vor. 1680,3100,34,16
<EOS>
der 1726,3095,31,20
Pianist 1770,3096,64,19
Nummer 1848,3095,86,19
1 1949,3096,3,18
wird 1593,3129,41,21
fur 1643,3129,27,21
die 1677,3129,27,21
Nummer 1713,3132,87,18
2 1807,3131,9,19
einspringen 1825,3131,112,25
82 1135,3198,29,24
<EOS>
<EOP>
