2176,3261
Glenns 146,98,238,83
Gold 417,100,159,81
Kleine 143,250,106,35
Hommage 262,253,170,45
fürs 435,250,76,47
grosse 522,262,105,36
Genie. 644,254,100,33
<EOS>
Von 150,308,57,33
Yehudi 227,306,108,35
Menuhin 347,306,153,35
<EOS>
<EOP>
Glenn 146,623,106,76
Gould 263,623,72,27
trug 346,628,51,31
- 408,639,12,2
ertrug 433,628,76,31
- 520,639,13,2
die 544,623,35,28
Last, 591,626,56,30
ein 659,627,36,24
Genie 708,626,67,25
<EOS>
<EOP>
zu 198,680,27,19
sein, 236,675,53,29
sein 301,675,46,24
viel 357,671,43,28
zu 411,680,27,19
kurzes 450,671,77,28
Leben 538,672,73,27
lang. 623,671,57,37
<EOS>
Es 693,675,25,24
war 729,681,47,18
ein 144,723,35,25
erfülltes 191,719,100,29
Leben 301,721,75,27
als 386,721,32,27
Pianist, 429,723,89,31
Dirigent, 528,723,108,33
Philosoph, 648,721,127,35
Denker, 143,769,94,31
Filmemacher 256,769,161,28
und 436,770,46,27
Studiotechniker, 500,770,202,30
aber 722,769,54,29
trotz 144,823,56,22
aller 212,818,52,27
Fülle, 276,818,66,33
aller 356,818,52,27
Aktivität 420,818,107,27
war 540,826,46,19
er 599,827,23,19
letztendlich 635,818,140,28
allein. 144,866,72,28
<EOS>
Er 235,870,27,23
wusste 281,872,87,22
instinktiv, 389,867,119,32
dass 529,867,51,27
er 600,875,24,19
ausserhalb 644,867,131,27
seiner 145,918,68,25
Zeitgenossen 228,917,156,34
stand, 399,916,73,31
ja 487,919,21,32
stehen 522,915,81,28
müsste. 619,921,95,22
<EOS>
Aus 731,919,45,24
dieser 144,964,70,27
sich 226,964,47,27
selbst 284,964,67,27
auferlegten 364,964,139,36
Einsamkeit 516,964,137,27
wuchsen 666,964,108,27
brilliantestes 144,1013,157,28
Können 314,1016,93,25
und 421,1013,46,28
tiefstes 480,1012,85,29
Denken. 578,1013,102,28
<EOS>
Viel 179,1062,44,27
ist 237,1064,26,24
von 278,1070,44,19
und 338,1062,45,27
über 398,1062,56,27
Glenn 467,1062,71,27
Gould 553,1062,71,27
gesagt 638,1067,76,30
und 729,1062,46,27
geschrieben 143,1109,146,36
worden; 302,1110,103,30
Musiker 419,1110,99,27
wie 531,1113,44,25
Aaron 588,1113,74,25
Copland 675,1110,101,36
und 143,1159,46,26
Strawinsky 199,1158,141,36
haben 351,1158,74,28
in 437,1162,21,23
aller 469,1158,53,28
Bescheidenheit 533,1158,184,28
ihre 729,1158,46,28
Bewunderung 143,1207,177,36
kundgetan. 337,1207,139,36
<EOS>
Dort 495,1210,55,25
möchte 568,1207,92,28
ich 680,1207,35,28
mit 734,1210,42,25
meinen 142,1259,89,25
Eindrücken 246,1256,139,28
von 401,1265,44,19
diesem 461,1256,84,28
einmaligen 560,1256,135,36
Men¬ 710,1259,63,25
schen 143,1305,68,27
anschliessen. 225,1305,158,28
<EOS>
Ich 178,1354,35,27
gehe 221,1353,58,36
ein 288,1356,35,25
Vierteljahrhundert 333,1354,230,35
zurück, 572,1354,89,33
zu 670,1362,28,19
unse¬ 708,1362,66,19
rem 143,1411,48,19
ersten 200,1407,75,23
Treffen 284,1401,86,29
in 379,1405,23,24
Toronto. 411,1405,102,25
<EOS>
Glenn 523,1402,72,28
hatte 604,1401,62,28
mich 676,1401,61,28
zu 747,1411,28,18
einer 142,1454,60,24
seiner 211,1454,70,24
Fernsehsendungen 291,1451,230,35
eingeladen, 531,1450,139,36
um 682,1459,40,18
mit 733,1453,42,24
mir 142,1502,43,25
Sonaten 200,1501,99,26
von 313,1508,46,19
Bach 373,1499,60,28
und 449,1499,46,28
Beethoven 509,1499,130,28
sowie 655,1502,69,25
die 740,1499,34,28
Fantasie 142,1551,101,25
von 258,1557,44,19
Schönberg 318,1549,130,35
zu 461,1557,28,19
spielen. 505,1549,92,35
<EOS>
Empfand 613,1547,111,37
ich 740,1548,34,28
selbst 142,1597,67,28
auch 229,1597,58,28
Fremdheit 308,1597,126,28
gegenüber 456,1598,132,35
dieser 609,1598,70,27
Musik 701,1598,74,27
Schönbergs, 142,1646,148,35
wurden 317,1647,94,27
meine 437,1649,74,25
Vorbehalte 536,1646,132,28
jedoch 693,1647,80,34
schnell 142,1694,82,28
zerstreut, 241,1700,113,26
denn 373,1695,61,27
in 454,1698,22,23
Glenn 494,1695,71,27
fand 583,1694,54,28
ich 655,1695,35,27
einen 709,1698,65,25
Musiker, 142,1743,104,32
für 257,1742,37,28
den 303,1743,44,27
die 357,1743,35,27
musikalische 403,1743,160,27
Struktur 573,1743,106,28
Schön¬ 688,1743,86,28
bergs 141,1792,65,35
absolut 219,1792,90,27
natürlich 323,1792,109,27
war, 445,1801,51,21
und 510,1792,47,27
es 570,1801,23,18
dauerte 607,1792,92,27
nicht 713,1792,61,28
lange, 142,1841,71,35
bis 225,1841,33,28
wir 270,1843,42,25
uns 323,1849,44,20
in 378,1844,22,24
dieser 412,1842,71,27
poetischen 494,1841,130,35
und 638,1842,44,27
ergrei¬ 695,1844,79,32
fenden 141,1888,83,29
Musik 235,1889,74,28
eines 318,1892,60,25
der 389,1890,39,27
grössten 438,1893,103,32
Komponisten 552,1892,164,33
die¬ 727,1890,45,28
ses 142,1947,33,19
Jahrhunderts 189,1938,165,35
trafen. 373,1937,79,29
<EOS>
Kein 472,1941,53,25
Pianist 544,1941,83,25
vor 645,1947,41,19
Glenn 704,1939,70,27
Gould 141,1986,72,29
hat 224,1986,38,29
je 273,1990,19,33
so 303,1996,25,19
grosszügig 339,1990,130,33
von 479,1996,45,18
seinem 536,1991,84,24
eigenen 632,1991,94,33
Ich 737,1987,36,28
verschenkt 141,2035,134,28
und 285,2036,46,27
sich 340,2035,47,28
gleichzeitig 396,2035,137,37
so 544,2045,23,18
bescheiden 577,2036,136,28
hin¬ 723,2036,50,27
ter 141,2090,33,22
den 185,2084,43,28
musikantischen 241,2084,195,28
Ausdruck 450,2085,115,27
eines 577,2088,60,24
Komponi¬ 649,2088,123,33
sten 141,2139,50,23
gestellt. 202,2134,93,35
<EOS>
Auch 306,2134,61,28
weiss 379,2136,66,26
ich 456,2134,34,28
von 502,2143,45,18
keinem 558,2134,90,28
Kollegen, 660,2134,113,35
dessen 141,2182,79,28
schöpferische 229,2181,165,37
Kraft 402,2181,60,29
auch 472,2182,56,28
nur 538,2191,43,19
annähernd 588,2183,136,28
das 733,2184,39,27
geradezu 141,2232,111,35
phänomenale 268,2231,166,36
Ausmass 452,2234,107,24
dieses 575,2231,71,27
Musikers 662,2232,112,27
erreicht, 141,2280,99,33
dessen 259,2280,81,27
Interpretationen 360,2282,200,33
von 581,2288,44,17
einer 645,2283,59,23
auf¬ 724,2279,47,27
regenden 141,2328,112,35
Einmaligkeit 268,2328,155,37
und 439,2328,45,28
Vergeistigung 500,2331,166,33
geprägt 680,2332,94,31
sind 141,2377,49,27
und 210,2377,46,28
derart 277,2377,74,28
grosse 373,2386,74,28
Anforderungen 468,2377,189,36
an 679,2385,28,19
den 729,2377,44,27
Zuhörer 142,2425,97,28
stellen. 252,2427,85,27
<EOS>
Nur 176,2477,47,24
wenige 240,2478,87,32
kennen 346,2476,90,27
den 455,2476,44,27
Komponisten 518,2478,164,33
Glenn 702,2475,70,28
Gould; 142,2522,81,33
aus 245,2532,40,19
seiner 308,2527,70,25
Jugend 394,2525,87,34
stammt 502,2530,96,22
ein 620,2528,35,24
Streich¬ 678,2525,94,27
quartett. 142,2576,103,28
<EOS>
Auch 255,2572,60,27
als 325,2573,31,27
Dirigent 367,2576,100,33
kannten 476,2573,101,28
ihn 588,2573,39,27
zu 636,2582,27,19
wenige; 674,2576,97,33
trotz 142,2622,55,23
seiner 207,2621,69,26
Schwierigkeiten 286,2620,199,38
im 497,2626,30,23
Umgang 538,2626,104,32
mit 652,2626,41,24
ande¬ 704,2622,68,28
ren 141,2674,38,19
Menschen 196,2667,122,29
hätte 337,2669,61,28
er 417,2680,22,17
sich, 456,2670,53,32
wäre 529,2675,59,23
ihm 605,2671,47,27
längeres 672,2671,100,36
Leben 141,2714,72,28
geschenkt 222,2715,120,35
worden, 350,2719,97,32
ganz 456,2728,57,27
gewiss 522,2723,81,32
einen 612,2723,64,25
Namen 687,2723,85,25
gemacht. 141,2763,110,34
<EOS>
So 263,2766,28,25
aber 303,2764,53,28
trug 367,2771,49,31
er, 427,2775,27,24
um 467,2777,39,18
es 518,2777,23,19
mit 554,2772,40,25
Bartóks 605,2769,94,28
Wor¬ 711,2772,60,25
ten 141,2815,38,22
zu 193,2819,27,19
sagen, 235,2820,74,26
die 323,2813,34,28
er 371,2823,24,18
in 408,2818,21,23
der 443,2816,39,27
schwersten 495,2816,138,29
Zeit 647,2819,42,27
seiner 703,2821,70,25
Krankheit 142,2859,122,27
aussprach, 280,2863,130,33
«zu 428,2872,38,19
viel 483,2865,41,26
Gepäck 543,2866,88,35
mit 649,2869,39,25
sich». 706,2867,64,27
<EOS>
<EOP>
In 177,2910,23,24
sein 213,2910,44,25
selbstgewähltes 271,2908,190,37
«Exil» 473,2913,69,26
liess 555,2913,50,27
Glenn 617,2914,70,27
Gould 700,2915,71,27
nur 142,2963,44,19
eine 195,2958,48,25
kleine 253,2956,72,28
Anzahl 334,2958,83,27
von 428,2968,44,17
Freunden. 483,2962,122,26
<EOS>
Glenn 616,2962,71,28
wollte 699,2963,73,27
sich 143,3003,46,26
nicht 200,3003,61,27
damit 273,3004,70,27
abfinden, 355,3005,113,33
auch 480,3008,57,26
nur 549,3017,44,18
einen 603,3012,64,24
Teil 679,3011,42,26
sei¬ 732,3014,40,24
ner 143,3059,38,19
für 196,3050,36,28
ihn 247,3051,38,27
so 302,3061,24,18
kostbaren 341,3052,120,29
Stunden 478,3056,100,27
und 595,3057,46,27
Jahre 651,3057,66,33
mit 732,3062,41,23
Menschen 142,3099,122,27
und 279,3100,46,27
Dingen, 340,3102,94,33
welche 450,3102,85,27
nicht 550,3103,60,27
unmittelbar 626,3106,147,26
<EOS>
<EOP>
zu 830,632,27,19
seiner 868,626,69,25
kreativen 947,623,114,28
Arbeit 1070,623,76,28
gehörten, 1155,623,118,36
zu 1284,632,27,19
verbringen. 1321,624,140,36
<EOS>
Was 830,674,49,26
vielen 892,671,72,28
eine 978,675,48,24
Art 1040,675,39,24
der 1091,672,39,27
Bereicherung 1143,672,163,36
ist, 1320,676,32,29
war 1367,682,46,18
für 1425,671,37,29
ihn 831,720,38,28
lästige 882,721,79,35
Unterbrechung 974,721,188,35
dessen, 1173,721,87,33
zu 1273,730,27,18
dem 1313,721,54,27
er 1379,730,24,18
sich 1416,721,45,27
berufen 830,768,95,29
fühlte. 936,768,79,29
<EOS>
Und 1027,770,48,27
dass 1086,770,51,27
es 1148,778,23,19
sich 1182,770,47,28
bei 1240,770,34,28
ihm 1285,770,49,27
um 1345,779,39,19
echte 1396,770,65,28
Berufung 831,817,114,36
handelte, 957,818,111,32
kann 1081,818,61,27
nicht 1156,818,61,28
bezweifelt 1228,818,124,28
werden, 1364,819,98,31
denn 830,866,61,28
wie 909,870,44,24
sonst 971,872,63,22
gäbe 1052,867,57,35
es 1128,875,23,19
heute 1170,867,69,27
diesen 1258,867,76,27
enormen 1352,876,110,18
Schatz 831,915,79,27
an 924,925,28,17
Aufnahmen, 968,914,150,33
denen 1134,916,73,27
sich 1222,915,46,28
der 1284,916,38,27
negativste 1338,919,124,33
Kritiker 831,964,92,27
so 932,973,24,18
wenig 967,967,74,33
verschliessen 1051,964,158,27
kann 1220,964,62,27
wie 1292,968,43,24
der 1345,965,40,27
über¬ 1395,965,66,27
zeugteste 831,1019,110,29
Jünger? 951,1016,95,32
<EOS>
Trotz 865,1063,61,26
seiner 939,1064,71,26
scheinbaren 1023,1063,146,27
Abgeschiedenheit 1184,1063,218,34
war 1416,1071,47,19
Glenn 831,1110,70,28
Gould 918,1110,72,28
mit 1007,1113,41,25
der 1065,1111,39,27
Moderne 1120,1111,107,27
tief 1244,1110,40,28
vertraut 1299,1116,100,22
und 1416,1112,46,26
machte 831,1158,88,28
sich 930,1159,47,27
die 990,1159,34,27
neuesten 1038,1164,106,23
Entwicklungen 1158,1159,186,36
auf 1357,1158,41,29
dem 1408,1160,53,27
Gebiet 830,1207,77,28
der 914,1207,39,28
Technik 961,1207,96,28
- 1066,1224,12,2
wie 1087,1211,43,25
Mikrofone, 1139,1207,131,33
Elektronik, 1279,1208,133,32
Ra¬ 1422,1212,39,24
dio, 829,1256,44,33
Fernsehen 884,1256,126,28
und 1023,1256,45,28
Film 1080,1256,54,28
- 1146,1273,11,2
zu 1169,1265,27,19
seinen 1208,1260,75,24
Dienern. 1294,1259,104,25
<EOS>
Sein 1410,1259,51,25
Schaffen 830,1304,104,29
konnte 965,1305,86,28
so 1082,1314,24,19
in 1136,1308,21,24
den 1189,1306,44,27
verschiedensten 1263,1306,198,27
Gestalten 830,1354,111,27
Ausdruck 951,1354,114,27
finden, 1074,1353,83,31
denn 1167,1354,61,27
schon 1238,1353,69,28
längst 1317,1354,72,35
hatte 1400,1354,61,27
er 830,1410,23,19
sich 867,1401,47,28
vom 927,1410,55,19
Konzertsaal 997,1401,141,28
zurückgezogen, 1151,1401,193,36
um 1359,1411,41,18
sich 1415,1402,47,28
ganz 828,1458,58,24
auf 900,1449,41,28
Studioarbeit 953,1450,149,27
zu 1118,1459,26,18
konzentrieren. 1161,1450,176,28
<EOS>
Und 1354,1451,48,27
wie 1418,1454,43,24
<EOS>
<EOP>
,»~ 1078,1902,31,17
• 1076,1924,18,16
s 1109,1928,5,9
<EOS>
<EOP>
- 1085,1996,9,11
<EOS>
<EOP>
\ 978,2511,29,31
<EOS>
<EOP>
y 1422,2732,36,23
Sir 826,2808,31,19
Yehudi 871,2808,76,18
Menuhin 963,2807,95,19
<EOS>
<EOP>
sah 1518,624,38,27
es 1570,633,23,19
in 1608,627,22,24
seinem 1644,627,83,25
Arbeitsstudio 1742,625,164,27
aus? 1920,627,54,25
<EOS>
Hier 1988,627,52,25
war 2053,632,47,20
ein 2113,624,34,26
Flügel 1516,672,75,36
und 1602,673,45,27
ein 1657,676,35,24
einziges 1703,676,96,33
Chaos; 1811,673,83,30
im 1906,676,29,24
Badezimmer 1947,673,156,27
ein 2112,673,34,26
Schrank 1517,721,102,27
voll 1632,721,42,28
elektrischer 1688,721,143,28
Apparate 1845,725,110,32
und 1970,722,46,27
ein 2029,725,36,24
Turn¬ 2079,723,67,25
gerät. 1516,774,69,31
<EOS>
Sein 1599,772,49,26
24-Stunden-Tagesablauf 1661,770,302,36
ignorierte 1973,774,118,32
den 2105,769,41,28
kommunen 1517,819,145,28
Rhythmus 1676,820,128,35
von 1819,828,45,19
Tag 1879,821,41,33
und 1935,820,45,27
Nacht. 1995,820,76,27
<EOS>
Seine 2087,820,60,27
Perioden 1517,868,108,27
der 1637,868,39,28
Arbeit, 1687,868,82,33
des 1781,869,40,27
Denkens, 1833,868,113,32
des 1959,868,40,28
Lesens 2011,870,79,26
und 2104,863,42,31
Schreibens 1517,916,132,28
stimmten 1662,919,119,25
selten 1794,917,70,27
mit 1878,919,40,25
denen 1930,917,73,27
seiner 2017,919,69,25
Mit¬ 2099,917,47,26
menschen 1516,965,125,27
überein. 1659,965,99,28
<EOS>
Um 1776,969,43,24
Glenn 1839,965,69,27
zu 1927,974,27,18
sprechen, 1973,965,117,36
rief 2110,958,40,33
man 1517,1023,54,18
seine 1580,1017,58,24
Sekretärin 1648,1014,127,27
an, 1785,1023,36,22
die 1830,1014,36,27
wiederum 1875,1014,128,27
mit 2014,1017,41,24
ihm 2064,1013,48,28
zu 2122,1017,25,22
einer 1516,1066,60,24
verabredeten 1589,1063,162,28
Zeit 1764,1065,44,26
telefonierte, 1821,1062,148,31
woraufhin 1984,1062,128,29
er 2125,1065,22,21
sich 1516,1111,48,28
dann 1575,1112,62,27
mit 1649,1114,42,25
den 1703,1112,44,27
Anrufern 1760,1110,113,29
in 1886,1114,22,24
Verbindung 1920,1112,142,35
setzte. 2074,1113,71,26
<EOS>
Nachmittags 1516,1160,154,35
um 1681,1168,39,19
fünf 1730,1159,53,28
Uhr 1789,1160,46,27
setzte 1842,1165,68,23
er 1918,1168,23,20
sich 1949,1160,47,28
in 2005,1162,21,25
sein 2035,1162,46,26
Auto 2090,1162,56,25
(er 1519,1207,36,33
gehörte 1566,1208,94,35
zu 1673,1217,27,18
den 1714,1209,44,27
Fahrern, 1771,1208,104,30
für 1888,1207,36,29
die 1937,1209,34,27
- 1985,1225,12,2
und 2011,1209,46,27
das 2070,1209,39,27
ist 2122,1207,24,26
typisch 1516,1256,87,35
für 1611,1255,37,29
einen 1655,1259,65,25
Nordamerikaner 1728,1257,202,28
- 1939,1273,12,2
das 1960,1257,39,28
Autofahren 2008,1256,137,29
zur 1516,1313,38,19
zweiten 1562,1307,94,25
Natur 1665,1308,70,25
geworden 1742,1306,123,35
ist), 1875,1306,48,30
um 1932,1315,41,19
in 1982,1309,21,24
einem 2013,1309,73,25
aus¬ 2096,1310,49,23
serhalb 1516,1353,87,27
von 1626,1362,44,19
Toronto 1693,1356,96,27
gelegenen 1810,1355,124,35
Restaurant 1958,1357,130,25
ein 2112,1354,33,25
Steak 1516,1401,68,28
zu 1596,1411,27,19
essen; 1637,1411,73,22
danach 1725,1403,87,28
kehrte 1825,1403,79,27
er 1918,1411,23,19
nach 1954,1403,57,28
Hause 2024,1405,72,26
zu¬ 2109,1407,36,20
rück. 1515,1451,60,27
<EOS>
Glenn 1588,1452,70,27
war 1671,1461,47,18
ein 1729,1455,35,24
Gewohnheitsmensch 1778,1451,257,28
von 2048,1460,44,19
fast 2106,1449,39,28
sklavischem 1516,1499,150,28
Ausmass. 1681,1504,114,24
<EOS>
So 1810,1503,28,25
kam 1853,1500,53,27
es. 1920,1509,31,20
<EOS>
dass 1965,1501,52,26
nicht 2030,1500,61,28
nur 2105,1501,40,25
sein 1515,1552,46,24
Klavierspiel, 1576,1549,150,36
sondern 1742,1549,97,28
auch 1854,1549,56,27
seine 1926,1552,59,24
Art, 1999,1552,45,27
sich 2059,1548,46,28
zu 2120,1551,25,21
kleiden, 1516,1598,96,29
seine 1626,1601,57,25
eigene 1697,1601,78,32
Lebens-, 1787,1599,105,27
Geh- 1907,1598,56,27
und 1978,1599,46,26
Sitzweise 2038,1598,107,28
ihm 1516,1647,47,26
das 1582,1647,39,27
umstrittene 1640,1650,142,24
Prädikat 1800,1647,103,27
«exzentrisch» 1922,1647,161,27
ein¬ 2101,1647,44,25
brachten. 1515,1695,116,27
<EOS>
«Vom 1649,1698,67,25
Mittelpunkt 1734,1695,145,36
entfernt» 1896,1694,110,29
hiesse 2024,1695,72,28
die 2112,1692,33,28
Definition, 1516,1743,127,30
aber 1659,1744,53,27
wie 1726,1748,43,24
weit 1783,1748,51,23
gefehlt 1847,1743,84,37
ist 1946,1747,26,24
sie! 1985,1747,43,25
<EOS>
<EOP>
Ausserhalb 1550,1793,135,27
seiner 1696,1797,69,23
Musik 1776,1793,76,27
und 1863,1793,45,27
allem, 1919,1792,74,31
was 2005,1803,46,17
mit 2062,1796,40,24
ihr 2114,1787,31,30
eng 1516,1850,43,27
verknüpft 1568,1842,120,35
war, 1699,1851,50,22
galt 1760,1842,45,35
Glenns 1816,1842,83,27
Interesse 1910,1844,108,25
den 2028,1842,43,27
Gold¬ 2083,1836,62,33
minen 1515,1893,77,25
im 1601,1893,31,25
Norden 1642,1891,89,27
Kanadas. 1741,1891,109,27
<EOS>
Zusammen 1859,1891,137,27
mit 2005,1894,41,24
den 2056,1891,43,28
zu¬ 2108,1893,35,22
verlässigen, 1516,1940,143,34
charakterfesten 1672,1937,194,29
und 1880,1939,45,27
rauhen 1938,1940,87,27
Männern 2039,1941,106,26
der 1514,1988,39,28
«railroad», 1563,1987,125,30
denen 1698,1987,73,27
er 1782,1996,24,18
in 1816,1990,21,23
treuer 1848,1992,72,23
Freundschaft 1930,1987,159,29
ver¬ 2099,1991,44,23
bunden 1515,2036,92,27
war, 1621,2044,49,22
reiste 1685,2038,63,24
er 1762,2044,23,18
im 1798,2038,31,24
Sommer 1843,2038,105,26
nordwärts, 1961,2038,132,28
um 2107,2037,37,25
Goldminen 1513,2084,135,28
zu 1659,2092,28,19
inspizieren. 1699,2087,139,33
<EOS>
Er 1852,2088,25,24
kannte 1889,2085,84,28
sich 1985,2086,46,27
in 2045,2090,20,23
deren 2079,2085,63,28
Geschichte 1514,2132,130,28
und 1654,2134,45,27
Nutzung 1709,2136,107,34
gut 1825,2140,40,30
aus, 1875,2145,47,19
verfolgte 1934,2134,107,37
die 2051,2136,34,26
Ent¬ 2096,2134,47,27
wicklungen 1514,2181,143,36
an 1670,2191,28,19
der 1710,2183,40,28
Börse 1761,2186,66,25
mit 1839,2187,41,24
regem 1892,2193,77,26
Interesse 1981,2187,107,24
und 2101,2174,41,35
investierte 1515,2233,127,26
sein 1662,2235,46,25
Geld 1730,2233,52,28
weise. 1803,2235,73,25
<EOS>
Ungezählt 1897,2233,124,35
sind 2043,2232,48,28
die 2112,2228,31,28
Menschen, 1513,2280,130,30
denen 1658,2282,73,27
er 1746,2290,24,19
mit 1783,2284,42,24
seinem 1840,2284,84,24
Reichtum 1940,2281,115,28
helfen 2071,2276,71,32
konnte. 1514,2328,93,29
<EOS>
Für 1620,2333,39,25
die 1670,2330,35,28
wenigen, 1717,2333,113,33
die 1842,2330,35,27
er 1888,2338,23,19
gern 1923,2338,54,28
um 1991,2339,39,19
sich 2043,2329,46,29
sah. 2101,2323,42,32
<EOS>
blieb 1514,2378,57,28
er 1582,2387,24,19
allezeit 1616,2378,83,29
ein 1711,2382,36,25
Freund 1759,2379,86,28
voll 1857,2379,42,27
echter 1911,2379,78,27
Wärme 2000,2382,89,25
und 2101,2369,41,35
Hilfsbereitschaft, 1515,2427,203,30
Leidenschaft, 1730,2427,161,30
Humor 1902,2431,89,24
- 2002,2443,11,3
wir 2025,2431,43,24
sehen 2078,2425,65,29
Zeugnis 1513,2479,92,32
hierfür 1614,2476,87,28
in 1709,2480,21,24
vielen 1739,2477,73,27
seiner 1820,2480,71,24
Schriften 1898,2476,110,28
- 2018,2493,12,2
und 2040,2477,44,27
ech¬ 2093,2471,49,31
tem, 1513,2531,55,25
menschlichem 1576,2526,178,27
Verstehen. 1763,2526,129,28
<EOS>
Auf 1902,2525,44,28
seine 1952,2529,58,24
Weise 2018,2528,68,26
aus¬ 2094,2526,48,24
serhalb 1513,2575,87,27
stehend, 1611,2574,102,30
gab 1725,2575,43,34
es 1779,2583,24,19
dennoch 1814,2574,105,28
für 1930,2574,37,28
ihn 1978,2575,38,26
feste 2027,2574,56,28
Bin¬ 2094,2572,47,26
dungen 1513,2623,91,36
zum 1615,2632,53,19
Zentralen 1680,2623,115,28
und 1807,2623,46,27
Wesentlichen. 1864,2623,170,28
<EOS>
Nur 2045,2626,46,24
wer 2101,2620,42,27
sich 1512,2672,46,27
diese 1568,2672,59,28
Nabelschnur 1635,2672,156,28
zur 1798,2681,41,18
Mitte 1847,2675,62,25
erhalten 1919,2672,101,28
hat, 2029,2672,45,29
kam1 2084,2670,57,27
auf 1512,2719,41,30
dem 1567,2721,54,28
Gebiet 1639,2721,76,28
der 1732,2721,40,28
Kreativität 1788,2724,130,25
leisten, 1935,2721,86,30
was 2040,2729,44,19
uns 2102,2718,39,26
Glenn 1512,2769,70,29
Gould 1593,2770,71,28
als 1675,2770,31,28
sein 1717,2773,46,25
Vermächtnis 1774,2769,156,29
hinterlassen 1941,2769,148,29
hat- 2100,2765,40,28
<EOS>
<EOP>
Gewiss 1548,2821,84,25
wird 1641,2819,56,28
eines 1704,2822,60,25
Tages, 1772,2822,75,33
wenn 1856,2828,68,18
der 1932,2819,39,27
Hörer 1979,2822,67,24
sein 2054,2820,45,26
ge' 2107,2819,33,30
schultes 1511,2868,99,28
Ohr 1623,2868,47,28
gelehrt 1681,2869,88,35
hat. 1783,2869,44,28
<EOS>
ohne 1842,2868,60,28
Voreingenommen¬ 1916,2867,224,37
heit 1511,2916,46,29
und 1565,2917,46,28
in 1620,2920,21,25
tiefster 1649,2916,85,29
Liebe 1742,2918,66,27
zur 1816,2926,39,19
Musik 1864,2917,73,28
dem 1946,2918,53,27
Spiel 2008,2916,58,36
Glenn 2074,2913,66,29
Goulds 1512,2966,82,27
in 1626,2969,20,24
aller 1676,2967,53,26
Ehrfurcht 1759,2965,119,28
zu 1908,2974,26,19
lauschen, 1966,2966,113,27
die 2110,2958,30,27
Erkenntnis 1511,3015,135,27
kommen, 1660,3015,118,31
dass 1792,3015,52,27
der 1858,3015,39,27
Welt 1909,3015,54,27
ein 1977,3018,36,24
Genie 2026,3015,67,27
ge' 2106,3013,34,30
liehen 1512,3063,74,28
wurde, 1602,3064,85,30
dessen 1704,3064,80,28
Kunst 1800,3067,69,24
man 1886,3073,53,18
in 1956,3067,20,24
Dankbarkeit 1993,3055,148,36
ehren 1510,3112,70,27
muss. 1595,3121,70,18
<EOS>
¦ 1678,3122,19,17
(,(> 1128,3183,29,24
<EOS>
<EOP>
