2254,2981
124 214,77,45,21
SCHWEIZERISCHE 908,75,296,22
BAUZEITUNG 1224,74,220,23
Bd. 1924,71,48,25
<EOS>
115 1988,71,47,25
Nr. 2058,70,47,25
<EOS>
ii 2119,70,32,24
Ost-West 213,138,132,22
orientierten 360,138,170,22
Längsseiten. 544,138,179,27
<EOS>
Da¬ 749,137,52,21
durch 213,172,83,21
entstehen 312,172,139,21
dicht 466,172,72,21
gedrängte, 553,173,152,26
linear 720,172,83,21
angeordnete, 215,206,183,26
schaufeiförmige 428,207,234,26
Kämme 692,206,111,21
und 212,240,54,21
Zacken, 290,240,110,25
deren 427,240,78,21
Höhe 527,240,76,21
die 622,240,43,22
Schnee¬ 691,240,111,22
mächtigkeit 212,273,175,27
erreicht, 401,274,121,25
worauf 538,274,104,21
beim 656,274,70,21
wei¬ 741,273,61,22
teren 212,309,75,20
Abschmelzen 312,307,190,22
die 528,308,41,21
Auflösung 597,308,151,26
in 775,308,28,21
einzelne 213,342,116,21
Blockformen 343,341,187,22
erfolgt, 550,341,106,27
die 679,342,42,20
zum 743,345,60,17
totalen 213,376,101,22
Abschmelzen 339,375,189,22
der 551,377,46,20
Schneedecke 623,375,181,22
überführt. 212,410,146,21
<EOS>
Diese 384,410,77,21
Erscheinung 476,411,181,25
ist 676,410,36,21
unter 726,410,78,20
dem 213,445,59,20
Namen 306,445,104,20
«Büsserschnee» 449,445,287,21
— 774,454,29,3
<EOS>
<EOP>
Nieve 213,478,82,22
de 312,478,31,20
los 359,478,40,21
pénitentes 414,478,146,25
oder, 572,479,68,24
abgeleitet, 655,477,148,27
Nieve 213,512,84,21
penitente 306,511,134,27
— 454,523,31,3
längst 500,512,90,26
bekannt 604,511,117,22
(vgl. 738,511,65,27
<EOS>
Abb. 214,546,65,21
<EOS>
9). 291,546,38,25
<EOS>
Trotzdem 352,545,139,21
gibt 511,546,58,26
es 590,551,28,15
noch 639,545,68,21
keine 727,544,77,22
befriedigende 213,579,196,27
Erklärung 431,580,152,26
ihrer 605,580,71,20
Entste¬ 698,578,105,21
hung 213,616,72,24
und 313,613,54,21
Entwicklung. 396,614,194,26
<EOS>
Unabgeklärt 621,611,183,27
sind 213,649,60,21
namentlich 292,647,161,21
noch 472,648,68,21
die 560,648,40,20
Beziehungen 621,647,182,25
zu 213,687,34,17
ähnlichen 267,681,139,22
Bildungen 428,682,147,27
im 596,682,37,20
Firn- 655,681,74,20
und 751,680,53,21
Eisgebiet 213,715,135,28
der 363,716,45,21
Gletscher. 425,716,142,21
<EOS>
<EOP>
Die 258,754,49,21
Ausbildung 331,754,164,26
des 526,754,46,20
BUsserschnees 597,753,207,21
rückt 213,788,78,22
mit 322,790,49,20
fortschreitender 400,787,233,22
Sommers¬ 659,787,144,21
zeit 214,822,54,22
jeden 281,824,78,25
Jahres 378,822,95,21
allmählich 496,820,152,22
in 668,820,28,22
immer 711,820,93,22
grössere 214,856,121,27
Höhen 369,856,93,21
vor. 497,860,55,17
<EOS>
Sie 603,855,44,20
tritt 676,854,62,21
im 767,854,37,21
Hochsommer 215,891,188,21
auch 433,890,68,21
über 527,889,64,21
der 617,889,46,20
Schnee¬ 693,888,112,21
grenze, 215,930,103,22
also 346,925,57,21
in 426,925,28,20
den 477,924,50,20
Firngebieten 549,923,188,26
auf 758,923,48,20
und 214,958,53,22
erreicht 302,958,112,22
die 450,958,41,20
höchsten 530,957,127,21
Kämme 693,956,111,21
und 213,993,53,20
Mulden 285,992,107,21
mit 413,991,49,21
dem 485,991,59,21
Maximum 566,991,145,20
ihrer 735,990,70,20
Entwicklung 213,1026,188,26
erst 416,1025,55,21
im 484,1024,38,22
Spätsommer, 538,1024,188,27
also 748,1024,57,20
zu 214,1065,32,16
einer 273,1060,72,21
Zeit, 369,1059,64,25
in 467,1059,27,21
der 524,1058,46,22
unterhalb 599,1057,138,22
der 761,1057,45,22
Schneegrenze 216,1094,196,27
der 436,1093,47,20
Büsserschnee 496,1091,194,22
längst 713,1091,90,27
verschwunden 214,1128,205,22
ist. 433,1127,44,20
<EOS>
<EOP>
Es 275,1162,37,21
ist 326,1162,36,21
nun 377,1166,54,16
kaum 441,1161,81,20
anzunehmen, 536,1160,185,24
dass 733,1160,61,21
die 809,1160,40,21
kurze 859,1160,81,21
Zeit 950,1159,57,22
vom 1016,1164,61,16
Spät¬ 1087,1159,76,26
sommer 215,1201,114,17
bis 343,1195,42,22
Winteranfang 394,1194,203,24
hinreichen 610,1193,151,21
könnte, 770,1194,107,25
diese 887,1194,71,20
bis 967,1194,41,20
8 1018,1193,15,21
m 1042,1198,28,15
hohen 1080,1193,85,20
Formen 216,1231,113,20
durch 336,1229,82,21
Abschmelzen 425,1228,189,21
wieder 621,1227,96,21
zum 727,1232,60,16
Verschwinden 795,1226,203,23
zu 1008,1231,32,16
bringen. 1047,1227,117,25
<EOS>
Viel 214,1264,59,21
wahrscheinlicher 282,1262,247,22
ist 537,1262,37,20
es, 583,1266,35,20
dass 627,1262,63,20
sie 699,1261,37,21
von 746,1267,52,16
der 810,1262,45,20
winterlichen 864,1262,179,20
Schnee¬ 1054,1261,110,21
decke 214,1298,81,21
in 311,1298,28,20
irgendeinem 358,1296,178,27
Entwicklungsstadium 556,1295,316,27
eingehüllt 893,1295,142,27
werden. 1053,1295,111,20
<EOS>
Dafür 215,1332,86,22
spricht 308,1330,102,28
ihr 417,1329,41,21
ungemein 466,1329,137,27
rasches 611,1329,108,21
Wiedererscheinen 723,1328,253,22
im 981,1329,37,21
folgenden 1025,1328,139,27
Sommer. 217,1367,124,21
<EOS>
Sie 362,1365,44,21
treten 420,1364,88,21
innerhalb 522,1363,138,21
weniger 674,1363,115,26
Wochen 803,1363,116,21
wieder 931,1363,97,20
in 1041,1362,29,21
voller 1084,1362,81,21
Grösse 217,1400,96,21
auf, 329,1399,53,24
nun 398,1402,53,17
aber 471,1398,62,20
nicht 552,1397,74,21
mehr 640,1396,75,21
als 735,1397,41,20
Büsserschnee 797,1396,192,21
im 1010,1396,35,20
eigent¬ 1066,1395,99,27
lichen 216,1433,85,22
Sinn, 320,1433,69,24
sondern 411,1432,112,21
als 544,1431,40,21
Zackenfirn, 605,1431,216,25
denn 843,1431,68,20
die 930,1430,42,21
Formen 991,1430,112,20
be¬ 1121,1429,43,21
stehen 216,1467,91,22
nun 322,1472,54,16
zumindest 390,1465,147,22
in 551,1465,27,21
den 594,1465,49,20
sockelnahen 660,1465,175,21
Teilen 845,1465,88,20
nicht 947,1464,73,21
mehr 1033,1464,73,20
aus 1117,1468,48,16
Schnee, 216,1501,107,25
sondern 339,1501,112,20
aus 467,1504,49,17
vereistem 530,1499,140,21
und 684,1499,53,20
geschichtetem 752,1498,206,27
Firn, 974,1498,70,24
und 1059,1498,53,20
sie 1127,1497,38,21
stammen 217,1536,132,20
nicht 362,1533,94,21
mehr 469,1532,91,22
aus 575,1538,58,16
nur 648,1538,62,15
einer 724,1532,92,21
Winterschneedecke. 831,1532,285,21
<EOS>
<EOP>
Wenn 276,1573,84,20
es 376,1576,27,17
nun 418,1576,54,16
auch 488,1571,67,21
in 571,1571,26,20
hohem 612,1570,94,21
Grade 720,1570,85,21
wahrscheinlich 820,1569,216,22
ist, 1051,1569,43,24
dass 1104,1569,62,21
in 216,1607,27,21
den 251,1607,50,21
Firngebieten 309,1605,185,27
die 501,1604,41,22
Penitentesbildungen 549,1604,293,26
perennieren 851,1604,168,27
— 1026,1614,31,3
direkte 1063,1603,102,21
Beobachtungen 217,1640,220,26
fehlen 451,1638,88,21
allerdings 555,1637,143,27
noch 713,1637,67,21
—, 794,1648,43,14
so 853,1643,29,16
können 897,1637,105,21
diese 1017,1637,70,21
For¬ 1102,1637,63,20
men 217,1679,60,17
doch 292,1675,67,20
nicht 373,1672,72,22
unbegrenzt 460,1672,161,26
wachsen, 631,1671,128,24
etwa 770,1671,69,21
bis 848,1670,41,22
zur 900,1676,47,16
Firnunterlage, 957,1670,208,28
weil 217,1709,60,21
an 291,1714,36,15
noch 345,1708,68,21
nicht 433,1707,74,20
bekannter 525,1706,147,21
Grenze 687,1706,100,20
die 808,1705,40,21
Sonnenwärme 870,1704,202,22
völlig 1085,1704,82,27
zum 216,1748,62,16
Ausschmelzen 300,1742,204,21
der 524,1740,46,21
engen 590,1745,84,22
Räume 694,1739,100,21
zwischen 814,1739,130,21
den 965,1739,49,20
Kämmen 1037,1738,130,21
verbraucht 216,1775,160,23
wird. 389,1774,72,22
<EOS>
Es 476,1775,37,20
beginnt 527,1774,109,26
die 651,1773,40,21
Rückbildung 701,1773,184,27
der 897,1773,46,20
Pénitentes 953,1773,150,21
und 1113,1772,53,21
damit 217,1810,84,22
ihre 315,1809,56,21
teilweise 387,1808,124,22
und 527,1808,51,21
gänzliche 594,1807,136,26
Zerstörung. 746,1807,165,26
<EOS>
Gleichzeitig 939,1806,168,26
be¬ 1124,1807,41,19
wegt 217,1845,71,26
sich 302,1844,57,21
der 374,1843,46,21
Firn 439,1842,65,22
talwärts, 518,1841,128,25
bis 665,1841,40,21
er 726,1847,28,15
schliesslich 775,1841,162,22
die 958,1841,41,21
Abschmel- 1013,1840,153,22
zungszone 218,1883,149,22
des 392,1877,46,20
Gletschers, 462,1875,158,26
d. 645,1875,24,21
<EOS>
h. 680,1875,25,21
<EOS>
dessen 732,1875,93,22
Zunge 849,1875,89,26
erreicht. 964,1875,118,21
<EOS>
Auf 1112,1874,56,21
diesem 218,1913,98,21
Wege 339,1911,79,27
erleidet 441,1910,108,22
die 575,1909,41,21
Büsserschnee-Bildung 641,1908,316,27
mannigfache 982,1908,186,27
Modifikationen. 218,1946,224,22
<EOS>
<EOP>
Zunächst 278,1979,133,23
tritt 425,1978,60,22
in 505,1978,27,21
zunehmendem 550,1977,204,21
Masse 774,1977,88,20
talwärts 882,1976,120,21
die 1023,1976,41,21
Verei¬ 1079,1975,87,21
sung 218,2019,68,21
der 301,2014,46,21
Pénitentes 356,2013,151,21
ein. 517,2012,49,21
<EOS>
Aus 583,2013,56,19
dem 649,2011,59,21
Zackenfirn 722,2010,158,21
wird 892,2010,66,20
Zackeneis, 973,2009,193,26
das 219,2050,48,18
erst 283,2047,55,21
recht 351,2046,77,22
eine 441,2046,58,21
Schmelzform 514,2046,190,22
in 718,2045,28,20
mehrjährigem 760,2044,206,26
Firn 980,2043,65,21
und 1058,2043,54,21
Eis 1121,2043,47,20
ist 219,2082,36,21
und 269,2081,53,21
keineswegs 337,2080,163,27
nur 513,2084,51,17
einer 577,2079,71,22
Winterschneedecke 658,2078,278,22
entspricht 947,2077,144,27
(vgl. 1104,2076,64,27
<EOS>
Abb. 219,2116,65,21
<EOS>
10). 295,2115,52,25
<EOS>
Sodann 371,2114,106,22
ändern 492,2113,99,21
sich 610,2112,57,22
allmählich 681,2112,154,22
die 849,2112,42,21
Formen 906,2112,113,20
der 1033,2111,46,21
Peni- 1094,2110,74,21
tentes-Figuren 218,2149,213,26
vollständig 445,2147,161,27
und 621,2147,53,21
als 693,2147,39,20
Folge 748,2146,82,27
der 846,2145,46,22
Eisbewegung 907,2145,191,26
ver¬ 1113,2149,56,16
schwindet 218,2182,144,23
die 377,2182,40,20
für 433,2181,45,21
den 497,2182,52,20
Büsserschnee 563,2180,193,22
charakteristische 772,2178,250,23
Orientie¬ 1042,2178,127,22
rung. 218,2222,77,22
<EOS>
An 310,2217,43,20
Stelle 367,2215,81,22
der 463,2216,46,20
schaufeiförmigen 524,2215,252,26
Kämme 786,2214,111,21
und 907,2213,54,21
Zacken 970,2212,105,22
treten 1084,2211,87,23
grosse 220,2256,92,22
und 321,2250,53,21
kleine, 384,2249,93,24
unregelmässige 488,2249,224,26
Pyramiden 722,2248,159,26
und 895,2247,53,22
Kegel 964,2246,82,27
in 1061,2245,27,22
einer 1100,2245,72,22
Anordnung, 219,2284,169,27
die 399,2283,41,21
mehr 456,2283,72,21
der 539,2283,46,21
Bewegung 595,2283,150,26
des 755,2283,45,21
liegenden, 811,2282,143,27
dunklen 970,2281,115,21
Eises 1095,2280,75,20
entspricht 218,2317,146,28
als 379,2317,40,21
jener 433,2316,74,27
der 523,2316,45,22
Sonnenbestrahlung 579,2316,278,27
wie 866,2316,49,21
im 931,2316,36,21
Büsserschnee 977,2314,193,22
im 220,2353,36,21
eigentlichen 272,2351,173,27
Sinne. 461,2350,85,22
<EOS>
<EOP>
Schreitet 279,2388,131,23
man 433,2394,61,15
aus 519,2393,48,16
einer 591,2388,71,21
hochgelegenen 684,2387,210,27
Firnmulde 914,2387,152,21
talab¬ 1086,2386,85,21
wärts, 219,2424,89,25
dann 324,2423,71,21
kommt 409,2422,104,21
man 527,2427,61,16
aus 605,2427,48,16
Gebieten 674,2421,125,22
typischer 816,2421,134,27
Penitentesent- 965,2420,207,22
wicklung, 220,2458,137,25
die 382,2456,41,21
vielleicht 448,2455,133,22
einer 603,2455,91,22
Winterschneedecke 717,2454,275,23
entspricht, 1019,2454,152,26
ohne 218,2492,67,22
dass 301,2491,61,21
man 378,2495,63,15
Grenzen 456,2490,118,21
wahrnehmen 588,2488,188,22
könnte, 792,2488,105,25
in 913,2488,27,21
das 956,2488,46,21
Gebiet 1019,2488,92,22
des 1126,2488,46,21
Zackenfirns 220,2525,171,21
und 417,2523,53,22
schliesslich 495,2522,163,22
des 684,2522,45,21
Zackeneises. 755,2521,177,22
<EOS>
Zackenfirn 969,2521,204,22
und 220,2559,64,22
Zackeneis 304,2558,185,22
sind 510,2556,58,22
noch 588,2556,68,21
sehr 676,2556,61,21
reich 758,2555,73,22
an 845,2560,36,16
Luftblasen 894,2555,157,21
und 1065,2554,53,22
er¬ 1135,2559,38,17
scheinen 220,2592,123,23
mit 352,2592,48,22
ihrer 411,2591,72,22
Unterlage 490,2590,144,27
als 646,2591,39,20
eine 702,2590,57,21
helle, 774,2589,100,25
auf 890,2588,46,22
dem 947,2589,58,20
dunklen, 1017,2588,156,23
eigentlichen 220,2626,175,28
Gletschereise 406,2624,248,23
ruhende, 667,2624,121,24
geschlossene 798,2623,241,26
Decke. 1049,2622,123,21
<EOS>
Die 279,2664,48,22
geschlossenen 351,2663,201,28
Decken 575,2662,107,22
des 704,2661,46,22
hellen 772,2660,86,22
Eises 881,2660,74,21
tragen 978,2659,96,27
keine 1096,2659,77,22
Obermoränen, 220,2698,202,24
es 434,2702,28,17
kommen 478,2697,123,21
nur 616,2701,49,16
vereinzelte 676,2694,156,23
schmale 845,2694,116,22
Bahnen 973,2694,107,20
dunk¬ 1090,2693,83,21
leren 219,2734,72,21
Eises 306,2733,78,21
an 400,2736,33,17
den 450,2731,49,22
Rändern 510,2730,122,22
und 647,2730,53,21
in 710,2729,27,21
der 748,2729,45,21
Mitte 808,2728,78,22
des 902,2728,45,21
Gletschers 958,2727,151,22
vor. 1119,2732,55,16
<EOS>
Trotzdem 219,2767,141,22
ist 375,2765,36,22
auch 431,2765,68,22
das 517,2764,48,22
helle 585,2763,68,23
Eis 673,2763,47,22
nicht 739,2762,74,22
frei 832,2762,52,22
von 904,2766,51,17
Gesteinstrüm¬ 971,2760,202,21
mern. 220,2807,79,15
<EOS>
Diese 339,2800,78,22
sind 447,2799,58,21
entweder 535,2797,131,23
sichtbar 696,2797,117,22
in 838,2796,27,22
schichtweiser 892,2796,194,20
Ein¬ 1113,2794,60,21
lagerung 220,2837,130,25
oder 365,2835,63,21
zeigen 444,2833,91,27
sich 550,2831,56,23
erst 623,2833,53,19
nach 698,2830,67,22
dem 781,2830,59,22
völligen 855,2830,115,26
Abschmelzen 985,2829,190,22
der 220,2871,46,20
Zacken 282,2869,104,22
als 402,2868,39,20
deren 458,2868,79,20
Ueberbleibsel 547,2865,195,24
in 756,2863,28,23
dünnen 795,2864,103,21
Schuttlagen. 915,2863,180,27
<EOS>
Zwi¬ 1111,2862,63,22
schen 220,2903,81,21
der 318,2902,44,22
Decke 373,2902,88,22
hellen 477,2901,84,21
Eises 578,2901,75,19
und 669,2899,52,21
dem 732,2899,60,21
dunklen 801,2898,114,22
Eis 929,2896,47,22
liegt 987,2897,65,27
zumeist 1061,2896,112,22
<EOS>
<EOP>
*¦ 1816,243,26,20
A 1080,255,44,34
<EOS>
<EOP>
<&ïa 1491,278,58,25
<EOS>
<EOP>
% 1543,299,41,29
n 1372,327,28,40
***- 1643,339,26,11
<EOS>
<EOP>
so 1652,400,35,23
m 1706,401,27,22
Hf 2048,401,34,22
¦Er 1278,411,33,23
fc> 1390,449,32,17
<EOS>
<EOP>
W 1243,566,68,32
.-;- 1359,611,34,12
<EOS>
m 1059,615,41,29
m 1129,616,48,33
fi 1422,615,44,50
<EOS>
<EOP>
rs 1575,719,40,26
<EOS>
<EOP>
*-o 1776,737,32,17
*> 1651,769,25,12
*. 1507,800,27,23
<EOS>
^SäSii 1372,799,48,14
<EOS>
<EOP>
* 1472,858,38,42
« 1345,867,46,47
^ 1188,903,45,20
ai 1346,913,35,25
<EOS>
<EOP>
Abb. 859,1088,56,18
<EOS>
8. 928,1088,17,18
<EOS>
Abriegelung 969,1087,159,22
des 1139,1086,41,19
Plomotales 1192,1086,141,18
durch 1344,1085,73,19
den 1428,1085,45,19
Nevadogl. 1484,1085,125,22
<EOS>
1934. 1615,1085,54,18
<EOS>
Unteres 1692,1085,100,17
Gletschertor. 1799,1084,164,18
<EOS>
Phot. 1986,1083,68,19
<EOS>
A. 2062,1083,25,18
<EOS>
T. 2096,1083,24,18
<EOS>
R. 2128,1083,26,17
<EOS>
<EOP>
eine 1209,1158,57,21
mehr 1276,1157,74,22
oder 1358,1157,63,22
weniger 1430,1157,115,27
zusammenhängende 1554,1156,289,26
Obermoränenschicht. 1853,1154,303,23
<EOS>
Diese 1209,1192,77,21
Obermoräne 1305,1190,177,22
tritt 1500,1190,62,22
mit 1582,1190,49,21
Annäherung 1651,1190,180,26
an 1851,1195,35,15
die 1906,1190,42,20
Zungenspitze 1968,1187,190,27
immer 1210,1225,94,21
mehr 1317,1225,75,20
zutage, 1406,1225,103,26
bei 1519,1224,42,21
gleichzeitiger 1574,1223,195,28
Auflösung 1780,1223,150,26
der 1946,1223,45,20
hellen 2006,1222,85,21
Eis¬ 2100,1222,58,21
decke 1209,1260,80,20
in 1305,1259,27,20
schmale 1341,1258,117,22
Bahnen 1468,1258,108,20
und 1584,1257,55,21
schliesslich 1648,1256,162,22
in 1819,1256,28,21
einzelne 1857,1256,116,22
helle 1982,1256,69,21
Blöcke 2060,1256,97,21
oder 1209,1293,63,21
büsserschneeähnliche 1285,1291,308,23
Formen. 1610,1291,120,20
<EOS>
An 1753,1291,43,20
der 1811,1290,46,21
Zungenspitze 1872,1289,191,28
bleibt 2078,1289,80,21
schliesslich 1209,1326,163,22
nur 1385,1331,50,16
das 1451,1327,47,19
moränenbedeckte 1514,1325,250,21
dunkle 1781,1324,96,21
Eis. 1891,1324,54,21
<EOS>
<EOP>
Der 1269,1365,53,20
Einfluss 1336,1364,122,21
der 1477,1364,47,20
Gletscherbewegung 1538,1363,282,26
auf 1840,1362,48,21
die 1902,1361,43,22
helle 1961,1361,68,22
Zacken¬ 2044,1361,114,21
eisdecke 1211,1398,118,22
macht 1344,1398,89,21
sich 1449,1397,56,22
auch 1520,1397,68,21
in 1602,1396,28,21
der 1646,1397,45,20
Spaltenbildung 1701,1396,216,27
geltend. 1932,1394,113,28
<EOS>
Zonen¬ 2061,1395,97,21
weise 1209,1432,78,21
treten 1307,1432,87,21
in 1413,1432,27,20
der 1461,1432,46,20
Decke 1527,1431,88,21
klaffende 1635,1430,136,21
Spalten 1787,1430,109,26
oder 1915,1429,63,21
enge, 1997,1433,72,22
steil¬ 2085,1427,72,22
stehende 1209,1466,125,22
Risse 1350,1466,77,21
auf; 1449,1466,59,24
die 1534,1465,42,21
einen 1595,1465,76,20
entsprechen 1695,1463,174,27
Zug-, 1893,1464,75,24
die 1993,1462,42,21
andern 2059,1462,99,21
Druckzonen 1210,1499,173,22
(Abb. 1400,1499,78,25
<EOS>
7). 1489,1499,38,25
<EOS>
<EOP>
Wir 1270,1537,56,22
sehen 1348,1538,80,20
somit, 1449,1537,87,24
dass 1559,1537,62,20
der 1644,1536,47,21
Büsserschnee, 1715,1535,199,25
entwickelt 1936,1533,153,22
aus 2110,1538,49,16
einer 1212,1571,89,22
winterlichen 1316,1571,178,22
Schneedecke 1509,1570,183,21
in 1707,1569,27,21
der 1747,1569,45,21
hohen 1802,1569,84,20
Firnregion 1897,1567,155,27
bis 2062,1567,40,21
zur 2112,1571,46,17
Gestaltung 1211,1604,156,28
an 1390,1610,35,16
der 1447,1605,46,21
Spitze 1513,1604,88,28
einer 1621,1604,71,20
Gletscherzunge, 1712,1603,229,25
sich 1960,1602,57,21
stofflich 2039,1600,119,22
und 1209,1639,53,21
gestaltlich 1278,1639,151,27
vollständig 1444,1637,159,26
ändert 1623,1637,93,22
und 1732,1637,54,20
zwar 1801,1641,72,16
so 1887,1641,29,16
stark, 1932,1635,82,25
dass 2030,1635,61,20
von 2107,1639,51,16
einer 1211,1673,71,21
Verwandtschaft 1304,1671,229,23
zwischen 1558,1670,129,22
Büsserschnee 1709,1670,193,22
im 1927,1669,36,21
eigentlichen 1985,1667,174,28
Sinne 1211,1707,79,22
und 1305,1707,52,20
Zackeneis 1372,1706,142,21
kaum 1534,1706,81,20
mehr 1629,1704,75,22
gesprochen 1721,1703,163,28
werden 1897,1703,106,21
kann, 2021,1703,78,23
ob- 2115,1703,43,19
schon 1211,1741,82,21
die 1308,1740,41,21
Bildung 1363,1740,114,26
beider 1492,1739,87,21
gleiche 1595,1738,101,26
Ursachen 1712,1737,136,22
hat. 1862,1737,55,22
<EOS>
<EOP>
So 1272,1779,33,21
sehr 1321,1778,61,21
oft 1397,1778,41,20
Formen 1452,1777,113,21
des 1585,1777,45,20
Zackeneises 1646,1775,172,22
an 1834,1781,35,15
die 1886,1775,41,21
Séracs 1943,1775,94,21
unserer 2051,1778,108,16
alpinen 1212,1813,103,27
Gletscher 1330,1812,136,22
erinnern, 1481,1811,127,24
so 1627,1816,30,15
haben 1672,1810,86,21
sie 1772,1809,39,22
doch 1826,1808,66,22
mit 1907,1809,48,21
Séracs 1968,1809,90,20
nichts 2073,1807,87,22
zu 1211,1852,33,16
tun, 1258,1847,54,24
denn 1329,1847,67,20
diese 1411,1846,72,21
kommen 1497,1845,123,21
nur 1634,1849,51,17
in 1703,1844,28,21
Gefällsbrüchen 1747,1843,212,21
vor, 1975,1847,54,20
Zacken¬ 2045,1841,114,22
eis 1212,1880,38,22
dagegen 1265,1881,118,26
auch 1399,1879,68,22
in 1481,1879,28,21
ganz 1525,1884,68,21
flachen 1607,1878,107,22
Teilen 1727,1877,90,22
der 1830,1877,49,21
Gletscher. 1893,1875,143,23
<EOS>
<EOP>
Die 1272,1918,48,22
merkwürdige 1342,1917,193,26
Gestaltung 1558,1916,159,25
der 1740,1916,46,20
Gletscheroberfläche 1807,1913,284,23
hat 2114,1912,47,21
sicher 1212,1952,84,22
einen 1311,1952,77,21
bestimmenden 1402,1951,208,22
Einfluss 1625,1950,117,21
auf 1760,1949,47,21
die 1822,1949,42,20
Wasserführung 1876,1946,224,28
der 2114,1946,46,22
Anden-Gletscher. 1212,1985,247,23
<EOS>
Das 1500,1985,55,21
Schmelzwasser 1576,1984,219,23
wird, 1822,1982,73,25
soweit 1925,1981,92,21
es 2039,1985,29,17
nicht 2087,1980,74,22
verdunstet, 1212,2020,159,25
von 1394,2024,51,16
den 1468,2019,49,21
zerrissenen 1540,2017,163,23
Decken 1726,2017,105,20
verschluckt 1853,2014,167,22
und 2042,2014,53,21
der 2114,2013,47,22
Moränenlage 1212,2053,187,26
oder 1415,2052,62,21
dem 1497,2052,58,21
dunklen 1574,2051,114,22
Eise 1708,2051,62,21
zugeführt. 1789,2048,148,28
<EOS>
Da 1962,2048,43,21
nun 2024,2052,54,16
aber 2098,2046,63,22
<EOS>
<EOP>
* 1956,2196,32,39
m 2005,2208,55,37
HìS-k 1695,2245,97,32
,.•&.»> 1448,2256,134,27
<EOS>
«8 1588,2254,33,25
& 1871,2260,29,29
%i. 1229,2283,23,16
<EOS>
<*-;.->.o 1278,2283,82,14
<EOS>
<EOP>
*££*«¦ 1427,2300,96,34
afe 1528,2305,76,58
M 1405,2396,33,23
M 1449,2416,36,23
!« 1224,2468,51,42
<EOS>
<EOP>
& 2058,2616,28,29
»****, 1645,2675,89,26
<EOS>
<EOP>
r-wmi 1710,2731,66,12
asgjfcS« 1671,2744,139,35
<EOS>
<EOP>
¦.-.. 1533,2834,27,6
<EOS>
<EOP>
Abb. 1225,2902,58,20
<EOS>
7. 1295,2902,17,20
<EOS>
Oberes 1338,2903,85,17
Nevadogl.-Tor, 1433,2902,186,21
<EOS>
nach 1633,2902,56,16
Abfluss 1699,2901,95,17
des 1808,2900,39,17
Stausees. 1857,2899,112,18
<EOS>
Phot. 2007,2897,66,20
<EOS>
CT. 2081,2897,54,20
<EOS>
C. 2144,2898,22,18
<EOS>
<EOS>
<EOP>
