2254,2981
16. 89,78,38,20
<EOS>
März 142,77,76,21
1940 231,76,62,21
SCHWEIZERISCHE 781,73,299,22
BAUZEITUNG 1102,72,219,21
121 1981,67,44,21
<EOS>
<EOP>
INHALT 144,125,113,18
: 265,129,4,12
Ausbruch 289,124,121,18
eines 422,124,63,18
Gletschersees 493,124,171,17
in 676,124,23,17
den 710,123,43,18
argentinischen 761,122,187,21
Anden 956,121,79,18
und 87,156,48,18
aussergewöhnliche 146,154,240,22
Gletscherschwankungen 398,154,306,21
im 716,153,31,18
Allgemeinen. 759,152,163,22
<EOS>
— 942,162,23,2
Mit¬ 983,151,52,18
teilungen: 87,185,131,22
«Gleichspeichernde 235,184,243,22
Ziegeldicke». 500,184,160,23
<EOS>
Belastungsausgleich 691,182,259,22
einer 972,180,64,19
Wasserversorgung. 89,216,243,20
<EOS>
Neue 356,214,63,19
Dampf- 431,214,93,22
und 536,214,47,18
Gas-Lokomotiven. 595,213,226,19
<EOS>
Zur 844,213,44,17
Gestaltung 900,211,138,22
der 88,246,42,18
neuen 141,250,74,13
Weichselbrücken. 223,244,222,19
<EOS>
Fernleitungen 466,245,178,21
an 657,249,28,12
Plugzeugen. 695,244,152,20
<EOS>
Ein 868,243,42,16
schnelles 923,240,114,20
Feuerlösch-Boot. 88,275,214,20
<EOS>
Ein 322,275,45,18
Abflussregler 373,274,174,22
mit 559,274,42,18
kegelförmiger 612,273,178,23
Strahlausbreitung. 798,272,237,21
<EOS>
<EOP>
Kalkulationswesen 1080,120,239,18
im 1337,120,30,17
Baugewerbe. 1385,119,161,22
<EOS>
Bin 1577,119,44,18
Bewässerungs-Pumpwerk 1639,117,329,23
mit 1985,116,44,18
beträchtlicher 1081,150,180,18
Förderhöhe. 1278,150,153,18
<EOS>
Dampfkonsum 1455,149,182,21
der 1656,149,41,18
eingehäusigen 1714,147,181,22
30000 1912,146,61,19
kW 1984,146,44,18
Oerlikon-Dampfturbine 1081,179,299,23
in 1397,180,24,17
Helsingfors. 1438,179,156,22
<EOS>
Bau 1618,179,49,17
eines 1679,179,63,17
Gross-Dachwehres 1753,176,235,20
in 2003,177,26,18
Ostasien. 1082,211,113,18
<EOS>
Ausstellung 1219,211,152,21
von 1382,214,44,14
Luftschutzbauten 1438,209,224,19
am 1674,213,36,14
Helvetiaplatz 1723,207,169,23
in 1903,207,25,18
Zürich. 1940,207,89,18
<EOS>
Eidg. 1082,240,67,22
<EOS>
Technische 1157,240,140,19
Hochschule. 1306,240,151,18
<EOS>
— 1466,250,22,3
Literatur. 1500,239,125,18
<EOS>
— 1632,250,24,2
Mitteilungen 1667,238,164,22
der 1843,238,42,18
Vereine. 1891,237,104,19
<EOS>
— 2007,246,23,5
<EOS>
<EOP>
Sitzungs- 1081,270,117,23
und 1210,271,47,18
Vortrags-Kalender. 1269,270,246,22
<EOS>
Bi 92,333,90,34
tir 213,336,59,13
Der 501,326,40,19
S. 553,325,19,20
<EOS>
I. 581,326,12,18
<EOS>
A. 600,326,25,17
<EOS>
isf 638,326,25,18
für 674,324,31,19
den 717,324,42,18
Inhalt 773,323,63,18
des 848,324,38,17
redaktionellen 899,323,163,18
Teils 1075,323,50,17
seiner 1138,322,69,18
Vereinsorgane 1218,321,168,24
nicht 1399,321,56,18
verantwortlich 1465,321,161,19
anQ 115,346,67,22
1 235,345,9,22
D 254,346,19,21
Nachdruck 322,349,124,18
von 457,355,42,13
Text 511,350,47,17
oder 569,349,52,18
Abbildungen 633,347,148,23
ist 794,346,25,18
nur 831,352,37,12
mit 881,347,34,17
Zustimmung 926,345,140,23
der 1079,345,38,18
Redaktion 1129,345,111,18
und 1254,344,42,18
nur 1309,349,37,13
mit 1359,345,35,17
genauer 1405,350,94,17
Quellenangabe 1511,344,176,23
gestattet 1701,345,95,21
<EOS>
<EOP>
Nr. 1913,318,53,35
<EOS>
11 1988,321,33,31
<EOS>
<EOP>
«SMS 98,691,173,50
<EOS>
<EOP>
« 246,436,28,18
<EOS>
<EOP>
<EOS>
* 249,512,6,14
<EOS>
<EOP>
tm 283,569,49,14
\ffl 143,576,219,52
!ji9SM 308,646,88,26
<EOS>
<EOP>
ehi 415,671,41,22
X 107,747,43,37
<EOS>
<EOP>
B-ïV* 476,803,40,16
<EOS>
<EOP>
ifeifi 226,755,47,15
KÖr-Ä 149,787,66,28
S» 259,791,31,23
<EOS>
<EOP>
I 343,818,27,36
SM 451,825,53,17
f 335,878,38,47
*k 157,980,27,22
<EOS>
<EOP>
v.? 1834,439,36,17
<EOS>
Sì 1869,457,27,33
1 1410,498,39,45
SSS* 1249,511,50,22
asc^-e* 1913,507,69,12
a** 1281,538,32,13
*,!£-!< 1212,555,58,13
<EOS>
<EOP>
%ÊâàWïs: 1104,676,146,34
<EOS>
<EOP>
¦S^r- 1802,711,69,13
ÌJW 1427,732,69,20
<EOS>
<EOP>
n 1499,745,31,25
sS~» 1577,754,60,21
#5 1842,764,35,23
BS"9S 1615,773,59,19
Sifc*. 1105,777,76,19
<EOS>
M 1415,814,28,17
*ï 1322,830,28,16
JJft» 1379,831,78,26
<EOS>
<EOP>
M 1952,946,61,47
VS« 1966,1029,36,13
<EOS>
<EOP>
Zerstörung 268,1091,142,22
der 421,1091,41,18
transandinen 474,1091,165,17
Eisenbahn 652,1090,131,17
Buenos 798,1091,93,16
Aires-Santiago 897,1088,188,22
durch 1097,1087,73,19
die 1181,1087,37,18
Flutwelle 1229,1087,121,18
vom 1361,1091,52,14
10./11. 1423,1086,69,21
<EOS>
Januar 1504,1086,89,18
1934. 1603,1085,53,18
<EOS>
Phot. 1679,1085,67,18
<EOS>
A. 1757,1085,27,18
<EOS>
T. 1791,1085,25,17
<EOS>
R. 1825,1085,27,17
<EOS>
Abb. 101,1123,57,18
<EOS>
4. 170,1123,19,17
<EOS>
Weggespülter 213,1122,177,22
Bahnkörper, 402,1121,156,21
herabhängendes 571,1120,205,22
Geleise 788,1119,91,19
Abb. 1094,1118,58,18
<EOS>
5. 1164,1117,18,18
<EOS>
Hinterspültes 1207,1116,174,23
Widerlager 1394,1116,141,22
einer 1547,1116,64,19
eisernen 1622,1116,106,18
Brücke 1740,1115,90,18
<EOS>
<EOP>
Ausbruch 89,1194,176,32
eines 282,1195,91,30
Gletschersees 389,1193,247,32
in 652,1194,35,29
den 706,1193,65,30
argentinischen 790,1191,267,41
Anden 1074,1190,121,32
und 89,1240,70,31
aussergewöhnliche 176,1239,341,39
Gletscherschwankungen 534,1237,442,41
im 993,1239,45,28
Allgemeinen 1056,1235,232,41
Von 89,1289,50,17
Dr. 152,1289,39,17
<EOS>
ROBERT 203,1287,120,19
HELBLING, 334,1287,160,20
Flums 507,1287,80,18
<EOS>
<EOP>
[Da 154,1326,53,24
die 223,1325,41,20
Bilder 279,1325,88,21
zu 389,1330,33,15
nachstehendem 438,1324,220,21
Bericht 673,1324,107,21
vom 802,1328,60,17
ersten 888,1323,88,21
bis 998,1322,41,21
zum 88,1365,61,16
letzten 163,1359,99,21
miteinander 276,1359,177,21
sollen 471,1358,82,21
verglichen 567,1357,152,26
werden 733,1358,104,20
können, 852,1357,111,25
und 985,1356,52,21
da 89,1394,35,20
sie 139,1394,38,20
7 192,1393,15,21
Seiten 223,1393,89,22
in 327,1392,29,21
Anspruch 370,1392,139,25
nehmen, 524,1392,118,24
waren 665,1396,89,16
wir 775,1391,48,20
genötigt, 837,1390,127,27
den 988,1390,50,21
ganzen 89,1433,102,21
Aufsatz 201,1427,114,20
ungeteilt 329,1425,129,27
in 471,1425,28,21
einem 509,1425,85,21
Heft 605,1426,65,20
unterzubringen. 684,1425,228,26
<EOS>
Unsere 937,1425,101,20
Leser 89,1462,80,20
wollen 191,1461,94,20
diese 307,1460,71,21
ausnahmsweise 398,1459,220,21
Einseitigkeit 633,1459,187,26
im 834,1459,36,20
stofflichen 886,1457,153,22
Inhalt 91,1494,88,22
entschuldigen. 194,1493,206,27
<EOS>
Red.] 431,1493,73,24
<EOS>
<EOP>
Im 150,1540,40,20
Januar 205,1540,101,20
1934 325,1538,59,22
brachten 405,1538,126,22
unsere 551,1543,93,16
Zeitungen 665,1538,144,27
die 830,1538,40,21
Nachricht, 886,1537,152,24
dass 89,1575,63,20
die 167,1574,41,20
einzige 224,1573,99,26
Eisenbahnverbindung 334,1571,313,28
zwischen 660,1572,129,21
Argentinien 803,1571,173,27
und 986,1571,53,21
Chile 90,1608,73,22
auf 179,1608,46,20
der 240,1607,45,20
argentinischen 301,1606,213,26
Seite 531,1606,69,21
der 616,1606,45,20
Anden 671,1606,93,20
durch 776,1606,82,20
eine 873,1605,57,21
Flut¬ 945,1605,93,21
welle 91,1642,93,21
im 199,1642,41,19
Rio 256,1641,57,20
Mendoza 329,1640,157,21
zerstört 506,1640,115,21
und 635,1640,53,20
ausser 710,1644,93,16
Betrieb 817,1639,103,21
gesetzt 938,1638,103,27
worden 91,1676,105,21
sei. 213,1675,44,20
<EOS>
<EOP>
In 150,1709,31,21
der 196,1709,46,20
Folge 262,1708,81,27
schickte 363,1708,117,21
mir 501,1708,52,20
die 573,1708,41,21
Londoner 634,1708,136,20
Leitung 788,1707,112,26
der 916,1708,45,18
eng¬ 976,1711,63,21
lisch-argentinischen 89,1741,292,29
transandinen 389,1742,189,20
Bahngesellschaft 589,1741,248,27
(A.T.R.) 855,1740,125,25
<EOS>
die 998,1740,42,20
eingehenden 90,1776,178,27
Berichte 288,1775,121,22
ihrer 432,1775,71,21
Ingenieure 526,1775,152,27
und 704,1775,53,21
ein 782,1775,43,21
reiches 847,1775,101,20
Bild¬ 969,1774,71,20
material 91,1810,122,21
über 227,1809,65,21
die 306,1809,42,21
Katastrophe 362,1809,180,27
mit 561,1809,50,21
der 630,1809,47,21
Bitte, 695,1808,79,26
mich 796,1808,69,22
über 884,1808,66,21
diese 969,1807,72,22
Berichte 91,1844,122,21
auf 229,1843,47,21
Grund 291,1843,88,21
meiner 395,1842,99,22
Ortskenntnis 508,1842,186,22
zu 705,1847,32,17
äussern. 753,1842,117,22
<EOS>
Es 885,1842,36,21
war 931,1847,56,16
für 997,1842,44,20
mich 90,1878,71,21
eine 174,1878,58,20
Dankespflicht, 248,1876,208,27
diesen 472,1876,89,21
Wunsch 575,1877,117,20
durch 712,1876,83,21
eine 815,1876,58,21
gründliche 887,1875,154,27
Untersuchung 91,1912,204,26
zu 309,1916,32,15
erfüllen, 356,1910,118,25
weil 490,1910,59,21
ich 564,1910,43,21
bei 621,1910,42,21
meinen 678,1911,103,19
Expeditionen 794,1909,191,27
ins 1000,1909,41,21
Ursprungsgebiet 90,1945,242,28
der 346,1946,46,19
Katastrophe, 409,1945,183,26
besonders 609,1944,139,21
in 764,1944,27,20
den 806,1944,50,20
Jahren 871,1944,98,21
1910 980,1943,61,21
bis 90,1980,41,21
1912, 142,1979,68,31
durch 225,1979,82,21
die 322,1979,41,21
nun 378,1983,54,16
so 447,1983,30,16
arg 492,1983,50,21
geschädigte 556,1978,171,27
Bahngesellschaft 737,1977,249,27
auf 995,1977,47,20
sehr 91,2014,61,21
generöse 166,2013,129,27
Art 310,2013,52,21
unterstützt 375,2012,163,22
worden 553,2013,105,20
war. 673,2017,62,16
<EOS>
<EOP>
Aus 151,2048,55,20
dem 222,2046,59,22
mir 296,2046,51,22
zugeschickten 362,2046,204,27
Material 580,2045,124,22
war 721,2051,54,15
folgendes 791,2046,135,25
zu 942,2050,33,16
ent¬ 986,2045,55,21
nehmen 89,2081,113,21
(vgl. 215,2081,64,25
<EOS>
Abb. 290,2080,66,21
<EOS>
1, 367,2081,22,24
4, 405,2080,21,25
5 443,2079,14,22
und 467,2080,53,21
King 531,2079,70,27
[8]1). 616,2079,74,25
<EOS>
Am 704,2079,51,21
10. 766,2079,36,20
<EOS>
Jan. 814,2079,57,21
<EOS>
1934 883,2079,59,21
wurde 953,2079,88,21
<EOS>
<EOP>
') 147,2144,16,19
Die 177,2142,43,18
Hinweise 231,2141,118,19
auf 356,2141,41,19
das 405,2141,41,18
am 455,2145,36,14
Schluss 500,2140,93,19
des 605,2140,40,18
Aufsatzes 654,2140,121,18
erscheinende 783,2140,163,18
Litera¬ 953,2140,88,18
turverzeichnis 91,2167,180,19
stehen 282,2167,81,19
in 375,2167,25,18
eckiger 411,2167,93,22
Klammer. 514,2167,126,18
<EOS>
<EOP>
Î? 118,2305,37,33
<EOS>
\ 186,2308,15,30
<EOS>
<EOP>
Uspallara 794,2385,85,20
<EOS>
<EOP>
' 505,2456,4,6
jsy^ 517,2453,49,21
Zanjon 572,2453,56,18
A 636,2452,9,14
Punra 505,2497,49,18
de 564,2498,19,16
Vacas 593,2499,50,15
<EOS>
<EOP>
MENDOZA 1214,2524,91,16
<EOS>
<EOP>
Cacheura 1122,2642,71,15
Plomogletscher 604,2672,139,22
Juncalgletscher 604,2702,147,23
Nevadogletscher 605,2732,162,23
<EOS>
<EOP>
CfiorAm 395,2675,66,17
^^ 1242,2683,37,25
/JLMJari 1304,2683,68,22
<EOS>
<EOP>
.yjàs 1265,2714,75,27
<EOS>
Guy 1345,2716,33,23
m 229,2695,56,33
L 121,2708,5,6
6ItO 135,2705,24,10
K'7 164,2705,25,11
20 1030,2732,15,11
km 1051,2730,21,13
Srauwehr 1209,2736,73,13
"»«gg 147,2764,80,22
<EOS>
<EOP>
pio 375,2789,32,23
*, 310,2802,25,21
<EOS>
<EOP>
Abb. 598,2828,59,18
<EOS>
1. 671,2829,16,17
<EOS>
Quellgebiet 712,2829,144,22
des 869,2830,39,17
Rio 922,2830,42,17
Mendoza, 976,2829,115,20
etwa 1109,2829,59,17
1 1179,2828,10,18
nach 599,2866,57,19
Geogr. 668,2867,82,21
<EOS>
Journal, 759,2867,103,20
Vol. 875,2867,48,18
<EOS>
LXXXIV, 933,2867,119,19
p. 1066,2871,20,17
<EOS>
320, 1096,2865,41,22
ergänzt 600,2904,93,21
durch 706,2904,73,19
Aufnahmen 791,2904,145,19
von 948,2908,43,15
Dr. 1004,2905,39,18
<EOS>
Rob. 1053,2904,56,18
<EOS>
Helbling 1119,2902,112,23
<EOS>
<EOP>
bei 1084,1322,41,20
Punta 1141,1321,106,21
de 1263,1321,36,20
Vacas 1314,1320,106,21
beobachtet, 1434,1319,165,25
dass 1610,1319,61,20
der 1683,1319,46,20
Rio 1738,1318,59,21
Mendoza 1808,1318,159,21
von 1981,1322,52,16
15 1084,1356,28,20
h 1123,1356,17,20
an 1156,1361,34,14
sehr 1205,1355,61,20
rasch 1281,1353,79,22
zu 1374,1359,32,15
steigen 1422,1353,102,26
begann 1535,1354,102,25
und 1652,1353,52,20
zu 1715,1358,33,15
ganz 1762,1357,68,21
ungewohnter 1845,1351,187,27
Höhe, 1084,1389,80,24
2890 1180,1389,60,20
m3/s, 1256,1389,66,28
anschwoll. 1339,1388,149,20
<EOS>
Kurz 1504,1388,71,19
nach 1591,1387,68,20
1 1674,1387,13,19
h 1701,1385,19,21
des 1735,1386,45,21
11. 1795,1386,36,20
<EOS>
Januar 1842,1386,101,20
hatte 1957,1385,75,21
diese 1084,1423,69,21
Flut 1169,1422,61,21
das 1245,1422,48,21
Wehr 1309,1422,79,20
bei 1401,1422,43,20
Lujan 1458,1421,104,25
de 1578,1421,37,20
Cujo 1630,1420,80,25
erreicht 1726,1420,112,20
und 1855,1419,53,21
um 1928,1424,46,15
2 1990,1419,13,20
h 2014,1419,19,19
durchbrochen. 1085,1456,201,22
<EOS>
Sie 1313,1455,43,22
hat 1374,1455,48,21
demnach 1437,1455,127,21
die 1583,1454,41,21
rd. 1645,1454,37,21
<EOS>
120 1699,1454,44,20
km 1759,1454,45,20
lange 1824,1454,78,24
Strecke 1923,1453,111,22
mit 1084,1491,49,21
einer 1148,1490,71,21
mittlem 1226,1489,118,22
Geschwindigkeit 1351,1488,237,26
von 1603,1493,51,17
annähernd 1670,1488,152,21
4 1832,1488,15,20
m/s 1858,1487,50,21
zurück¬ 1923,1487,110,21
gelegt. 1085,1524,94,27
<EOS>
Nach 1205,1524,77,20
Schätzung 1297,1523,151,26
haben 1468,1522,84,21
Lujan 1567,1521,87,27
während 1667,1521,125,22
der 1807,1521,46,21
Flutperiode 1867,1521,165,26
60 1081,1559,32,21
Mio 1124,1559,52,20
m3 1188,1560,36,18
passiert, 1239,1556,121,28
mit 1380,1557,50,20
einer 1449,1556,72,21
grössten 1541,1556,123,27
Wassermenge 1680,1555,198,26
von 1898,1560,51,16
etwa 1964,1554,69,22
3000 1085,1593,59,21
rn'/s. 1160,1593,67,28
<EOS>
<EOP>
Die 1144,1630,47,19
Flutwelle 1203,1629,136,20
hatte 1349,1627,75,22
katastrophale 1433,1627,202,27
Folgen. 1644,1627,107,26
<EOS>
Es 1761,1627,37,21
fielen 1808,1626,79,21
ihr 1897,1626,42,20
einige 1948,1626,86,26
Menschenleben 1085,1663,217,22
zum 1321,1667,59,16
Opfer 1396,1662,81,26
und 1497,1662,52,20
der 1570,1662,45,19
Schaden 1637,1661,120,21
an 1777,1665,34,16
privatem 1831,1659,131,28
und 1981,1659,53,21
öffentlichem 1085,1698,182,21
Gut 1277,1696,53,22
wurde 1341,1696,90,20
auf 1443,1696,47,20
eine 1505,1695,57,21
halbe 1571,1695,77,21
Mio 1655,1695,54,20
engl. 1717,1695,67,26
<EOS>
Pfund 1792,1694,86,21
geschätzt. 1889,1693,144,27
<EOS>
<EOP>
In 1143,1736,31,20
Mitleidenschaft 1182,1733,225,23
wurden 1416,1734,108,20
hauptsächlich 1532,1732,199,27
das 1742,1733,47,20
Tracé 1799,1731,81,22
der 1891,1731,46,21
trans¬ 1947,1731,86,22
andinen 1085,1770,112,20
Bahn, 1213,1769,81,23
das 1316,1768,47,20
Elektrizitätswerk 1384,1766,254,22
von 1656,1772,51,15
Cacheuta, 1726,1766,139,24
das 1890,1766,47,20
Stau¬ 1957,1765,76,21
wehr 1085,1803,72,21
von 1172,1808,52,16
Lujan 1241,1803,86,25
usw. 1346,1806,64,16
<EOS>
gezogen 1426,1805,116,22
(vgl. 1565,1801,65,27
<EOS>
Abb. 1643,1801,66,20
<EOS>
4 1720,1801,17,20
und 1750,1800,53,21
5). 1818,1800,37,25
<EOS>
Längs 1881,1800,88,25
der 1989,1799,46,20
etwa 1086,1837,69,21
120 1170,1836,45,21
km 1229,1836,47,21
langen 1291,1836,97,25
Strecke 1410,1835,108,21
Punta 1539,1835,106,21
de 1666,1835,36,20
Vacas 1722,1835,106,20
bis 1848,1833,42,21
Blanco 1911,1833,124,20
Encalada 1085,1870,171,21
(beim 1278,1869,83,25
Austritt 1380,1868,119,22
des 1518,1869,46,21
Rio 1583,1869,50,21
Mendoza 1653,1869,128,20
in 1800,1868,29,20
die 1848,1867,42,20
Pampas) 1904,1867,126,25
wurden 1085,1904,106,21
von 1207,1908,51,16
den 1278,1903,50,21
zehn 1347,1902,66,22
Brücken 1433,1902,123,22
über 1576,1902,64,21
den 1660,1902,50,21
Rio 1731,1902,47,21
Mendoza 1797,1901,128,21
sieben 1945,1900,89,21
von 1085,1944,51,15
den 1157,1938,50,20
Widerlagern 1228,1936,179,27
weggerissen 1428,1936,175,27
und 1624,1936,52,21
gänzlich 1698,1935,118,25
zerstört, 1836,1934,120,24
eine 1977,1934,57,20
wurde 1085,1972,88,20
beschädigt 1188,1970,155,27
und 1362,1970,53,21
nur 1435,1975,50,16
zwei 1499,1970,65,21
blieben 1583,1970,102,21
intakt; 1705,1969,98,24
ferner 1825,1969,88,20
wurden 1928,1968,107,20
fünf 1086,2006,62,20
Durchlässe 1162,2005,158,21
gänzlich 1334,2004,122,26
zerstört 1474,2004,114,21
und 1607,2004,53,20
viele 1676,2003,66,21
andere 1763,2002,95,22
beschädigt. 1874,2001,161,27
<EOS>
Vom 1086,2040,67,21
Bahnkörper 1173,2039,171,27
wurden 1359,2038,106,21
12,6 1487,2037,51,25
km 1554,2038,45,20
vollständig 1615,2036,160,26
zerstört, 1794,2035,122,25
1,5 1937,2035,37,25
km 1991,2035,44,20
aufgerissen 1086,2073,165,27
oder 1267,2073,61,21
stark 1344,2072,76,21
unterspült; 1434,2071,160,27
von 1610,2076,50,16
der 1674,2071,45,19
Stromleitung 1730,2069,189,27
wurden 1928,2069,107,21
19 1086,2107,29,22
km 1131,2107,45,21
ganz 1192,2112,67,22
zerstört 1274,2105,114,23
und 1402,2106,53,21
75 1472,2106,29,20
km 1516,2106,45,20
stark 1577,2106,75,20
beschädigt. 1668,2104,161,27
<EOS>
<EOP>
Flutwellen 1146,2145,157,21
solchen 1323,2143,105,22
Ausmasses 1448,2143,158,20
waren 1627,2146,88,17
im 1737,2142,36,20
Gebiete 1793,2141,106,21
des 1921,2141,45,21
Rio 1986,2140,49,22
Mendoza 1087,2178,127,22
bis 1232,2178,41,21
anhin 1292,2176,80,22
unbekannt, 1393,2176,158,24
deshalb 1573,2176,106,20
trug 1700,2176,64,26
man 1784,2180,62,16
s. 1862,2180,19,16
<EOS>
Z. 1892,2175,27,20
<EOS>
bei 1934,2174,41,21
der 1991,2174,45,21
Wahl 1086,2212,76,22
der 1182,2212,45,21
Linienführung 1242,2210,209,26
keine 1471,2209,76,21
Bedenken, 1563,2209,146,25
die 1726,2209,41,21
Flussauen 1784,2209,146,21
zu 1945,2213,33,16
be¬ 1992,2208,43,20
nutzen 1085,2246,96,21
und 1196,2245,54,22
im 1264,2245,36,21
allgemeinen 1317,2244,173,27
ein 1505,2244,42,21
flussnahes 1561,2243,151,22
Tracé 1727,2244,82,20
zu 1825,2248,32,16
bauen. 1872,2243,93,20
<EOS>
<EOP>
Die 1146,2283,48,22
normalen 1201,2283,136,21
Heisswetter-Wassermengen 1345,2281,403,26
des 1757,2282,43,20
Rio 1813,2282,56,19
Mendoza 1881,2282,154,18
betragen 1086,2318,127,26
130 1229,2316,44,22
bis 1288,2316,40,21
250 1344,2315,45,21
ms/s 1404,2316,62,29
und 1488,2316,53,20
nur 1565,2321,49,16
selten 1629,2316,84,21
schwellen 1728,2316,138,21
sie 1889,2315,38,21
bis 1942,2315,41,21
zu 2003,2319,32,16
500 1086,2352,46,21
ms/s 1147,2351,60,30
an. 1223,2356,41,16
<EOS>
Grössere 1290,2350,126,22
Hochwasser 1437,2350,173,20
traten 1630,2350,90,21
in 1739,2350,28,20
den 1786,2349,51,21
Jahren 1853,2348,99,22
1888, 1969,2349,66,23
<EOS>
<EOP>
1900 1446,2383,60,22
und 1529,2383,53,21
1915 1604,2383,59,22
ein, 1685,2383,48,25
ohne 1757,2383,67,21
aber 1842,2383,63,20
nur 1927,2388,47,14
an¬ 1991,2387,45,17
genähert 1446,2417,129,26
die 1590,2417,42,21
Wassermenge 1642,2417,200,26
der 1858,2417,45,21
Flut 1914,2416,61,22
von 1984,2421,53,17
1934 1446,2451,60,21
zu 1521,2455,33,17
erreichen. 1570,2451,140,21
<EOS>
Sie 1728,2451,43,21
waren 1781,2456,88,15
auch 1885,2450,67,21
nicht 1963,2450,74,21
von 1445,2490,52,16
katastrophalen 1507,2485,219,27
Folgen 1737,2485,99,27
begleitet 1847,2484,126,26
und 1983,2484,53,20
ihre 1446,2519,58,21
Ursachen 1510,2519,138,21
sind 1658,2519,58,21
unbekannt 1731,2518,154,22
geblieben. 1894,2517,142,28
<EOS>
<EOP>
Im 1493,2564,39,21
Jahre 1556,2564,81,21
1934 1653,2564,59,21
hatte 1735,2564,74,22
zwar 1830,2568,72,17
vor 1924,2568,47,16
der 1991,2563,47,21
Katastrophe 1447,2598,179,27
die 1633,2598,42,21
aussergewöhnliche 1682,2597,270,28
Hitze 1958,2597,79,21
schon 1447,2631,81,22
starkes 1543,2631,105,22
Hochwasser 1659,2631,173,22
erzeugt, 1843,2631,114,27
aber 1974,2631,62,21
es 1448,2670,28,16
war 1499,2670,55,16
offenkundig, 1576,2665,183,27
dass 1785,2666,62,20
diese 1867,2664,71,22
Hitze 1959,2664,78,22
allein 1449,2699,78,20
nicht 1546,2698,73,22
eine 1639,2699,57,21
so 1716,2704,31,16
grosse 1768,2704,91,21
und 1881,2699,54,20
plötz¬ 1956,2698,81,27
liche 1449,2732,67,22
Flutwelle 1532,2732,135,22
ergeben 1681,2734,112,25
konnte. 1808,2732,106,22
<EOS>
Da 1941,2734,40,19
die 1996,2732,42,21
Flutwelle 1449,2766,136,22
sich 1607,2766,58,22
im 1687,2767,37,20
Haupttale 1746,2767,145,26
oberhalb 1913,2766,124,22
Punta 1449,2801,107,21
de 1571,2800,37,22
Vacas 1623,2800,108,21
nicht 1747,2800,72,21
bemerkbar 1830,2800,155,21
ge¬ 1993,2805,44,21
macht 1449,2834,89,22
hatte 1553,2834,74,22
und 1643,2835,52,20
in 1711,2834,26,21
ihr 1753,2834,42,21
Eisblöcke 1808,2834,138,22
beob¬ 1961,2834,76,21
achtet 1449,2869,90,21
worden 1554,2868,105,22
sein 1679,2868,57,22
sollen, 1753,2868,91,25
schloss 1860,2867,100,23
man 1976,2872,63,17
sofort, 1450,2902,92,25
dass 1566,2902,61,21
die 1651,2902,41,22
Flut 1706,2902,62,22
aus 1788,2907,48,16
den 1852,2902,49,22
Tupun- 1916,2902,123,27
<EOS>
<EOP>
1000000 1209,2828,89,18
<EOS>
<EOP>
