2229,2995
Anzeigenseite 224,79,196,27
2 441,76,15,24
SCHWEIZERISCHE 925,72,298,25
BAUZËITUNG 1245,69,221,28
16. 1957,63,38,23
<EOS>
März 2014,62,76,23
1Ô40 2107,60,61,23
<EOS>
<EOP>
Ïî£:.*Iffm.: 588,321,168,105
<EOS>
ss', 771,365,33,22
"y. 811,365,33,21
<EOS>
,^!f!aÄ 424,348,133,58
<EOS>
sHfcl 305,365,39,22
<EOS>
<EOP>
£ 611,414,27,43
'^tJr 487,420,85,34
<EOS>
<EOP>
** 832,453,64,36
Œ*' 537,525,106,36
<EOS>
<EOP>
r" 900,600,69,48
Rohölkompressor 507,686,283,22
<EOS>
<EOP>
20/26 566,716,91,22
PS. 671,716,50,18
<EOS>
<EOP>
Ingeœoll-Rand 1080,163,809,130
KOMPRESSOREN 1233,299,609,42
und 1871,297,129,36
DRUCKLUFTWERKZEUGE 1234,342,875,46
sind 1338,417,78,25
unerreicht 1437,414,255,27
in 1711,415,31,23
Leistung. 1762,414,169,27
<EOS>
Le¬ 1952,411,53,23
bensdauer 1338,456,203,23
und 1573,454,69,24
Wirtschaftlichkeit. 1670,449,335,28
<EOS>
Ein 1339,494,58,23
kostenloser, 1440,492,226,25
unverbindlicher 1709,488,297,26
Versuch 1337,533,155,23
wird 1505,532,77,23
auch 1595,530,92,24
Sie 1700,528,59,25
überzeugen. 1773,527,232,28
<EOS>
ROBERT 1070,594,229,74
AEBI 1321,594,132,71
& 1480,594,44,70
CIL, 1549,591,131,84
A. 1714,590,52,70
<EOS>
6., 1786,589,75,85
<EOS>
ZURICH 1895,586,215,74
INGENIEURBUREAU 1068,684,314,37
- 1390,703,13,7
MASCHINENFABRIK; 1413,681,330,39
TEL. 1911,678,72,35
<EOS>
317 2000,677,63,35
50 2076,676,36,36
<EOS>
<EOP>
Zweigniederlassung 1303,732,278,30
In 1599,732,22,21
Zolllkofen/Bern. 1639,728,230,30
<EOS>
<EOP>
A. 334,957,101,84
<EOS>
G. 461,954,102,87
<EOS>
für 605,955,132,83
Grundwasserbauten, 776,947,1018,92
Bern 1847,941,226,83
<EOS>
<EOP>
Sondierbohrungen, 646,1195,579,67
Kernbohrungen, 1278,1190,487,66
<EOS>
<EOP>
Grundwasserfassungen 848,1299,715,64
E. 277,1553,65,82
<EOS>
FA1ZER 365,1549,284,86
A.C., 676,1548,214,97
<EOS>
Drahlseilfabrik, 915,1542,620,95
RONANSHORN 1564,1532,573,91
„Defag-Lay" 306,1706,270,37
<EOS>
<EOP>
drallarme 287,2090,113,19
und 410,2090,41,17
spannungs¬ 463,2092,136,20
freie 323,2113,54,19
Normal-Litzen- 390,2112,173,19
<EOS>
<EOP>
Konstruktion 370,2135,152,19
<EOS>
<EOP>
Gegr. 1138,1656,65,22
<EOS>
1836 1218,1654,57,17
Unsere 743,1705,143,36
bestbewährten 913,1703,298,36
2 1238,1702,24,32
Spezial-Macharten 1289,1697,380,47
Unser 652,1797,103,24
Anteil 772,1795,101,25
an 893,1799,40,20
der 952,1794,57,25
Verseilung 1026,1792,191,30
der 1235,1791,60,25
durch 1317,1790,80,24
die 1422,1789,43,24
Vereinigten 1483,1787,166,29
Draht¬ 1673,1786,90,23
werke 652,1834,85,24
A.-G. 755,1833,76,25
<EOS>
in 849,1833,23,23
Biel 892,1832,52,24
gelieferten 963,1831,155,29
Pflugstahldrähte 1138,1825,297,33
für 1453,1825,52,25
die 1521,1825,53,25
Z.S.S. 1592,1822,112,27
<EOS>
B.: 1716,1823,45,24
<EOS>
1. 654,1903,19,22
<EOS>
1x2083 689,1901,143,25
m 846,1906,28,19
Hilfseil, 887,1899,140,31
14 1041,1900,28,23
mm 1081,1905,49,17
0,6x19Seale, 1147,1896,229,30
Machart: 1391,1894,128,25
„Defag-Lay", 1532,1891,232,32
nibertschlag; 653,1938,240,31
während 903,1938,123,24
des 1038,1938,50,23
Fabrikationsprozesses 1100,1936,322,27
warm 1435,1936,97,21
imprägniert, 1546,1928,218,33
<EOS>
<EOP>
effektive 931,1976,123,24
Bruchfestigkeit 1074,1973,220,29
=Kg. 1309,1971,83,29
<EOS>
13200. 1409,1971,88,23
<EOS>
2. 654,2053,21,21
<EOS>
4x75 693,2050,106,25
m 813,2056,28,17
Spanngewichtseile, 859,2047,353,32
44 1229,2047,29,23
mm 1271,2052,49,17
0, 1340,2049,34,24
15 1391,2046,30,22
+ 1427,2046,27,26
9 1461,2046,15,22
+ 1484,2045,26,25
3x19x1,45 1516,2042,180,26
mm, 1707,2046,58,22
Machart: 656,2089,127,23
„Defag-Spiro", 802,2086,268,32
mit 1094,2084,56,26
9 1168,2084,19,26
+ 1195,2086,27,26
3 1229,2083,21,26
warm 1267,2087,98,21
imprägnierten 1383,2079,252,32
Faser¬ 1654,2077,110,26
<EOS>
<EOP>
stoffeinlagen, 785,2123,250,31
effektive 1052,2123,125,24
Bruchfestigkeit 1195,2119,221,29
Kg. 1469,2118,46,28
<EOS>
128000. 1532,2118,102,23
<EOS>
<EOP>
„Defag-Spiro" 1822,1690,307,40
<EOS>
<EOP>
torsionsfreie 1820,2073,151,20
Litzenspiral- 1988,2072,146,22
konstruktion 1822,2096,147,21
mit 2000,2095,35,17
Faser¬ 2062,2095,72,17
<EOS>
<EOP>
stoffeinlagen 1900,2118,154,22
<EOS>
<EOP>
Öcrrut 1658,2243,405,109
<EOS>
a» 418,2333,32,17
<EOS>
<EOP>
Die 1295,2465,51,22
widerstandsfähigen 1364,2461,305,28
Eternit-Druckrohre 1690,2458,290,24
werden 1294,2509,114,23
hergestellt 1433,2507,167,29
in 1621,2506,26,23
4 1669,2506,17,22
m 1703,2511,26,17
Länge, 1754,2504,104,29
50 1880,2504,33,22
bis 1936,2504,44,22
400 1294,2554,50,23
mm 1356,2559,55,17
0 1427,2556,22,22
und 1466,2553,55,22
für 1539,2553,42,22
Prüfdrucke 1593,2551,171,24
von 1777,2555,54,18
6, 1849,2549,24,27
12, 1891,2549,39,27
18 1948,2549,33,22
und 1296,2599,55,25
24 1370,2599,34,23
Atm. 1415,2598,72,24
<EOS>
<EOP>
Cterrut 1195,2743,176,46
V 953,2754,47,38
AG. 1387,2764,66,24
<EOS>
NIEDERURNEN 1474,2762,274,25
TELEPHON 1766,2758,198,27
4 1980,2758,19,23
15 2012,2757,34,23
55 2061,2757,40,23
<EOS>
<EOP>
5SK 388,2856,32,15
<EOS>
<EOP>
