2254,2981
120 205,72,45,21
^ffiWEIZERISCHE 897,67,311,30
BAUZEITUNG 1224,69,221,22
Bd. 1913,69,46,20
<EOS>
115 1978,68,46,21
Nr. 2046,67,46,21
<EOS>
10 2109,67,32,21
<EOS>
<EOP>
S. 206,197,40,61
<EOS>
I.A. 263,198,79,61
<EOS>
<EOP>
MITTEILUNGEN 207,141,337,33
DER 567,141,91,32
VEREINE 682,140,196,32
<EOS>
<EOP>
Technischer 362,196,202,28
Verein 582,196,110,27
Winterthur 710,196,191,27
Sitzung 361,242,108,26
vom 483,248,61,15
12. 559,241,38,22
<EOS>
Januar 611,242,101,21
1940 727,242,63,20
Der 268,289,53,20
neue 331,294,64,15
Präsident, 407,288,143,24
Dipl. 564,287,66,27
<EOS>
Masch.-Ing. 644,287,166,26
<EOS>
E. 824,288,28,19
<EOS>
Hablützel, 868,286,143,26
Prof. 1024,286,70,20
<EOS>
am 1107,290,44,16
Technikum 204,318,158,22
Winterthur, 376,318,168,25
eröffnete 559,318,128,21
mit 699,317,49,21
einem 762,318,83,21
Danke 859,318,90,20
an 962,322,35,15
den 1009,317,49,20
Tech¬ 1071,316,78,21
nischen 204,349,107,21
Verein 324,349,94,21
für 433,348,45,21
die 492,349,39,19
ihm 546,348,54,20
und 615,348,51,20
dem 682,348,57,20
Technikum 754,347,159,21
durch 928,347,80,20
die 1022,347,41,20
Wahl 1074,345,76,22
erwiesene 206,379,137,21
Ehrung. 358,379,114,26
<EOS>
In 505,378,31,21
einer 552,378,71,21
kurzen 639,378,98,21
Ansprache 752,378,150,27
gab 919,378,50,25
er 987,382,29,16
sein 1032,377,55,21
Be¬ 1102,377,47,20
kenntnis 204,410,123,20
zur 340,414,48,16
Technik, 400,409,122,24
an 535,413,35,16
dem 583,409,59,20
er 656,414,28,15
auch 696,408,67,20
in 774,408,27,20
dieser 814,408,84,20
dunkeln 911,407,113,21
Zeit 1035,406,57,22
des 1105,407,45,21
Krieges, 204,438,116,28
da 340,440,33,20
die 392,439,40,21
Technik 451,439,114,21
zu 585,445,31,14
Zerstörung 635,439,157,26
und 812,439,51,20
Verwüstung 883,438,174,26
miss¬ 1075,438,74,20
braucht 205,470,110,21
wird, 340,470,71,24
auf 439,470,46,20
Grund 504,469,88,21
etaer 619,469,70,21
höhern, 714,469,104,24
ethischen 837,468,132,21
Einstellung 988,467,163,27
festhalten 204,500,143,22
kann. 365,500,78,21
<EOS>
Nach 479,500,73,20
kurzer 571,500,93,20
Erledigung 679,499,158,26
eines 857,499,69,20
geschäftlichen 946,497,204,27
Traktandums 205,531,191,21
ergriff 411,530,94,26
Masch.-Ing. 519,530,165,25
<EOS>
M. 700,529,35,20
<EOS>
E. 749,530,30,20
<EOS>
Trechsel 794,529,175,20
der 984,529,46,20
Fa. 1041,529,45,20
<EOS>
Ge¬ 1102,528,47,21
brüder 204,561,96,21
Sulzer 312,560,90,22
— 412,572,33,3
der 456,560,47,21
an 512,566,36,15
Stelle 561,560,79,20
des 653,560,45,20
erkrankten 711,559,160,21
Referenten 883,559,158,21
Dir. 1052,559,55,20
<EOS>
E. 1118,559,32,20
<EOS>
Lavater 205,592,113,21
etagesprungen 332,591,205,26
war 550,594,55,16
— 616,602,31,3
das 660,590,46,20
Wort 719,590,74,20
zu 806,595,32,15
seinem 852,589,96,21
Vortrag 960,589,114,25
über 1087,588,64,21
<EOS>
<EOP>
Die 266,630,47,20
Organisation 332,629,184,26
des 533,629,44,20
Verkaufes 596,628,145,21
in 759,627,27,21
der 802,627,46,21
Maschinenindustrie. 865,627,282,20
<EOS>
Das 271,660,54,20
gute 344,660,62,26
Funktionieren 426,659,201,21
des 644,659,45,20
Verkaufes 708,658,145,21
ist 871,658,36,20
für 925,658,44,19
jede 986,658,56,24
Firma 1063,656,88,20
lebenswichtig. 207,690,198,25
<EOS>
Stockungen 443,689,165,26
im 627,688,35,21
Verkauf 681,688,117,22
führen 817,688,93,20
zu 930,693,32,15
Lagerungen 980,687,171,26
und 206,721,51,21
notgedrungen 273,721,195,25
zu 484,726,31,14
Stockungen 533,719,165,26
in 712,719,27,19
der 755,719,46,20
Fabrikation. 817,718,175,20
<EOS>
Die 1024,718,48,19
Ver¬ 1088,717,62,21
kaufsorganisation 206,750,256,26
hat 480,750,47,20
auch 544,750,66,20
die 628,749,40,21
wichtige 684,749,121,26
Aufgabe, 824,748,127,26
als 969,748,39,21
Informa¬ 1023,748,127,20
tionsorgan 206,781,151,26
zu 370,786,32,15
dienen. 417,781,97,21
<EOS>
Es 545,781,37,19
ist 594,780,36,21
einleuchtend, 643,778,184,25
dass 844,780,59,19
sich 918,779,55,20
diese 986,779,69,19
ganze 1069,782,82,21
Organisation 207,811,183,26
nicht 409,810,71,21
in 498,811,26,20
ein 543,810,42,21
festes 603,810,82,21
Reglement 702,809,152,27
oder 873,809,61,21
Schema 953,809,109,20
pres¬ 1080,813,70,21
sen 206,847,46,16
lässt; 269,842,76,24
Persönlichkeit 367,841,204,21
des 591,841,45,20
Käufers 657,841,113,20
und 791,840,51,20
des 863,840,44,20
Verkäufers 928,839,160,20
be¬ 1108,838,43,21
stimmen 206,872,121,21
weitgehend 341,872,160,25
den 516,871,49,21
ganzen 577,875,101,22
Vorgang. 687,870,131,27
<EOS>
Erfolgchancen 848,869,206,26
hegen 1068,867,83,27
wohl 205,902,69,22
in 288,903,29,20
guten 330,903,83,26
Beziehungen 428,902,181,24
und 623,901,54,21
guter 691,901,79,26
Reklame, 784,900,131,24
vor 932,905,48,15
allem 996,899,78,20
aber 1088,899,64,20
darin, 206,933,80,25
die 306,933,41,20
Kundschaft 366,932,165,21
zufrieden 549,931,133,22
zu 699,936,32,16
stellen. 750,930,98,22
<EOS>
Für 868,930,53,21
den 939,930,49,21
Verkäufer 1005,928,147,23
zeigt 206,963,69,26
das 287,964,47,20
Geschäft 351,963,125,21
eine 489,963,56,20
andere 561,962,94,20
Gestalt, 671,961,109,25
je 804,961,25,25
nachdem 852,960,124,21
er 1000,965,28,15
es 1052,964,27,16
mit 1103,958,48,22
einem 207,994,82,20
Kunden 308,993,109,21
von 436,998,51,15
Fachkenntnissen 507,991,240,22
oder 768,991,61,21
mit 848,991,49,20
einem 918,991,82,21
Laien 1020,990,79,20
zu 1119,995,32,14
tun 206,1024,47,21
hat. 278,1024,53,21
<EOS>
In 365,1024,30,20
jedem 418,1023,86,26
Falle 522,1021,72,22
aber 611,1023,63,20
wird 691,1022,64,20
der 781,1022,45,20
Verkaufstagenieur 845,1020,264,26
in 1124,1019,27,21
steter 206,1054,82,21
Bereitschaft 303,1053,175,21
sein 493,1053,55,21
und 563,1053,53,21
jede 629,1052,58,27
Gelegenheit 702,1051,166,27
ausnützen 884,1051,143,21
müssen, 1040,1050,111,24
sei 207,1085,37,21
es 268,1090,28,16
in 319,1085,28,20
der 371,1085,46,20
Ueberwindung 439,1083,208,26
von 671,1088,50,15
Bedenken 746,1082,136,21
des 907,1082,44,20
Kunden, 976,1081,115,24
im 1116,1080,35,20
Kampf 207,1115,97,26
mit 322,1114,48,21
der 389,1114,45,21
Konkurrenz 452,1113,169,22
usw. 638,1118,62,16
<EOS>
Mit 737,1113,49,20
dem 803,1113,57,20
Geschäftsabschluss 878,1111,273,22
ist 206,1146,36,20
der 255,1146,46,20
Verkauf 311,1145,117,21
nicht 440,1144,72,21
fertig; 525,1144,91,25
die 632,1143,39,21
Art 686,1143,50,20
und 749,1143,53,20
Weise 813,1142,84,21
der 911,1142,46,20
weiteren 968,1141,123,21
Be¬ 1104,1141,47,20
dienung 207,1176,111,25
bei 339,1175,40,20
Lieferung, 401,1175,146,25
Montage 570,1173,122,27
und 714,1173,52,21
Inbetriebsetzung 786,1172,239,26
ist 1046,1171,35,20
von 1101,1176,50,15
wesentlicher 207,1206,177,20
Bedeutung 400,1205,153,25
für 570,1204,45,21
zukünftige 632,1203,152,26
gute 803,1203,63,26
Beziehungen. 885,1202,185,26
<EOS>
<EOP>
Ueberall, 265,1235,128,26
wo 406,1240,42,16
in 459,1235,29,21
weiten 498,1234,96,22
Entfernungen 605,1234,198,25
vom 814,1238,62,16
Sitz 889,1232,56,21
der 957,1234,45,19
Ersteller¬ 1015,1232,136,21
firma 206,1267,78,20
große 296,1266,81,26
Aufträge, 390,1266,137,24
wie 541,1265,48,20
etwa 603,1265,68,20
Kessel- 684,1264,101,20
oder 800,1264,60,20
Dieselanlagen, 875,1262,202,26
aus¬ 1092,1267,59,15
zuführen 207,1296,127,21
sind, 351,1295,64,25
wird 433,1295,65,22
das 516,1295,47,21
Geschäft 582,1295,124,21
durch 724,1294,79,21
einen 822,1294,74,20
am 912,1298,43,16
betreffenden 974,1292,178,21
Ort 207,1326,49,22
befindlichen 272,1326,172,22
alleinstehenden 461,1325,218,21
Ingenieur, 697,1324,142,26
der 859,1324,44,20
das 920,1324,46,20
Stammhaus 985,1322,166,22
vertritt, 207,1357,112,25
oder 345,1357,61,20
durch 430,1356,81,21
eine 536,1356,55,20
vom 616,1361,59,14
Stammhaus 702,1354,166,21
unabhängige 892,1353,181,25
Ver- 1090,1353,61,19
treter-GeseUschaft 207,1386,268,22
ausgeführt. 496,1385,162,26
<EOS>
Wenn 696,1385,82,20
auch 797,1384,66,21
die 886,1383,40,22
Kosten 947,1383,99,21
dieses 1070,1382,82,21
Systems 208,1417,118,27
zum 343,1422,59,16
Teil 421,1416,54,22
recht 493,1416,73,21
hoch 583,1416,66,20
sind, 667,1416,63,23
so 748,1420,29,15
erweist 794,1414,103,21
es 914,1419,27,15
sich 959,1413,55,21
doch 1032,1413,64,20
als 1113,1411,39,22
notwendig 207,1448,147,25
und 374,1447,52,21
zweckmässig. 446,1446,193,26
<EOS>
Kunden, 677,1444,115,26
die 814,1444,39,22
den 875,1444,49,21
Vertreter 944,1443,134,22
um¬ 1097,1448,54,15
gehen 207,1478,84,27
wollen, 309,1477,98,24
bilden 426,1477,85,21
die 538,1477,40,20
Minderheit, 594,1474,160,25
und 774,1475,52,20
sie 853,1475,39,20
sind 916,1474,57,21
von 991,1478,51,16
seiner 1069,1473,84,21
Notwendigkeit 207,1507,210,27
sofort 438,1507,84,21
überzeugt, 540,1506,147,26
wenn 708,1510,74,17
sie 803,1505,36,21
nach 861,1504,66,21
der 948,1505,46,20
Lieferung 1014,1504,139,24
aus 207,1544,49,16
irgendeinem 274,1538,175,27
Grunde 467,1538,102,21
Kontakt 588,1537,117,20
mit 726,1535,48,21
der 792,1536,46,19
Firma 857,1535,88,20
suchen. 964,1533,102,22
<EOS>
Der 1102,1533,51,21
Vertreter 207,1569,135,21
kommt 366,1568,103,21
dem 494,1568,59,20
Bedürfnis 577,1566,139,22
der 741,1566,46,20
menschlichen 810,1564,191,22
Fühlung¬ 1022,1563,130,25
nahme 208,1599,93,21
zwischen 318,1599,127,21
Lieferant 461,1597,132,22
und 610,1597,52,20
Käufer 679,1596,100,20
entgegen, 796,1595,134,26
er 948,1599,29,16
übermittelt 991,1593,162,22
dem 208,1631,58,19
Stammhause 284,1629,182,21
Wünsche 483,1626,127,22
und 628,1627,52,21
Vorstellungen 697,1626,198,25
des 913,1625,45,20
Kunden 976,1624,108,21
und 1102,1623,51,20
wirkt 208,1660,79,21
bei 301,1659,41,22
diesem 356,1659,97,21
oft 467,1658,40,21
in 521,1658,28,21
aufklärendem 560,1657,196,21
Sinne. 770,1656,84,21
<EOS>
Durch 886,1655,87,21
einen 986,1654,74,22
regen 1075,1658,78,21
Verkehr 208,1690,117,21
zwischen 338,1689,127,21
Vertreter 478,1687,135,22
und 627,1687,51,21
Kunde 693,1687,89,21
wird 798,1686,63,21
der 875,1686,45,20
Firma 933,1685,88,20
die 1035,1684,39,21
Auf¬ 1089,1684,64,20
stellung 208,1720,114,27
eines 341,1720,70,21
Fabrikationsplanes 430,1717,274,27
erst 729,1717,56,20
recht 812,1716,73,21
ermögücht. 912,1715,159,26
<EOS>
Die 1107,1714,46,20
Spesen 210,1751,96,25
für 327,1750,43,20
den 389,1750,50,20
Vertreter 458,1748,135,22
bedeuten 611,1748,126,21
daher 754,1747,79,21
keine 854,1746,74,21
Belastung 948,1745,143,25
für 1110,1743,45,21
den 209,1782,48,20
Handel; 278,1780,108,24
die 409,1781,40,20
Verkaufsorganisation 467,1777,309,27
gehört 794,1776,92,27
in 906,1775,26,22
das 953,1776,46,20
feste 1018,1775,67,21
Ge¬ 1107,1775,45,20
füge 209,1811,63,27
der 289,1812,45,20
Firma 351,1810,88,21
und 456,1809,51,21
ist 523,1809,35,21
auf 574,1809,47,20
dem 638,1809,57,20
selben 713,1807,86,22
Qualitätsprinzip 817,1805,230,27
aufge¬ 1064,1805,90,25
baut, 209,1842,70,24
das 296,1842,48,21
in 360,1842,28,20
der 400,1841,46,21
Fabrikation 462,1840,169,21
seine 648,1839,70,21
Gültigkeit 733,1837,144,27
hat. 895,1836,53,21
<EOS>
<EOP>
Dem 269,1872,65,21
Vertreter 349,1871,134,21
muß 498,1870,62,21
für 572,1869,44,22
eine 631,1869,55,21
wirksame 699,1869,138,21
Tätigkeit 852,1866,133,27
auch 998,1866,66,20
gutes 1079,1864,76,27
Werbematerial 208,1901,214,23
zur 439,1906,47,16
Verfügung 501,1899,154,27
stehen 672,1899,93,21
und 787,1898,54,21
als 864,1897,40,21
solches 929,1897,101,21
kommt 1054,1895,102,21
heute 212,1934,75,19
auch 305,1932,66,20
der 386,1932,47,20
Film 450,1931,66,21
in 532,1930,27,22
Frage. 576,1930,91,26
<EOS>
Ein 699,1929,49,21
solcher 763,1929,101,21
Werbefilm, 880,1926,156,25
betitelt 1053,1924,103,22
«Sulzer-Erzeugnisse 209,1962,285,27
auf 506,1961,48,21
dem 560,1961,60,21
Weltmarkt», 627,1958,180,26
wurde 814,1958,89,21
als 914,1957,39,22
Abschluss 962,1956,141,22
der 1112,1955,45,20
Veranstaltung 210,1993,204,25
vorgeführt. 428,1992,160,26
<EOS>
Bilder 603,1991,86,21
aus 702,1996,47,15
den 764,1990,48,20
hiesigen 824,1989,115,24
Werken, 952,1987,116,24
Mon¬ 1084,1986,71,21
tage-Aufnahmen 211,2024,239,26
aus 471,2027,47,16
fernen 539,2023,92,20
Ländern, 650,2021,126,24
Wiedergaben 798,2018,186,25
fester 1001,2017,82,21
An¬ 1103,2017,52,19
lagen 212,2055,76,24
(z. 317,2054,34,24
<EOS>
B. 368,2054,30,20
<EOS>
grosse 432,2057,91,22
Kessel-, 549,2051,111,25
Diesel-, 687,2050,105,24
Kompressoren-, 820,2047,221,27
Kälte¬ 1067,2046,88,21
anlagen, 211,2084,118,27
ferner 346,2084,88,21
Druckleitungen, 451,2081,226,26
Zentral- 697,2080,114,22
und 829,2079,52,21
Strahlungsheizun¬ 899,2077,257,26
gen) 213,2115,60,25
und 298,2114,52,20
Bilder 368,2113,87,21
von 473,2118,52,16
Dampf- 544,2112,107,26
und 671,2111,53,22
Dieselschiffen, 739,2109,205,24
sowie 965,2107,76,22
Diesel- 1061,2106,96,21
Triebwagen 212,2144,167,26
und 400,2144,52,20
Lokomotiven 472,2143,184,21
legten 677,2142,88,25
beredtes 784,2140,118,22
Zeugnis 922,2138,109,26
ab 1052,2138,33,19
von 1107,2141,50,15
der 213,2176,44,19
Vielgestalt 277,2173,153,27
und 456,2174,51,20
der 533,2173,45,21
weiten 604,2173,93,21
Verbreitung 715,2170,171,26
Sulzerscher 914,2167,164,23
Pro¬ 1096,2167,61,20
dukte. 213,2205,87,21
<EOS>
Vortrag 333,2204,112,25
und 471,2204,51,20
Film 535,2203,68,21
wurden 617,2202,105,22
von 738,2206,51,17
der 814,2200,45,22
sehr 883,2200,59,21
zahlreich 958,2196,128,23
ver¬ 1101,2200,56,17
tretenen 213,2235,119,21
Zuhörerschaft 347,2234,202,22
herzlich 565,2233,114,21
verdankt. 694,2232,136,22
<EOS>
A. 1050,2228,31,20
<EOS>
L. 1098,2227,28,20
<EOS>
S.U. 217,2306,130,60
<EOS>
Sektion 373,2304,125,27
Bern 515,2305,79,25
<EOS>
<EOP>
Sitzung 373,2348,110,25
vom 498,2352,59,16
23. 573,2346,37,22
<EOS>
Februar 627,2346,116,21
1940. 762,2345,68,21
<EOS>
Im 274,2394,42,21
Rahmen 337,2394,118,20
der 478,2393,45,20
Wintervortragsreihe 544,2390,292,25
sprach 858,2388,94,27
Prof. 974,2388,69,22
<EOS>
Dr. 1065,2387,44,20
<EOS>
E. 1129,2386,29,20
<EOS>
Flechter 214,2423,175,23
(Zürich) 410,2421,115,27
über 548,2421,62,22
<EOS>
<EOP>
Griechische 277,2467,162,23
Architektur 456,2465,170,23
und 642,2466,53,21
ihr 710,2465,40,20
geometrisches 769,2463,200,28
Prinzip. 986,2462,110,26
<EOS>
Der 277,2500,52,19
Vortragende, 345,2497,183,26
der 546,2496,43,21
selbst 604,2494,81,22
bei 700,2494,42,21
Ausgrabungen 759,2493,206,26
in 981,2493,27,20
Griechen¬ 1024,2492,136,21
land 214,2530,60,21
mitgearbeitet 291,2527,194,27
hatte, 501,2526,81,24
war 599,2530,56,16
während 668,2524,123,21
26 807,2523,30,22
Jahren 853,2523,97,21
Professor 965,2522,136,21
für 1118,2521,43,21
Baugeschichte 213,2559,205,26
an 433,2562,37,16
der 484,2557,46,20
Technischen 544,2554,176,22
Hochschule 736,2554,161,21
in 913,2553,28,20
Stuttgart 957,2552,135,26
und 1107,2551,54,20
wurde 214,2591,87,21
1938 317,2589,60,22
an 393,2593,34,17
die 442,2588,40,22
ETH 496,2587,69,22
in 580,2587,26,22
Zürich 621,2586,92,22
berufen.1) 729,2585,136,24
<EOS>
<EOP>
Einleitend 277,2618,145,22
zeigte 433,2617,84,25
Prof. 529,2615,70,22
<EOS>
Fiechter, 612,2615,126,24
wie 752,2614,48,21
die 814,2613,40,21
Erbauer 867,2613,117,20
der 996,2612,45,20
griechi¬ 1052,2611,108,27
schen 214,2649,78,23
Tempel 306,2648,103,27
schon 423,2648,79,21
durch 514,2645,80,22
die 607,2645,39,22
Verwendung 657,2643,180,27
von 848,2648,51,16
gleichbemessenen 913,2642,248,27
Hausteinen 215,2679,161,23
nach 391,2678,66,20
Gesetzmässigkeit 473,2674,248,27
und 735,2674,52,21
Harmonie 801,2672,140,22
strebten. 956,2671,123,23
<EOS>
Aus¬ 1095,2671,66,21
gehend 215,2710,100,27
vom 333,2714,58,17
Tempelgrundriss 410,2705,239,29
wies 668,2704,62,21
er 749,2708,27,17
nach, 798,2703,72,24
wie 891,2702,48,21
durch 959,2702,80,21
Zusam¬ 1056,2701,105,21
menstellung 215,2740,173,25
einfacher 412,2737,132,22
geometrischer 570,2734,200,27
Figuren, 794,2733,120,26
wie 939,2731,47,22
Kreis 1011,2731,77,22
und 1111,2731,52,21
Quadrat, 215,2770,123,27
die 360,2769,40,21
Grundproportionen 421,2765,270,28
für 710,2764,44,21
den 774,2764,48,21
Bau 842,2763,55,20
gefunden 914,2762,128,27
werden 1060,2761,102,20
konnten. 216,2801,120,21
<EOS>
Diese 377,2799,77,21
einmal 478,2797,93,22
bestimmten 598,2794,166,23
Massverhältnisse 789,2791,242,22
wurden 1059,2791,103,20
dann 215,2831,69,21
auch 296,2830,66,22
Im 376,2829,35,21
Aufbau 423,2828,105,21
immer 541,2828,92,21
wieder 644,2824,95,22
verwendet, 752,2822,152,25
trotz 918,2822,68,21
der 1001,2823,44,19
histori¬ 1058,2820,103,22
schen 215,2861,79,22
Entwicklung 315,2858,183,26
zu 518,2863,31,14
immer 568,2857,92,20
schmaler 682,2854,127,22
aufstrebenden 832,2851,198,23
Bauten. 1054,2851,107,21
<EOS>
<EOP>
Nach 1194,122,74,20
den 1287,122,48,20
Forschungen 1352,122,184,25
von 1554,125,50,16
Frau 1622,121,70,20
Dr. 1709,121,44,20
<EOS>
Wolf 1769,120,70,21
er 1838,124,28,17
in 1883,120,26,21
Winterthur 1927,119,162,22
ist 2106,119,35,21
es 1195,157,28,16
vor 1234,157,47,16
allem 1294,152,75,21
das 1383,152,45,20
Verhältnis 1440,150,149,22
-der 1599,152,48,20
Seitenlänge 1659,150,165,26
zur 1835,155,47,16
Diagonale 1894,150,142,25
zweier 2049,149,92,21
aneinandergereihter 1195,182,285,25
Quadrate, 1495,180,137,26
das 1647,180,46,21
den 1708,181,47,20
Cellagrundriss 1771,179,205,27
und 1991,179,52,21
damit 2059,179,82,21
die 1195,213,39,20
Abmessungen 1251,212,196,25
des 1461,212,45,20
dorischen 1523,210,134,21
Tempels 1673,210,119,26
bestimmt. 1808,210,141,21
<EOS>
<EOP>
Prof. 1259,246,69,21
<EOS>
Fiechter 1341,245,120,21
zeigte 1473,245,84,26
sodann, 1571,245,103,23
wie 1687,244,50,21
es 1748,249,29,16
die 1788,244,41,20
Griechen 1842,244,124,21
verstanden, 1977,243,163,24
durch 1195,276,80,20
einfaches 1297,275,132,21
in 1451,275,26,20
Beziehung 1499,273,148,27
Setzen 1666,273,93,22
von 1776,279,50,15
Säulenabständen 1848,273,238,22
zu 2108,277,32,16
aufgereihten 1195,306,180,25
menschlichen 1402,304,190,22
Körpern 1610,304,118,26
einen 1755,303,75,21
ganzen 1856,308,100,21
Kanon 1974,304,93,19
von 2090,307,51,16
Ausdrucksformen 1195,336,251,20
der 1467,335,44,20
Tempelfassade 1531,334,209,26
aufzustellen. 1762,334,176,20
<EOS>
Die 1958,334,48,21
konvexe 2025,334,116,20
Biegung 1195,366,118,26
der 1335,366,45,20
horizontalen 1402,365,176,20
Bauteile 1601,363,117,21
endlich, 1741,362,106,26
sowie 1871,364,76,20
die 1971,363,39,23
Schräg¬ 2031,363,109,26
stellung 1195,395,114,27
der 1322,395,45,21
Säulen 1382,395,95,21
gab 1490,395,53,26
dem 1557,395,59,20
griechischen 1627,393,179,27
Tempel 1819,393,105,24
jene 1938,394,59,25
geschlos¬ 2012,393,128,26
sene 1196,431,60,15
Ganzheit, 1271,425,132,24
die 1420,425,41,20
wir 1475,424,49,21
bei 1538,423,42,22
den 1593,424,51,21
Bauten 1660,423,102,21
unserer 1775,428,108,16
Klassizisten 1898,422,170,22
ver¬ 2084,427,56,17
missen. 1195,456,104,21
<EOS>
<EOP>
In 1258,489,31,21
der 1307,489,44,22
anschliessenden 1372,489,223,21
Aussprache 1615,487,165,27
wurde 1799,487,87,20
vor 1903,491,48,15
allem 1969,487,77,19
durch 2063,485,79,21
Architekt 1196,518,138,23
K. 1350,520,30,20
<EOS>
HäuptU 1397,518,108,27
(Biel) 1525,518,78,26
rege 1622,522,61,22
über 1699,517,64,21
die 1779,516,40,22
Anwendungsmöglich- 1836,516,305,25
keiten 1196,549,87,20
dieser 1306,549,83,21
Baugeometrie 1410,548,195,26
auf 1628,548,47,20
die 1693,547,41,20
Architektur 1755,546,170,21
unserer 1946,550,106,16
Tage 2073,545,69,27
diskutiert. 1197,578,145,21
<EOS>
Gerade 1372,578,99,21
die 1488,578,40,21
neuen 1549,583,82,16
Baustoffe 1649,577,138,21
Eisenbeton 1807,576,156,21
und 1983,576,52,20
Stahl¬ 2057,576,84,21
skelett 1196,609,95,21
legen 1306,610,73,23
uns 1394,613,48,15
ja 1458,608,28,26
eine 1499,608,56,20
solche 1570,607,85,21
Anwendung 1670,607,170,25
nahe. 1853,606,73,21
<EOS>
-zl- 2064,606,45,20
<EOS>
<EOP>
Sft 1199,688,120,62
Zürcher 1360,687,134,27
Ingenieur- 1510,687,172,33
und 1701,687,62,26
Architekten-Verein 1781,685,326,29
• 1229,739,11,11
!• 1256,719,25,31
<EOS>
H. 1296,719,43,30
<EOS>
ProtokoU 1356,732,138,21
der 1508,732,47,21
8. 1569,731,23,22
<EOS>
Sitzung 1602,732,112,26
vom 1727,737,61,15
28. 1803,732,39,21
<EOS>
Februar 1851,732,120,20
1940 1985,731,63,21
Präsident 1257,784,140,22
Gradmann 1416,785,152,21
eröffnet 1591,785,115,20
die 1721,784,41,20
Sitzung 1779,784,108,26
vor 1910,789,48,15
einer 1980,783,71,20
zahl¬ 2073,782,71,21
reichen 1195,816,106,21
Zuhörerschaft. 1317,815,211,22
<EOS>
Das 1544,815,55,21
Protokoll 1609,814,134,22
der 1759,814,45,21
6. 1820,814,20,20
<EOS>
Sitzung 1853,814,109,26
vom 1971,819,61,15
31. 2043,813,36,21
<EOS>
Jan. 2087,813,58,21
<EOS>
1940 1197,846,59,21
wird 1278,846,67,20
stillschweigend 1366,845,220,27
genehmigt. 1608,844,159,27
<EOS>
MitteUungen 1797,844,183,26
sind 1995,843,58,21
keine 2068,842,77,22
zu 1196,881,33,16
machen, 1245,876,118,24
die 1385,875,42,22
Umfrage 1441,875,130,27
wird 1586,875,65,21
nicht 1666,874,74,21
benützt. 1754,874,115,21
<EOS>
Das 1899,873,55,20
Wort 1969,874,75,20
erhält 2058,872,87,22
Dr. 1195,908,45,19
<EOS>
sc. 1251,912,35,15
<EOS>
techn. 1296,907,86,20
<EOS>
h. 1392,906,24,21
<EOS>
c. 1428,911,21,16
<EOS>
F. 1465,906,29,20
<EOS>
Gugler, 1510,906,130,25
Baden, 1660,905,97,25
für 1772,904,45,21
seinen 1831,904,90,21
Vortrag 1930,903,116,27
<EOS>
<EOP>
Vom 1258,952,65,21
Bau 1339,952,57,20
des 1412,951,46,21
Kraftwerkes 1475,950,184,21
Reckingen. 1675,949,159,26
<EOS>
Zunächst 1257,989,133,21
erläuterte 1405,988,142,21
der 1562,988,46,20
Referent 1618,986,127,22
das 1759,987,49,21
Bauprojekt, 1818,986,170,27
das 2004,986,47,20
in 2062,985,27,20
der 2100,985,45,21
«SBZ» 1198,1019,91,21
vom 1305,1024,58,17
21. 1380,1019,36,21
<EOS>
Januar 1427,1019,102,21
1939 1539,1017,60,22
gezeigt 1614,1017,104,26
worden 1733,1018,104,19
ist, 1854,1017,42,24
wobei 1912,1016,82,20
er 2010,1021,28,14
beson¬ 2054,1016,91,19
ders 1197,1050,59,20
auf 1272,1050,49,20
die 1331,1050,41,19
Bodensondierungen 1383,1048,281,26
und 1678,1047,53,21
ihren 1747,1047,72,20
Einfluss 1830,1046,118,21
auf 1962,1046,48,21
die 2018,1046,42,20
Wahl 2070,1045,76,21
der 1196,1080,47,21
Baumethode 1268,1080,177,20
eintrat. 1472,1079,104,20
<EOS>
Die 1617,1078,48,20
anschliessenden 1687,1077,226,21
Ausführungen 1939,1075,206,26
Hessen 1197,1111,95,20
erkennen, 1308,1110,141,24
warum 1464,1113,101,16
die 1581,1108,41,21
Termine 1637,1107,121,22
des 1774,1107,45,20
Bauprogramms 1830,1107,224,26
(Abb. 2067,1105,78,24
<EOS>
9 1197,1140,15,21
bis 1227,1140,40,21
11, 1284,1140,36,27
Bd. 1336,1140,46,21
<EOS>
113, 1394,1140,51,24
S. 1461,1139,26,21
<EOS>
31) 1499,1139,39,24
nicht 1559,1139,73,20
ganz 1647,1142,68,22
eingehalten 1731,1137,166,26
werden 1911,1136,104,21
können: 2029,1135,116,22
die 1197,1171,42,20
Erschwerungen 1255,1170,226,25
durch 1504,1168,81,22
die 1608,1168,40,21
Mobilisation 1663,1167,179,22
tragen 1864,1167,96,26
die 1982,1166,42,21
Haupt¬ 2045,1166,100,25
schuld 1197,1201,92,21
daran. 1306,1201,90,20
<EOS>
Eine 1427,1200,66,20
gute 1508,1200,63,25
Auswahl 1587,1198,126,21
von 1727,1203,53,15
Dichtbildern 1794,1197,177,21
zeigte 1991,1195,87,28
den 2097,1195,50,21
Verlauf 1195,1231,113,20
der 1321,1231,47,20
Arbeiten, 1383,1229,132,25
und 1530,1229,55,21
zum 1598,1234,61,15
Schluss 1674,1229,108,20
gab 1796,1228,53,26
Dr. 1864,1228,45,19
<EOS>
Gugler 1920,1227,100,26
eine 2029,1226,58,20
Zu¬ 2097,1227,48,18
sammenstellung 1197,1261,236,25
einiger 1448,1260,99,25
besonderer 1558,1259,155,20
Erfahrungen: 1725,1257,198,27
Betonieren 1940,1256,155,22
bei 2107,1256,41,20
Frost, 1196,1291,87,24
Spundwandrammen 1295,1290,284,27
und 1591,1289,52,21
-Ziehen, 1654,1289,114,23
Druckluftarbeiten, 1780,1287,268,24
admi¬ 2064,1286,82,21
nistrative 1196,1320,140,22
Schwierigkeiten 1353,1319,232,27
des 1606,1319,46,20
Bauens 1666,1319,104,20
über 1792,1317,65,22
die 1880,1317,41,21
Landesgrenze. 1941,1317,206,25
<EOS>
<EOP>
Der 1257,1359,52,20
Präsident 1320,1358,140,21
verdankt 1470,1356,130,22
die 1616,1356,40,21
interessanten 1670,1356,194,21
Ausführungen 1874,1355,205,25
und 2094,1354,52,20
schliesst, 1197,1389,130,23
da 1344,1389,35,21
die 1393,1388,42,20
Gelegenheit 1449,1387,171,27
zur 1634,1392,47,14
Diskussion 1690,1385,161,22
nicht 1864,1385,76,21
benützt 1952,1384,108,21
wird, 2073,1383,73,25
die 1198,1419,42,21
Sitzung 1256,1419,112,26
um 1383,1423,45,15
10 1444,1418,28,20
h. 1488,1418,24,20
<EOS>
Der 1841,1416,53,20
Aktuar 1910,1415,104,21
: 2020,1420,5,16
A. 2041,1415,31,19
<EOS>
M. 2081,1415,34,19
<EOS>
<EOP>
Schweiz. 1200,1494,129,27
<EOS>
Genossenschaft 1344,1493,239,27
für 1597,1493,49,26
Luftschutzbauten, 1659,1491,283,31
T. 1957,1490,31,26
<EOS>
A. 1996,1489,35,27
<EOS>
D. 2043,1489,36,27
<EOS>
mit 2096,1490,51,25
Beratungstelle 1197,1533,230,36
für 1441,1535,49,26
Luftschutzbauten 1503,1533,276,27
der 1792,1532,53,27
Stadt 1858,1532,83,27
Zürich 1955,1532,101,26
Schweiz. 1200,1576,129,28
<EOS>
Verband 1339,1576,138,27
für 1496,1576,49,26
die 1566,1575,48,26
Materialprüfungen 1633,1574,302,34
der 1956,1573,51,26
Technik 2021,1571,126,28
<EOS>
<EOP>
94. 1596,1625,36,20
<EOS>
Tagung 1645,1624,110,25
EINFACHE 1398,1666,178,21
LUFTSCHUTZBAUTEN 1591,1663,361,24
Samstag, 1200,1705,131,26
16. 1347,1704,36,22
<EOS>
März, 1394,1704,82,25
9.15 1491,1703,52,22
<EOS>
h, 1560,1703,23,24
im 1600,1703,37,20
Auditorium 1653,1702,166,21
I 1836,1703,11,18
der 1864,1702,46,19
E.T.H., 1924,1700,113,25
<EOS>
Zürich 2053,1699,95,21
9.15 1215,1751,52,21
<EOS>
bis 1283,1750,39,21
10.00 1339,1750,66,20
<EOS>
h 1422,1750,17,20
: 1446,1755,4,15
AUgemetaes 1467,1748,176,27
über 1653,1748,65,20
Luftangriffe 1728,1747,182,26
auf 1924,1745,48,22
das 1986,1745,48,21
Hinter¬ 2044,1744,105,21
<EOS>
<EOP>
land. 1282,1780,68,21
<EOS>
Ref. 1374,1781,59,20
<EOS>
Arch. 1444,1780,77,20
<EOS>
G. 1531,1779,28,20
<EOS>
Schindler, 1571,1778,142,24
Techn. 1729,1777,93,20
<EOS>
Berater 1834,1775,109,22
der 1954,1776,47,21
Abteilung 2007,1775,144,26
für 1283,1811,45,20
passiven 1343,1809,123,28
Luftschutz 1481,1809,158,21
des 1657,1808,44,21
E. 1717,1808,29,20
<EOS>
M. 1754,1808,36,20
<EOS>
D. 1798,1808,30,20
<EOS>
10.00 1201,1848,66,22
<EOS>
bis 1283,1848,39,21
10.45 1339,1848,66,21
<EOS>
h 1422,1848,16,20
: 1447,1853,3,15
Experimentelle 1468,1847,218,27
und 1709,1845,51,21
theoretische 1783,1843,177,23
Grundlagen 1983,1843,167,26
<EOS>
<EOP>
zum 1282,1884,60,15
Bau 1358,1879,57,20
einfacher 1431,1878,133,20
Luftschutzräume. 1579,1875,256,22
<EOS>
Ref. 1858,1875,59,21
<EOS>
Dr. 1928,1875,44,21
<EOS>
A. 1985,1873,30,21
<EOS>
Voellmy, 2025,1872,124,26
Abteilungsvorsteher 1284,1908,293,27
der 1593,1908,45,20
E. 1654,1908,29,20
<EOS>
M. 1692,1907,34,20
<EOS>
P. 1736,1905,27,21
<EOS>
A. 1773,1906,30,20
<EOS>
10.45 1201,1947,67,22
<EOS>
bis 1284,1947,40,21
11.00 1341,1946,67,21
<EOS>
h: 1424,1946,30,21
Pause. 1471,1946,93,20
<EOS>
11.00 1202,1985,67,21
<EOS>
bis 1284,1985,41,21
11.30 1341,1984,67,21
<EOS>
h: 1423,1984,30,21
Gasschutz 1471,1983,145,21
in 1637,1982,27,20
Luftschutzräumen. 1679,1980,273,22
<EOS>
Ref. 1984,1980,58,21
<EOS>
Dr. 2058,1980,45,19
<EOS>
H. 2118,1979,32,20
<EOS>
<EOP>
Gessner, 1285,2014,120,24
Abteilungsvorsteher 1422,2013,291,27
der 1728,2012,45,19
E. 1788,2012,30,19
<EOS>
M. 1827,2011,35,20
<EOS>
P. 1871,2011,27,19
<EOS>
A. 1909,2010,31,19
<EOS>
11.30 1202,2052,69,21
<EOS>
bis 1284,2052,42,21
12.00 1340,2052,69,21
<EOS>
h: 1422,2051,31,21
Die 1467,2051,49,21
gesetzlichen 1531,2050,176,27
Grundlagen 1720,2048,167,25
für 1902,2046,45,21
den 1962,2046,51,21
Bau 2024,2046,58,21
ein¬ 2097,2046,54,20
<EOS>
<EOP>
facher 1284,2083,92,20
Luftschutzräume. 1388,2080,253,22
<EOS>
Ref. 1663,2079,56,21
<EOS>
H. 1731,2079,31,20
<EOS>
Siegwart 1774,2078,130,25
vom 1914,2082,61,15
Luftschutz- 1983,2076,167,20
Inspektorat 1286,2112,169,27
Zürich. 1470,2111,101,21
<EOS>
12.00 1205,2151,65,21
<EOS>
bis 1286,2150,41,21
12.30 1343,2149,67,21
<EOS>
h 1425,2149,18,20
: 1449,2154,6,16
Allgemeine 1472,2147,160,26
Uebersicht 1643,2145,155,22
über 1814,2145,64,21
die 1894,2145,41,20
verschiedenen 1950,2144,202,21
<EOS>
<EOP>
Typen 1287,2181,89,25
einfacher 1387,2178,134,22
Luftschutzräume. 1530,2176,257,22
<EOS>
Ref. 1803,2175,58,21
<EOS>
Dipl. 1872,2175,67,26
<EOS>
Ing. 1950,2174,57,27
<EOS>
O. 2016,2174,29,21
<EOS>
Zaugg, 2053,2173,98,27
Vorsitzender 1286,2209,186,23
des 1488,2208,44,21
T. 1547,2208,28,19
<EOS>
A. 1584,2207,30,21
<EOS>
D. 1624,2208,30,19
<EOS>
15.00 1205,2248,67,22
<EOS>
bis 1287,2248,41,20
16.00 1344,2247,67,21
<EOS>
h: 1427,2247,28,20
Besichtigung 1472,2245,189,27
der 1676,2245,46,20
Ausstellung 1737,2243,172,25
für 1924,2242,45,21
Duftschutz¬ 1984,2241,168,21
<EOS>
<EOP>
bauten 1287,2278,98,21
am 1400,2282,44,15
Helvetiaplatz, 1454,2275,201,27
Zürich. 1671,2273,100,22
<EOS>
Führung 1797,2273,125,26
O. 1940,2272,26,21
<EOS>
Zaugg. 1978,2272,99,26
<EOS>
16.00 1206,2316,67,22
<EOS>
bis 1288,2316,40,20
18.00 1344,2314,67,22
<EOS>
h: 1427,2314,29,20
Diskussion 1480,2312,156,22
im 1659,2312,36,21
Schulhaus 1719,2311,146,21
Kanzleistrasse 1888,2309,212,22
56, 2115,2308,36,25
<EOS>
<EOP>
II. 1288,2345,33,21
<EOS>
Stock, 1334,2344,86,24
Soldatenstube. 1438,2343,209,23
<EOS>
Der 1205,2392,54,21
Vorsitzende 1273,2389,170,23
des 1242,2421,47,22
T. 1304,2421,27,21
<EOS>
A. 1340,2421,31,20
<EOS>
D. 1380,2421,29,20
<EOS>
<EOP>
Schweiz. 1517,2388,123,22
<EOS>
Genossenschaft 1651,2386,223,23
für 1537,2418,45,21
Luftschutzbauten 1595,2416,256,23
<EOS>
<EOP>
Der 1947,2386,55,20
Präsident 2015,2384,140,21
des 1946,2416,46,21
S. 2010,2416,24,20
<EOS>
V. 2043,2416,29,20
<EOS>
M. 2082,2416,34,19
<EOS>
T. 2125,2416,26,19
<EOS>
<EOP>
i) 273,2910,14,22
Leider 301,2908,83,20
ist 397,2908,31,17
Prof. 441,2907,62,18
<EOS>
Flechter 513,2906,106,18
schon 631,2904,70,20
1939 713,2903,46,19
wieder 770,2902,84,19
zurückgetreten. 863,2901,198,22
<EOS>
Red. 1085,2899,56,19
<EOS>
<EOP>
srrzuNGS- 1210,2497,204,30
und 1432,2496,87,29
vortrags-kalender 1538,2493,452,31
Zur 1207,2552,43,17
Aufnahme 1267,2549,127,19
ln 1411,2548,25,18
diese 1455,2548,62,18
Aufstellung 1535,2546,147,23
müssen 1698,2547,93,18
die 1809,2546,38,19
Vorträge 1865,2545,112,21
(sowie 1998,2545,78,20
auch 2094,2543,56,19
nachträgliche 1207,2572,167,22
Aenderungen) 1390,2570,173,22
bis 1582,2570,35,18
spätestens 1635,2570,128,22
jeweils 1780,2568,86,23
Donnerstag 1882,2568,142,20
früh 2040,2565,55,19
der 2110,2565,40,18
Redaktion 1209,2596,127,19
mitgeteilt 1353,2593,121,22
sein. 1493,2593,56,19
<EOS>
13. 1208,2635,37,21
<EOS>
März 1253,2633,75,22
(Mittwoch): 1346,2631,173,27
B. 1534,2631,29,21
<EOS>
I. 1572,2631,19,20
<EOS>
A. 1601,2631,31,20
<EOS>
Basel. 1643,2630,84,21
<EOS>
20.15 1759,2629,67,21
<EOS>
h 1842,2628,17,21
im 1881,2628,37,20
Braunen 1938,2627,121,21
Mutz. 2073,2624,81,22
<EOS>
Lichtbildervortrag 1253,2662,268,26
von 1541,2666,50,15
Prof. 1613,2660,69,21
<EOS>
Dr. 1694,2661,44,20
<EOS>
L. 1749,2659,28,22
<EOS>
Birchler 1788,2658,118,22
(Zürich): 1924,2655,129,27
«Par¬ 2077,2655,77,20
thenon, 1253,2695,104,24
Pantheon 1374,2692,137,22
und 1526,2691,52,22
Hagia 1594,2691,88,26
Sofia». 1698,2690,95,22
<EOS>
13. 1207,2733,38,20
<EOS>
März 1252,2731,75,22
(Mittwoch): 1345,2729,171,27
Z. 1532,2729,27,21
<EOS>
I. 1566,2729,21,21
<EOS>
A. 1594,2729,32,20
<EOS>
Zürich. 1637,2727,102,22
<EOS>
20.15 1769,2726,69,21
<EOS>
h 1847,2725,19,22
im 1880,2725,37,21
Hörsaal 1926,2723,116,22
22c 2050,2722,50,23
des 2110,2722,46,22
<EOS>
<EOP>
Eidg. 1253,2762,75,27
<EOS>
Physikgebäudes. 1339,2759,240,29
<EOS>
Vortrag 1603,2758,115,27
von 1738,2761,52,17
Prof. 1805,2755,70,22
<EOS>
Dr. 1887,2755,43,20
<EOS>
F. 1941,2754,29,21
<EOS>
Tank 1982,2753,75,22
: 2064,2758,8,16
«Die 2093,2753,63,22
Technik 1253,2791,115,22
der 1383,2791,46,22
Millionstel 1444,2790,151,22
Sekunde». 1610,2787,142,23
<EOS>
14.März 1210,2830,118,22
<EOS>
(Donnerstag): 1348,2828,203,26
Sektion 1582,2825,109,23
Genf 1711,2824,68,22
des 1801,2824,46,21
S.I.A. 1870,2821,93,23
<EOS>
Baustellen¬ 1994,2820,161,23
<EOS>
<EOP>
besuch 1255,2860,96,22
des 1372,2859,45,21
Kraftwerkes 1438,2857,183,23
Verbois. 1636,2855,116,22
<EOS>
Abfahrt 1777,2852,116,23
des 1908,2852,46,22
Gesellschaft- 1969,2851,187,22
wagens 1255,2895,107,21
15.45 1378,2889,68,21
<EOS>
bei 1460,2888,43,21
der 1517,2888,47,20
Post 1577,2887,66,20
(rue 1659,2886,61,25
du 1734,2885,36,21
Stand). 1784,2883,106,25
<EOS>
<EOS>
<EOP>
