2229,2995
16. 75,76,36,22
<EOS>
März 127,77,73,22
1940 216,78,60,21
SCHWEIZERISCHE 769,78,298,21
BAUZËITUNG 1090,77,221,22
Anzeigenseite 1780,75,198,28
5 1999,76,15,22
<EOS>
<EOP>
m 389,378,39,39
# 481,377,42,41
> 143,419,5,9
<EOS>
<EOP>
m 339,783,28,27
:: 140,825,3,6
<EOS>
<EOP>
¦ 158,822,1,1
<EOS>
<EOP>
: 186,852,2,8
1 133,870,50,57
<EOS>
<EOP>
¦ 866,454,1,1
<EOS>
<EOP>
¦; 875,456,3,5
<EOS>
:' 915,451,3,10
im. 875,465,75,49
<EOS>
f'"-' 959,477,27,17
y 991,482,7,7
<EOS>
fife 1032,476,25,18
<EOS>
<EOP>
oj 811,814,46,34
<EOS>
<EOP>
Bundeshaus 1655,194,314,42
<EOS>
<EOP>
Bern 1849,263,118,42
<EOS>
<EOP>
Neue 1159,513,181,59
Uhrenzentrale 1385,512,490,62
<EOS>
<EOP>
FAAG 122,1127,904,240
FABRIK 121,1386,235,47
ELEKTRISCHER 395,1387,508,49
APPARATE 935,1390,360,47
A.6. 1328,1389,136,48
<EOS>
- 1499,1414,19,9
NEUENBURG 1554,1389,411,49
<EOS>
<EOP>
e* 306,1685,45,32
»V 347,1667,42,36
\#z 383,1654,64,32
&K 623,1637,68,47
<EOS>
<EOP>
A 681,1667,45,36
FHPOLIN 405,1716,288,85
<EOS>
<EOP>
««> 720,1686,39,32
Ä 750,1701,38,34
<EOS>
<EOP>
die 182,1919,53,26
anerkannt 252,1919,181,26
beste 450,1918,97,26
Lackfarbe 566,1919,176,26
der 759,1919,59,25
Welt 834,1919,82,27
<EOS>
<EOP>
Hochglänzend 369,1965,200,30
und 589,1965,50,25
Matt 660,1965,64,25
<EOS>
<EOP>
Generalvertreter 372,2040,165,17
für 548,2040,29,16
die 589,2040,28,16
Schweiz: 632,2040,89,17
C. 229,2071,30,26
<EOS>
HASSIG, 279,2066,140,36
St. 438,2073,37,24
<EOS>
Albanvorstadt 489,2072,204,24
12, 705,2073,36,26
BASEL 759,2071,109,26
<EOS>
<EOP>
HOTEL 476,2250,144,22
HABIi-BOYAL 206,2296,683,48
<EOS>
<EOP>
Bahnhofplatz 452,2364,193,25
ZÜRICH 409,2415,275,43
RESTAURANT 112,2488,297,22
SITZUNGSZIMMER 584,2488,399,22
<EOS>
<EOP>
SWF 317,2588,161,47
Elektrozüge 498,2588,327,52
org.schaie 859,2607,138,30
<EOS>
Ortsfest 351,2649,94,20
und 458,2649,42,18
fahrbar 514,2648,87,20
mit 615,2649,34,18
und 664,2649,42,19
ohne 721,2648,58,19
Keinsteuerung 794,2648,170,24
<EOS>
<EOP>
150 500,2676,33,18
bis 546,2675,33,19
10000 593,2676,61,18
kg 663,2675,26,23
Tragkraft 706,2675,110,23
CUI 321,2715,74,22
E 399,2715,22,21
Süddeutsche 442,2714,154,23
Waggon- 613,2714,111,28
unii 741,2714,46,22
Förderanlagen- 808,2714,187,28
« 320,2744,28,18
w 354,2740,37,20
¦ 399,2736,12,24
Fabrik 488,2745,78,23
G. 583,2745,23,23
<EOS>
m. 616,2749,29,19
<EOS>
b. 654,2745,22,23
<EOS>
H. 685,2745,25,23
<EOS>
& 721,2745,15,22
Co., 745,2744,46,28
<EOS>
Miindien 808,2744,103,24
25 921,2746,30,21
<EOS>
<EOP>
Generalvertreter 453,2789,196,19
für 660,2789,33,19
die 706,2789,35,18
Schweiz: 754,2788,109,20
FRITZ 323,2815,94,26
SCHREIBER, 433,2816,211,30
Dipl.-Ing., 659,2815,172,31
<EOS>
THHLWIL 844,2816,152,27
a. 323,2855,18,14
<EOS>
Landstr. 356,2850,100,19
<EOS>
141 469,2850,30,19
Tel. 856,2851,44,18
<EOS>
9210 914,2852,53,18
66 974,2852,23,18
<EOS>
<EOP>
<tAattsO? 1330,1665,435,82
<EOS>
v, 1452,1775,58,55
z 1316,1801,32,26
\ 1376,1850,28,76
*w 1359,1926,74,37
2 1423,2048,52,75
/ 1290,2053,31,27
Sa 1225,2090,53,46
A 1235,2186,32,62
<EOS>
<EOP>
m 1217,2392,49,40
<EOS>
<EOP>
vm 1282,2576,106,50
<EOS>
<EOP>
dafür 1498,1959,62,20
zu 1578,1964,26,15
sorgen, 1625,1964,86,21
dass 1731,1958,54,21
Dich 1802,1958,51,21
ein 1873,1959,34,19
Unfall 1499,2002,68,20
finanziell 1588,2002,106,20
nicht 1717,2002,58,20
aus 1796,2007,40,15
dem 1858,2002,50,20
Gleichgewicht 1499,2045,166,25
bringt. 1683,2046,73,24
<EOS>
Die 1775,2046,38,19
Unfall¬ 1830,2046,78,19
versicherung 1498,2089,151,25
garantiert 1671,2089,115,25
während 1805,2089,101,20
'der 1486,2123,49,28
Dauer 1551,2131,70,20
der 1636,2132,39,19
Arbeitsunfähigkeit 1690,2131,217,26
ein 1497,2174,34,21
bestimmtes 1541,2175,134,20
Taggeld, 1682,2175,102,25
bei 1792,2176,35,19
Ganz¬ 1835,2175,72,20
oder 1497,2219,52,20
Teilinvalidität 1555,2219,159,21
das. 1723,2220,44,23
<EOS>
vereinbarte 1772,2220,134,19
Kapital 1498,2261,97,26
oder 1618,2265,54,18
eine 1692,2263,49,20
Rente 1760,2263,81,20
und 1863,2264,42,19
im 1497,2307,25,18
Todesfall 1546,2306,131,21
die 1706,2307,35,20
vertragliche 1766,2306,139,26
Versicherungssumme. 1495,2350,260,26
<EOS>
Nähere 1765,2350,85,20
An¬ 1862,2351,43,19
gaben 1494,2394,72,23
bereitwillig 1583,2393,126,25
durch 1726,2393,66,20
<EOS>
<EOP>
.ZURICH 1527,2510,258,67
<EOS>
<EOP>
„Zu 1494,2681,46,21
ri 1549,2683,17,18
ch" 1575,2683,45,18
Allgemeine 1626,2682,138,23
Unfall-und 1775,2683,130,19
Haftpflicht 1494,2716,125,23
-Versicherungs 1628,2718,190,23
- 1827,2727,8,4
A.-6. 1842,2718,63,18
<EOS>
Direktion: 1494,2765,121,20
Mythenquai 1628,2766,141,24
2, 1779,2768,17,19
Zürich2 1808,2767,96,19
<EOS>
<EOP>
