2254,2981
23. 79,61,38,22
<EOS>
März 137,60,74,22
1940 232,59,61,22
SCHWEIZERISCHE 768,52,296,23
BAUZËITUNG 1085,50,218,22
133 1974,42,42,22
<EOS>
<EOP>
INHALT: 131,142,126,20
Ostern 281,141,83,19
— 377,152,23,2
im 412,141,31,17
Schatten 456,141,108,18
von 576,144,44,13
morgen. 632,143,101,17
<EOS>
— 754,148,22,3
Das 795,138,47,18
neue 854,141,57,13
Bürger¬ 925,137,98,20
liche 74,174,57,19
Waisenhaus, 141,173,158,20
Bern. 312,172,66,18
<EOS>
— 392,181,23,3
50 431,171,23,18
Jahre 462,170,71,19
Verband 540,169,108,20
Schweiz. 656,168,107,20
<EOS>
Transportanstalten. 770,165,252,24
<EOS>
<EOP>
— 75,215,22,3
Mitteilungen 115,204,162,21
: 281,207,7,14
Aluminium-Sand- 300,201,222,19
und 533,201,49,17
Kokillenguss. 588,200,175,21
<EOS>
Eine 786,198,57,18
Hängebrücke 854,196,170,22
bei 75,235,36,18
Sedgwick, 123,233,127,23
Maine 262,233,76,18
U. 350,233,27,18
<EOS>
S. 384,232,22,18
<EOS>
A., 415,232,33,20
<EOS>
und 468,230,48,19
ihre 535,231,50,18
Fundation. 605,229,139,19
<EOS>
Weltgewinnung 775,226,200,23
an 994,230,30,13
Eisen 75,265,70,18
und 153,264,47,18
Stahl 213,262,65,19
1938 285,262,47,18
und 340,262,47,18
1939. 395,262,53,18
<EOS>
Elektrische 468,261,142,18
Messung 618,261,109,20
von 738,263,44,14
Geleiseverwerfun¬ 794,255,230,21
<EOS>
<EOP>
gen. 1068,139,51,17
<EOS>
Eidg. 1143,133,68,22
<EOS>
Technische 1218,132,139,19
Hochschule. 1367,131,150,19
<EOS>
Vom 1545,130,56,19
Technikum 1613,130,140,17
Winterthur. 1765,127,153,20
<EOS>
Stras- 1942,127,73,17
sentunnel 1069,163,122,19
unter 1202,163,68,18
der 1282,163,40,17
«Burg 1334,162,76,22
Uri» 1421,162,53,17
in 1487,161,23,18
Bellinzona. 1522,161,141,17
<EOS>
Persönliches. 1686,158,167,19
<EOS>
Wiederauf¬ 1872,156,143,20
nahme 1068,195,83,18
des 1163,193,41,19
Schweiz. 1216,193,105,19
<EOS>
Luftverkehrs. 1330,191,173,19
<EOS>
— 1515,202,21,1
Literatur. 1549,190,126,18
<EOS>
<EOP>
Mitteilungen 1125,224,164,20
der 1302,223,42,17
Vereine. 1350,222,105,18
<EOS>
Sitzungs- 1126,253,116,22
und 1255,252,46,18
Vortrags-Kalender. 1314,251,245,23
<EOS>
Band 77,340,90,36
115 196,343,62,31
Der 505,340,39,18
S. 556,340,20,18
<EOS>
I. 584,340,12,16
<EOS>
A. 604,339,25,18
<EOS>
Ist 642,339,24,17
für 678,339,30,16
den 721,337,41,19
Inhalt 776,336,64,18
des 852,335,38,18
redaktionellen 903,334,163,19
Teils 1080,333,49,18
seiner 1142,337,70,14
Vereinsorgane 1223,332,166,21
nicht 1403,329,56,19
verantwortlich 1470,329,161,19
<EOS>
<EOP>
Nachdruck 326,363,123,20
von 461,368,41,13
Text 514,362,46,19
oder 572,362,51,18
Abbildungen 636,360,146,24
ist 797,359,23,19
nur 833,364,37,13
mit 883,358,34,18
Zustimmung 929,357,139,22
der 1081,356,37,18
Redaktion 1132,355,110,18
und 1256,354,43,19
nur 1312,358,37,14
mit 1361,354,35,17
genauer 1408,357,93,19
Quellenangabe 1516,351,176,22
gestattet 1704,351,97,22
<EOS>
<EOP>
Nr. 1902,324,53,36
<EOS>
12 1976,328,40,31
Ostern 77,433,125,34
— 218,455,44,3
im 274,436,47,30
Schatten 338,433,156,33
von 511,445,66,19
morgen 594,441,138,29
Eine 135,487,67,21
Zeitschrift 227,486,153,22
für 404,485,45,21
akademisch 476,483,168,23
Gebildete 669,481,134,22
verschiedener 828,480,197,22
Fakultäten 76,522,161,20
muss 252,525,72,16
sinngemäss 340,519,164,26
bestrebt 520,516,116,23
sein, 651,516,63,25
dem 725,516,58,21
einzelnen 799,515,132,21
Leser 946,515,79,20
die 76,555,42,20
vielfach 142,555,115,20
vorhandenen 281,555,184,21
Scheuklappen 490,551,197,26
des 714,550,45,21
Spezialistentums 782,548,243,28
etwas 78,588,82,21
auseinander 176,588,173,21
zu 367,593,33,15
biegen, 419,587,102,26
den 535,586,51,20
Blick 605,585,77,20
auf 703,584,48,21
die 770,583,41,21
benachbarten 830,582,196,22
WissensgebieteMi 77,621,267,27
richten, 358,621,109,24
zu 483,625,32,15
weiten, 531,620,99,23
und 647,618,52,21
von 715,623,51,16
den 781,617,50,21
persönlichen 845,616,182,27
materiellen 77,655,163,21
Wissensinteressen 256,655,260,21
gelegentlich 531,652,174,29
auf 725,652,47,21
das 787,651,47,21
Geistige 851,650,115,26
ab¬ 982,650,44,21
zulenken. 78,690,134,20
<EOS>
Dass 237,690,69,20
dies 322,689,55,21
einem 398,687,85,22
Bedürfnis 498,687,141,21
entspricht, 657,685,151,27
zeigt 824,684,72,26
die 910,684,42,21
Tat¬ 965,684,62,21
sache, 79,723,85,25
dass 180,724,61,19
der 262,723,46,20
Leserkreis 328,722,150,21
der 500,721,44,21
«SBZ», 566,721,96,24
die 684,720,42,21
diesen 747,720,87,20
allgemeinen 854,717,173,28
Richtlinien 78,756,157,22
treu 250,757,58,20
zu 323,761,33,16
bleiben 373,755,99,21
bestrebt 482,755,118,21
ist, 615,754,42,25
trotz 671,754,69,21
der 756,754,46,20
vielen 816,754,84,21
Jüngern 915,752,112,26
^technischen 64,787,182,39
SpezialZeitschriften 261,789,284,28
nichts 560,788,87,21
eingebüsst 664,787,150,27
hat. 823,787,54,21
<EOS>
Zu 892,787,37,20
diesen 940,787,88,20
Richtlinien 78,824,158,21
gehört, 251,825,101,26
dass 369,825,61,20
auch 445,823,68,21
wir 527,823,48,20
an 591,827,35,15
weltgeschichtlichen 640,820,282,28
Ereig¬ 937,820,90,26
nissen 79,858,89,21
wie 186,859,50,20
dem 257,859,59,20
tragischen 335,858,154,27
Schicksal 508,857,137,22
des 665,857,46,19
heldenhaften 732,853,185,23
Volkes 930,853,99,22
der 80,892,44,21
Finnen, 141,892,107,25
das 260,892,47,21
vor 323,897,46,17
den 380,892,50,21
Augen 441,892,92,24
der 547,891,46,20
grossen 603,894,110,22
europäischen 724,889,187,25
Kultur¬ 921,887,107,21
staaten 80,926,106,21
der 202,927,45,20
brutalen 257,925,121,22
Uebermacht 390,925,178,21
des 584,925,44,20
Bolschewismus 644,922,217,22
zum 876,926,60,16
Opfer 947,922,82,25
fallen 80,959,83,21
musste, 175,960,109,25
nicht 299,958,74,22
achtlos 392,959,102,21
vorübergehen 510,958,195,26
können. 720,957,111,20
<EOS>
Macht 857,956,90,20
geht 966,955,64,25
vor 80,998,47,15
Recht 141,993,85,21
— 240,1005,31,3
diese 285,994,70,20
neue 375,997,65,16
Bestätigung 461,991,177,27
alter 657,991,66,21
geschichtlicher 744,990,218,27
Er¬ 981,989,48,20
fahrung 80,1027,116,26
muss 212,1032,72,16
wirklich 294,1027,119,21
zum 426,1032,59,14
Nachdenken 494,1025,177,21
stimmen, 684,1024,130,24
schon 829,1024,81,21
gar 925,1028,50,21
als 991,1023,39,20
Ostergabe 81,1061,147,26
der 243,1062,47,19
Vorsehung. 304,1061,162,25
<EOS>
<EOP>
Da 141,1095,41,20
glauben 196,1094,114,26
wir, 324,1095,54,24
vielen 395,1094,85,21
unserer 490,1099,109,15
denkenden 610,1093,151,20
Leser 771,1093,79,20
einige 866,1091,85,27
weg¬ 962,1096,68,21
weisende 80,1127,128,22
Betrachtungen 224,1128,213,26
bieten 452,1129,87,20
zu 555,1133,32,14
können 606,1127,103,20
durch 724,1125,81,22
den, 821,1126,56,22
vom 892,1130,61,16
Ver¬ 968,1124,62,21
lag 81,1162,47,25
frdl. 148,1162,60,22
<EOS>
gestatteten 224,1162,163,27
(auszugsweisen) 413,1161,234,26
Abdruck 671,1160,126,21
eines 820,1159,70,21
Kapitels 914,1157,117,27
aus 84,1201,47,15
ten 155,1195,58,22
so 236,1201,29,17
zeitgemässen 288,1195,190,28
Buche 501,1195,88,22
des 615,1195,45,21
Holländers 683,1193,156,22
J. 862,1194,23,19
<EOS>
Huizinga 901,1191,130,27
«Im 84,1230,54,20
Schatten 155,1229,126,22
von 295,1235,51,16
morgen»1)- 361,1229,155,27
Er 542,1230,37,20
scheint 594,1228,102,22
uns 713,1234,50,15
zur 777,1232,48,16
Weltlage 839,1226,128,26
wie 983,1226,49,20
zum 83,1268,60,16
Osterfest 159,1264,132,21
zu 305,1268,32,16
passen 352,1268,96,22
und 463,1263,54,21
lautet 532,1262,84,22
wie 630,1263,48,20
folgt: 695,1262,81,27
<EOS>
<EOP>
Ausblick 146,1312,134,27
Diagnose 144,1354,133,27
wagten 286,1355,106,26
wir 406,1354,48,20
unsre 464,1358,78,16
Uebersicht 557,1352,155,22
kritischer 725,1351,139,21
Symptome 881,1351,151,27
zu 85,1394,31,14
nennen. 132,1393,108,16
<EOS>
Prognose 260,1389,133,24
ist 409,1387,36,21
für 460,1387,43,21
die 519,1387,41,20
Folgerungen, 576,1387,189,26
die 782,1385,40,21
jetzt 837,1385,66,26
noch 918,1384,67,21
zu 1000,1389,33,16
ziehen 85,1422,90,20
sind, 191,1422,66,25
ein 273,1422,42,21
zu 329,1427,33,15
kühnes 377,1421,101,21
Wort. 493,1422,80,20
<EOS>
Keine 594,1420,81,21
drei 689,1420,56,21
Schritte 761,1419,114,21
reicht 890,1419,84,20
der 989,1418,45,20
Blick 85,1455,74,22
voraus. 175,1461,104,16
<EOS>
Die 304,1455,48,21
Aussicht 368,1455,126,21
ist 514,1455,35,21
in 570,1455,26,20
Nebel 616,1454,82,21
gehüllt. 717,1453,107,27
<EOS>
Das 849,1454,55,19
einzige, 925,1451,107,27
was 85,1494,56,16
lÖMrigbleibt, 152,1483,166,32
ist 329,1489,34,21
ein 374,1488,42,22
Abwägen 427,1488,133,27
gewisser 572,1488,124,26
Chancen, 705,1488,129,23
die 845,1487,41,20
Annahme 896,1486,137,21
gewisser 86,1523,125,27
Möglichkeiten. 225,1522,213,27
<EOS>
<EOP>
Ist 147,1558,39,19
noch 202,1558,66,19
Platz 289,1557,74,21
für 383,1557,44,20
einen 443,1556,74,21
hoffnungsvollen 538,1556,231,26
Schluss 785,1554,106,22
nach 906,1554,68,21
der 989,1554,46,20
Aufzählung 86,1590,170,27
so 270,1596,29,16
vieler 312,1591,79,20
und 407,1591,52,20
so 475,1596,29,15
ernster 521,1591,102,20
Erscheinungen 638,1589,215,26
der 868,1589,45,20
Verwir¬ 923,1588,111,21
rung 85,1630,70,21
und 169,1626,54,19
Schwächung? 238,1624,196,26
<EOS>
Diesen 461,1625,95,20
Platz 570,1624,76,21
gibt 665,1623,59,27
es 742,1628,28,15
immer, 784,1622,101,24
die 899,1622,42,21
Hoff¬ 956,1621,79,22
nung 86,1663,72,22
und 174,1659,52,20
das 246,1659,47,21
Vertrauen 309,1659,146,20
sind 476,1659,57,20
nie 553,1658,42,20
verboten. 611,1657,132,22
<EOS>
Aber 768,1656,69,21
es 859,1661,27,15
ist 907,1656,35,21
nicht 962,1654,73,22
leicht, 87,1692,86,25
diesen 191,1693,86,20
Platz 293,1692,74,22
einzunehmen. 383,1692,193,21
<EOS>
<EOP>
Ja, 147,1726,41,25
— 204,1737,31,2
wer 249,1732,53,15
sich 318,1726,56,22
zu 388,1731,32,16
der 441,1727,47,20
Lehre 506,1726,83,21
vom 605,1731,61,15
«Sein» 687,1725,91,22
über 798,1725,65,20
dem 884,1724,59,20
«Ver¬ 958,1723,77,20
stehen» 87,1759,106,22
bekennt, 213,1760,121,25
der 350,1761,45,20
kann 416,1760,71,21
behaupten, 506,1759,154,26
sein 682,1759,56,20
Volk 753,1758,67,22
lebe 840,1759,56,20
nicht 917,1756,73,22
in 1009,1757,27,20
Untergangsstimmungen, 86,1793,355,28
sondern 467,1794,112,21
sei 599,1793,39,21
auf 666,1793,48,21
dem 742,1792,59,21
Weg 826,1792,66,25
zu 911,1797,33,15
herr¬ 964,1791,71,20
licher 87,1828,81,20
Entfaltung 184,1828,160,26
seiner 359,1828,84,20
Kräfte. 459,1827,101,21
<EOS>
Für 584,1826,53,21
ihn 652,1826,46,21
triumphiert 713,1825,168,27
in 895,1825,26,21
all 937,1825,37,21
den 988,1825,48,20
Erscheinungen, 88,1861,220,27
die 325,1862,41,21
uns 381,1866,49,16
bedenklich 451,1861,153,21
scheinen, 624,1860,128,24
der 770,1860,44,20
Geist, 830,1859,79,25
dem 931,1859,57,21
er 1009,1864,28,15
dient. 89,1896,79,22
<EOS>
Für 191,1896,54,21
uns 257,1901,51,17
aber 323,1897,63,20
entsteht 401,1895,117,22
die 533,1895,41,21
Frage: 590,1895,98,26
und 707,1894,52,20
wenn 775,1899,76,15
denn 869,1893,67,20
Wohl¬ 951,1892,86,21
fahrt, 87,1930,81,25
Ordnung, 185,1930,133,26
Gesundheit, 334,1930,167,23
ja 516,1929,29,26
sogar 561,1934,80,20
Eintracht 655,1928,138,21
sich 806,1928,56,20
in 877,1926,27,20
der 914,1927,46,19
Welt 969,1926,69,20
wiederherstellen 88,1963,238,22
sollten, 350,1963,100,25
aber 473,1963,63,21
dieser 559,1962,84,21
Geist 665,1962,72,21
an 760,1967,34,15
der 814,1961,45,20
Herrschaft 881,1958,157,22
bliebe, 89,1997,90,26
wäre 195,1996,71,23
dann 281,1998,70,20
die 367,1997,40,21
Kultur 422,1997,96,21
gerettet? 533,1996,132,28
<EOS>
<EOP>
Wir 149,2031,56,21
wissen 218,2032,95,21
es 329,2036,28,17
: 364,2036,6,16
diese 387,2031,69,21
Welt 467,2030,68,21
von 545,2035,51,16
heute 612,2029,78,22
kann 705,2029,73,22
nicht 793,2029,73,21
zurück 881,2028,98,20
auf 991,2028,48,20
ihrem 88,2066,84,21
Weg. 189,2066,70,27
<EOS>
Es 280,2066,37,21
wurde 332,2066,88,21
uns 435,2070,50,16
unmittelbar 500,2064,170,21
bewusst, 686,2062,121,26
als 824,2062,39,22
wir 879,2062,47,21
an 941,2067,35,16
das 991,2062,47,21
Werk 88,2100,80,21
der 190,2101,45,19
Wissenschaft, 257,2100,194,23
Philosophie 474,2097,166,26
und 659,2096,54,22
Kunst 735,2096,88,22
dachten. 842,2096,119,21
<EOS>
Der 987,2096,53,20
Gedanke, 89,2133,129,24
die 230,2134,40,21
formschaffende 281,2133,224,22
Kraft, 516,2132,87,24
sie 615,2131,37,21
müssen 666,2130,107,22
unverzagt 782,2129,145,27
weiter¬ 937,2129,101,22
gehen 90,2167,84,26
auf 190,2167,46,21
dem 252,2168,58,21
Weg, 326,2167,73,28
den 415,2167,49,21
der 480,2167,46,20
Geist 541,2165,74,22
sie 633,2166,37,21
zu 686,2170,33,16
gehen 735,2165,84,26
zwingt. 839,2163,104,27
<EOS>
Aber 969,2163,71,21
nicht 90,2200,73,23
anders 185,2200,94,23
ist 299,2201,36,22
es 356,2206,28,17
mit 407,2201,50,22
der 478,2201,45,21
Technik 544,2200,116,21
und 680,2200,53,20
ihrem 755,2199,83,21
riesenhaften 861,2197,179,22
Mechanismus 91,2235,193,22
und 299,2235,52,21
mit 367,2235,49,21
dem 435,2236,59,20
ganzen 511,2239,101,22
ökonomischen, 628,2234,209,24
sozialen 853,2232,114,22
und 986,2232,54,21
politischen 90,2268,156,27
Apparat. 260,2270,127,26
<EOS>
Es 406,2269,39,21
ist 460,2269,36,21
undenkbar, 510,2267,161,27
dass 687,2268,61,21
man 764,2272,62,17
durch 841,2267,83,21
ein 938,2266,43,21
ge¬ 996,2271,43,21
wolltes 91,2302,100,22
Eingreifen 207,2302,152,28
den 378,2304,50,20
alles 448,2303,65,21
durchdringenden 529,2302,242,26
Mechanismus 787,2300,193,22
der 996,2300,45,20
WissensvefSfeitung, 91,2329,291,35
d. 399,2338,23,19
<EOS>
h. 433,2337,24,21
<EOS>
des 478,2337,44,21
Volksunterrichts, 538,2336,249,23
der 809,2335,45,21
Presse, 875,2335,100,23
der 996,2333,45,21
Bücherproduktion 91,2370,260,27
beschränken 372,2371,181,21
wollte 576,2371,88,20
oder 686,2370,63,20
könnte, 770,2368,106,26
oder 897,2368,63,20
dass 980,2367,61,21
man 92,2408,63,16
neue 174,2409,66,16
Möglichkeiten 260,2404,203,25
des 487,2405,45,20
Verkehrs, 553,2403,139,24
der 716,2404,46,20
Technik 784,2401,116,23
und 920,2402,52,20
der 996,2401,46,20
Nutzbarmachung 94,2437,249,27
der 358,2438,45,21
Natur 418,2438,86,21
hindern 520,2438,109,21
wollte 644,2437,87,22
oder 747,2438,61,20
könnte. 825,2436,104,21
<EOS>
<EOP>
Und 152,2471,62,21
trotzdem 228,2470,129,23
: 363,2477,7,16
dieser 384,2471,86,22
Ausblick 479,2471,127,22
auf 621,2471,47,22
eine 682,2471,59,21
ihrer 751,2471,71,21
eigenen 834,2471,109,26
Dyna¬ 954,2471,87,24
mik 93,2504,56,21
überlassene 163,2504,166,22
Kulturwelt, 345,2505,164,25
auf 526,2506,46,20
eine 587,2504,56,22
immer 660,2505,92,21
noch 767,2505,66,21
steigende 849,2504,133,27
Be¬ 994,2504,47,20
herrschung 94,2537,161,28
der 267,2539,44,20
Natur 322,2538,85,21
und 417,2539,52,20
stets 481,2539,65,20
vollständigere 554,2538,203,27
und 768,2538,53,21
unmittelbarere 829,2538,213,21
Publizität 94,2571,143,22
alles 251,2571,65,22
Geschehenden, 331,2571,208,26
ist 555,2572,36,21
viel 605,2572,52,21
eher 676,2573,62,20
ein 755,2573,41,19
Schreckbild, 812,2571,174,24
als 1002,2571,41,21
dass 95,2607,61,20
es 173,2611,28,16
das 221,2605,48,22
Versprechen 286,2604,178,28
einer 484,2605,71,21
gereinigten, 576,2605,169,27
wiederhergestellten 761,2605,281,26
und 94,2640,53,21
erhöhten 162,2639,127,22
Kultur 304,2639,97,21
in 416,2638,27,21
sich 458,2639,57,21
enthielte. 530,2639,132,21
<EOS>
Es 682,2640,37,20
erweckt 734,2640,115,20
nur 864,2644,50,15
Vorstel¬ 928,2639,114,21
lungen 93,2674,97,27
von 206,2679,49,16
unerträglicher 272,2672,210,28
Ueberladung 501,2673,186,26
und 707,2674,53,19
von 776,2678,50,15
Sklaverei 847,2672,135,23
des 997,2673,46,20
Geistes. 95,2707,108,23
<EOS>
Seit 230,2708,55,22
geraumer 306,2711,138,23
Zeit 462,2706,57,21
bedrückt 539,2705,127,22
uns 688,2712,48,15
die 752,2707,40,20
Voraussicht 809,2706,171,22
mit 995,2706,49,21
der 95,2742,46,20
bangenSFrage: 156,2741,222,28
ist 398,2741,37,21
der 455,2740,46,21
Kulturprozess, 516,2740,210,26
den 743,2741,49,20
wir 808,2742,48,19
erleben, 876,2740,110,24
ein 1002,2740,42,21
solcher 96,2776,100,21
der 211,2775,46,22
Barbarisierung? 273,2775,235,27
<EOS>
<EOP>
') 153,2824,14,22
Im 185,2824,33,18
Schatten 235,2824,108,19
von 359,2828,42,14
morgen, 418,2827,101,19
eine 535,2822,50,19
Diagnose 602,2821,114,23
des 733,2822,40,19
kulturellen 788,2821,139,20
Leidens 946,2821,98,19
unserer 96,2853,95,16
Zeit. 197,2850,56,19
<EOS>
Von 264,2851,49,18
J. 325,2851,23,18
<EOS>
Huizinga. 356,2849,120,22
<EOS>
Bern-Leipzig, 489,2848,171,22
1935 671,2847,46,20
im 728,2848,32,18
Gotthelf-Verlag 771,2848,198,21
(Jetzt 979,2848,66,21
Christi. 95,2877,93,19
<EOS>
Vereinsbuchhandlung, 195,2875,279,24
ZUrich). 487,2874,99,23
<EOS>
<EOP>
Unter 1128,412,83,22
Barbarisierung 1233,411,217,26
kann 1471,411,71,20
man 1562,415,63,15
einen 1645,409,75,20
Kulturprozess 1740,408,201,26
ver¬ 1958,411,57,17
stehen, 1068,448,100,24
bei 1191,448,41,19
dem 1253,446,58,21
eine 1333,445,56,22
erreichte 1412,445,128,21
geistige 1564,443,111,28
Situation 1698,441,132,22
von 1851,447,51,14
hohem 1923,440,94,21
Wert 1070,482,70,21
allmählich 1149,480,152,22
überwuchert 1310,479,182,22
und 1501,478,53,22
verdrängt 1565,477,144,26
wird 1717,476,65,21
durch 1792,476,83,20
Elemente 1883,474,135,21
von 1069,522,51,15
niedrigerem 1135,515,173,27
Gehalt. 1325,513,101,21
<EOS>
Man 1452,513,63,20
kann 1530,512,72,21
die 1622,511,41,21
Frage 1678,511,86,26
offen 1781,511,73,19
lassen, 1874,510,94,23
ob 1985,508,31,19
die 1070,550,41,21
Träger 1121,549,99,27
des 1234,549,45,20
höheren 1295,548,114,21
und 1418,547,53,20
des 1482,547,45,20
niedrigeren 1538,545,163,26
Elementes 1711,543,148,22
notwendig 1869,542,149,25
als 1072,585,38,20
Elite 1120,583,69,22
und 1204,583,53,21
Masse 1267,583,89,20
einander 1366,580,124,22
gegenüberstehen 1499,578,243,28
müssen. 1750,577,114,22
<EOS>
Jedenfalls 1874,577,144,20
muss 1071,623,72,15
man, 1158,622,70,20
um 1242,621,44,16
diese 1302,616,70,21
Polarität 1383,614,130,22
behaupten 1527,613,148,25
zu 1685,618,31,14
können, 1728,612,109,24
die 1849,611,41,20
Begriffe 1901,610,117,26
Elite 1071,652,69,21
und 1155,651,52,20
Masse 1223,651,88,20
von 1326,654,51,16
ihrer 1392,649,69,21
sozialen 1472,648,114,21
Basis 1599,647,76,21
loslösen 1690,646,113,21
und 1818,645,53,20
sie 1886,644,38,21
ledig¬ 1938,643,80,26
lich 1071,686,53,21
als 1139,685,40,20
Geisteshaltungen 1195,683,246,27
auffassen. 1459,682,144,21
<EOS>
So 1630,681,34,20
hat 1679,680,48,21
es 1742,684,28,16
ja 1790,679,29,26
auch 1838,678,70,21
Ortega 1921,677,99,26
y 1072,725,17,20
Gasset 1105,719,95,22
in 1215,719,26,20
seiner 1257,718,85,20
«Rebeliôn 1359,715,138,22
de 1513,716,30,21
las 1560,716,39,20
masas» 1615,720,104,15
gemeint3). 1735,711,149,29
<EOS>
<EOP>
Aus 1131,761,58,20
der 1204,760,47,21
Vergangenheit 1264,758,213,28
ist 1490,758,37,20
uns 1545,761,50,17
eigentlich 1615,755,142,28
nur 1775,759,52,17
ein 1847,754,42,21
Beispiel 1908,752,112,27
von 1072,801,51,15
allgemeiner 1139,793,167,27
und 1327,793,51,20
gründlicher 1400,792,166,27
Barbarisierung 1587,789,216,26
gut 1825,788,48,26
bekannt: 1891,787,129,21
der 1073,830,45,20
Untergang 1133,830,156,24
der 1304,827,46,21
antiken 1366,826,106,22
Kultur 1483,825,94,21
im 1588,825,36,20
römischen 1633,823,148,22
Reich. 1796,822,88,21
<EOS>
Die 1900,820,47,22
Ver- 1957,821,63,21
gleichung 1073,863,139,27
wird 1227,861,65,20
aber, 1308,862,70,24
wie 1387,860,50,21
wir 1445,859,49,22
zu 1504,864,33,16
Beginn 1547,859,101,26
schon 1662,859,82,20
andeuteten, 1759,856,165,24
durch 1940,854,83,22
eine 1073,897,57,21
grosse 1151,902,91,21
Verschiedenheit 1257,894,231,22
der 1508,894,45,20
Umstände 1574,892,144,22
erschwert. 1738,890,148,22
<EOS>
Erstens 1911,889,110,21
erfüllt 1074,930,90,23
der 1179,931,45,20
ältere 1240,930,82,20
Kulturprozess 1338,929,201,24
eine 1554,926,57,21
Zeitspanne 1621,926,157,26
von 1792,929,52,17
beinah 1856,924,96,21
fünf 1961,921,61,23
Jahrhunderten. 1074,964,217,22
<EOS>
Ferner 1301,964,99,19
wurde 1406,962,90,21
er 1503,966,29,15
kompliziert 1538,959,167,27
durch 1710,959,84,21
Erscheinungen, 1799,958,222,25
die 1074,999,41,20
uns 1129,1002,50,17
jetzt 1197,997,66,27
fernzuliegen 1278,996,179,26
scheinen. 1472,994,129,22
<EOS>
Die 1626,994,48,20
innere 1695,993,87,20
Barbarisierung 1804,991,218,25
der 1074,1034,46,19
antiken 1140,1032,111,21
Welt 1265,1030,69,22
wurde 1349,1030,88,21
mitbedingt 1457,1028,157,26
durch 1635,1028,80,20
folgende 1735,1026,122,26
drei 1877,1024,55,22
Fak¬ 1952,1024,69,22
toren: 1074,1067,87,21
erstens 1182,1066,102,20
durch 1305,1064,82,21
ein 1402,1064,42,20
Erstarren 1459,1063,140,21
der 1617,1063,45,19
Funktionen 1678,1060,166,22
des 1859,1060,47,20
Staats¬ 1920,1058,102,22
organismus 1075,1099,165,28
mit 1256,1099,48,20
der 1319,1099,46,19
Folge 1380,1098,80,25
eines 1476,1097,70,21
Zerfalls 1561,1096,111,21
der 1691,1096,45,20
Grenzen 1752,1095,117,20
und 1884,1092,52,21
einer 1953,1093,69,20
Vorherrschaft 1075,1133,203,23
einströmender 1300,1131,207,22
fremder 1529,1130,115,21
Völker; 1664,1129,109,24
zweitens 1795,1128,123,21
durch 1941,1125,82,22
ein 1076,1168,42,21
Zurücksinken 1138,1166,194,22
des 1353,1165,46,21
wirtschaftlichen 1419,1163,233,22
Lebens 1672,1163,100,21
auf 1793,1162,47,21
ein 1860,1161,42,21
Niveau 1923,1161,100,20
von 1075,1207,52,16
geringer 1146,1201,121,26
Intensität; 1284,1199,153,24
drittens 1459,1198,110,21
durch 1590,1197,81,21
das 1692,1197,47,20
Aufkommen 1755,1196,177,21
einer 1953,1194,71,21
höheren 1076,1235,114,21
Religionsform, 1211,1233,210,27
für 1445,1232,46,21
die 1515,1231,42,20
die 1582,1231,40,21
alte 1642,1231,54,20
Kultur 1715,1230,96,21
zum 1833,1234,60,16
grossen 1915,1232,110,21
Teil 1076,1269,55,21
gleichgültig 1145,1267,172,28
wurde 1333,1267,89,21
und 1437,1267,52,20
die 1505,1266,41,21
mit 1562,1265,48,21
ihrer 1622,1264,70,21
straffen 1708,1263,115,21
Organisation 1838,1262,187,27
die 1077,1303,41,21
Macht 1138,1302,91,21
zur 1250,1306,45,16
Regelung 1311,1301,136,26
des 1469,1300,44,20
Geisteslebens 1532,1299,191,21
übernahm. 1743,1297,152,21
<EOS>
Sowohl 1921,1295,103,22
der 1076,1338,48,20
technische 1137,1335,150,23
Verfall 1302,1334,101,22
als 1418,1334,40,21
die 1478,1334,43,21
religiöse 1535,1333,122,27
Erhebung 1670,1332,144,24
sind 1832,1330,59,21
im 1910,1329,38,21
heu¬ 1961,1330,64,20
tigen 1077,1371,73,26
Kulturprozess 1165,1370,202,25
noch 1382,1368,67,21
nicht 1464,1367,74,21
oder 1552,1367,61,21
kaum 1631,1366,80,20
wahrzunehmen. 1726,1365,223,21
<EOS>
<EOP>
Das 1138,1412,53,20
Bollwerk 1223,1411,129,20
ihrer 1383,1410,70,20
technischen 1483,1408,166,22
Vollendung 1680,1406,164,26
und 1873,1405,52,21
ihrer 1956,1405,70,20
wirtschaftlichen 1078,1444,235,22
und 1338,1444,54,20
politischen 1413,1443,155,27
Leistungskraft 1591,1440,216,27
sichert 1827,1438,98,23
unsre 1946,1443,78,17
Kultur 1079,1479,95,21
keineswegs 1205,1478,160,26
gegen 1397,1482,83,21
Barbarisierung. 1510,1474,224,26
<EOS>
Denn 1775,1475,74,19
all 1880,1473,36,21
dieser 1943,1472,83,22
Mittel 1080,1513,87,21
kann 1190,1513,72,20
sich 1284,1512,57,20
auch 1363,1511,70,21
die 1455,1510,40,22
Barbarei 1516,1508,126,23
bedienen. 1660,1509,133,20
<EOS>
Barbarei, 1823,1506,134,25
mit 1977,1505,50,22
dieser 1079,1548,83,20
Perfektion 1184,1545,155,22
verbunden, 1361,1545,157,24
wird 1541,1543,65,21
nur 1629,1548,50,15
um 1698,1548,45,15
so 1766,1547,30,15
kräftiger 1819,1541,131,25
und 1972,1539,53,22
um 1085,1587,44,15
so 1148,1585,28,15
tyrannischer. 1193,1580,190,26
<EOS>
<EOP>
Ein 1139,1618,51,21
Beispiel 1204,1618,113,26
einer 1333,1616,71,21
aussergewöhnlich 1419,1614,257,28
hohen 1688,1614,87,21
technischen 1789,1613,168,21
Lei¬ 1971,1610,58,22
stung 1080,1654,80,24
von 1169,1657,52,16
nützlichster 1235,1651,170,22
und 1420,1650,53,21
heilsamster 1483,1649,165,21
Wirkung, 1658,1648,135,26
die 1804,1646,41,21
nichtsdesto¬ 1855,1645,172,22
weniger 1080,1687,115,25
durch 1211,1686,80,20
Nebenwirkungen 1301,1684,245,26
den 1562,1683,49,21
Gehalt 1622,1682,94,21
der 1726,1681,47,22
Kultur 1780,1681,95,21
zu 1884,1685,33,16
schwä¬ 1928,1679,99,21
chen 1081,1720,66,21
droht, 1168,1720,83,22
bildet 1273,1719,82,21
das 1378,1719,47,20
Radio. 1447,1718,91,21
<EOS>
Niemand 1563,1716,129,21
bezweifelt 1715,1715,144,22
nur 1880,1718,51,17
einen 1953,1713,77,21
Augenblick 1081,1753,164,28
den 1261,1753,50,21
eminenten 1326,1753,148,20
Wert 1488,1752,73,20
dieses 1582,1751,84,20
neuen 1681,1754,84,16
Instruments 1785,1748,175,22
gei¬ 1975,1746,54,28
stigen 1081,1787,87,27
Verkehrs: 1184,1787,144,21
das 1349,1786,46,20
Rettungszeichen, 1411,1784,245,27
Musik 1676,1782,88,22
und 1784,1781,52,22
Nachrichten 1853,1781,177,22
für 1082,1822,43,20
den 1140,1822,50,20
Einsamen 1210,1820,140,22
an 1372,1825,33,16
abgelegenen 1425,1819,178,26
Orten 1623,1818,81,21
— 1728,1827,26,3
man 1775,1820,61,16
braucht 1857,1815,112,22
die 1989,1814,40,21
Segnungen 1083,1856,157,25
des 1256,1853,44,22
Radio 1316,1853,83,22
nur 1420,1858,50,15
aufzuzählen. 1484,1852,181,21
<EOS>
Trotzdem 1687,1850,138,22
bedeutet 1845,1848,122,22
das 1982,1848,48,21
Radio 1082,1888,83,21
als 1180,1888,40,21
Mitteilungsorgan 1229,1886,248,27
in 1492,1886,28,20
seiner 1534,1886,87,20
täglichen 1630,1884,134,27
Funktion 1772,1883,135,21
in 1919,1881,28,21
man¬ 1957,1886,72,16
cher 1083,1923,61,20
Hinsicht 1159,1920,124,22
eine 1297,1921,57,20
Regression 1369,1919,159,27
zu 1545,1924,32,16
einer 1593,1919,70,21
unzweckmässigeJK-Form 1678,1913,351,30
der 1083,1957,44,20
Gedankenübertragung. 1143,1954,329,26
<EOS>
Dies 1499,1953,62,21
betrifft 1579,1952,106,22
nicht 1704,1951,73,21
die 1792,1951,42,20
anerkannten 1849,1949,181,22
Uebel 1083,1991,82,20
des 1180,1990,46,20
vulgären 1235,1989,129,26
Radiogebrauchs 1375,1986,230,28
: 1611,1991,7,16
das 1633,1985,48,22
Zuhören 1691,1984,119,22
ohne 1824,1985,68,20
Andacht, 1902,1982,129,25
die 1084,2024,40,21
geschwätzige 1140,2023,193,26
Flatterhaftigkeit, 1349,2020,253,26
die 1619,2018,40,22
den 1670,2019,49,21
Betrieb 1729,2018,103,22
zu 1845,2024,31,14
einer 1887,2018,71,20
Ver¬ 1968,2017,62,21
geudung 1084,2058,122,26
von 1220,2062,52,16
Klang 1287,2057,89,26
und 1390,2056,54,21
Geist 1458,2055,74,21
erniedrigt. 1547,2053,151,27
<EOS>
Das 1720,2053,55,20
Radio 1791,2051,82,22
ist, 1893,2051,43,25
abge¬ 1952,2051,79,25
sehen 1084,2092,80,20
von 1178,2096,52,16
diesen 1249,2090,90,22
nicht 1358,2090,74,21
unvermeidlichen 1450,2087,238,23
GebrecherjjÉeine 1702,2079,228,38
verzö¬ 1943,2084,89,22
gerte 1085,2126,73,27
und 1178,2125,52,21
beschränkte 1253,2123,174,22
Form 1448,2123,79,21
der 1550,2123,46,20
Wissensaufnahme. 1616,2120,267,22
<EOS>
Für 1908,2119,54,21
das 1985,2119,47,21
Tempo 1084,2160,98,25
unsrer 1192,2163,93,17
Zeit 1295,2158,56,21
ist 1358,2157,36,21
das 1405,2158,46,20
gesprochene 1461,2156,177,28
Wort 1645,2155,75,22
viel 1726,2154,51,22
zu 1786,2159,33,16
weitschweifig. 1827,2152,206,26
<EOS>
Lesen 1085,2194,83,20
ist 1182,2193,36,21
die 1235,2193,43,20
feinere 1296,2192,100,21
Kulturfunktion. 1411,2189,227,23
<EOS>
Der 1665,2189,52,20
Geist 1738,2189,73,20
nimmt 1831,2186,96,22
lesend 1946,2186,89,21
viel 1085,2228,51,20
schneller 1151,2227,129,21
auf, 1300,2226,54,24
er 1375,2230,29,16
wählt 1418,2223,81,22
andauernd, 1520,2223,159,25
er 1700,2228,28,15
spannt 1749,2222,98,27
sich 1866,2221,57,21
an, 1942,2226,42,19
er 2005,2225,28,16
überspringt, 1085,2261,175,26
er 1276,2265,29,16
pausiert 1318,2259,120,27
und 1452,2258,52,21
denkt 1520,2257,81,21
nach: 1621,2256,81,22
tausend 1720,2256,112,22
Geistesbewe¬ 1848,2255,186,22
gungen 1086,2300,104,22
in 1207,2294,27,22
einer 1255,2294,70,21
Minute, 1346,2293,106,23
die 1469,2292,41,21
dem 1532,2292,57,20
Hörenden 1611,2291,137,20
versagt 1764,2289,109,27
sind. 1893,2289,66,21
<EOS>
Ein 1985,2287,50,22
Verfechter 1085,2328,155,22
der 1255,2327,45,22
Verwendung 1315,2327,182,26
von 1510,2330,53,17
Radio 1582,2324,83,22
und 1679,2324,53,22
Film 1748,2324,67,21
im 1830,2322,36,22
Unterricht 1882,2322,153,22
malte 1086,2363,82,21
unter 1179,2363,77,20
dem 1263,2362,59,21
Titel 1329,2361,69,22
«The 1408,2360,69,22
decline 1488,2359,100,23
of 1599,2360,29,20
the 1639,2359,46,22
written 1694,2358,106,22
word» 1809,2358,87,20
mit 1907,2356,50,21
freu¬ 1964,2356,71,21
diger 1087,2397,73,27
Zuversicht 1175,2395,152,22
eine 1342,2394,57,22
nahe 1414,2394,69,22
Zukunft 1493,2394,117,22
aus, 1625,2398,54,19
wo 1691,2399,39,14
das 1746,2393,48,20
Kind 1808,2392,69,20
mit 1888,2389,48,22
Abbil¬ 1946,2389,89,22
dung 1087,2432,71,26
und 1173,2431,52,20
Vortrag 1235,2430,116,25
erzogen 1367,2433,110,22
wird. 1493,2427,72,23
<EOS>
Es 1581,2428,36,21
wird 1632,2427,66,22
ein 1714,2426,42,22
gewaltiger 1770,2425,155,28
Schritt 1936,2423,100,23
zur 1087,2470,48,16
Barbarei 1148,2463,127,23
sein. 1289,2464,65,21
<EOS>
Es 1368,2464,37,20
gibt 1420,2462,58,27
kein 1492,2462,63,21
besseres 1567,2462,120,20
Mittel, 1699,2460,95,25
der 1808,2460,47,20
Jugend 1869,2459,105,25
das 1988,2459,48,19
Denken 1087,2499,108,21
abzugewöhnen, 1212,2497,216,28
sie 1439,2496,38,21
kindisch 1493,2495,119,22
zu 1627,2499,32,17
erhalten 1675,2494,119,21
und 1806,2493,52,21
sie 1869,2493,38,21
überdies 1917,2492,119,22
wahrscheinlich 1087,2532,217,22
rasch 1319,2531,77,21
und 1411,2530,53,22
gründlich 1479,2529,137,28
zu 1632,2533,32,16
langweilen. 1679,2527,163,27
<EOS>
<EOP>
Barbarei 1148,2572,127,23
kann 1289,2573,72,20
zusammengehen 1377,2571,236,26
mit 1628,2570,50,22
hoher 1694,2569,81,22
technischer 1790,2568,162,22
Voll¬ 1968,2567,68,20
kommenheit, 1088,2607,185,24
sie 1289,2607,38,21
kann 1342,2607,71,20
ebensogut 1429,2605,143,26
zusammengehen 1583,2603,237,27
mit 1835,2602,49,21
allgemein 1899,2599,137,28
<EOS>
<EOP>
2) 1144,2666,17,20
«Der 1175,2664,60,17
Aufstand 1247,2663,117,18
der 1377,2663,41,18
Massen», 1429,2663,111,18
von 1556,2665,44,15
Jose 1613,2661,55,18
Ortega 1681,2660,83,21
y 1770,2664,15,17
Oasset, 1794,2659,86,20
früher 1892,2657,82,18
Pro¬ 1982,2657,54,18
fessor 1089,2691,76,17
der 1173,2691,40,17
Metaphysik 1222,2689,146,22
in 1381,2689,23,18
Madrid. 1413,2688,98,19
<EOS>
Stuttgart 1532,2686,119,23
1932, 1659,2686,53,21
Deutsche 1725,2685,114,18
Verlagsanstalt. 1847,2683,191,22
<EOS>
Aus 1090,2719,45,16
dem 1148,2717,51,17
Inhalt 1212,2716,78,18
: 1298,2720,4,14
Analyse 1327,2715,99,22
des 1438,2715,41,17
Massenmenschen 1491,2713,215,19
; 1715,2717,5,16
Energie 1743,2710,99,23
und 1855,2710,47,19
Trägheit 1914,2709,110,23
; 2032,2714,5,17
Primitivismus 1089,2743,180,18
und 1280,2742,48,18
Technik 1341,2742,103,17
; 1451,2746,5,14
die 1481,2741,37,17
Barbarei 1530,2739,112,19
des 1654,2739,41,18
Spezialistentums 1707,2737,215,23
u. 1933,2741,22,14
<EOS>
s. 1962,2741,18,13
<EOS>
f. 1988,2736,17,18
<EOS>
— 2016,2746,22,3
<EOS>
<EOP>
«Wer 1090,2769,65,18
sich 1166,2769,49,17
angesichts 1227,2768,133,21
irgend 1373,2767,81,22
eines 1466,2767,63,18
Problems 1542,2765,120,19
mit 1674,2765,42,18
den 1728,2764,44,19
Gedanken 1784,2763,124,19
zufrieden 1919,2762,120,19
gibt, 1090,2796,57,21
die 1160,2795,36,18
er 1209,2799,25,14
ohne 1246,2794,59,19
weiteres 1317,2794,107,19
in 1437,2794,23,17
seinem 1472,2793,86,18
Kopf 1571,2791,63,22
vorfindet, 1645,2791,125,20
gehört 1788,2790,82,22
intellektuell 1885,2788,154,20
zur 1089,2826,41,14
Masse. 1149,2822,81,17
<EOS>
Elite 1256,2820,61,19
dagegen 1337,2820,103,22
ist 1461,2819,30,18
derjenige, 1511,2818,126,22
der 1657,2818,41,17
gering 1715,2817,83,22
schätzt, 1815,2817,94,18
was 1928,2819,48,15
Ihm 1992,2815,47,19
mühelos 1090,2847,104,18
zufällt, 1206,2846,89,22
und 1314,2846,47,19
nur 1380,2851,45,13
seiner 1441,2846,78,17
würdig 1537,2844,91,22
erachtet, 1639,2843,109,21
was 1762,2847,47,14
über 1823,2842,54,18
ihm 1889,2842,47,18
ist 1947,2841,33,19
und 1991,2841,47,20
mit 1091,2874,41,17
einem 1145,2874,73,17
neuen 1230,2877,73,14
Ansprung 1317,2873,125,21
erreicht 1455,2870,100,20
werden 1566,2870,92,19
muss.» 1670,2874,83,14
<EOS>
<EOS>
<EOP>
