2229,2995
Anzeigenseite 219,68,197,27
8 435,69,16,22
SCHWEIZERISCHE 919,70,299,24
BAUZBETUNG 1240,71,221,23
16. 1951,69,37,22
<EOS>
Märas 2007,69,76,23
1940 2101,70,61,22
<EOS>
<EOP>
o 301,145,234,180
% 804,142,93,89
<EOS>
<EOP>
^# 895,238,23,16
m 927,242,15,13
<EOS>
<EOP>
: 467,505,4,4
-y-- 485,499,25,8
<EOS>
<EOP>
mm 587,451,123,36
<EOS>
<EOP>
¦ 1137,348,1,1
¦¦¦. 1145,348,18,5
<EOS>
<EOS>
<EOP>
¦ 1218,346,1,1
<EOS>
<EOP>
- 1233,348,3,2
St 1130,346,38,40
,mr 1179,352,67,35
,mm 1275,372,53,19
mtÈËimi 1361,369,117,23
m- 1519,361,62,30
' 1632,373,0,2
¦<¦--¦ 1656,371,42,14
m*' 1720,368,60,23
ä^ 1802,367,71,22
.¦¦¦¦¦¦.. 1139,391,35,10
<EOS>
¦ 1199,397,1,2
<EOS>
<EOP>
¦¦ 1273,393,3,3
<EOS>
<EOP>
<EOS>
<EOP>
¦¦ 1307,392,3,3
i.. 1317,394,14,9
<EOS>
<EOS>
is 1394,387,5,16
¦¦¦¦¦¦ 1420,394,12,6
: 1444,392,4,11
¦, 1465,398,12,5
<EOS>
<EOP>
¦ 1573,397,1,2
<EOS>
<EOP>
- 1683,399,3,2
<EOS>
<EOP>
¦¦' 1704,392,9,3
.' 1736,389,6,13
<EOS>
i 1052,404,16,40
1 1110,411,10,33
<EOS>
<EOP>
y 1926,381,17,19
<EOS>
<EOP>
ir 824,599,89,101
alle.Brudäuft 941,584,641,132
<EOS>
:u)em?m;. 1607,583,522,111
<EOS>
-r--.: 336,655,37,10
<EOS>
<EOP>
<EOS>
.." 550,935,13,19
<EOS>
>::>'•". 261,947,99,26
<EOS>
¦"'*¦• 366,948,34,19
<EOS>
<EOP>
ë 258,1156,20,32
<EOS>
<EOP>
WÊÊÊMm 259,1268,83,20
V 277,1306,40,33
.'.•^T*-J 326,1303,119,39
<EOS>
:îï:s 242,1335,49,27
ymm 328,1335,117,28
<EOS>
<EOP>
¦ 247,1386,1,1
•r* 792,1378,26,12
<EOS>
<EOP>
J 374,1477,34,100
> 1314,1516,97,71
* 319,1506,26,26
<EOS>
<EOP>
„*" 1762,1610,34,22
<EOS>
<EOP>
¦ 902,1694,1,1
<EOS>
<EOP>
V«, 244,1825,22,15
'53 284,1823,48,17
<EOS>
JL 306,1835,17,12
•£ 324,1835,13,12
<EOS>
<EOP>
*.'. 952,1904,25,17
<EOS>
S* 625,1926,46,21
Ö 312,1938,25,19
<EOS>
<EOP>
¦.{U 1082,2145,39,17
<EOS>
<EOP>
«üSs 1226,2162,52,31
5? 1185,2178,43,28
<EOS>
«**?•'* 1233,2178,109,28
<EOS>
<EOP>
1 1057,2466,67,153
A 1197,2466,90,154
f 1526,2467,72,153
X 1687,2468,115,152
L 1356,2559,43,62
à 1419,2565,41,56
<EOS>
<EOP>
Du 1249,2655,86,38
is 1346,2660,49,35
bu 1403,2659,73,35
rg 1492,2667,58,42
Ingenieur-Bureau 246,2803,434,43
H. 708,2806,46,33
<EOS>
VERSELL, 771,2806,238,43
WALLISELLEN-ZÜRICH, 1035,2808,588,41
Eigenheimstrasse 1650,2810,445,42
6 2114,2812,23,32
<EOS>
<EOP>
Çruck 661,2902,76,25
von 748,2907,44,15
JEAN 805,2902,75,21
FREY, 893,2905,85,21
A.G., 986,2904,62,22
<EOS>
ZÜRICH. 1056,2904,114,20
<EOS>
— 1179,2914,23,4
Imprimé 1211,2905,106,24
par 1329,2910,42,19
S.A. 1383,2906,49,18
<EOS>
JEAN 1441,2906,75,18
FREY, 1528,2906,85,21
ZURICH. 1622,2906,115,19
<EOS>
<EOS>
<EOP>
