2254,2981
16. 101,85,38,23
<EOS>
März 154,86,75,21
1940 243,86,61,21
SCHWEIZERISCHE 818,84,298,22
BAUZËITUNG 1135,83,218,22
127 1994,79,43,23
<EOS>
<EOP>
SI 1052,160,48,24
<EOS>
<EOP>
ta 793,345,33,32
<EOS>
<EOP>
«B 546,550,32,26
*r*. 540,601,38,12
<EOS>
<EOP>
¥* 812,653,30,18
<EOS>
<EOP>
y&Ht 728,741,78,34
?v 574,762,32,30
<EOS>
*? 525,760,25,21
<EOS>
*?> 251,822,23,21
<EOS>
<EOP>
HBGb 772,909,158,54
« 101,994,34,33
<EOS>
<EOP>
Abb. 101,1086,57,18
<EOS>
12. 170,1086,30,18
<EOS>
Juncal-GIetscher, 224,1086,221,21
im 456,1085,32,19
Dezember 500,1086,122,18
1910 633,1086,47,18
(vgl. 693,1085,54,23
<EOS>
Identische 759,1085,129,19
X-Punkte 899,1085,123,24
in 1034,1085,23,18
Abb. 1069,1086,58,18
<EOS>
11) 1135,1086,33,21
Phot. 1222,1085,67,19
<EOS>
Helbling 1297,1085,111,22
Klimaschwankung 102,1162,271,27
sprechen 396,1162,127,26
auch 543,1162,67,20
die 632,1162,42,20
isolierten 696,1162,133,21
Firnfelder 843,1162,148,20
im 1013,1161,37,21
Nevadogebiet, 102,1195,204,27
die 329,1195,43,22
von 394,1201,51,16
1910 466,1195,59,21
bis 545,1195,40,21
1934 601,1195,59,21
ihre 683,1195,57,22
äussere 755,1195,106,22
Begrenzung 877,1195,173,27
bis 102,1229,41,22
m 163,1235,28,15
Einzelheiten 206,1229,178,22
bewahrt 406,1229,119,21
haben 546,1229,85,21
(vgl. 656,1229,65,27
<EOS>
Abb. 737,1229,66,21
<EOS>
13 814,1229,28,21
mit 859,1229,49,21
14, 923,1229,36,25
auch 983,1229,67,20
Abb. 102,1263,66,21
<EOS>
11 179,1263,29,21
mit 224,1263,49,21
12, 289,1263,36,26
oben 341,1262,65,22
links). 422,1263,93,24
<EOS>
<EOP>
Plausibler 163,1305,146,21
scheinen 327,1304,123,22
andere 472,1305,94,20
Bewegungsauslöser. 588,1305,291,26
<EOS>
TektonSiR 893,1299,171,31
wären 102,1339,89,21
Erdbeben 206,1339,136,21
und 362,1339,53,20
Wasserzuflüsse 430,1339,224,20
nicht 674,1339,73,21
ausgeschlossen. 767,1339,224,26
<EOS>
Es 1013,1339,36,20
könnte 102,1372,100,22
allerdings 222,1372,142,27
der 380,1372,45,21
Einwand 445,1372,127,21
gemacht 592,1372,123,26
werden, 735,1372,110,24
es 870,1378,27,15
sei 918,1372,38,21
nicht 977,1372,73,21
wahrscheinlich, 102,1406,225,26
dass 351,1406,63,21
z. 438,1411,23,16
<EOS>
B. 471,1406,29,21
<EOS>
Erdbeben 521,1406,137,21
jeweilen 682,1406,118,27
nur 826,1411,49,16
bei 898,1406,43,21
einem 966,1406,83,20
der 103,1440,46,21
beiden 172,1438,93,23
so 287,1445,30,16
benachbarten 339,1440,194,21
Gletscher 556,1440,135,21
grosse 714,1445,91,21
Eisbewegungen 826,1440,224,26
ausgelöst 104,1474,135,26
hätten. 269,1474,98,20
<EOS>
Einwände 404,1473,141,21
dieser 583,1473,86,21
Art 700,1473,50,21
sind 781,1473,57,21
nicht 869,1473,73,21
stich¬ 970,1473,80,21
haltig, 102,1507,93,27
denn 221,1508,68,20
nur 313,1513,51,15
dann 388,1508,70,20
erfolgt 484,1508,99,26
ein 607,1508,42,20
Vorstoss, 671,1507,131,25
wenn 832,1513,76,15
zu 937,1512,33,16
den 1001,1507,49,21
äusseren 103,1541,126,21
Ursachen 244,1542,137,21
auch 403,1542,69,20
die 494,1542,41,20
innere 557,1542,91,21
Disposition 662,1542,163,26
des 840,1542,45,20
Gletschers 901,1542,149,20
vorhanden 102,1575,152,21
ist. 268,1576,43,21
<EOS>
<EOP>
• 569,1606,15,15
Rätselhafte 163,1659,166,21
Gletschervorstösse 340,1659,270,21
viel 619,1659,52,21
grösseren 681,1659,139,26
Ausmasses 831,1659,157,21
und 998,1659,53,20
mit 103,1692,49,22
abnormaler 167,1692,166,22
Geschwindigkeit 350,1692,238,27
der 607,1693,46,21
Bewegung 667,1693,148,27
sind 837,1692,57,22
auch 915,1692,68,22
aus 1002,1698,49,16
andern 103,1727,99,20
Gebieten 208,1726,124,22
bekannt, 342,1727,123,25
aus 480,1731,47,17
Grönland, 538,1726,173,26
Alaska 727,1727,127,21
und 870,1727,52,21
nament¬ 932,1727,118,21
lich 102,1760,53,21
aus 170,1765,48,16
dem 235,1760,59,21
Karakorum. 314,1761,219,20
<EOS>
Ueber 163,1801,86,21
die 263,1802,42,20
letztgenannten 314,1801,217,27
hat 540,1802,48,21
K. 604,1803,29,19
<EOS>
MasomlO] 643,1802,161,24
im 818,1802,37,21
Oktober 864,1803,116,20
1934 991,1802,60,21
in 102,1835,28,21
einer 135,1835,71,21
Sitzung 218,1835,111,27
der 338,1836,46,20
«R. 395,1836,44,20
<EOS>
Geogr. 450,1836,93,26
<EOS>
Soc.» 552,1836,72,21
<EOS>
London 632,1836,107,21
äusserst 749,1836,118,21
interessante 876,1836,174,21
Mitteilungen 102,1868,185,27
gemacht. 293,1869,129,26
<EOS>
Die 435,1869,48,21
aussergewöhnlichen 489,1869,287,26
Gletschervorstösse 782,1869,269,22
und 103,1902,54,21
die 172,1902,41,21
damit 229,1902,83,21
verbundenen 330,1902,185,22
Flussabdämmungen 530,1902,287,28
sind 832,1903,59,21
im 906,1903,36,21
Kara¬ 953,1903,98,21
korum 103,1936,116,21
viel 235,1935,50,22
gewaltiger 301,1935,155,28
als 471,1937,40,20
in 522,1936,27,21
den 559,1936,49,21
Cordilleren 616,1936,160,21
von 786,1941,51,16
Mendoza. 847,1937,133,21
<EOS>
Auf 997,1937,55,20
Grund 104,1969,90,22
langjähriger 204,1969,182,28
Beobachtung 401,1970,185,27
glaubt 604,1971,91,26
K. 705,1971,31,20
<EOS>
Mason 747,1971,93,20
auch 858,1971,67,21
bei 940,1971,41,21
den 1002,1972,50,20
<EOS>
<EOP>
SBü 359,2242,27,14
<EOS>
<EOP>
£«¦*« 765,2272,61,22
<EOS>
<EOP>
FS* 1030,2300,25,10
** 1023,2316,29,17
W* 852,2333,37,24
Ä 163,2374,85,41
è* 726,2385,39,34
Hb 907,2394,30,17
<EOS>
<EOP>
** 754,2446,26,20
<EOS>
<EOP>
« 1208,2473,54,42
1 292,2487,32,42
<EOS>
i** 400,2515,33,13
M, 418,2520,33,34
« 295,2540,29,40
M«'i 780,2541,44,29
« 470,2545,28,24
<EOS>
<EOP>
f? 400,2562,50,49
<EOS>
WÊÊÈÈÈÈ&: 524,2579,264,63
<EOS>
<EOP>
?HF 1215,2558,74,37
<EOS>
i 477,2570,32,45
kJBrvi 410,2636,71,23
<EOS>
<EOP>
^S 487,2598,68,40
<EOS>
<EOP>
HJi 665,2631,148,69
"W 563,2657,28,22
Ìm|yrV 477,2678,338,90
(.« 1145,2680,34,30
<EOS>
<EOP>
s** 772,2720,29,17
<EOS>
<EOP>
>/ 1165,2739,34,22
13 441,2757,53,47
r* 925,2760,45,37
<EOS>
<EOP>
m 628,2788,43,27
<EOS>
<EOP>
m 962,2808,47,30
~m 660,2847,57,24
<EOS>
<EOP>
aussergewöhnlichen 1454,142,287,26
Gletschervorstössen 1753,141,286,23
eine 1449,177,58,21
gewisse 1543,177,110,26
Periodizität 1685,175,173,22
feststellen 1890,175,149,21
zu 1452,216,32,15
können. 1508,211,109,21
<EOS>
Er 1648,212,37,20
führt 1709,210,76,22
z. 1809,215,22,16
<EOS>
B. 1843,211,27,19
<EOS>
aus: 1897,214,60,16
«Es 1987,210,51,20
scheint 1451,246,101,20
einige 1583,245,85,26
Berechtigung 1698,244,193,27
für 1921,244,45,21
die 1996,244,41,20
Annahme 1449,279,139,22
vorhanden 1608,279,151,22
zu 1780,284,33,15
sein, 1828,279,63,24
dass 1914,279,61,20
der 1992,279,45,19
Chong-Kumdum-Gletscher 1450,312,491,27
aus 1989,317,47,16
irgend 1449,347,92,27
einem 1555,347,86,20
Grunde 1656,347,104,20
vorrückt 1780,346,128,21
und 1921,345,53,22
das 1990,346,48,21
Shyoktal 1450,381,164,26
abdämmt 1634,380,137,21
in 1792,380,27,20
Perioden, 1839,379,135,26
die 1995,379,42,21
schätzungsweise 1449,415,239,26
45 1713,415,29,20
Jahre 1763,414,79,21
auseinander 1864,414,172,20
liegen, 1449,450,93,26
und 1560,449,52,20
dass 1628,449,61,20
er 1705,454,28,15
eine 1748,448,58,21
Gefahr 1822,448,100,20
für 1935,447,46,21
die 1996,447,42,21
nächsten 1449,483,128,21
acht 1588,483,61,21
oder 1660,483,62,20
neun 1732,487,69,16
Jahre 1811,482,80,20
bleibt»6). 1902,481,134,25
<EOS>
Ph. 1450,517,45,21
<EOS>
C. 1509,517,25,21
<EOS>
Vissers 1548,516,100,22
[9, 1668,516,33,25
12, 1719,516,35,25
13] 1771,516,41,23
hat 1838,516,46,20
1929 1905,516,58,20
den 1988,516,48,20
Stausee 1450,551,110,21
hinter 1571,550,87,22
dem 1669,551,58,20
vorgestossenen 1737,549,218,27
Ende 1964,549,73,22
des 1449,585,46,21
Chong-Kumdum-Gletschers 1527,583,509,27
auf 1449,620,48,19
1475 1512,619,59,20
Mio 1587,619,53,20
m3 1656,619,36,19
berechnet 1715,617,140,21
(Breite 1882,617,98,24
bis 1996,617,40,21
1200 1449,653,61,21
m, 1525,658,33,19
Tiefe 1579,653,73,19
bis 1667,652,40,20
150 1723,652,44,20
m). 1784,651,47,24
<EOS>
Das 1864,651,54,20
Getöse 1941,651,95,20
des 1449,687,46,20
Ausbruches 1510,686,169,21
soll 1702,686,50,20
in 1775,685,26,20
30 1822,685,29,20
km 1867,685,45,20
Entfer¬ 1933,685,104,21
nung 1449,726,73,21
noch 1542,721,67,20
deutlich 1629,720,114,21
wahrnehmbar 1768,718,200,22
ge¬ 1993,724,44,21
wesen 1449,759,88,17
sein. 1552,754,63,21
<EOS>
An 1635,754,42,20
einem 1692,754,84,21
andern 1793,754,99,20
Gletscher 1902,754,136,21
(Sultan 1454,789,132,23
Chhudku-Gletscher) 1602,787,369,25
hat 1991,787,47,22
Ph. 1449,822,47,20
<EOS>
C. 1508,822,26,20
<EOS>
Vissers 1547,822,101,20
eine 1669,821,57,21
ähnliche 1742,821,118,20
Absenkung 1875,821,164,27
und 1449,856,51,20
einen 1517,856,76,20
ähnlichen 1608,855,138,21
Eisabfluss 1763,854,149,21
wie 1927,855,48,20
wir 1991,855,47,21
am 1449,895,45,15
Nevado-Gletscher 1518,888,257,22
beobachtet, 1802,888,161,26
nur 1989,894,49,15
sind 1451,924,59,20
auch 1526,924,67,20
dort 1608,923,60,21
die 1682,922,42,21
Massen 1733,922,109,21
weit 1858,922,61,22
grösser 1935,923,105,26
als 1451,958,40,21
in 1506,958,27,20
den 1549,958,50,20
Anden. 1618,957,98,20
<EOS>
Nach 1748,955,76,21
Ph. 1839,956,47,21
<EOS>
C. 1897,956,27,21
<EOS>
Vissers 1936,957,103,21
ist 1450,991,36,22
vermutlich 1510,991,158,21
auch 1692,990,70,21
jener 1791,990,73,25
Eisabfluss 1889,990,149,22
mit 1451,1025,48,21
ausserordentlicher 1535,1024,267,22
Strömungsge¬ 1838,1024,200,27
schwindigkeit 1455,1058,200,27
erfolgt. 1670,1057,103,27
<EOS>
<EOP>
In 1498,1093,31,20
den 1544,1093,50,20
Alpen 1604,1093,84,26
sind 1703,1091,58,22
aussergewöhnliche 1771,1091,269,27
Imilitschervorstösse 1420,1120,301,38
der 1759,1126,44,20
beschriebenen 1838,1126,201,21
Art 1093,1162,52,20
bis 1171,1161,41,21
jetzt 1230,1162,68,25
nicht 1322,1161,74,21
beobachtet 1420,1161,156,20
worden. 1599,1161,113,21
<EOS>
Es 1749,1162,37,21
sind 1812,1162,58,21
allerdings 1897,1161,143,27
einzelne 1095,1195,116,21
sehr 1241,1195,61,21
rasche 1332,1195,92,21
Vorstösse 1454,1195,138,21
vorgekommen, 1622,1195,216,26
aber 1875,1195,63,22
diese 1971,1195,70,21
erfolgten 1096,1229,129,26
in 1249,1229,27,20
Perioden 1295,1229,127,21
normaler 1437,1229,131,21
Gletscherzunahme 1583,1229,264,22
(Vernagt- 1866,1229,175,27
ferner 1094,1262,116,22
bis 1240,1262,40,21
12 1312,1262,29,21
m 1364,1267,27,16
im 1422,1262,36,21
Tage'), 1483,1262,109,26
Suldengletscher 1624,1262,299,27
usw.). 1953,1263,87,25
<EOS>
Es 1095,1296,36,21
ist 1150,1296,35,21
jedoch 1206,1296,94,26
einleuchtend, 1322,1296,185,24
dass 1529,1295,61,22
sich 1610,1295,58,22
die 1687,1296,42,21
Gefährlichkeit 1747,1296,208,22
auch 1974,1297,68,21
solcher 1094,1329,101,21
Vorstösse 1204,1330,140,20
durch 1359,1330,81,20
nichts 1456,1329,87,21
unterscheidet 1557,1330,194,21
von 1766,1336,52,16
jener 1831,1331,74,26
der 1919,1331,47,21
aus- 1981,1336,59,16
sergewohnœhen 1093,1361,240,28
Eisbewegungen. 1342,1363,230,26
<EOS>
Auch 1583,1364,76,20
normale 1668,1365,117,20
Vorstösse 1790,1365,139,21
können 1939,1364,103,21
katastrophale 1093,1397,201,26
Folgen 1309,1398,101,25
haben, 1428,1397,93,25
sofern 1543,1397,89,21
die 1648,1399,40,19
Gefahr 1704,1399,99,21
einer 1817,1399,73,20
Flusstau- 1905,1400,135,19
ung 1095,1437,52,20
übersehen 1158,1431,144,20
oder 1318,1432,62,20
nicht 1394,1431,74,21
rechtzeitig 1483,1432,155,26
erkannt 1654,1433,113,21
wird. 1781,1433,72,20
<EOS>
Dazu 1869,1433,75,20
liefert 1954,1433,88,21
die 1095,1465,40,20
alpine 1151,1465,86,26
Gletscherchronik 1253,1465,246,21
genügend 1514,1465,136,26
Beispiele. 1666,1466,134,27
<EOS>
<EOP>
Man 1155,1499,63,21
San 1231,1492,74,31
sich 1324,1499,57,21
allerdings 1397,1499,141,26
auch 1560,1499,66,21
fragen, 1648,1499,100,27
ob 1770,1500,32,21
nicht 1822,1499,74,22
das 1915,1500,48,21
Ver¬ 1978,1500,62,21
halten 1095,1532,91,21
jener 1209,1532,72,25
Einzelgänger 1306,1533,191,25
unter 1517,1532,77,21
den 1618,1533,49,21
alpinen 1692,1533,104,27
Gletschern, 1818,1534,159,25
die 2001,1534,41,20
mitten 1094,1566,93,20
unter 1195,1567,76,20
allgemeiner 1281,1566,167,25
Gletscherabnahme 1455,1566,265,22
Vorstösse 1727,1567,140,22
vollbringen, 1871,1568,169,26
zu 1093,1604,33,17
den 1141,1600,49,21
aussergewöhnlichen 1212,1600,289,27
Gletscherschwankungen 1516,1600,351,28
zu 1881,1607,33,16
rechnen 1930,1602,113,21
sei. 1094,1634,46,20
<EOS>
Sollte 1156,1634,83,20
das 1249,1634,48,20
der 1312,1634,46,20
Fall 1368,1634,59,21
sein, 1441,1634,64,25
so 1520,1640,30,15
wäre 1565,1635,71,20
das 1651,1636,47,20
Charakteristikum 1709,1636,258,22
aus¬ 1981,1639,61,18
sergewöhnlicher 1095,1668,234,25
Gletscherschwankungen 1349,1668,348,28
lediglich 1724,1670,124,26
deren 1878,1670,79,21
Ein¬ 1980,1670,62,21
treten 1095,1701,86,21
ausserhalb 1196,1702,155,20
der 1367,1702,46,20
normalen, 1427,1703,143,23
allgemeinen 1591,1703,173,27
Perioden 1779,1703,127,22
und 1926,1704,54,21
die 2002,1704,41,21
grosse 1095,1740,91,22
Geschwindigkeit 1218,1736,237,26
nur 1485,1742,51,15
eine 1565,1737,57,21
Folge 1653,1737,81,27
besonderer 1761,1738,157,21
Eigen¬ 1947,1738,94,26
schaften 1096,1769,122,21
der 1249,1770,46,20
Gletscher; 1325,1770,148,24
der 1505,1770,45,21
Deckenbildung 1580,1771,214,27
(Argentinische 1829,1772,214,25
Anden) 1095,1803,104,24
oder 1234,1803,63,21
der 1327,1803,46,21
grossen 1403,1809,109,21
Eismengen 1535,1804,157,27
oder 1713,1806,62,20
beider 1795,1806,89,21
Ursachen 1902,1806,139,21
zusammen 1095,1842,151,16
Karakorum 1282,1837,167,21
<EOS>
<EOP>
Nicht 1155,1870,80,21
alle 1256,1871,50,20
Gletschervorstösse 1322,1871,271,23
sind 1613,1873,59,21
gefährlich. 1692,1874,155,26
<EOS>
Die 1867,1874,48,21
Gefähr¬ 1932,1874,109,21
lichkeit 1096,1904,109,21
ist 1219,1904,37,22
immer 1270,1904,92,21
an 1378,1910,34,15
die 1427,1906,41,20
Möglichkeit 1483,1906,171,27
der 1676,1908,45,21
Bildung 1736,1908,112,27
einer 1869,1908,72,21
Fluss¬ 1954,1908,89,22
stauung 1097,1938,115,27
und 1233,1938,53,21
des 1306,1939,46,20
mehr 1372,1940,73,20
oder 1461,1940,62,21
weniger 1538,1941,114,27
plötzlichen 1666,1941,157,27
Durchbruches 1842,1941,201,22
des 1097,1972,46,21
Staudammes 1158,1972,185,21
gebunden. 1358,1973,143,26
<EOS>
<EOP>
Ein 1411,2012,50,21
Vorstoss, 1481,2013,130,25
der 1637,2013,47,21
keinen 1709,2013,94,21
nennenswerten 1827,2013,215,22
Stauraum 1365,2045,142,22
schafft, 1532,2046,108,26
ist 1670,2046,37,22
daher 1731,2047,82,21
harmlos, 1837,2047,125,26
wie 1992,2048,50,20
z. 1365,2085,20,15
<EOS>
B. 1402,2080,28,21
<EOS>
jener 1456,2080,73,26
des 1555,2080,46,21
Juncalgletschers 1626,2080,242,27
im 1900,2081,37,20
Jahre 1963,2082,80,20
1910. 1366,2114,64,20
<EOS>
Gefährlicher 1472,2114,181,21
können 1686,2114,103,21
Vorstösse 1819,2115,139,22
von 1990,2121,51,16
<EOS>
<EOP>
Abb. 99,2906,58,19
<EOS>
14. 169,2906,30,19
<EOS>
Nevado-Gletscher 224,2907,223,19
Februar 459,2907,105,18
1984 575,2906,46,18
(vgl. 635,2906,54,23
<EOS>
Identische 704,2906,127,19
X-Punkte 843,2906,125,23
in 980,2907,23,18
Abb. 1015,2907,58,18
<EOS>
18) 1081,2907,32,22
Phot. 1150,2907,66,19
<EOS>
A. 1225,2908,25,18
<EOS>
T. 1257,2907,25,19
<EOS>
R. 1292,2907,26,19
<EOS>
<EOP>
*) 1410,2186,16,21
Auf 1439,2186,47,18
eine 1502,2186,51,18
gewisse 1570,2186,97,22
Periodizität 1686,2187,150,19
der 1855,2187,42,19
Vorstösse, 1913,2188,128,21
allerdings 1365,2212,128,22
noch 1511,2212,59,18
unbekannter 1591,2212,160,20
Dauer, 1770,2214,83,20
möchte 1876,2214,91,20
man 1990,2219,53,14
auch 1365,2238,58,18
beim 1441,2238,60,18
Juncal- 1520,2239,92,18
und 1627,2239,48,19
Nevadogletscher 1691,2240,209,23
schliessen 1917,2240,126,20
aus 1364,2268,42,15
der 1430,2264,41,19
Tatsache, 1490,2265,119,21
dass 1633,2267,54,17
beide 1711,2267,66,18
Vorstösse 1800,2267,122,19
sich 1945,2267,50,19
an 2013,2272,29,14
natürliche 1364,2291,128,19
Grenzen 1504,2292,103,19
halten. 1624,2292,85,19
<EOS>
Der 1737,2294,45,17
Juncalgletscher 1795,2294,198,22
ist 2011,2294,32,19
bis 1364,2316,36,19
zur 1412,2322,41,13
Stirnmoräne 1464,2317,157,21
seines 1632,2320,77,18
Zungenfeldes 1716,2320,168,23
vorgerückt, 1896,2321,144,22
der 1364,2343,41,18
Nevadogletscher 1422,2344,211,22
fast 1654,2345,48,19
genau 1720,2351,74,17
bis 1811,2346,37,19
an 1865,2351,30,14
den 1913,2346,44,20
Rand 1975,2347,67,19
seines 1364,2370,76,18
alten, 1451,2371,70,20
trockenen 1533,2372,126,18
Moränenvorfeldes. 1670,2372,235,20
<EOS>
<EOP>
') 1410,2410,15,19
Diese 1441,2410,66,17
Tagesgeschwindigkeit 1520,2410,283,22
der 1818,2410,41,20
Eisbewegung 1875,2411,167,22
schien 1365,2435,78,19
damals 1455,2435,88,19
fast 1555,2436,48,18
unerhört, 1611,2437,117,20
sie 1741,2438,34,17
wurde 1786,2438,79,18
aber 1877,2438,56,18
erreicht 1944,2438,100,19
und 1365,2461,47,19
übertroffen 1421,2462,144,19
schon 1578,2463,70,19
in 1660,2464,24,18
den 1696,2463,44,19
80er 1748,2464,49,18
Jahren 1805,2464,86,19
des 1900,2464,41,18
vorigen 1948,2464,95,23
Jahrhunderts 1365,2488,171,19
nach 1551,2490,58,18
Messungen 1621,2490,138,22
an 1771,2495,28,14
den 1813,2491,43,19
grossen 1869,2495,95,18
grön¬ 1976,2491,68,22
ländischen 1366,2515,132,19
Gletschern 1510,2515,134,19
(Abflüsse 1658,2516,119,22
vom 1788,2521,53,15
Inlandeis): 1852,2517,139,22
<EOS>
<EOP>
Jakobshaven 1499,2550,160,18
15,6 1830,2551,42,20
m 1883,2556,23,14
Itiodliarsk 1499,2576,135,19
8,8 1707,2576,31,22
m 1750,2582,22,14
bis 1784,2577,36,19
14,4 1831,2578,43,20
m 1885,2582,23,14
Gr. 1499,2603,39,17
<EOS>
Karajak 1545,2603,104,22
7,8 1704,2604,33,21
m 1747,2609,23,13
bis 1781,2604,37,18
11,9 1830,2604,43,21
m 1883,2609,23,13
Torsukatak 1500,2629,146,19
7,8 1842,2630,31,21
m 1884,2635,23,13
Angpadlartok 1499,2656,176,22
10 1709,2656,22,19
m 1743,2661,22,14
bis 1778,2657,36,18
31 1831,2656,23,19
m 1884,2661,23,14
(Siehe 1367,2682,77,21
Jahrbuch 1467,2681,118,19
Schweiz. 1609,2681,105,20
<EOS>
Alpen 1731,2683,72,21
Club, 1820,2683,64,20
Bd. 1908,2683,41,19
<EOS>
XXIV, 1962,2683,80,21
1889. 1365,2708,51,18
<EOS>
F. 1432,2708,24,18
<EOS>
A. 1466,2708,25,18
<EOS>
Forel 1500,2708,67,18
: 1575,2713,7,13
«Les 1606,2708,57,18
variations 1686,2708,126,19
périodiques 1834,2708,146,23
des 2003,2710,40,18
glaciers 1365,2735,100,22
des 1477,2735,39,18
Alpes», 1529,2735,87,21
S. 1631,2735,21,18
<EOS>
878). 1660,2735,53,22
<EOS>
<EOP>
Seither 1410,2768,91,18
sind 1523,2768,54,18
noch 1597,2769,56,17
grössere 1676,2769,106,22
Tagesgeschwindig¬ 1802,2769,241,23
keiten 1365,2795,77,18
aus 1450,2799,42,14
verschiedenen 1500,2795,179,18
Gletschergebieten 1687,2795,225,23
allgemein 1921,2797,122,21
bekannt 1366,2821,100,18
geworden. 1477,2821,129,22
<EOS>
Die 1410,2855,44,19
vom 1465,2859,51,15
Vernagtferner 1528,2855,248,23
verursachten 1792,2856,165,19
Kata¬ 1971,2857,71,18
strophen 1366,2881,108,22
sind 1486,2881,52,19
ausführlich 1550,2881,145,20
beschrieben 1706,2882,150,20
In 1869,2883,22,18
der 1906,2883,40,19
grund¬ 1958,2884,86,22
legenden 1367,2907,110,23
Monographie 1490,2908,164,23
von 1666,2913,43,15
S. 1722,2909,20,19
<EOS>
Finsterwalder 1749,2909,175,19
[6]. 1930,2909,38,23
<EOS>
<EOS>
<EOP>
