2229,2995
Anzeigenseite 214,86,197,27
6 431,86,15,20
SCHWEIZERISCHE 914,82,298,23
BAUZEITUNG 1234,80,222,22
9. 1963,76,21,21
<EOS>
März 2004,75,75,22
1940 2098,75,61,21
<EOS>
<EOP>
Ueber 279,140,85,21
die 384,140,41,21
Beschäftigungslage 444,138,278,25
der 743,138,45,19
Industrie 808,136,129,21
im 958,137,35,20
4. 1014,136,21,21
<EOS>
Quartal 1057,135,108,26
1939 218,172,61,20
orientierte 298,171,147,21
ein 462,171,41,20
Bericht 520,169,104,22
des 639,170,44,20
Bundesamtes 701,168,187,22
für 904,168,45,21
Industrie, 965,168,136,24
Ge¬ 1119,168,47,20
werbe 218,205,84,20
und 315,204,52,20
Arbeit. 379,203,99,21
<EOS>
Danach 491,202,108,21
ist 612,202,36,21
der 662,203,45,20
Beschäftigungsgrad 721,201,285,26
durch 1018,201,80,20
eine 1113,201,54,19
fortschreitende 218,236,215,21
Anpassung 453,235,157,26
und 628,235,53,19
Umstellung 699,233,165,26
auf 885,233,45,21
die 948,233,39,21
neuen 1007,238,81,15
Ver¬ 1106,233,60,19
hältnisse 217,268,125,21
gekennzeichnet. 373,267,225,26
<EOS>
Trotz 638,266,77,20
zahlreicher 746,266,157,20
Hemmnisse 922,265,163,21
und 1116,264,52,20
Schwierigkeiten 218,300,228,26
ist 461,299,35,21
das 512,300,47,19
Gesamtbild 574,298,160,21
der 748,298,43,20
Beschäftigungslage 808,297,277,26
gün¬ 1103,297,63,26
stig, 218,334,59,23
wird 295,333,65,21
doch 377,332,62,20
die 459,332,38,19
Beschäftigung 514,330,206,26
von 736,335,50,16
39,5 803,329,53,25
Prozent 874,329,110,21
als 1003,329,38,21
gut 1060,329,47,24
be¬ 1125,329,41,19
zeichnet, 218,365,122,24
von 356,370,50,15
45,3 419,364,53,25
Prozent 483,363,111,21
als 608,362,39,22
befriedigend 660,362,176,26
und 848,362,52,20
nur 914,367,49,16
von 975,367,50,15
15,2 1038,362,52,23
Pro¬ 1105,362,61,19
zent 218,397,60,21
als 297,398,37,19
schlecht. 351,397,121,20
<EOS>
Die 508,396,46,20
Zahl 573,395,62,21
der 655,396,44,20
günstig 717,395,106,25
beschäftigten 841,394,192,23
Betriebe 1050,393,117,20
hat 218,430,48,20
gegenüber 284,428,148,27
dem 452,428,59,20
letzten 528,427,97,21
Quartal 646,427,109,24
in 776,427,27,19
den 821,427,49,22
meisten 890,426,110,20
Industrien 1021,425,147,20
zugenommen. 218,466,193,20
<EOS>
Eine 441,459,64,20
Ausnahme 526,459,149,20
bildet 697,458,79,21
das 793,458,46,20
Baugewerbe, 860,458,180,25
in 1063,457,27,20
wel¬ 1108,457,58,20
chem 218,494,72,20
die 309,493,38,20
normale, 364,492,121,24
saisonmässige 505,490,200,26
Beschäftigungsabnahme 723,489,347,26
durch 1089,489,78,20
den 219,525,48,20
Rückgang 284,525,144,25
der 447,526,44,19
Baukonjunktur 511,524,217,25
verstärkt 746,523,133,21
wurde. 895,524,94,20
<EOS>
Besonders 1024,523,143,21
ausgeprägt 218,558,160,26
ist 390,558,36,21
die 437,558,41,20
Beschäftigungszunahme 487,558,345,25
in 844,558,27,20
verschiedenen 883,558,198,20
Zwei¬ 1089,557,77,20
<EOS>
<EOP>
gen 1212,140,50,20
der 1281,135,43,19
Textilindustrie, 1343,132,216,25
in 1579,132,26,20
der 1621,132,44,20
Bekleidungsindustrie 1684,129,297,26
und 2000,129,52,19
in 2070,129,26,19
der 2116,128,44,20
Leder- 1212,165,90,20
und 1319,164,52,20
Papierindustrie. 1387,163,226,25
<EOS>
<EOP>
Die 1274,195,47,19
Aussichten 1340,193,158,20
für 1515,191,44,21
die 1576,192,41,21
Beschäftigung 1635,190,206,25
in 1858,190,28,19
der 1903,190,45,19
nächsten 1967,188,127,20
Zu¬ 2112,188,46,19
kunft 1212,224,78,20
werden 1305,224,102,20
von 1423,229,49,14
40,9 1486,221,52,25
Prozent 1554,221,111,20
der 1681,222,45,19
Betriebe 1742,220,117,20
als 1877,220,39,19
gut 1931,218,48,26
oder 1992,218,60,20
befrie¬ 2068,218,92,20
digend 1212,255,94,25
bezeichnet, 1325,252,154,22
von 1501,257,50,16
11,3 1574,251,53,25
Prozent 1648,251,112,21
der 1781,251,44,19
Betriebe 1847,248,118,21
als 1986,249,40,19
schlecht 2046,248,115,20
und 1211,285,52,20
von 1283,290,49,15
47,8 1353,284,54,24
Prozent 1426,282,110,21
als 1557,283,41,19
unbestimmt. 1618,280,175,22
<EOS>
Ueberwiegend 1830,279,202,25
günstig 2053,279,107,24
werden 1214,315,99,20
die 1336,314,38,20
Aussichten 1397,312,157,22
für 1574,312,43,20
die 1639,312,39,19
Beschäftigung 1696,310,206,25
in 1923,309,26,20
der 1971,309,43,20
nächsten 2035,308,125,21
Zukunft 1212,345,114,20
in 1346,344,26,20
der 1393,344,44,20
Wollindustrie, 1456,342,198,24
der 1677,342,44,20
Baumwollindusitrie, 1742,339,274,24
sowie 2038,339,76,20
in 2134,340,27,18
der 1212,376,45,19
Bekleidungsindustrie 1273,372,298,27
beurteilt. 1586,372,129,21
<EOS>
Auch 1731,371,75,20
in 1822,371,26,19
der 1863,370,45,19
Metall- 1922,369,102,20
und 2039,369,52,20
Ma¬ 2104,369,56,20
schinenindustrie, 1213,404,236,24
der 1466,404,44,19
Leder- 1524,402,91,20
und 1627,402,52,20
Papierindustrie 1692,400,220,27
und 1925,401,52,20
in 1991,400,27,19
der 2031,399,45,19
Nah- 2090,399,69,21
rungs- 1213,439,89,22
und 1317,434,53,21
Genussmittelindustrie 1378,432,312,22
werden 1698,431,104,20
von 1815,435,52,15
einem 1881,430,84,20
wesentlichen 1980,428,181,22
Teil 1212,466,53,20
der 1281,466,43,19
Betriebe 1340,464,118,20
gute 1472,462,61,26
oder 1548,462,61,21
befriedigende 1622,461,189,25
Beschäftigungsaussich¬ 1825,459,334,25
ten 1212,496,44,20
gemeldet. 1271,494,134,27
<EOS>
Ungünstig 1421,493,149,25
beurteilen 1582,491,142,21
die 1737,490,40,21
Beschäftigungsaussichten 1792,489,368,26
ein 1212,527,41,19
Teil 1274,525,53,20
des 1349,525,43,19
Baugewerbes, 1413,522,193,26
sowie 1629,522,76,20
der 1723,522,43,20
Industrie 1787,520,129,21
der 1937,520,44,20
Steine 2002,519,86,21
und 2108,519,53,20
Erden 1213,556,87,21
und 1314,556,53,20
der 1381,555,44,19
Uhrenindustrie. 1438,552,223,22
<EOS>
<EOP>
-Korksteinplatten 1353,955,689,83
sind 1352,1049,78,35
ein 1449,1049,56,34
überragendes 1521,1049,279,43
Isoliermittel 1818,1049,228,36
für 1351,1110,54,34
Kühlanlagen 1427,1109,246,44
und 1697,1109,70,35
im 1791,1110,42,33
Hochbau! 1854,1109,192,36
<EOS>
<EOP>
Wanner 345,1267,271,66
& 643,1277,46,56
Ca 719,1267,93,66
A:G., 834,1266,174,76
<EOS>
Horgen 1035,1267,252,84
Dilatit-Korksteinfabrik 345,1370,436,36
<EOS>
<EOP>
©GIESSEREI 280,1587,869,182
BERN 1215,1622,344,106
in 1621,1628,110,98
BERN 1794,1620,344,106
^*—^ 316,1746,139,29
Konstruktionswerkstätten 514,1759,722,36
und 1273,1757,94,35
Eisengiesserei 1405,1755,398,45
<EOS>
<EOP>
Standseilbahnen 603,1915,669,87
<EOS>
<EOP>
*¦ 1241,2075,39,26
<EOS>
<EOP>
M| 1202,2225,82,28
^**5 1203,2278,79,31
Kj* 290,2312,119,44
<EOS>
<EOP>
«"'•": 964,2372,57,20
M 964,2384,57,37
<EOS>
<EOP>
m 1220,2411,60,50
<EOS>
<EOP>
¦"•;» 673,2659,26,13
m 311,2703,38,35
»f.* 693,2730,45,8
<EOS>
<EOP>
Siilbahn 346,2781,94,19
Partenti, 448,2780,93,23
Davos, 551,2781,72,21
gebaut 638,2782,71,21
in 724,2781,19,18
zwei 754,2781,47,18
Sektionen 813,2781,105,18
von 929,2786,38,13
1200 980,2781,44,17
und 1036,2781,38,17
1893 1088,2780,44,18
m 1140,2786,19,12
Länge. 1172,2780,68,22
<EOS>
<EOP>
Die 493,2812,35,18
beiden 540,2812,69,18
Züge 621,2813,52,22
der 687,2813,33,17
ersten 732,2813,63,17
Sektion 808,2812,79,18
in 901,2812,18,18
der 932,2813,33,17
Ausweiche. 977,2812,123,18
<EOS>
<EOP>
Weitere 1423,2000,221,60
Spezialitäten: 1692,1996,409,74
Luftseilbahnen 1426,2096,281,34
Schlittenaufzüge 1425,2149,327,40
Eisenbahnmaterial 1428,2200,356,36
<EOS>
<EOP>
Weichen, 1501,2256,154,31
Kreuzungen, 1678,2254,206,33
Drehscheiben, 1501,2292,240,32
Schiebebühnen, 1763,2292,263,32
Rangierwinden 1502,2330,246,35
Zahnradbahnmaterial 1427,2376,415,34
Hebezeuge 1427,2430,220,41
Schützenanlagen 1427,2482,331,41
und 1770,2481,65,33
Wehreinrich¬ 1848,2480,253,35
tungen 1427,2538,131,40
Kabelbaggeranlagen 1429,2587,402,44
Allgemeiner 1431,2642,234,42
Maschinenbau 1691,2639,275,34
<EOS>
<EOP>
Telegramme: 1683,2763,186,28
Glosserei 1886,2761,133,23
Bern 2037,2762,67,21
Telephon: 1684,2801,145,27
2 1846,2800,17,22
50 1873,2800,35,21
66 1918,2800,34,22
<EOS>
<EOP>
