2254,2981
16. 80,76,39,21
<EOS>
März 134,76,73,21
1940 223,76,61,21
SCHWEIZERISCHE 779,74,298,22
BAUZEWUNG 1094,69,220,30
131 1976,72,43,19
wohl 80,129,68,20
das 163,129,49,20
grösste 227,128,103,27
seiner 345,128,86,21
Art 445,129,52,20
sein 511,128,56,21
dürfte. 582,128,95,22
<EOS>
Das 693,129,55,20
Wehr, 758,128,86,24
durch 860,127,81,20
sechs 957,127,74,20
Pfeiler 80,163,99,20
von 192,168,52,15
3 259,162,14,21
m 289,168,26,14
Breite 332,162,87,21
jS 439,155,33,31
sieben 488,162,89,21
Oeffnungen 592,163,167,25
von 777,167,52,15
je 849,162,26,25
34 891,161,29,20
m 936,166,27,15
ein¬ 979,160,52,21
geteilt, 80,196,100,27
übernimmt 202,196,158,21
durch 380,196,82,21
die 486,196,41,21
Dachwehrabschlüsse 549,195,297,22
7,50 870,195,52,24
m 936,200,28,15
der 987,195,45,20
gesamten 80,230,140,26
Stauhöhe, 235,229,140,26
während 390,229,125,22
der 530,230,46,21
restliche 587,230,120,21
Stau 724,229,65,21
durch 803,229,82,21
einen 900,229,76,20
die 991,228,41,21
Pfeüer 81,263,97,21
als 194,264,40,20
Laufsteg 248,263,130,27
verbindenden 394,263,189,21
Eisenbetonbalken 594,262,254,22
erzielt 859,262,91,21
wird. 959,262,73,21
<EOS>
Für 82,297,54,21
die 151,297,41,21
Bauausführung 207,296,225,27
wurden 441,297,107,21
die 563,297,41,21
Jahre 615,297,80,21
1934 705,296,60,22
bis 780,296,40,21
1937 831,296,60,22
benötigt, 906,295,125,28
da 80,332,35,19
als 141,332,39,19
eigentliche 206,331,156,26
Bauzeit 387,331,109,21
nur 521,336,51,16
die 597,331,41,20
trockenen 660,331,143,20
Wintermonate 826,329,206,22
November 81,366,148,20
bis 243,365,41,21
Mai 300,365,55,21
zur 369,371,48,15
Verfügung 431,365,157,26
standen. 602,365,120,21
<EOS>
Die 743,364,48,20
Kosten 806,364,102,20
der 923,364,46,20
Ge¬ 984,363,48,21
samtanlage 80,400,167,26
werden 263,400,104,20
im 388,400,36,20
«Zentralblatt 440,399,187,21
der 648,399,45,20
Bauverwaltung» 714,398,237,25
vom 972,403,60,15
10. 80,433,38,21
<EOS>
Januar 129,433,102,21
1940 246,433,60,21
mit 322,433,49,22
15 386,433,30,21
Millionen 431,433,134,21
Mark 581,433,77,20
genannt. 673,432,125,27
<EOS>
<EOP>
Die 142,478,49,22
Ausstellung 207,479,171,26
von 395,483,50,16
Luftschutzbauten 460,478,255,21
am 734,483,43,15
Helvetiaplatz 794,478,195,25
in 1005,477,26,21
Zürich, 80,512,104,24
auf 201,513,46,20
die 263,513,40,20
wir 319,512,48,21
in 383,512,27,21
letzter 425,512,92,21
Nummer 534,512,126,20
hingewiesen 676,511,175,26
haben, 867,511,93,25
um¬ 976,516,55,16
fasst 80,546,72,20
auch 168,546,68,21
ein 251,546,42,21
Auskunftsbureau, 306,545,253,25
wo 575,550,40,16
alle 631,546,51,20
wünschenswerten 697,544,253,22
Aus¬ 964,545,67,21
künfte 80,579,96,22
in 191,580,27,20
Bezug 234,581,89,25
auf 339,580,46,20
Luftschutzbauten 399,579,254,21
gegeben 668,579,118,26
werden. 800,579,111,20
<EOS>
Sodann 928,579,104,20
veranstaltet 80,614,177,21
die 271,614,41,21
Beratungsstelle 328,613,223,26
für 566,613,44,20
Luftschutzbauten 625,612,254,22
der 895,614,46,20
Stadt 956,613,77,21
Zürich 80,647,95,21
für 201,647,45,22
Hausbesitzer 269,647,186,21
und 477,647,52,20
andere 553,647,96,20
Interessenten 675,648,192,19
besondere 892,647,140,20
Führungen; 81,681,173,26
für 269,681,45,20
Ingenieure 323,680,155,27
ist 493,680,35,21
der 538,681,47,20
heutige 599,680,106,27
Diskussionstag 717,681,218,26
in 951,682,25,18
der 987,681,46,20
E. 83,715,30,20
<EOS>
T. 124,715,27,20
<EOS>
H. 162,715,31,20
<EOS>
im 217,715,36,20
besonderen 276,715,159,20
bestimmt 457,714,136,21
(vgl. 616,714,64,26
<EOS>
Programm 701,715,155,25
auf 880,715,47,20
S. 947,715,26,21
<EOS>
120 989,714,44,21
letzter 81,748,95,21
Nummer). 191,748,149,25
<EOS>
<EOP>
Eidgen. 144,793,107,27
<EOS>
Technische 262,793,160,21
Hochschule. 439,793,171,21
<EOS>
Als 633,793,48,21
Nachfolger 693,793,162,27
Forrers 866,794,109,20
auf 986,794,48,20
dem 80,827,61,21
Lehrstuhl 164,827,140,21
für 327,827,45,21
Schwachstromtechnik 391,826,319,22
ist 733,827,36,21
[gewählt 784,826,123,32
worden 930,827,104,21
Dipl. 81,860,71,27
<EOS>
Elektro-Ing. 159,860,180,27
<EOS>
Ernst 355,861,83,20
Baumann 452,862,139,19
von 606,865,53,16
Attelwil 672,861,119,20
(Aargau), 809,861,145,26
geb. 976,861,57,26
<EOS>
1909, 83,895,69,24
diplomiert 168,894,149,27
E. 332,895,29,20
<EOS>
T. 369,895,27,20
<EOS>
H 406,895,32,20
1934. 454,894,66,21
<EOS>
Nach 551,894,76,21
dreijähriger 649,894,176,26
Assistenz 840,894,136,21
bei 992,896,41,19
Prof. 83,929,72,20
<EOS>
Dr. 165,930,46,21
<EOS>
Forrer 221,929,97,20
trat 333,929,56,21
Baumann 403,929,138,20
als 556,928,40,20
Ingenieur 611,928,139,26
in 767,928,26,20
die 809,929,41,20
Kabelwerke 862,929,172,20
Brugg, 83,963,99,26
wo 197,968,41,15
er 254,968,28,15
bisher 296,962,89,21
erfolgreich 400,962,160,26
arbeitete. 576,962,134,20
<EOS>
<EOP>
LITERATUR 144,1057,253,32
Wasserkraftmaschinen. 146,1107,335,20
<EOS>
Eine 497,1107,64,22
Einführung 577,1106,164,26
in 755,1106,27,21
Wesen, 796,1107,98,22
Bau 911,1107,56,19
und 980,1107,51,20
Berechnung 82,1136,171,26
von 271,1141,50,16
Wasserkraftmaschinen 329,1136,329,21
und 675,1136,52,21
Wasserkraftanlagen. 735,1136,296,26
<EOS>
Von 83,1166,58,21
Dipl.-Ing. 155,1166,135,25
<EOS>
L. 306,1167,28,22
<EOS>
Q 352,1167,21,24
u 382,1172,18,14
a 408,1171,17,14
n 433,1172,17,15
t 458,1166,13,21
z 478,1172,14,14
<EOS>
<EOP>
V. 525,1167,30,20
<EOS>
D. 564,1167,30,20
<EOS>
I. 603,1167,20,20
<EOS>
Achte, 639,1166,92,25
erweiterte 748,1166,145,20
und 908,1166,52,20
ver¬ 976,1171,55,15
besserte 85,1196,116,22
Auflage, 218,1195,121,27
152 358,1196,46,21
S. 422,1196,26,22
<EOS>
mit 467,1196,49,22
271 536,1196,44,21
Abbüdungen 599,1196,180,26
ini 798,1196,35,21
Text. 853,1196,72,21
<EOS>
Berlin 946,1195,86,23
1939, 83,1225,70,26
Verlag 172,1225,97,26
Jul. 286,1226,51,21
<EOS>
Springer, 356,1226,130,26
Prete 503,1226,74,21
kart. 592,1226,68,21
<EOS>
rd. 678,1227,36,20
<EOS>
Fr. 734,1227,41,19
<EOS>
9,25. 795,1226,60,25
<EOS>
<EOP>
Der 147,1256,54,20
durch 214,1256,81,21
die 309,1255,41,21
früheren 361,1256,124,21
Auflagen 498,1256,133,26
seines 642,1256,85,22
Buches 740,1256,103,21
in 853,1256,29,20
die 895,1256,41,20
Fach¬ 949,1256,82,20
welt 81,1286,64,20
bestens 163,1285,105,21
eingeführte 284,1285,164,26
Verfasser 467,1286,137,20
hat 623,1286,48,21
sich 688,1286,56,23
bemüht, 763,1286,111,23
die 897,1286,39,20
achte 956,1286,75,20
Auflage 81,1316,115,25
seiner 216,1315,85,21
«Wasserkraftmaschinen» 318,1316,358,21
der 697,1316,46,20
Weiterentwicklung 760,1315,271,25
der 82,1345,48,21
Technik 146,1345,114,21
anzupassen, 279,1350,169,22
und 463,1346,53,20
es 534,1350,28,17
darf 582,1346,58,20
gesagt 659,1347,94,25
werden, 770,1346,108,24
dass 899,1346,61,21
ihm 978,1345,53,21
dies 82,1375,57,21
gut 152,1377,48,24
gelungen 214,1376,129,25
ist. 356,1375,42,22
<EOS>
Die 412,1375,48,21
Beibehaltung 475,1375,188,26
der 677,1377,45,19
«Stromfadentheorie» 736,1375,294,21
ist 81,1405,38,21
mit 134,1405,47,22
Rücksicht 202,1405,142,22
auf 360,1405,47,21
den 424,1405,48,21
Zweck 489,1405,92,21
des 599,1405,44,21
Buches 661,1405,101,21
als 779,1405,40,22
«Einführung» 837,1405,193,25
durchaus 82,1435,131,20
gerechtfertigt 236,1435,200,26
und 458,1435,53,20
sie 530,1435,37,21
erleichtert 592,1435,147,20
auch 762,1435,66,21
dem 850,1435,57,21
Studie¬ 931,1435,99,21
renden 83,1466,97,20
das 199,1466,47,20
Eindringen 262,1465,159,25
in 438,1465,26,20
das 483,1465,46,21
Wesen 546,1465,93,23
der 657,1466,45,20
Strömung 720,1465,140,26
durch 878,1466,80,20
eine 976,1466,55,20
Wasserturbine. 83,1494,216,23
<EOS>
Bei 312,1495,47,21
einer 372,1494,70,22
weiteren 454,1494,123,22
Auflage 591,1495,113,26
wäre 715,1494,69,22
es 798,1499,28,17
zu 837,1499,33,17
begrüssen, 883,1495,147,25
wenn 82,1529,77,18
einige 183,1525,84,25
Ungenauigkeiten 288,1524,243,27
beseitigt 555,1525,122,26
und 701,1527,52,19
eine 777,1525,57,22
konsequente 858,1525,173,26
Bezeichnungsweise 83,1555,272,26
eingehalten 375,1554,163,26
würden. 559,1554,112,22
<EOS>
Auch 708,1554,75,21
sollten 803,1554,94,22
Urheber 916,1555,115,21
fundamentaler 81,1584,211,21
Gleichungen 309,1584,174,26
(wie 502,1585,58,23
Euler) 576,1584,89,25
und 684,1585,53,20
Konstruktionen 750,1585,222,20
ge¬ 988,1589,43,21
nannt 82,1615,83,20
werden. 184,1615,109,22
<EOS>
Trotz 310,1615,79,20
dieser 407,1615,83,20
Bemerkungen 509,1615,197,25
kann 723,1615,71,20
das 813,1615,47,21
Buch 876,1615,74,20
allen 965,1615,68,21
bestens 83,1645,105,20
empfohlen 207,1644,147,26
werden, 371,1644,109,26
die 500,1644,39,21
steh 558,1644,56,21
rasch 632,1644,77,21
mit 726,1644,50,22
dem 793,1644,58,21
Wesen 870,1645,93,20
und 980,1645,51,20
der 82,1675,47,21
Berechnung 150,1675,170,26
von 347,1680,51,15
Wasserkraftmaschinen 418,1674,330,21
vertraut 778,1675,119,21
machen 924,1676,108,19
wollen. 81,1704,101,22
<EOS>
Robert 809,1704,99,22
Dubs. 921,1704,79,22
<EOS>
<EOP>
Treibstoffe 149,1751,157,20
für 322,1751,44,20
Verbrennungsmotoren. 379,1751,325,24
<EOS>
Von 718,1751,57,21
Dr. 786,1751,45,21
<EOS>
Ing. 845,1752,55,25
<EOS>
Fra 918,1752,67,20
n 991,1756,20,16
z 1017,1756,16,16
S 86,1781,20,21
p 114,1786,17,22
a 140,1786,17,15
u 165,1786,17,15
s 191,1786,13,16
t 212,1781,12,20
a. 232,1786,24,16
<EOS>
Versuchsanstalt 289,1781,229,21
für 533,1781,44,20
Kraftfahrzeuge 593,1781,221,26
in 831,1781,27,21
Wien. 873,1781,80,21
<EOS>
346 988,1781,45,21
Seiten 88,1811,89,21
mit 190,1811,48,20
70 252,1811,30,20
Abb. 295,1811,64,20
<EOS>
Wien 373,1811,74,20
1939, 461,1810,68,26
Verlag 544,1811,95,25
von 653,1816,50,15
Julius 717,1811,84,20
Springer. 816,1812,129,25
<EOS>
Preis 960,1811,73,21
geh. 86,1842,60,25
<EOS>
etwa 162,1841,68,21
Fr. 246,1842,42,21
<EOS>
24,30, 303,1841,76,24
geb. 393,1842,56,25
<EOS>
Fr. 466,1842,41,20
<EOS>
26,70. 522,1841,77,25
<EOS>
<EOP>
Seit 153,1872,54,19
dem 224,1871,58,20
Weltkrieg 300,1870,143,27
1914/18 462,1871,104,29
haben 584,1871,84,21
sich 685,1872,55,20
die 759,1871,39,21
Treibstoffe 816,1871,157,22
für 991,1871,44,21
Verbrennungsmotoren 86,1901,320,26
in 422,1902,28,19
ungeahnter 464,1901,162,26
Weise 641,1902,83,20
entwickelt. 743,1902,154,21
<EOS>
Im 930,1902,39,20
Be¬ 986,1902,47,20
streben, 86,1932,114,25
auf 212,1932,46,20
der 270,1931,46,21
einen 329,1931,73,21
Seite 414,1931,69,21
die 495,1931,40,21
Leistung 544,1931,125,26
der 682,1932,44,20
Motoren 739,1932,118,20
zu 868,1937,32,15
steigern, 911,1931,122,26
ohne 86,1963,67,20
den 173,1963,48,19
Verbrauch 240,1962,149,21
unzulässig 406,1961,149,26
ansteigen 574,1962,136,25
zu 727,1967,32,15
lassen, 779,1962,93,24
anderseits 889,1962,144,21
den 86,1993,50,20
Betrieb 152,1992,105,21
auch 271,1992,68,21
mit 353,1992,48,21
billigen 415,1991,105,27
Kraftstoffen, 533,1992,187,25
sowie 736,1992,77,21
Ersatzproduk¬ 827,1991,205,27
ten 86,2023,46,21
zu 146,2029,31,14
ermöglichen, 193,2022,180,28
ergaben 384,2023,114,25
sich 511,2022,55,21
zahlreiche 579,2022,143,21
neue 736,2028,64,15
Gesichtspunkte 815,2022,217,27
sowohl 86,2053,98,21
in 205,2053,27,21
motor- 252,2053,95,20
als 368,2052,40,22
auch 428,2053,68,21
in 517,2052,27,21
brennstofftechnischer 565,2052,310,21
Richtung. 895,2052,137,27
<EOS>
Die 86,2084,49,21
Erkenntnis 153,2084,159,21
ferner, 330,2084,95,23
dass 445,2084,60,20
heute 523,2083,77,21
eine 619,2083,55,21
wirksame 691,2083,139,21
Verteidigung 848,2082,185,27
eines 84,2114,73,21
Landes 179,2114,101,20
ohne 304,2114,65,20
gesicherte 395,2113,144,27
Treibstoffversorgung 555,2113,304,27
undenkbar 881,2113,152,21
geworden 86,2145,138,25
1st, 235,2145,43,24
und 294,2145,52,21
Im 362,2144,37,21
Zusammenhang 413,2144,225,26
damit 654,2144,82,21
die 752,2144,40,21
Autarkiebestre¬ 807,2143,226,21
bungen 87,2174,104,26
einzelner 210,2174,127,21
Länder, 355,2174,107,26
gaben 482,2174,84,26
Veranlassung, 585,2174,201,26
dass 806,2174,61,21
der 885,2174,45,21
Frage 949,2174,84,26
der 86,2205,47,20
Herstellung 149,2204,166,28
und 330,2206,52,20
Beschaffung 399,2205,178,26
von 592,2210,51,16
Treibstoffen 658,2204,175,22
grösste 848,2204,103,27
Auf¬ 969,2205,62,19
merksamkeit 89,2236,185,20
geschenkt 290,2235,144,26
wurde. 449,2235,95,22
<EOS>
<EOP>
Bezeichnenderweise 151,2265,280,22
fasst 462,2267,70,20
die 566,2266,40,21
Herstellung 641,2265,167,26
synthetischer 842,2264,192,26
Treibstoffe 86,2295,159,22
auch 261,2295,67,22
ln 341,2296,28,21
Ländern, 383,2296,125,25
deren 526,2296,78,21
Erdölquellen 619,2295,179,27
noch 814,2294,66,22
auf 894,2295,47,21
lange 958,2294,74,27
Sicht 86,2325,74,22
ausbeutbar 174,2326,158,21
erscheinen, 345,2326,155,25
mehr 514,2326,74,22
und 601,2326,52,22
mehr 666,2326,75,21
Fuss, 754,2326,73,24
nicht 841,2325,72,21
nur 926,2331,50,15
um 989,2331,44,14
der 86,2356,49,21
erhöhten 150,2355,125,22
Produktion 291,2356,159,21
selbst 467,2356,81,22
willen, 561,2356,93,26
sondern 671,2356,110,21
auch 794,2355,66,22
in 877,2355,26,22
der 921,2356,44,21
Ab¬ 981,2356,52,20
sicht, 87,2385,77,25
neuartige 189,2387,135,25
Treibstoffe 341,2387,158,21
von 522,2392,50,16
höherer 596,2387,109,21
Qualität 731,2385,117,26
und 871,2386,53,21
geeig¬ 948,2385,86,27
neteren 86,2416,109,21
Brenneigenschaften, 210,2416,288,27
die 514,2417,41,21
höhere 570,2417,94,21
motorische 680,2416,155,22
Leistung 851,2416,124,27
ge¬ 990,2421,43,21
währleisten, 86,2445,175,26
zu 278,2451,32,16
erzeugen, 328,2451,132,22
als 478,2447,40,22
sie 536,2448,36,21
aus 588,2452,48,17
Erdölprodukten 651,2447,225,27
selbst 892,2446,81,22
ge¬ 990,2451,43,21
wonnen 86,2481,111,17
werden 212,2477,103,20
können. 329,2477,110,22
<EOS>
<EOP>
Im 152,2506,39,21
weiteren 207,2506,123,21
sind 356,2507,56,20
die 437,2507,41,21
Anforderungen 495,2508,216,26
an 736,2513,34,16
Kraftstoffe, 788,2507,168,25
ins¬ 982,2507,51,21
besondere 87,2537,141,21
an 242,2541,35,17
Vergaserkraftstoffe, 290,2536,293,27
in 594,2538,28,21
den 638,2538,49,21
letzten 702,2538,96,21
Jahren 813,2537,98,23
wesent¬ 925,2537,108,22
lich 89,2567,52,21
gestiegen, 154,2567,141,26
weil 310,2566,57,21
sie 379,2566,38,22
mit 430,2567,48,21
der 492,2567,46,21
Entwicklung 549,2568,183,26
der 746,2569,45,20
Motoren 803,2569,118,20
Schritt 936,2567,99,21
halten 87,2598,92,22
mussten. 192,2597,126,22
<EOS>
Umgekehrt 333,2596,162,27
kann 510,2598,70,21
natürlich 596,2598,129,22
gesagt 741,2599,93,26
werden, 849,2598,109,24
dass 975,2598,59,21
erst 87,2628,57,21
die 168,2627,41,22
Vervollkommnung 225,2626,264,27
der 514,2627,45,21
Brennstoffe 577,2628,166,22
beispielsweise 765,2629,197,27
den 986,2628,49,21
modernen 88,2659,140,21
Auto- 251,2659,80,19
und 356,2657,52,22
Flugmotor 433,2657,151,27
mit 607,2658,48,22
ihren 679,2659,73,21
hohen 776,2659,83,22
Wirkungs¬ 883,2659,151,26
graden 88,2690,99,24
ermöglichte. 205,2687,174,28
<EOS>
Bei 415,2687,46,22
den 480,2688,48,21
Dieselmotoren 546,2688,203,22
zielt 766,2689,61,21
die 845,2690,40,20
Entwick¬ 903,2689,131,21
lung 88,2719,64,27
ln 166,2719,27,21
etwas 208,2719,82,21
andere 304,2718,94,22
Richtung. 411,2718,138,26
<EOS>
Hier 562,2718,64,22
sucht 640,2719,75,21
man 731,2724,61,17
durch 805,2719,81,22
geeignete 900,2719,134,27
Motorkonstruktion 87,2747,274,23
zu 374,2754,32,15
erreichen, 422,2748,138,25
dass 577,2749,60,20
die 653,2749,40,21
Anforderungen 708,2749,216,27
an 938,2754,34,17
den 986,2750,49,20
Treibstoff 87,2779,146,22
immer 248,2780,92,21
geringer 355,2779,121,27
werden 489,2779,103,21
und 606,2779,52,21
auch 674,2780,66,20
mit 758,2780,47,20
billigeren 819,2780,134,27
Roh¬ 968,2780,66,20
produkten 88,2809,147,26
ein 252,2809,42,22
störungsfreier 312,2809,204,26
Betrieb 534,2808,104,22
möglich 653,2808,112,27
ist. 782,2809,42,21
<EOS>
Ein 859,2810,49,21
anderer 926,2810,109,20
Zweig 89,2839,86,27
ist 191,2840,35,21
die 241,2840,39,21
Anpassung 297,2841,158,26
der 471,2840,45,21
Motoren 532,2840,118,20
an 665,2844,35,16
natürliche 716,2839,143,22
und 876,2841,52,20
künst¬ 944,2840,91,21
liche 90,2869,66,22
billige 179,2869,87,27
Ersatzbrennstoffe 292,2869,257,22
wie 575,2869,48,22
Braun-, 649,2870,105,25
Steinkohlen-, 774,2869,184,26
Oel- 978,2869,57,22
schiefer-Benzin, 86,2898,226,26
Alkohole, 339,2899,130,22
Flüssig- 494,2897,114,28
und 632,2898,52,20
Dauergase, 705,2899,156,25
Holz- 884,2898,75,21
und 984,2898,51,21
<EOS>
<EOP>
Holzkohlengas, 1077,126,214,27
Anthrazit- 1306,127,151,21
und 1471,128,52,20
Koksgas, 1537,128,128,25
sowie 1680,126,77,22
von 1771,131,52,16
Kohlenstaub, 1836,125,185,25
sowie 1076,157,78,22
die 1173,157,40,22
passende 1232,157,126,28
Aufbereitung 1378,157,189,28
dieser 1586,158,82,20
Kraftstoffe 1687,157,160,21
selbst. 1867,156,88,21
<EOS>
<EOP>
Sowohl 1140,187,101,22
für 1258,187,45,21
den 1320,188,49,20
Fachmann 1385,189,149,19
als 1551,188,40,20
auch 1604,188,67,20
für 1686,187,45,21
den 1747,187,49,21
an 1812,192,35,15
Kraftstoff- 1864,185,156,22
Fragen 1077,218,102,26
interessierten 1192,218,194,21
Laien 1400,218,79,21
ist 1491,218,36,21
es 1539,224,28,15
heute 1579,218,77,22
ausserordentlich 1670,217,232,22
schwie¬ 1915,216,105,22
rig, 1077,248,47,26
mit 1140,248,48,21
diesen 1203,248,87,21
neuen 1303,254,82,15
Richtungen 1401,248,163,26
durch 1578,248,80,21
Studium 1675,247,117,22
der 1808,247,46,21
einschlägi¬ 1869,246,151,27
gen 1076,284,51,20
Literatur 1145,279,133,21
Schritt 1295,279,99,21
zu 1416,284,32,15
halten, 1476,279,95,24
nicht 1590,279,71,20
zuletzt 1687,278,96,21
deswegen, 1804,278,142,25
weü 1963,276,58,22
zahlreiche 1076,309,144,21
wichtige 1237,308,121,26
Arbeiten 1376,308,123,21
oft 1525,309,39,20
in 1590,309,26,20
schwer 1642,308,99,21
zugänglichen 1759,308,185,26
und 1969,306,53,22
kostspieligen 1076,339,186,26
ausländischen 1282,339,198,21
Fachzeitschriften 1501,339,249,21
verstreut 1770,338,131,21
sind. 1920,337,65,21
<EOS>
<EOP>
Man 1140,369,62,20
muss 1218,374,71,16
es 1308,375,27,15
dem 1353,369,58,20
Verfasser 1428,369,138,20
des 1583,369,45,20
vorliegenden 1643,368,181,27
Buches 1841,368,101,21
hoch 1955,367,67,21
anrechnen, 1077,400,152,24
dass 1248,400,61,21
erdolch 1328,393,100,32
der 1448,400,44,20
grossen 1510,405,109,20
Mühe 1636,399,78,21
unterzogen 1731,398,158,26
hat, 1907,398,54,25
ein 1980,398,42,20
umfassendes 1076,430,179,20
Material, 1273,429,127,25
das 1427,429,47,21
In 1499,429,28,21
sympathischer 1551,428,208,28
Weise 1775,428,84,22
auch 1881,428,67,22
das 1974,428,46,21
ausgedehnte 1075,460,176,26
fremdsprachige 1270,460,221,26
Schrifttum 1514,460,154,20
gebührend 1690,459,148,26
berücksich¬ 1857,458,162,21
tigt, 1076,489,59,27
zu 1156,495,32,16
verarbeiten 1207,490,162,21
und 1389,490,51,21
übersichtlich 1459,489,184,22
in 1662,489,27,21
leichtfasslicher 1708,489,216,21
Form 1942,489,78,20
zusammenzustellen. 1076,521,281,20
<EOS>
Der 1392,521,52,20
Inhalt 1462,520,87,20
gliedert 1567,520,109,25
sich 1693,519,56,21
in 1765,519,28,21
natürliche 1810,518,144,22
und 1969,518,51,21
künstliche 1076,550,146,22
flüssige, 1244,549,116,28
gasförmige 1384,550,159,27
(Flüssiggase 1571,549,179,27
und 1772,549,53,21
Dauergase), 1847,549,172,26
feste 1076,581,68,20
vergasbare 1157,581,157,25
(Holz-, 1335,580,95,26
Holzkohlen-, 1446,580,178,25
Anthrazit- 1637,580,151,20
und 1803,580,53,21
Koksgase) 1869,578,148,27
und 1077,611,51,20
feste 1143,610,69,22
Seht 1224,604,73,28
eigentUch 1312,610,137,27
vergasbare 1463,610,157,27
Treibstoffe 1636,610,156,21
(Kohlenstaub), 1808,609,212,24
pöpibersichtlicher 1063,640,271,32
Weise 1347,641,85,21
werden 1446,641,103,21
die 1564,640,40,22
Gewinnungs- 1621,640,183,26
und 1819,640,54,20
Verarbei- 1886,639,135,21
tungsmethoden 1078,672,215,25
beschrieben 1314,672,164,20
und 1507,671,53,21
aufschlussreiche 1589,670,233,22
Zahlen 1843,670,95,21
über 1958,669,64,21
Gestehungskosten, 1077,702,262,25
Prod^Slon 1363,693,159,40
usw. 1542,706,63,16
<EOS>
mltgeteUt. 1627,700,148,27
<EOS>
Daneben 1814,700,123,21
wer¬ 1957,704,64,17
den 1077,732,49,21
die 1140,732,40,21
verschieden^^ 1195,724,209,37
Prüfmethoden 1409,732,204,21
behandelt 1627,731,137,21
und 1781,731,52,20
interessante 1849,730,172,21
Angaben 1077,763,125,25
über 1228,762,63,20
die 1308,762,40,20
Zusammensetzung 1367,762,263,25
der 1654,762,45,19
verschiedenen 1717,760,198,21
Kraft¬ 1930,759,91,22
stoffe, 1077,792,88,25
über 1183,792,63,21
Anforderungen, 1262,792,221,26
Lieferungsbedingungen 1501,792,333,25
usw. 1850,796,63,16
<EOS>
in 1930,791,27,20
den 1974,791,48,19
verschiedenen 1077,822,198,21
Ländern 1290,822,119,21
aufgeführt. 1425,822,161,26
<EOS>
<EOP>
Neben 1141,853,90,21
der 1247,853,47,21
Fülj|iJ|E|l||ressanten 1307,844,280,40
Tatsachenmaterials 1603,851,282,22
vermisst 1899,850,124,22
der 1079,884,45,19
Fachmaim-jallerdings 1140,875,305,33
oft 1463,883,40,20
eine 1519,882,56,21
gewisse 1591,882,108,26
Prägnanz 1717,882,136,26
und 1869,881,53,22
Kürze 1938,881,85,21
der 1079,914,45,20
Darstellung; 1140,914,177,25
überdies 1334,914,116,19
finden 1466,913,88,21
sich, 1570,913,62,24
wie 1647,913,48,20
selten 1710,912,83,21
sonst 1808,912,74,21
In 1898,912,27,20
einem 1940,911,83,21
kritisch 1079,943,110,21
durchgesehenen 1201,943,224,26
Buche, 1438,943,94,25
eine 1543,942,57,22
Unzahl 1610,942,100,22
von 1722,947,51,16
Fehlern, 1786,941,116,26
die 1914,941,41,22
sich 1968,941,55,22
bei 1079,975,39,20
einer 1136,974,70,21
Neuerscheinung 1222,969,227,30
vermeiden 1464,974,146,20
lassen 1626,973,86,21
dürften 1727,972,107,22
(deren 1853,972,89,24
Auf¬ 1957,972,65,20
zählung 1078,1004,112,26
haben 1207,1004,84,20
wir 1309,1004,48,20
dem 1372,1003,59,21
Verleger 1447,1003,124,27
direkt 1587,1002,85,22
zugesteht). 1688,1002,162,27
<EOS>
<EOP>
Sehr 1142,1035,65,20
vermisst 1226,1034,123,21
wird 1367,1034,66,21
eine 1452,1034,56,21
einheitliche 1527,1034,161,20
Verwendung 1709,1033,177,25
der 1902,1033,46,20
ver- 1965,1037,57,16
schiedenen 1080,1065,149,20
Masseinheiten. 1249,1065,206,20
<EOS>
Amerikanische 1490,1063,213,22
und 1721,1063,52,21
englische 1792,1063,129,26
Mass¬ 1940,1063,82,20
einheiten, 1077,1096,134,24
Gallonen, 1231,1096,128,21
Kubikfuss, 1380,1095,150,25
Zoll, 1550,1095,60,25
Pfund, 1631,1095,92,25
Fass, 1742,1095,73,24
Barrels 1836,1094,105,21
usw. 1960,1098,63,16
<EOS>
sind 1078,1128,57,21
kunterbunt 1162,1128,160,20
mit 1342,1127,48,21
deutschen 1419,1127,141,21
Einheiten 1581,1127,137,20
zusammengewürfelt 1736,1124,287,28
und 1079,1158,51,21
erschweren 1144,1158,160,21
einen 1321,1157,73,22
raschen 1411,1157,110,22
Vergleich. 1536,1157,142,26
<EOS>
Schliesslich 1697,1157,162,21
liesse 1877,1156,75,21
sich 1969,1155,54,21
die 1080,1189,38,19
Verdeutschung 1133,1187,213,26
verschiedener 1357,1188,196,20
Ausdrücke 1565,1187,152,21
konsequenter 1730,1186,189,26
durch¬ 1932,1185,91,22
führen. 1076,1216,100,21
<EOS>
M. 1814,1216,34,19
<EOS>
Brunner. 1868,1215,124,20
<EOS>
<EOP>
Hydraulische 1137,1263,188,26
Schmiedepressen 1339,1263,239,26
und 1592,1265,52,19
Kraftwasseranlagen. 1657,1262,295,26
<EOS>
Von 1967,1262,57,21
Ernst 1076,1294,112,20
Müller, 1205,1294,145,24
Duisburg. 1370,1293,136,26
<EOS>
159 1537,1294,45,20
S. 1599,1293,24,21
<EOS>
mit 1643,1293,48,20
140 1710,1294,46,19
Abb. 1772,1293,65,20
<EOS>
und 1856,1293,52,19
20 1928,1293,29,19
Ta¬ 1974,1292,49,20
bellen. 1076,1323,89,21
<EOS>
Berlin 1200,1323,86,21
1939, 1309,1323,69,25
V^jjlag 1402,1314,96,37
von 1523,1328,50,16
Julius 1597,1322,84,22
Springer. 1705,1322,131,27
<EOS>
Preis 1868,1322,74,21
geh. 1965,1322,58,26
<EOS>
etwa 1076,1353,69,22
25 1162,1354,28,20
Fr., 1211,1354,49,24
<EOS>
geb. 1278,1354,56,25
<EOS>
Fr. 1354,1353,41,23
<EOS>
27,50. 1416,1353,75,24
<EOS>
<EOP>
Wie 1139,1383,56,21
im 1211,1383,36,21
Vorwort 1262,1383,120,22
des 1398,1383,45,22
Buches 1459,1383,100,21
erwähnt 1576,1383,116,22
ist, 1709,1383,41,24
füllt 1768,1382,60,21
dieses 1846,1382,83,21
Werk 1944,1382,79,20
tatsächlich 1076,1413,155,21
eine 1251,1413,56,20
Lücke 1328,1413,87,20
in 1434,1413,27,20
der 1483,1413,45,20
technischen 1549,1412,165,21
Literatur 1733,1412,132,21
aus. 1886,1416,55,16
<EOS>
Ein 1973,1411,49,21
erster 1078,1443,82,21
Abschnitt 1181,1443,139,22
orientiert 1340,1443,135,21
über 1496,1443,64,21
Bauformen 1582,1443,156,20
und 1760,1442,53,20
Konstruktion 1834,1441,190,21
der 1076,1473,45,20
Schmiedepressen 1144,1472,239,27
bis 1413,1472,40,22
zu 1482,1477,33,16
den 1537,1473,48,21
allergrössten 1607,1472,184,26
Ausführungen, 1813,1472,209,25
während 1076,1503,122,20
im 1215,1503,35,20
weiteren 1266,1503,123,20
dann 1405,1503,67,19
die 1487,1502,40,23
Druckwassererzeuger 1542,1502,309,25
und 1866,1501,53,20
Akku¬ 1933,1501,90,20
mulatoren 1077,1532,146,22
behandelt 1247,1532,136,22
werden. 1407,1532,109,21
<EOS>
Mit 1557,1532,51,21
besonderen 1633,1532,157,21
Kapiteln 1814,1531,122,27
über 1960,1531,64,21
Steuerungen, 1077,1563,184,25
Rohrleitungen 1278,1562,203,26
und 1497,1563,52,19
Armaturen 1565,1561,158,22
wird 1740,1561,65,21
der 1820,1561,48,21
konstruk¬ 1883,1561,140,21
tive 1078,1593,51,20
Teü 1151,1593,54,20
abgeschlossen. 1225,1593,205,25
<EOS>
Die 1449,1592,48,22
zwei 1516,1592,66,21
weitern 1600,1592,107,21
Abschnitte 1726,1591,154,24
sind 1901,1591,57,21
der 1980,1592,44,19
Berechnung 1077,1622,168,26
und 1265,1624,52,19
den 1337,1623,48,20
Wirtschaftlichkeitsbetrachtungen 1403,1621,482,26
der 1903,1621,45,21
ver¬ 1967,1626,56,16
schiedenen 1077,1653,152,20
Schmiedepressen 1243,1652,240,26
gewidmet 1498,1652,137,26
und 1649,1652,53,20
schliesslich 1716,1651,159,21
sind 1886,1651,60,21
noch 1958,1651,66,21
die 1078,1683,40,21
Hufsmaschinen, 1131,1682,226,26
wie 1372,1682,48,22
Blockwende- 1435,1682,180,21
und 1632,1684,50,19
Drehmaschinen, 1697,1681,224,25
Krane 1937,1681,87,20
usw. 1077,1717,63,16
<EOS>
mit 1160,1713,48,21
zahlreichen 1224,1712,161,21
Abbüdungen 1404,1712,178,25
erläutert. 1601,1711,132,23
<EOS>
<EOP>
Im 1140,1742,41,21
Zusammenhang 1197,1742,225,25
mit 1436,1742,49,21
den 1500,1742,48,20
Schmiedepressen 1565,1742,238,25
sind 1819,1741,58,21
mancher¬ 1891,1742,134,20
lei 1079,1772,33,20
Angaben 1125,1772,126,25
im 1267,1772,36,20
Buche 1317,1772,87,21
enthalten, 1419,1771,140,25
die 1576,1771,39,21
auch 1631,1771,67,21
ihre 1711,1771,55,22
Gültigkeit 1782,1770,145,26
haben 1941,1770,84,22
für 1079,1803,42,19
den 1143,1803,47,19
Betrieb 1211,1802,103,20
und 1342,1802,52,19
die 1422,1802,41,20
Konstruktion 1483,1801,190,21
anderer 1697,1801,110,20
hydraulischer 1832,1801,193,25
Maschinen. 1079,1831,156,22
<EOS>
Da 1255,1831,41,22
die 1314,1831,40,22
hydraulischen 1372,1830,198,28
Pressen 1588,1831,111,21
für 1717,1830,45,22
die 1780,1830,40,22
vielseitigsten 1838,1830,188,26
Arbeiten 1079,1858,124,25
und 1220,1862,53,20
für 1291,1861,44,21
die 1355,1861,41,21
mannigfaltigsten 1416,1861,243,25
Baustoffe, 1678,1860,145,27
wie 1842,1860,49,21
Schwer- 1911,1860,113,21
und 1078,1891,51,21
Leichtmetalle, 1149,1891,201,25
Gummi, 1359,1891,110,24
Kunstharze 1478,1891,164,21
usw. 1660,1895,64,17
<EOS>
Verwendung 1743,1891,179,25
finden, 1929,1890,95,24
ist 1079,1921,34,22
dieses 1134,1921,83,20
Buch 1237,1921,71,20
wertvoll 1326,1921,115,20
für 1463,1921,44,20
die 1527,1921,41,20
technischen 1588,1920,165,21
Leiter 1773,1920,87,21
vieler 1879,1920,78,21
Be¬ 1977,1920,47,20
triebe, 1079,1951,88,25
daneben 1183,1952,113,20
aber 1311,1952,62,20
auch 1386,1951,67,20
für 1466,1951,44,21
Studierende 1523,1950,167,22
und 1704,1952,52,20
für 1770,1950,44,21
die 1827,1950,39,21
Konstruk¬ 1880,1950,144,22
teure 1078,1981,73,21
auf 1169,1980,47,22
diesem 1232,1980,98,22
Spezialgebiet. 1350,1980,193,27
<EOS>
E. 1799,1980,28,21
<EOS>
Hablützel. 1848,1980,144,21
<EOS>
<EOP>
Der 1140,2029,53,22
Eisenbetonbau. 1208,2029,215,21
<EOS>
Seine 1447,2029,74,21
Theorie 1534,2029,107,21
und 1654,2029,52,21
Anwendung. 1721,2028,176,25
<EOS>
Heraus¬ 1912,2028,113,20
gegeben 1079,2059,114,26
von 1207,2064,49,16
Dr.-Ing. 1272,2059,112,26
<EOS>
und 1399,2059,52,20
Dr. 1465,2059,44,22
<EOS>
sc. 1525,2063,35,17
<EOS>
techn. 1574,2058,83,22
<EOS>
e. 1672,2063,20,16
<EOS>
h, 1707,2058,25,21
E. 1747,2058,28,21
<EOS>
Morsch, 1791,2057,157,26
Pro¬ 1963,2057,61,22
fessor 1079,2090,83,20
an 1180,2094,35,16
der 1231,2090,46,21
T. 1294,2090,28,20
<EOS>
H. 1339,2089,33,21
<EOS>
Stuttgart. 1391,2089,141,25
<EOS>
Fünfte, 1551,2088,103,25
vollständig 1671,2088,157,26
neu 1843,2092,51,16
bearbei¬ 1911,2088,113,21
tete 1078,2119,54,21
und 1152,2121,53,20
vermehrte 1223,2119,145,21
Auflage. 1388,2119,119,26
<EOS>
H. 1528,2119,32,21
<EOS>
Band, 1581,2118,79,25
3. 1680,2118,21,21
<EOS>
TeU, 1720,2118,61,25
Statik 1803,2118,88,21
der 1911,2118,46,21
Ge¬ 1976,2118,48,21
wölbe 1079,2149,79,21
und 1179,2149,53,21
Rahmen, 1251,2148,123,27
3. 1395,2149,21,20
<EOS>
(TeU-) 1439,2148,89,25
Lieferung 1550,2148,139,25
A. 1709,2148,30,20
<EOS>
Mit 1760,2148,49,20
63 1830,2148,29,20
Textabbü- 1880,2147,145,21
dungen. 1079,2179,107,26
<EOS>
Stuttgart 1222,2178,134,27
1939, 1380,2178,68,25
Verlag 1479,2178,97,26
von 1598,2183,50,16
Konrad 1670,2178,106,21
Wittwer. 1797,2178,127,22
<EOS>
Preis 1952,2178,74,21
geh. 1079,2210,56,24
<EOS>
Fr. 1151,2210,40,19
<EOS>
8,40. 1208,2209,59,23
<EOS>
<EOP>
Als 1140,2239,48,21
Fortsetzung 1208,2239,174,27
der 1401,2238,45,21
Berechnung 1467,2238,169,25
der 1658,2238,45,21
gelenklosen 1725,2238,164,24
Gewölbe 1908,2237,117,22
entwickelt 1079,2269,147,21
der 1243,2269,45,20
Verfasser 1303,2268,138,21
in 1457,2267,26,22
der 1499,2267,46,22
vorUegenden 1561,2267,181,27
TeU-Lieferung 1756,2267,206,27
3 1979,2268,13,20
A 2002,2268,22,19
die 1079,2299,39,21
Theorie 1138,2298,106,21
des 1264,2300,45,19
gelenklosen 1329,2298,164,26
Bogens 1514,2298,102,25
auf 1633,2298,48,20
elastischen 1700,2297,154,21
Mittelpfei¬ 1874,2297,151,27
lern, 1080,2329,60,24
die 1158,2328,39,22
bei 1212,2328,41,21
der 1270,2328,45,22
statischen 1331,2327,143,22
Berechnung 1489,2327,169,27
der 1673,2327,46,21
Viadukte 1733,2327,130,22
auf 1880,2327,46,22
hohen 1942,2327,84,21
Pfeilern 1079,2359,112,21
und 1207,2360,51,20
der 1273,2358,44,20
durchlaufenden 1334,2357,216,22
Bogen 1567,2358,87,25
zur 1667,2362,48,16
Anwendung 1728,2358,169,25
gelangt. 1912,2358,113,25
<EOS>
Der 1079,2389,51,20
Autor 1145,2388,85,21
erweitert 1246,2388,131,22
das 1394,2388,46,21
von 1455,2393,51,17
ihm 1521,2387,54,21
schon 1593,2388,79,20
seit 1687,2388,50,22
Jahren 1753,2388,98,20
empfohlene 1865,2388,160,26
Verfahren 1078,2418,145,21
zur 1240,2422,45,16
Bestimmung 1306,2417,178,26
der 1503,2417,45,21
statisch 1565,2417,111,21
unbestimmten 1693,2417,204,21
Grössen 1915,2417,109,22
des 1080,2449,44,21
vollständig 1143,2448,157,26
eingespannten 1318,2447,203,26
Bogens 1541,2448,102,23
auf 1664,2448,45,20
den 1731,2448,47,20
Fall 1799,2448,55,20
der 1875,2449,44,20
elasti¬ 1939,2448,86,21
schen 1079,2478,78,21
Einspannung 1177,2478,187,26
der 1387,2477,45,21
Kämpfer. 1453,2477,132,27
<EOS>
Durch 1609,2477,86,22
Einführung 1717,2477,166,28
der 1904,2477,46,22
ent¬ 1970,2477,55,22
sprechenden 1078,2508,173,27
Drehungen 1268,2508,155,24
und 1440,2507,53,21
Verschiebungen 1508,2507,225,26
in 1750,2507,27,21
die 1794,2507,42,21
Elastizitäts¬ 1850,2507,175,21
gleichungen 1080,2538,169,27
ergeben 1267,2537,111,27
sich 1394,2537,55,21
Systeme 1467,2537,120,26
von 1603,2542,51,16
je 1671,2537,26,27
drei 1715,2537,55,21
Gleichungen 1787,2537,174,26
mit 1978,2537,49,21
drei 1080,2569,54,21
Unbekannten. 1149,2567,197,23
<EOS>
Ein 1372,2567,50,20
durchgerechnetes 1438,2567,249,26
Beispiel 1703,2567,110,26
zeigt 1830,2567,71,26
die 1918,2568,39,20
An¬ 1974,2567,52,20
wendung 1080,2598,127,26
des 1228,2598,45,21
Verfahrens 1295,2597,158,22
bis 1475,2597,39,21
zu 1534,2602,33,16
den 1590,2598,49,20
Einflusslinien 1662,2598,193,19
der 1879,2598,45,20
Kern¬ 1946,2598,80,20
punktsmomente 1080,2627,226,28
für 1329,2627,44,21
Bogen 1397,2627,88,26
und 1508,2627,52,21
PfeUerschnitte 1583,2626,209,22
unter 1814,2627,77,21
Berück¬ 1915,2626,111,22
sichtigung 1081,2659,148,25
der 1246,2658,46,21
Bremskräfte. 1310,2657,187,21
<EOS>
<EOP>
Für 1144,2688,53,22
die 1218,2688,41,21
jüngeren 1280,2687,125,27
Kollegen 1425,2686,124,28
ist 1571,2686,34,23
vielleicht 1627,2686,129,22
der 1776,2686,46,22
Hinweis 1843,2686,114,22
von 1977,2692,50,16
Interesse, 1080,2719,135,24
dass 1234,2719,61,20
der 1312,2718,44,21
Autor 1373,2717,85,21
als 1475,2717,40,20
Gründsystem 1532,2717,185,25
zur 1733,2721,48,17
Berechnung 1796,2717,169,25
des 1983,2717,45,20
eingespannten 1080,2748,203,27
Bogens 1304,2747,101,27
den 1426,2747,48,22
einseitig 1494,2747,121,27
eingespannten 1635,2747,202,26
Bogen, 1858,2747,94,26
also 1973,2747,54,21
ein 1080,2779,41,22
unsymmetrisches 1141,2777,247,28
Tragsystem 1405,2776,170,27
einführt 1595,2776,114,21
und 1730,2776,51,21
nicht 1799,2776,71,21
den 1891,2777,48,20
beid¬ 1958,2776,69,21
seitig 1080,2808,78,27
eingespannten 1183,2808,202,27
Balken. 1408,2807,106,21
<EOS>
Die 1537,2807,47,21
Vorteile, 1609,2806,118,25
die 1753,2807,39,21
im 1818,2807,36,21
häufigsten 1877,2806,150,27
Falle 1080,2840,71,19
eines 1172,2839,68,20
symmetrischen 1259,2837,213,27
Bogens 1492,2837,101,26
ein 1614,2836,40,22
ebenfalls 1674,2836,125,22
symmetrisches 1817,2836,211,27
Grundsystem 1080,2869,187,26
aufweist, 1289,2867,128,25
auf 1438,2867,47,21
das 1506,2868,47,19
die 1571,2867,40,21
beliebte 1632,2867,109,23
Festpunktmethode 1762,2867,265,26
angewendet 1080,2898,167,26
werden 1266,2898,101,21
kann, 1387,2897,76,25
sind 1484,2897,57,21
gross, 1560,2902,81,21
insbesondere 1663,2897,179,22
dann, 1861,2897,74,26
wenn 1953,2902,74,16
<EOS>
<EOP>
