2254,2981
128 197,86,46,22
SCHWEIZERISCHE 905,84,297,22
BAUZËITUNG 1223,84,219,21
Bd. 1912,84,46,22
<EOS>
115 1974,83,47,22
Nr. 2045,83,47,22
<EOS>
11 2106,82,31,22
Hauptgletschern 196,140,240,26
werden, 451,140,109,24
wenn 577,144,75,16
sie 667,139,38,21
zur 721,144,46,15
Bildung 781,139,114,25
von 909,143,53,15
Randseen8) 976,136,166,25
oder 197,174,62,21
zu 273,178,33,16
Stauungen 322,174,154,26
in 495,174,27,20
Seitentälern 538,173,174,22
führen. 734,173,101,20
<EOS>
Am 867,173,50,19
gefährlichsten 939,171,207,27
aber 197,207,64,22
sind 274,207,60,22
Vorstösse 349,207,137,22
aus 501,213,48,15
Seitentälern, 566,207,183,24
die 772,206,42,22
das 830,207,48,20
Haupttal 893,205,130,27
abdäm¬ 1039,205,106,20
men, 197,246,68,20
weil 279,241,60,21
solche 353,241,88,21
Abriegelungen 456,241,212,27
der 677,240,47,21
Hauptentwässerung 733,240,291,26
zu 1038,244,33,15
sehr 1085,239,62,20
rascher 197,276,106,21
Füllung 323,275,113,26
der 456,275,45,20
Stauräume 522,274,155,22
führen, 700,274,103,26
wie 820,274,48,21
z. 884,279,21,16
<EOS>
B. 916,274,29,21
<EOS>
der 961,273,46,21
Vorstoss 1020,273,126,21
des 198,310,46,20
Nevadogletschers. 260,309,262,26
<EOS>
<EOP>
Es 258,351,37,22
ist 313,351,36,21
nun 368,356,54,16
sehr 442,351,60,21
zu 522,356,33,16
beachten, 575,351,138,24
wie 727,350,49,21
schon 798,351,82,19
Albert 900,349,93,21
Heiih 1008,347,77,22
[4] 1104,349,37,24
betont 196,384,93,22
hat, 301,385,55,24
dass 367,384,61,22
ein 445,384,42,22
Gletscher, 494,384,148,25
der 653,384,46,21
einmal 715,384,96,21
eine 826,383,58,21
Katastrophe 894,382,180,25
ver¬ 1089,387,57,16
anlasst 197,419,103,21
hat, 313,419,54,25
diese 384,418,70,21
wiederholen 469,418,174,21
wird, 658,417,73,26
da 753,418,33,20
er 808,422,28,16
die 851,417,41,21
Tendenz 908,417,119,20
in 1042,416,28,21
sich 1090,416,56,21
hat, 197,453,55,25
jenen 272,452,78,26
Zustand 365,452,115,22
wieder 494,452,97,21
zu 610,457,34,15
erreichen, 665,451,144,25
den 829,451,51,21
er 899,456,31,15
vor 943,456,48,16
dem 1006,450,59,21
Ein¬ 1085,450,61,21
treten 197,487,87,21
der 301,487,44,20
Katastrophe 361,486,178,27
schon 555,486,81,20
einmal 651,485,97,21
inne 763,484,62,21
hatte. 839,483,82,22
<EOS>
<EOP>
Aber 258,528,70,21
selbst 338,528,82,21
den 429,528,49,21
aussergewöhnlichen 493,526,288,28
und 794,526,54,21
gefährlichsten 857,525,209,27
Glet- 1077,526,69,20
schervorstössen 196,562,227,21
könnte 439,561,97,22
ein 551,561,42,22
grosser 608,566,107,22
Teil 727,560,56,21
ihrer 798,560,70,21
Gefährlichkeit 878,559,210,22
ge¬ 1102,564,44,21
nommen 197,601,123,16
werden, 334,596,111,25
wenn 461,600,75,16
die 555,595,40,21
inneren 616,594,109,22
Bedingungen 739,594,189,26
für 947,593,45,21
Vorstösse 1006,593,140,21
oder 199,631,62,20
die 274,630,42,21
Dauer 336,631,87,20
der 439,630,46,20
Zu- 499,630,49,20
oder 564,629,61,21
Abnahmeperioden 640,627,261,27
bekannt 919,626,118,22
wären. 1052,627,95,21
<EOS>
Davon 199,665,91,20
sind 306,664,59,21
wir 380,664,48,20
jedoch 442,664,94,25
noch 555,663,67,21
weit 638,662,61,21
entfernt, 721,661,123,25
denn 866,661,68,21
noch 954,660,68,22
ist 1042,660,37,22
das 1099,660,47,21
schwierigste 198,698,180,26
aber 395,698,62,21
auch 472,697,67,22
schönste 555,695,123,23
Problem 688,696,121,20
ungelöst, 825,694,128,27
das 969,695,48,20
Problem 1026,694,121,21
der 197,732,47,21
Bewegungsvorgänge 266,731,298,27
im 589,731,36,20
Gletschereis. 650,729,181,22
<EOS>
Die 872,728,48,21
verschiedenen 946,728,201,22
Theorien, 199,766,133,24
die 369,766,40,20
sich 445,765,56,22
neuerdings 532,765,156,26
an 720,769,34,15
die 783,763,41,21
Namen 854,763,103,21
S. 987,762,26,21
<EOS>
Finster- 1031,761,115,22
walder 199,800,98,21
[5], 315,800,50,25
H.Hess 379,799,111,21
<EOS>
[2], 505,799,50,25
M. 566,798,34,22
<EOS>
Lagally, 611,798,118,26
H.Philipp 750,796,144,27
<EOS>
[T\,A.Holl 910,796,164,25
<EOS>
und 1094,797,52,19
vieler 197,834,82,21
anderer 293,834,112,21
knüpfen, 417,833,126,26
sind 564,832,59,21
noch 643,832,69,21
scharf 726,831,93,22
umstritten 831,831,156,21
[vgl. 1004,830,64,27
<EOS>
auch 1080,830,67,21
Heim 200,868,77,21
1, 288,869,20,23
Flaig 325,867,77,27
3]. 412,867,38,25
<EOS>
<EOP>
Die 258,913,48,21
Gletscher 318,913,135,21
sind, 462,912,67,24
geologisch 538,911,153,27
aufgefasst, 701,909,157,28
Gesteinskörper 869,909,216,27
und 1095,909,52,21
sind 200,947,58,22
und 278,947,53,21
bleiben 351,946,102,22
als 473,946,40,21
solche 533,945,87,22
Gegenstand 637,944,168,27
geologischer 820,943,179,27
Beobach¬ 1014,943,132,21
tungsmethoden, 198,980,226,28
mit 445,980,49,22
Einschluss 508,979,152,22
kristallographischer 681,978,293,26
und 988,977,53,21
petro- 1061,977,86,26
graphischer 199,1014,171,27
Untersuchungen. 379,1013,246,27
<EOS>
Aber 640,1013,71,21
die 721,1012,41,22
Lösung 771,1012,108,26
des 888,1012,47,20
Problems 944,1012,137,20
ver¬ 1090,1016,58,16
langt 199,1049,76,26
neben 290,1049,83,20
geologischer 389,1047,180,27
Forschung 584,1046,155,27
ebenso 760,1046,95,21
dringend: 875,1046,140,26
physi¬ 1035,1045,111,27
kalisch-experimentelle 200,1081,431,27
und 656,1080,54,22
physikalisch-analyti¬ 738,1079,409,28
sche 199,1117,76,22
Behandlung. 296,1117,179,24
<EOS>
Diese 490,1115,77,21
Forderung 583,1115,154,26
ist 757,1114,35,21
nicht 812,1113,74,22
neu. 906,1118,58,17
<EOS>
Ihre 985,1113,60,21
Erfül¬ 1060,1113,88,21
lung 200,1151,64,27
wäre 278,1151,71,21
nur 368,1155,51,16
die 434,1150,42,20
Wiederaufnahme 490,1149,247,21
der 759,1148,45,20
alten, 820,1147,79,26
vielseitigen 915,1146,164,27
Me¬ 1093,1147,55,21
thoden 201,1185,98,22
von 317,1190,52,16
Agassiz, 388,1183,120,27
Tyndall, 529,1183,117,26
Forbes, 665,1182,107,25
Forel, 793,1181,84,26
Hagenbach 899,1180,163,27
u. 1080,1185,27,16
<EOS>
a., 1117,1185,31,21
<EOS>
jener 200,1219,73,26
klassischen 295,1218,164,22
Zeit 481,1217,57,22
der 560,1218,45,20
Gletscherforschung, 629,1215,286,27
die 939,1215,41,21
durch 1003,1215,82,20
die 1107,1215,40,19
Herausgabe 198,1252,170,27
des 379,1252,45,21
Handbuches 434,1251,175,22
der 619,1251,46,20
Gletscherkunde 676,1249,221,22
von 908,1254,50,16
Albert 969,1249,92,21
Heim 1071,1248,77,21
ihren 200,1287,74,20
glänzenden 290,1286,161,26
Abschluss 466,1285,144,21
fand. 625,1284,73,22
<EOS>
<EOP>
Die 260,1328,48,21
Häufung 329,1328,128,26
eines 477,1327,71,21
ungeheuren 568,1326,168,26
und 758,1326,52,20
vielseitigen 831,1324,166,27
Beobach- 1016,1323,132,22
tungsmateriales 199,1361,231,28
aus 451,1365,48,17
den 521,1361,49,20
Alpen 591,1360,84,27
und 699,1360,54,21
die 773,1359,41,21
rasch 835,1359,78,21
sich 933,1358,57,21
mehrende 1008,1358,140,20
Kenntnis 200,1395,129,22
der 340,1395,45,21
noch 395,1395,69,21
in 473,1394,28,21
maximaler 508,1394,155,21
Entwicklung 670,1394,185,25
stehenden 863,1392,144,22
Gletscher 1013,1391,137,22
der 201,1430,45,21
Arktis 262,1429,93,21
und 377,1429,52,20
Zentralasiens 445,1427,192,23
verlangen 659,1427,142,27
erneute 824,1427,107,21
und 951,1426,53,21
vertiefte 1026,1425,123,21
Zusammenarbeit 200,1462,305,23
verschiedener 526,1461,256,22
Wissenschaften. 797,1459,296,23
<EOS>
<EOP>
Die 258,1505,49,22
Führung 318,1505,125,26
in 453,1505,27,20
der 491,1504,45,21
Gletscherforschung 547,1503,281,26
ist 837,1501,37,22
schon 888,1501,81,21
seit 984,1500,51,22
einiger 1049,1500,100,27
Zeit 200,1539,57,22
unverkennbar 270,1538,201,22
in 481,1538,27,21
die 518,1538,42,21
Ostalpen 572,1538,124,25
abgerückt 705,1535,148,28
durch 864,1535,80,21
die 955,1534,41,21
verdienst¬ 1005,1534,143,22
volle 201,1574,68,21
Tätigkeit 283,1572,136,27
von 433,1576,52,17
S. 504,1571,26,22
<EOS>
Finsterwalder, 540,1571,209,24
H. 770,1571,33,20
<EOS>
Hess, 817,1570,76,24
von 914,1574,50,16
Klebelsberg 979,1567,170,26
und 200,1608,54,21
ihrer 268,1606,72,22
vielen 354,1606,85,22
Mitarbeiter 454,1605,164,22
und 633,1605,52,20
dank 704,1604,71,21
der 794,1604,46,21
materiellen 855,1603,164,22
Mithilfe 1034,1602,115,21
akademischer 201,1641,199,22
Institute 420,1638,125,23
und 566,1639,52,20
alpiner 639,1638,99,27
Vereinigungen. 759,1637,216,27
<EOS>
Diese 995,1636,78,21
Tat¬ 1088,1636,60,21
sache 200,1676,79,21
ist 293,1675,36,21
an 344,1680,34,15
und 393,1674,53,21
für 461,1673,45,21
sich 521,1673,56,21
noch 592,1673,67,20
kein 674,1671,61,21
Unglück, 744,1671,131,27
aber 885,1670,63,22
sie 963,1670,37,22
sollte 1015,1670,77,21
ein 1107,1669,42,21
Ansporn 201,1709,122,25
sein 351,1708,58,22
zu 437,1713,33,15
gleichwertigen 494,1706,216,27
schweizerischen 734,1704,230,22
Leistungen 989,1703,160,27
wenigstens 202,1742,160,26
in 375,1742,28,21
den 417,1742,50,21
Grenzen 483,1741,117,21
unserer 615,1744,109,17
materiellen 739,1739,163,21
Hilfsmittel. 917,1737,166,22
<EOS>
Ich 1103,1737,46,22
möchte 200,1776,105,22
damit 319,1775,84,22
ja 417,1775,28,27
nicht 460,1775,74,21
bisherige 547,1774,132,25
schweizerische 693,1772,213,23
Arbeiten 915,1771,127,22
herab¬ 1056,1771,94,21
setzen. 201,1811,96,21
<EOS>
Die 312,1810,49,21
Herausgabe 375,1809,171,27
des 562,1808,45,21
Rhonegletscher 622,1807,220,27
Werkes, 844,1806,109,25
die 969,1805,40,21
Arbeiten 1024,1805,125,21
der 201,1845,45,21
Zürcher 261,1844,113,22
Gletscherkommission, 389,1842,317,24
die 727,1841,41,21
Tiefenmessungen 783,1841,248,25
an 1051,1845,34,15
den 1100,1839,49,21
Gletschern, 202,1878,160,25
die 383,1878,42,20
jährliche 444,1876,129,27
Kontrolle 594,1875,135,22
aller 749,1875,65,21
Gletscherzungen 835,1874,239,24
und 1096,1873,53,21
vieles 201,1913,80,22
andere 301,1913,97,20
mehr 417,1911,76,21
sind 511,1910,59,22
sehr 590,1909,62,22
gute 666,1909,65,27
Leistungen, 745,1908,168,27
aber 935,1908,62,21
sie 1012,1907,38,21
allein 1072,1907,78,21
genügen 202,1946,121,28
nicht 337,1946,74,22
mehr 425,1944,76,22
zum 513,1949,62,17
Schritthalten. 589,1943,200,23
<EOS>
<EOP>
Die 260,1988,49,21
Gletscherforschung 324,1986,283,26
kann 621,1985,73,21
heute 709,1985,78,21
nicht 802,1983,73,22
mehr 890,1983,74,21
Sache 980,1982,83,22
einer 1079,1982,71,21
einzelnen 202,2022,132,22
Stelle 350,2021,80,22
sein, 445,2021,64,25
sie 525,2020,38,21
ist 579,2019,36,21
so 630,2024,30,16
vielgestaltig, 674,2018,187,27
dass 877,2018,61,20
sie 953,2017,38,21
unbedingt 1006,2016,144,27
eine 200,2057,57,21
Aufteilung 268,2057,153,24
auf 432,2055,47,21
verschiedene 488,2053,184,22
wissenschaftliche 682,2051,252,22
Institute 941,2051,125,21
nötig 1075,2050,75,27
hat 201,2090,48,22
und 268,2090,52,21
doch 340,2090,66,21
wieder 422,2090,94,19
deren 536,2089,79,20
Zusammenarbeit 635,2085,241,23
bedarf. 897,2085,100,21
<EOS>
Dringend 1015,2084,134,27
ist 202,2124,37,21
namentlich^ 251,2118,169,27
die 433,2123,42,21
Verfeinerung 489,2122,191,26
der 701,2121,47,20
Messmethoden. 761,2119,219,22
<EOS>
Man 1000,2118,63,21
kann 1078,2118,73,22
sich 200,2158,57,21
nicht 271,2156,75,22
mehr 359,2156,74,22
mit 447,2156,50,22
Beobachtung 505,2156,188,25
in 703,2155,28,20
langfristigen 740,2153,188,27
Zeitintervallen 937,2151,214,23
begnügen, 202,2191,147,27
mit 363,2190,50,21
Mittelwerten, 432,2189,193,26
die 649,2189,41,21
über 712,2188,66,23
die 798,2187,41,22
tatsächlichen 854,2186,192,23
Bewe¬ 1061,2186,88,20
gungsvorgänge 202,2225,220,28
wenig 443,2223,87,27
oder 552,2223,62,22
nichts 632,2222,89,23
auszusagen 742,2226,165,22
vermögen. 922,2220,148,25
<EOS>
Die 1101,2219,48,21
Gletscherforschung 202,2258,280,26
muss 506,2262,73,16
sich 605,2257,56,21
auch 685,2256,68,22
die 775,2256,41,21
Arbeitsmethoden 836,2254,248,23
der 1104,2253,47,21
Materialprüfungsanstalten, 202,2292,392,26
der 603,2292,45,20
Erdbaulaboratorien 653,2289,283,22
usw. 945,2294,63,17
<EOS>
aneignen. 1013,2288,137,27
<EOS>
Aus 203,2327,56,21
dem 275,2327,58,20
jüngst 346,2325,94,28
von 454,2330,52,16
der 525,2325,46,20
geotechnischen 586,2324,217,27
Kommission 817,2322,179,22
herausge¬ 1009,2322,141,27
gebenen 204,2361,116,26
Beitrag 334,2360,108,26
zur 457,2364,47,16
Geologie 520,2359,123,25
der 658,2358,46,21
Schweiz 719,2357,118,22
(Hydrologie, 855,2356,178,27
Lief. 1043,2356,66,21
<EOS>
3) 1119,2355,27,25
über 201,2394,63,22
den 279,2394,50,21
«Schnee 345,2393,114,23
und 474,2393,53,21
seine 542,2393,71,20
Metamorphose» 628,2392,226,26
konnte 871,2391,98,21
entnommen 985,2390,166,21
werden, 201,2428,111,25
wie 329,2427,49,22
vielfache 392,2426,131,23
Beziehungen 538,2426,183,26
zwischen 741,2425,129,21
Schnee- 886,2425,110,21
und 1012,2424,52,21
Erd¬ 1085,2424,66,21
bauforschung 202,2461,198,27
vorhanden 414,2460,152,22
sind 582,2459,59,22
[14]. 661,2459,64,25
<EOS>
<EOP>
Die 262,2503,50,21
Beziehungen 326,2502,184,25
vom 523,2506,62,17
Gletschereis 605,2500,174,22
zu 793,2504,34,17
festen 842,2500,87,21
Gesteinen 943,2499,140,22
und 1097,2499,54,22
Metallen 202,2537,127,22
und 343,2536,54,22
zu 411,2540,33,17
Lockergesteinen 454,2534,236,27
sind 705,2534,60,21
nicht 780,2532,73,22
geringer. 863,2533,131,27
<EOS>
Das 1015,2534,53,20
Glet¬ 1080,2533,70,22
schereis 202,2570,115,23
liegt 331,2570,66,27
allerdings 411,2569,143,27
nahe 569,2569,67,20
an 652,2572,34,16
der 697,2568,46,21
Schmelztemperatur 754,2567,278,26
und 1047,2567,53,21
ist 1115,2567,36,22
damit 203,2604,84,22
in 306,2604,27,22
einem 354,2604,84,21
Ausnahmezustand, 459,2601,270,25
aber 759,2602,62,19
anderseits 850,2600,146,22
ist 1024,2600,35,22
doch 1085,2600,66,22
besonders 201,2639,139,21
hervorzuheben, 356,2637,217,24
dass 594,2636,61,21
das 671,2636,47,20
Innere 733,2636,93,21
keines 841,2634,89,22
andern 951,2635,99,21
festen 1064,2635,86,21
Körpers 203,2673,115,27
so 334,2676,29,17
leicht 378,2670,80,22
zugänglich 472,2670,158,27
ist 649,2670,36,21
wie 699,2669,49,21
das 769,2670,46,20
Innere 836,2669,92,20
der 947,2668,46,21
Gletscher. 1008,2668,143,22
<EOS>
Kein 202,2707,67,22
anderer 284,2706,111,22
Körper 404,2704,102,27
eignet 520,2703,89,28
sich 623,2703,57,22
daher 696,2703,80,21
so 792,2708,29,16
gut 836,2703,50,26
zum 899,2707,60,16
Studium 968,2702,122,22
des 1105,2703,46,21
Gleichgewichtszustandes 202,2738,358,29
und 576,2737,53,22
der 639,2737,45,21
Bewegungsvorgänge 696,2736,298,28
im 1009,2736,36,21
Innern 1055,2736,96,21
eines 202,2775,71,22
festen 283,2775,88,21
Körpers 382,2773,116,27
wie 508,2772,49,21
das 569,2773,47,19
Gletschereis, 627,2770,183,25
sei 826,2769,38,22
es, 880,2775,34,20
dass 926,2769,61,22
natürliche 1003,2769,148,22
Spalten, 203,2809,115,27
Bohrlöcher, 329,2806,165,26
Schächte 511,2806,128,22
oder 654,2804,63,22
Stollen 733,2804,100,22
zur 848,2808,46,17
Beobachtung 906,2803,187,27
be¬ 1107,2803,43,22
nutzt 202,2842,78,22
werden. 295,2841,111,22
<EOS>
<EOP>
Die 1249,137,48,21
Erkenntnis, 1312,136,170,27
dass 1502,137,61,20
sehr 1584,136,60,21
bedeutungsvolle 1659,136,231,27
Analogien 1910,135,147,28
zwi¬ 2077,135,61,22
schen 1189,170,79,22
den 1284,172,49,20
Problemen 1349,171,154,21
der 1518,171,46,20
Eisbewegung 1578,171,192,26
und 1788,170,54,21
den 1857,171,50,20
Problemen 1922,169,154,22
des 2092,169,44,21
Erdbaues, 1189,206,142,24
des 1342,206,45,21
Tunnelbaues 1394,205,181,21
und 1585,205,52,20
des 1648,205,45,20
Wasserbaues 1701,205,185,20
vorliegen, 1897,204,139,26
ist 2046,203,37,22
der 2092,203,47,21
Grund, 1190,239,96,25
weshalb 1301,239,116,22
die 1432,240,42,21
Gletscherforschung 1488,239,282,25
auch 1785,239,67,20
für 1867,238,44,21
den 1926,239,50,20
Ingenieur, 1991,237,147,27
wissenschaftlich 1190,272,237,23
und 1440,273,55,22
praktisch, 1509,272,143,29
von 1667,278,52,15
so 1733,278,30,15
grossem 1779,277,118,22
Interesse 1912,272,130,21
ist. 2057,271,44,21
<EOS>
<EOP>
Auswahl 1235,327,107,17
ans 1354,332,41,13
der 1408,327,41,18
Literatur. 1461,327,122,17
<EOS>
[1] 1203,360,28,23
Albert 1245,361,77,17
Heim: 1334,361,80,17
1885, 1425,361,52,20
Handbuch 1490,360,131,18
der 1632,359,41,19
Gletscherkunde. 1684,358,204,20
<EOS>
[2] 1204,386,28,23
H. 1245,388,30,18
<EOS>
Hess: 1288,388,69,18
1904, 1369,387,53,21
[IIb 1431,378,46,38
Gletscher. 1488,387,126,19
<EOS>
[3] 1203,412,28,23
Walther 1246,413,101,19
Flaig: 1357,413,79,22
1938, 1446,414,53,20
Das 1511,414,47,18
Gletscherbuch. 1571,412,187,19
<EOS>
[4] 1204,439,28,22
Albert 1245,439,79,19
Heim 1334,440,68,18
: 1407,444,8,13
1895, 1425,440,53,21
Die 1489,440,43,18
Gletscherlawine 1540,439,202,20
an 1750,443,30,13
der 1787,439,43,17
Alteis. 1836,438,82,18
<EOS>
98. 1924,438,31,18
<EOS>
Neujahrsblatt 1963,437,175,22
<EOS>
<EOP>
der 1280,466,41,18
Naturforschenden 1332,466,225,18
Gesellschaft 1570,465,154,18
Zürich. 1734,464,89,19
<EOS>
[5] 1204,491,27,24
8. 1246,492,21,19
<EOS>
Finsterwalder: 1279,491,187,20
1897, 1477,493,53,20
Der 1543,493,45,18
Vernagtferner. 1600,492,187,21
<EOS>
«Wissenschaftliche 1800,489,240,20
Ergän¬ 2051,490,88,21
<EOS>
<EOP>
zungshefte 1280,519,136,22
des 1428,519,41,19
Deutsch-Oesterr. 1481,518,211,20
<EOS>
Alpenvereins». 1704,517,182,23
<EOS>
Nr. 1898,517,40,18
<EOS>
1. 1947,517,18,17
<EOS>
[6] 1204,544,28,23
R. 1246,545,27,18
<EOS>
Helbling: 1285,545,121,22
1919, 1416,546,53,20
Beiträge 1481,546,107,21
zur 1604,549,40,14
topograph. 1655,544,137,22
<EOS>
Erschliessung 1808,544,177,21
der 2001,543,40,17
Cordll- 2054,542,86,18
<EOS>
<EOP>
leren 1280,572,63,18
der 1355,572,40,18
Anden 1406,572,81,18
zwischen 1498,572,112,18
Aconcagua 1618,572,134,21
und 1763,571,48,18
Tupungato. 1822,570,146,22
<EOS>
XXIII. 1991,570,84,17
<EOS>
Jah¬ 2084,569,56,19
resbericht 1280,598,130,18
des 1422,599,40,17
Akadem. 1476,599,105,17
<EOS>
Alpenclub 1593,598,127,22
Zürich. 1733,596,88,20
<EOS>
[7] 1204,623,29,23
H. 1245,625,31,17
<EOS>
Philipp: 1288,624,104,22
1920, 1402,624,54,21
Geolog. 1467,625,93,21
<EOS>
Untersuchungen 1571,624,205,21
über 1788,624,58,17
den 1858,623,44,18
Mechanismus 1913,622,170,19
der 2097,622,43,18
<EOS>
<EOP>
Gletscherbewegung 1281,650,245,22
und 1538,651,48,18
der 1597,651,40,18
Entstehung 1645,650,147,21
der 1798,649,41,19
Gletschertextur. 1847,648,205,20
<EOS>
Neues 2064,649,76,17
Jahrbuch 1280,676,119,19
f. 1411,676,16,19
<EOS>
Min. 1439,677,55,18
<EOS>
etc. 1507,677,42,18
<EOS>
Beilage-Bd. 1563,676,144,23
<EOS>
XL.ni. 1720,676,83,18
<EOS>
[8] 1205,702,28,23
W. 1248,703,33,18
<EOS>
D. 1289,704,28,17
<EOS>
V. 1326,703,24,18
<EOS>
O. 1361,704,24,17
<EOS>
King: 1397,704,74,20
1934, 1483,704,51,19
The 1547,703,48,18
Mendoza 1607,703,109,18
River 1727,702,70,19
Flood 1808,702,72,18
of 1896,702,24,19
10.—U. 1931,702,84,18
<EOS>
Jan. 2024,701,52,19
<EOS>
1934, 2084,700,54,21
<EOS>
<EOP>
Argentina. 1281,729,133,22
<EOS>
«Geogr. 1426,730,93,21
<EOS>
Journ.», 1532,730,100,19
<EOS>
vol. 1643,729,44,19
<EOS>
LXXXIV. 1697,728,119,19
<EOS>
[9] 1205,754,27,24
Ph. 1246,755,43,18
<EOS>
C. 1298,755,23,18
<EOS>
Vissers: 1334,756,100,19
1934. 1445,755,52,20
<EOS>
Gletscherbeobachtungen 1510,755,308,21
im 1826,755,32,18
Karakorum 1864,754,146,19
etc. 2019,754,41,18
<EOS>
«Zelt¬ 2069,754,71,18
<EOS>
<EOP>
schrift 1281,781,84,19
für 1376,782,38,17
Gletscherkunde», 1427,781,214,20
Bd. 1654,781,40,18
<EOS>
XXII. 1704,781,72,17
<EOS>
PO] 1193,808,41,23
K. 1246,809,30,17
<EOS>
Mason: 1287,809,92,17
1935, 1390,808,54,21
The 1455,809,49,17
study 1515,808,72,22
of 1598,808,24,18
threatening 1633,808,150,20
glaciers. 1793,808,106,22
<EOS>
«Geogr. 1914,808,95,22
<EOS>
Journal», 2022,807,117,21
<EOS>
<EOP>
vol. 1281,835,44,18
<EOS>
LXXXV. 1338,835,107,18
<EOS>
[H] 1193,861,40,22
R. 1247,861,27,18
<EOS>
Helbling 1286,861,108,22
: 1400,866,8,13
1935. 1418,861,54,19
<EOS>
The 1483,861,49,19
origin 1543,859,77,23
of 1632,860,24,19
the 1664,860,39,18
Rio 1711,860,43,18
Plomo 1763,859,79,19
Ice-Dam. 1849,860,113,18
<EOS>
«Geogr. 1970,860,92,21
<EOS>
Jour¬ 2071,860,68,17
<EOS>
<EOP>
nal», 1282,888,57,20
vol. 1350,888,44,19
<EOS>
LXXXV. 1408,887,108,19
<EOS>
[12] 1194,913,40,23
Ph. 1246,914,43,18
<EOS>
C. 1298,914,23,19
<EOS>
Vissers: 1334,914,101,19
1938, 1445,914,53,20
Wissensch. 1510,914,141,18
<EOS>
Ergebnisse 1664,913,140,23
d. 1818,913,21,17
<EOS>
niederländ. 1852,912,142,18
<EOS>
Expeditio¬ 2007,912,132,22
<EOS>
<EOP>
nen 1281,946,45,13
i. 1338,941,15,18
<EOS>
d. 1366,941,22,19
<EOS>
Karakorum. 1400,941,153,17
<EOS>
Bd. 1566,941,41,17
<EOS>
II, 1614,941,31,20
Lief. 1658,940,58,18
<EOS>
1, 1725,941,17,19
IV. 1756,940,38,18
<EOS>
Glaziologie. 1803,939,146,22
<EOS>
[13] 1193,966,40,24
R. 1248,968,26,17
<EOS>
v. 1283,972,20,13
<EOS>
Klebeisberg 1311,966,148,23
: 1464,972,8,14
1939, 1482,967,54,20
Visser's 1547,967,99,19
Karakorum-Glaziologie. 1657,966,300,22
<EOS>
«Zeitschrift 1970,964,145,20
f. 2122,964,18,19
<EOS>
<EOP>
Gletscherkunde», 1281,993,218,21
Bd. 1510,993,42,18
<EOS>
XXVI. 1559,994,82,17
<EOS>
0.4] 1194,1019,40,23
<EOS>
H. 1247,1020,29,18
<EOS>
Bader, 1286,1020,81,21
R. 1379,1021,26,17
<EOS>
Haefeli, 1415,1019,98,23
E. 1524,1020,26,18
<EOS>
Bucher 1558,1019,91,19
usw. 1658,1024,56,13
<EOS>
: 1719,1024,7,13
1939, 1737,1019,53,20
Der 1802,1019,48,18
Schnee 1860,1019,86,18
und 1957,1019,49,17
seine 2016,1019,64,17
Me¬ 2092,1018,47,17
<EOS>
<EOP>
tamorphose, 1282,1046,152,22
Beiträge 1446,1046,108,22
z. 1565,1051,19,13
<EOS>
Geologie 1593,1046,107,21
d. 1709,1045,21,18
<EOS>
Schweiz. 1739,1045,107,18
<EOS>
Geotechn. 1858,1045,122,18
<EOS>
Ser. 1988,1045,48,18
<EOS>
Hydro¬ 2048,1044,92,22
logie, 1282,1074,68,22
Lief. 1363,1073,59,18
<EOS>
3, 1431,1074,18,19
Herausgeber 1462,1074,163,21
Geotechn. 1637,1072,121,19
<EOS>
Kommission 1770,1072,156,18
usw. 1938,1075,56,15
<EOS>
<EOP>
MITTEILUNGEN 1253,1165,339,32
«Gleichspeichernde 1253,1215,274,25
Ziegeldicke». 1542,1214,187,26
<EOS>
Der 1744,1215,52,19
Begriff 1812,1213,104,27
«gleichwertige 1929,1212,211,28
Ziegeldicke» 1191,1249,179,27
gut 1391,1249,51,25
für 1461,1249,44,21
die 1525,1248,41,21
Dicke 1586,1249,83,20
(cm) 1692,1248,67,25
einer 1783,1248,70,20
VoHziegel-Aussen- 1873,1247,266,26
mauer 1192,1288,91,16
von 1298,1288,52,16
gleichem 1363,1282,128,28
Wärmedurchgang 1500,1283,261,25
wie 1775,1282,49,20
die 1840,1282,41,20
zu 1896,1287,33,15
vergleichende 1941,1280,197,27
Wand1)- 1191,1317,117,25
Sie 1325,1317,43,22
gilt 1383,1316,50,26
aber 1449,1317,62,21
nur 1521,1322,50,15
für 1585,1316,45,21
den 1644,1317,50,20
seltenen 1704,1316,115,21
Fall 1835,1316,58,20
des 1903,1315,45,21
Beharrungs¬ 1959,1316,179,24
zustandes. 1192,1350,147,22
<EOS>
Die 1365,1350,48,22
Wärmespeicherung 1427,1350,279,27
der 1727,1350,45,21
Wände 1786,1350,100,21
gleicht 1903,1348,99,27
den 2022,1349,49,20
Ab- 2086,1348,53,21
kühlungs- 1192,1384,143,27
und 1345,1384,53,21
Anheizvorgang 1408,1384,219,27
aus. 1637,1389,55,16
<EOS>
Zur 1708,1383,50,21
Beurteilung 1769,1383,171,26
der 1949,1383,47,20
Speicher¬ 2005,1382,135,27
fähigkeit 1191,1417,133,27
und 1330,1418,53,20
damit 1391,1418,83,20
des 1481,1418,46,20
Verhaltens 1534,1417,154,21
bei 1696,1417,41,21
nicht-beharrendem 1744,1416,272,22
Wärme¬ 2023,1416,116,21
durchgang 1192,1452,153,26
schlägt 1368,1451,104,27
Bruchmayer 1491,1452,179,25
im 1689,1451,37,21
«Gesundh.-Ing.» 1742,1451,229,26
<EOS>
1940, 1986,1450,67,25
Nr. 2068,1449,47,22
<EOS>
6 2124,1449,16,21
den 1192,1486,50,20
Begriff 1257,1486,104,25
«gleichspeichernde 1376,1485,269,28
Ziegeldicke» 1661,1485,176,26
vor, 1853,1490,54,20
d. 1927,1485,23,20
<EOS>
h. 1961,1484,24,21
<EOS>
die 2002,1483,40,22
Dicke 2056,1483,84,22
einer 1192,1519,71,21
VoZZziegel-Aussenmauer 1284,1519,347,27
von 1653,1525,50,15
gleicher 1726,1519,114,27
Wärmespeicherung 1862,1517,278,28
wie 1191,1552,51,22
die 1256,1553,42,21
untersuchte 1311,1554,172,21
Wand. 1496,1553,92,22
<EOS>
<EOP>
Am 1252,1592,51,19
anschaulichsten 1323,1591,229,21
wird 1571,1590,65,22
die 1656,1591,41,21
Speicherfähigkeit 1716,1589,255,28
durch 1991,1589,82,22
das 2092,1589,47,21
Verhältnis 1192,1625,150,21
des 1366,1626,45,20
stündlichen 1431,1625,164,22
Wärmeverlustes 1614,1625,234,21
q 1864,1629,15,21
und 1900,1624,52,20
der 1973,1624,45,20
gespei¬ 2037,1622,102,27
cherten 1192,1659,108,21
Wärmemenge 1320,1659,200,27
W 1536,1659,30,21
eines 1585,1659,70,21
Quadratmeters 1676,1657,215,27
Wandfläche 1911,1657,172,21
im 2102,1656,38,21
Beharrungszustand, 1192,1692,287,28
d. 1496,1693,23,21
<EOS>
h. 1529,1693,25,21
<EOS>
mit 1574,1692,48,22
qjW 1643,1692,58,30
oder 1722,1692,62,22
dem 1804,1692,58,20
Umkehrwert 1881,1690,185,23
WJq 2080,1691,59,29
dargestellt. 1192,1726,162,27
<EOS>
Dieser 1368,1726,93,22
gibt 1477,1726,58,27
jene 1554,1726,60,27
Zeit 1634,1726,56,22
(Durchflusszeit) 1708,1726,234,24
in 1961,1726,28,20
h 2004,1725,17,21
an, 2036,1730,41,19
die 2098,1724,42,22
verging, 1193,1760,118,27
bis 1328,1761,41,20
die 1384,1760,43,21
in 1440,1760,29,21
1 1483,1761,15,20
m2 1507,1761,38,20
der 1555,1761,47,20
Wand 1610,1760,85,21
gespeicherte 1710,1759,179,27
Wärme 1898,1759,106,22
W 2014,1759,32,20
durch 2060,1758,83,21
diese 1193,1794,69,21
Wand 1270,1795,84,21
mit 1364,1794,50,21
dem 1422,1794,59,21
Beharrungswärmeverlust 1493,1793,365,27
q 1867,1798,15,21
abfliessen 1895,1792,140,22
würde. 2045,1792,96,22
<EOS>
Dabei 1193,1828,83,21
ist 1290,1828,36,22
q 1336,1834,15,20
das 1367,1829,49,20
Produkt 1426,1828,118,22
aus 1559,1832,48,18
Wärmedurchgangszahl 1619,1827,333,26
und 1966,1826,52,22
Tempe¬ 2033,1826,107,27
raturunterschied, 1192,1862,249,25
W 1457,1863,31,20
das 1499,1863,47,20
Summen-Produkt 1557,1861,254,23
aus 1825,1866,49,17
ma-Gewicht, 1889,1860,173,26
spez. 2073,1865,67,21
<EOS>
Wärme 1193,1896,105,21
und 1315,1896,53,21
Mitteltemperatur 1383,1896,250,27
jeder 1647,1896,73,27
Schicht 1736,1895,106,23
der 1859,1895,47,21
Wandkonstruk¬ 1917,1893,223,23
tion. 1192,1930,64,22
<EOS>
Grosse 1272,1930,95,22
Durchflusszeit 1382,1930,210,22
(W/q) 1612,1930,84,29
oder 1713,1930,63,20
gute 1791,1930,63,25
Wärmespeicherung 1864,1928,278,27
liegen 1192,1963,87,28
vor 1292,1969,49,16
bei 1355,1963,43,22
hohem 1414,1963,95,22
Gewicht, 1520,1963,123,26
grosser 1658,1969,106,21
Wanddicke, 1773,1962,168,25
grosser 1955,1967,106,21
spez. 2072,1967,68,21
<EOS>
Wärme 1192,1997,105,21
und 1314,1998,53,23
bei 1387,1998,41,21
kleinem 1444,1997,112,22
Wärmeverlust 1571,1997,206,21
(kleiner 1796,1996,112,25
Wärmeleitzahl, 1921,1995,219,25
grosser 1193,2037,106,21
Wanddicke). 1314,2032,182,25
<EOS>
Der 1521,2033,53,20
Weg 1589,2032,65,25
zur 1673,2036,47,16
Ermittlung 1740,2029,162,28
der 1921,2029,46,21
gleichspei¬ 1987,2029,152,27
chernden 1193,2065,129,22
Ziegeldicke 1331,2065,163,27
ds 1505,2066,24,25
ist 1546,2066,36,21
folgender. 1592,2065,142,26
<EOS>
Für 1750,2063,53,21
jede 1816,2063,59,27
Ziegelmauerdicke 1886,2063,253,25
lässt 1194,2100,65,20
sich 1274,2099,58,21
die 1347,2099,41,21
zugehörige 1402,2099,158,27
Durchflusszeit 1570,2097,209,23
z 1792,2102,16,16
— 1818,2111,27,3
W/q 1856,2097,57,29
berechnen 1928,2096,145,22
und 2087,2096,53,21
die 1193,2133,42,21
Werte 1244,2133,89,21
in 1342,2133,28,21
einer 1380,2133,72,21
Kurve 1461,2133,88,21
auftragen. 1560,2133,149,25
<EOS>
Ihre 1723,2132,59,20
analytische 1796,2123,161,34
Form 1969,2130,79,21
lautet 2057,2130,85,21
praktisch 1193,2174,136,27
d, 1349,2174,24,26
6,5 1425,2174,37,25
]/ 1476,2167,18,37
z 1502,2179,14,16
— 1527,2187,28,3
3 1566,2174,15,21
cm. 1597,2178,49,17
<EOS>
Für 1671,2173,55,22
jede 1745,2172,59,27
andere 1819,2172,96,21
Wand 1930,2172,83,21
mit 2032,2171,50,22
be¬ 2096,2172,44,21
rechneter 1193,2208,136,21
Durchflusszeit 1343,2207,211,22
kann 1567,2207,73,21
aus 1659,2211,49,17
der 1728,2206,45,22
Kurve 1788,2206,89,22
oder 1891,2206,64,21
der 1975,2206,45,21
Formel 2036,2206,104,21
die 1193,2242,41,21
gleichspeichernde 1249,2241,254,28
Ziegeldicke 1518,2240,163,27
d, 1696,2240,24,27
entnommen 1736,2240,166,21
werden. 1917,2239,110,22
<EOS>
<EOP>
Eine 1252,2275,66,22
Reihe 1332,2275,79,22
vom 1422,2281,61,16
Verfasser 1492,2275,140,21
auf 1641,2274,48,22
ihre 1698,2274,57,21
Wärmespeicherung 1764,2273,279,27
unter¬ 2052,2273,88,21
suchter 1193,2310,108,22
Baukonstruktionen 1328,2309,276,22
lässt 1626,2308,66,22
folgende 1720,2307,122,27
Schlüsse 1867,2307,124,22
zu: 2014,2311,47,17
Die 2093,2306,48,21
Unterschiede 1193,2344,188,22
der 1401,2344,46,22
Durchflusszeiten 1461,2343,242,22
sind 1723,2342,59,21
grosse; 1801,2346,103,23
es 1926,2346,28,16
liegt 1974,2341,66,26
daher 2060,2341,80,21
gute 1194,2379,62,26
Unterscheidungsmöglichkeit 1267,2377,413,28
vor. 1692,2381,56,17
<EOS>
Die 1762,2376,48,21
Grenze 1824,2376,99,21
zwischen 1937,2375,131,21
aus¬ 2083,2379,58,17
reichender 1194,2412,150,23
und 1364,2412,52,21
ungenügender 1436,2411,204,27
Speicherung 1657,2410,177,28
liegt 1853,2410,65,26
bei 1937,2408,43,22
etwa 2000,2409,68,22
10 2084,2409,30,22
h 2123,2409,19,21
Durchflusszeit, 1194,2446,216,25
entsprechend 1433,2445,189,27
17 1645,2444,30,22
cm 1690,2449,42,17
gleichspeichernder 1755,2444,266,26
Ziegel¬ 2045,2443,97,27
dicke. 1194,2481,83,22
<EOS>
Bemerkenswerterweise 1293,2479,333,23
speichern 1636,2478,136,28
Hohlziegelmauern 1781,2477,265,27
besser 2054,2477,90,22
als 1195,2516,39,20
gleich 1251,2515,86,27
dicke 1345,2515,77,22
Vollziegelwände. 1430,2513,242,28
<EOS>
Gute 1698,2513,68,21
Hohlsteine 1775,2512,155,22
ohne 1945,2511,68,21
Wärme¬ 2027,2511,117,21
brücken 1194,2549,117,21
reichen 1324,2548,107,22
bei 1445,2548,43,22
25 1503,2548,29,22
cm 1543,2553,41,17
Stärke 1600,2547,95,23
an 1710,2552,36,16
die 1756,2546,41,22
Speicherung 1808,2546,177,28
der 2001,2546,45,20
38 2061,2544,29,22
cm 2101,2550,41,16
Vollziegelmauern 1194,2583,250,27
heran. 1459,2582,89,22
<EOS>
Trotz 1568,2581,79,22
gelegentlich 1662,2580,174,28
sehr 1852,2580,61,22
hohen 1927,2579,85,22
Wärme¬ 2027,2578,114,22
schutzes 1194,2617,122,22
speichern 1331,2617,136,27
Leichtwände 1477,2615,182,23
oft 1675,2615,40,22
ungenügend, 1726,2614,181,28
besonders 1917,2613,140,22
wenn 2067,2617,75,15
durch 1195,2651,82,22
innenliegende 1293,2652,194,25
Luftschichten 1501,2649,199,23
die 1715,2649,40,21
Wand 1765,2648,84,22
in 1859,2648,27,21
das 1901,2648,47,20
Gebiet 1960,2646,90,21
tiefer 2063,2646,79,21
Lufttemperaturen 1194,2685,261,28
gerückt 1469,2684,113,27
ist. 1594,2683,44,23
<EOS>
Um 1652,2684,54,22
unliebsame 1720,2683,160,21
Ueberraschungen 1891,2680,253,26
zu 1195,2724,32,16
vermeiden, 1247,2719,156,25
sollte 1424,2719,77,22
daher 1524,2718,80,22
ausser 1631,2722,90,17
der 1743,2717,46,21
«gleichwertigen» 1813,2714,239,28
auch 2075,2714,69,22
immer 1195,2753,92,21
die 1302,2753,42,21
«gleichspeichernde» 1361,2753,281,27
Ziegeldicke 1659,2750,161,29
bekannt 1836,2748,117,22
sein. 1968,2747,62,22
<EOS>
Durch 2055,2747,90,22
innenseitig 1195,2786,157,27
angebrachte 1369,2786,175,27
Isolierschichten 1565,2785,227,23
wird 1807,2783,64,22
die 1892,2782,42,21
Massivmauer 1953,2781,192,22
in 1195,2820,27,21
den 1245,2820,49,22
Bereich 1317,2819,110,22
niedrigerer 1446,2820,160,27
Mitteltemperaturen 1626,2818,283,27
gerückt, 1930,2815,117,28
dabei 2068,2817,76,20
") 259,2889,19,19
Vergi, 290,2886,77,22
z. 379,2891,19,13
<EOS>
B. 407,2886,26,18
<EOS>
O. 446,2886,25,18
<EOS>
Lülschg 480,2885,100,21
: 584,2891,8,12
die 604,2885,37,18
Abflussverhältnisse 650,2884,253,18
des 914,2883,40,19
Märjelen-Sees, 966,2883,185,21
in 205,2916,22,17
«SBZ» 240,2914,75,18
Bd. 326,2913,41,17
<EOS>
68. 374,2913,29,19
<EOS>
S. 417,2913,21,17
<EOS>
149' 446,2913,46,16
(1916). 506,2912,71,22
<EOS>
<EOP>
') 1251,2882,16,21
Vgl. 1275,2881,51,22
<EOS>
auch 1333,2881,58,18
«Wärmeschutz 1397,2880,182,19
in 1586,2881,24,17
Wohnungsbauten» 1614,2880,230,22
von 1849,2881,44,15
O. 1900,2877,24,19
<EOS>
Stadler 1930,2876,89,20
in 2024,2877,25,19
Bd. 2054,2877,43,19
<EOS>
112 2102,2877,34,19
S. 1195,2907,22,20
<EOS>
254* 1225,2907,46,19
(19. 1284,2907,38,22
<EOS>
Nov. 1334,2908,55,17
<EOS>
1938). 1401,2907,63,22
<EOS>
<EOS>
<EOP>
