2229,2995
16. 74,83,36,22
<EOS>
März 127,85,72,21
1940 215,85,60,21
SCHWEIZERISCHE 771,87,298,24
BAUZEITUNG 1087,89,220,24
Anzeigenseite 1779,92,196,27
3 1998,95,13,20
<EOS>
<EOP>
Korkwolle 135,137,145,22
sind 297,139,55,20
dünne 370,139,82,20
Späne 471,140,82,25
von 572,145,49,15
0,1 638,141,37,24
bis 694,141,38,21
0,5 750,141,37,24
mm 804,147,52,15
Dicke, 875,142,86,24
die 980,143,39,20
von 73,176,48,16
gesunden, 144,173,136,25
ganzen 310,178,99,20
Stücken 433,173,112,21
Korkholz 568,174,129,22
genommen 729,180,152,21
werden. 910,176,109,21
<EOS>
Man 73,206,60,20
hat 158,207,47,21
Korkwolle 229,207,145,21
bisher 400,207,85,21
als 511,209,38,20
Füllmaterial 573,208,177,21
für 776,209,44,21
Polster 842,211,99,19
und 968,212,51,19
Polstermöbel, 73,240,189,25
Stofftiere, 280,240,142,26
Puppen 440,241,105,27
und 562,243,51,19
dergleichen 630,243,160,25
benutzt. 808,244,112,22
<EOS>
Kork- 936,244,83,21
Wolle, 70,274,80,25
zwar 171,279,70,16
etwas 262,274,83,21
gröber, 366,276,98,25
aber 489,277,61,19
auch 572,276,66,21
viel 660,278,50,19
leichter 728,277,107,21
als1 858,279,39,20
Kapok, 919,279,97,25
Watte 71,308,86,21
oder 174,309,59,20
Seidenfasern 251,308,179,22
ist 446,309,35,21
aber 497,311,62,19
vor 575,315,46,16
allem 636,312,74,19
ein 724,312,41,19
geradezu 780,312,127,23
ideales 924,312,95,21
Füllmaterial 70,342,178,21
für 269,342,43,21
Schlafsäcke. 336,343,174,22
<EOS>
Mit 542,345,49,20
500 612,344,45,22
g 681,351,18,20
Korkwolle 721,345,145,22
wird 886,346,65,21
der 974,348,44,20
gleiche 70,376,98,26
Wärmeschutz 180,377,194,21
erreicht 389,377,111,22
wie 514,378,46,21
mit 574,378,49,20
800 636,378,46,22
g 695,384,17,21
Seidenfasern. 726,378,186,22
<EOS>
Kapok 925,380,91,26
und 70,411,52,22
Seidenfasern 134,411,180,21
haben 330,411,83,21
die 428,411,39,21
unangenehme 481,412,194,26
Eigenschaft, 690,413,175,26
sich 881,415,55,20
nach 951,416,65,18
einiger 69,444,97,27
Zeit 174,445,55,20
zu 245,450,30,15
ballen 292,446,84,20
und 390,445,52,21
Klumpen 451,445,127,27
zu 594,451,33,15
bilden. 640,447,89,20
<EOS>
Korkwolle 747,447,145,23
braucht 908,450,108,20
<EOS>
<EOP>
man 1063,148,61,15
nötigenfalls 1146,144,165,26
nur 1332,150,49,15
ein 1402,145,41,20
wenig 1462,146,85,26
zu 1568,151,31,15
schütteln, 1621,146,135,25
und 1780,147,51,21
sie 1852,147,35,21
verteilt 1908,146,104,22
sich 1063,178,55,20
wieder 1136,179,93,20
ganz 1249,183,67,21
gleichmässig. 1335,179,189,26
<EOS>
Dazu 1550,180,72,20
ist 1641,179,35,22
sie 1691,180,36,21
hygienisch, 1747,180,155,26
da 1924,182,33,20
sie 1975,182,36,20
von 1063,216,50,16
Ungeziefer 1127,211,156,26
gemieden 1299,213,133,25
wird. 1448,212,70,21
<EOS>
Sie 1543,213,41,21
bröckelt 1601,213,115,21
nicht, 1732,213,76,25
noch 1827,215,65,20
zerfällt 1908,214,103,21
sie 1063,246,35,20
bei 1121,245,40,21
längerem 1180,246,132,25
Gebrauch. 1334,246,140,21
<EOS>
Für 1502,246,53,21
Schlafsäcke 1576,246,167,22
insbesondere 1764,247,181,22
hat 1963,248,48,20
sie 1063,279,35,21
den 1114,279,48,21
Vorzug, 1173,280,109,26
dass 1299,280,58,21
man 1370,285,62,16
sie 1448,279,35,22
sehr 1500,281,59,20
stark 1574,281,74,20
zusammenpressen 1662,286,256,21
kann. 1932,283,76,20
<EOS>
Sie 1063,313,41,21
geht 1124,314,61,25
immer 1207,314,91,20
wieder 1316,314,94,20
auf, 1431,313,52,26
so 1505,319,29,15
oft 1553,315,40,20
man 1614,319,60,16
das 1696,316,45,19
wiederholt. 1762,315,155,21
<EOS>
Sehr 1947,316,63,20
wesentlich 1063,348,147,20
ist, 1235,348,42,24
dass 1304,348,60,20
der 1391,349,44,19
Schlafsack 1462,348,153,22
sich 1641,350,55,19
waschen 1720,349,120,21
lässt. 1865,351,72,22
<EOS>
Er 1974,350,36,21
braucht 1062,382,108,20
zwar 1187,387,71,15
bis 1278,382,39,20
zu 1332,388,32,14
einer 1384,383,70,19
Woche, 1473,382,100,26
bis 1596,383,38,20
er 1654,389,29,15
wieder 1703,384,93,20
ganz 1815,389,65,21
trocken 1902,384,107,21
ist, 1061,416,41,24
wird 1121,416,64,20
aber 1201,417,61,19
dann, 1280,416,74,25
wenn 1372,421,73,15
man 1465,421,60,16
ihn 1543,417,44,20
nur 1604,422,48,16
ein 1670,418,39,20
wenig 1727,417,84,26
aufschüttelt, 1830,418,177,26
genau 1062,454,83,21
wie 1164,450,48,21
vorher 1231,450,92,21
(NZZ). 1349,450,95,24
<EOS>
<EOP>
\\ 280,582,57,54
<EOS>
<EOP>
M 164,826,71,65
<EOS>
<EOP>
m 459,1124,24,19
¦ 496,1139,1,1
ip 533,1122,27,26
I 209,1177,50,88
m 290,1203,54,39
<EOS>
<EOP>
Transmissions-Organe 706,551,923,87
<EOS>
<EOP>
für 977,671,51,28
jeden 1045,671,108,35
Bedarf 1177,671,129,29
Kupplungen 994,754,190,30
für 1201,754,44,23
alle 1261,754,56,24
Zwecke 1335,754,121,24
und 1475,755,54,23
in 1548,756,25,22
allen 1592,755,75,25
Grössen 1687,755,127,24
Keilriemen-Antriebe 841,814,318,24
TEXROPE-Klus 1177,814,240,24
Lenixtriebe 1795,817,174,25
Reduktionsgetriebe 842,875,304,30
und 1174,876,56,23
Getriebe 1257,875,134,25
für 1421,876,42,23
Drehzahlerhöhung 1488,877,290,31
mit 1809,880,48,23
Stirn¬ 1885,880,83,23
<EOS>
<EOP>
rädern 1162,914,100,23
und 1282,914,55,23
konischen 1357,914,159,24
Rädern 1536,915,110,24
Schneckengetriebe 841,974,305,30
Motorgetriebe 1746,978,221,30
<EOS>
<EOP>
Zahnräder 1074,1035,165,24
für 1255,1035,41,23
alle 1312,1036,57,23
Zwecke 1387,1036,121,24
der 1525,1037,51,24
Industrie 1594,1037,137,25
Gesellschaft 704,1113,269,33
der 992,1114,68,31
LUDW. 1080,1113,130,33
<EOS>
von 1230,1120,72,26
ROLL'sehen 1323,1115,248,32
Eisenwerke 1592,1116,247,33
A.-G. 1858,1118,106,32
<EOS>
<EOP>
WA 801,1180,132,54
EISENWERK 1087,1170,508,63
KLUS 1637,1172,214,63
<EOS>
<EOP>
Keilriemenantrieb 173,1344,219,19
TEXROPE-Klus 410,1344,188,19
<EOS>
<EOP>
ROLL] 752,1238,181,62
Gegründet 1178,1255,129,23
1810 1316,1256,45,18
2000 1394,1256,46,18
Arbeiter 1449,1256,100,19
und 1564,1257,42,18
Angestellte 1621,1256,142,24
<EOS>
<EOP>
KLUS 1292,1304,122,34
(Kt. 1436,1309,48,28
<EOS>
Solothurn) 1498,1310,150,29
<EOS>
<EOP>
KCMMW- 269,1471,530,89
SŒHTZASMICS1E 814,1472,1118,95
KATALYT 135,1600,348,52
B&S 227,1681,161,64
<EOS>
<EOP>
TEL. 158,1873,89,24
<EOS>
92 267,1873,52,25
70 332,1875,56,24
37 399,1875,51,25
<EOS>
<EOP>
D 277,1963,26,31
I 473,1965,21,32
D 549,1966,29,31
<EOS>
<EOP>
« 668,1997,31,38
D 275,1998,31,33
<EOS>
<EOP>
für 624,1599,80,60
Eisenkonstruktionen 743,1599,574,63
und 1364,1602,103,60
Slahlbauwerke 1506,1602,427,64
<EOS>
<EOP>
Grundierungen 777,1685,285,30
mit 1099,1687,55,22
intensiv 1188,1687,148,24
rostschützender 1370,1689,308,25
und 1712,1691,67,24
rostabsorbierender 777,1720,361,23
Wirkung. 1164,1721,160,29
<EOS>
Deckanstriche 1354,1721,271,26
in 1655,1725,29,23
ver¬ 1714,1730,67,18
schiedenen 778,1754,220,23
Grautönen 1013,1754,199,24
von 1231,1760,67,19
höchster 1319,1756,165,24
Wetterfestigkeit 1492,1757,289,31
<EOS>
<EOP>
Unsere 1009,1805,135,24
Produkte 1164,1806,168,24
bürgen 1351,1807,130,29
für 1501,1808,50,22
äusserst 624,1848,224,46
haltbare 883,1847,214,48
daher 1129,1848,146,48
wirtsihattliihe 1305,1850,360,48
Anstriihe 1697,1853,234,48
<EOS>
<EOP>
CMOK, 862,1956,571,97
MEIIEN 1495,1961,432,88
VENTILATIONSKLAPPEN 95,2143,704,64
RF 843,2147,70,61
7 933,2151,29,58
nHHniimn 136,2276,307,35
iFinFFirFiiiünp 136,2313,307,34
îririiiïïFiiïïriiiii 136,2349,307,34
lïiirifiTiriinniuiiB 136,2384,307,32
liliìfililiìEiilll 135,2417,307,33
PF! 135,2452,75,30
<EOS>
Sniffili!! 214,2451,153,32
<EOS>
li 372,2453,33,30
fi 409,2453,33,30
ïi~niïïirisïïi7i!ïïrï 135,2485,306,36
<EOS>
ïFonPiriiïïiiiïiiii 135,2522,306,34
iPFÌPrììl^rìIUlìI 135,2558,306,35
<EOS>
<EOP>
(Patent 528,2221,93,20
Nr. 633,2222,38,17
<EOS>
165 684,2222,43,17
634) 734,2222,60,21
mit 528,2266,35,18
leicht 580,2265,65,19
wegnehmbarem 658,2266,190,23
Rahmen 867,2267,96,20
sind 527,2292,48,19
bestbewährt 589,2292,148,19
für 752,2293,33,18
eine 798,2294,50,18
befriedi¬ 866,2294,98,19
gende 527,2319,73,22
Lüftung 618,2317,89,25
von 721,2324,41,14
Küchen, 781,2318,95,25
Bade¬ 895,2321,67,18
zimmern, 527,2345,111,22
Wohn- 660,2345,82,20
und 765,2346,41,19
Geschäfts- 832,2346,129,20
Räumen, 527,2372,104,22
Spitälern 645,2372,105,22
usw. 765,2376,53,15
<EOS>
T 867,2379,78,100
Sia 571,2462,41,18
erreichen 625,2463,131,18
damit 770,2463,73,18
: 851,2469,6,12
1. 525,2493,17,17
<EOS>
bedeutende 556,2492,141,19
Zeltersparnis 722,2493,159,23
beim 907,2493,54,19
Versetzen, 556,2519,126,23
2. 525,2550,17,17
<EOS>
äusserst 556,2549,101,19
angenehmeRegullerung, 666,2550,296,23
3. 525,2581,17,17
<EOS>
grösste 556,2580,88,23
Wirkung 658,2580,100,24
u. 525,2615,21,13
<EOS>
vermeiden 553,2611,141,18
infolge 709,2610,79,23
der 798,2611,38,19
vertikalen 844,2612,117,19
Klappenstellung 527,2637,194,23
das 736,2637,40,19
lästige 791,2638,78,23
selbst¬ 882,2638,78,20
tätige 525,2664,69,22
Oeffnen 608,2663,93,19
und 719,2664,42,19
Schliessen 776,2664,127,20
des 921,2665,41,20
Apparates. 526,2690,131,23
<EOS>
FABRIKANTEN: 400,2727,253,20
Hess 93,2751,143,51
& 258,2753,42,49
Cie., 322,2753,129,57
<EOS>
Pilgersteg-Rüti 489,2755,470,60
Verlangen 113,2813,122,23
Sie 249,2812,35,20
Muster 298,2813,81,20
und 393,2814,41,19
Prospekte 450,2813,120,24
bei 583,2815,34,20
Ihrem 632,2816,64,19
Eisenwarenhändler 711,2816,229,20
Beslthtlgen 76,2839,115,22
Sie 198,2840,31,18
unsere 236,2843,69,15
Ausstellung 312,2841,120,21
in 441,2841,19,18
H. 467,2842,18,17
<EOS>
stand. 494,2842,63,17
<EOS>
SAweiz. 566,2842,83,18
<EOS>
Bau-Gentrale, 659,2843,141,22
Talstr. 806,2845,64,17
<EOS>
9, 877,2846,19,20
ZUridi 905,2844,58,18
1 969,2846,8,17
<EOS>
<EOP>
rm* 1477,2437,189,77
A3 1417,2477,93,41
¦»£*?** 1378,2500,259,57
<EOS>
T&& 1465,2538,100,36
<EOS>
<EOP>
W# 1844,2598,64,30
W>. 1703,2598,61,31
<EOS>
^d 1752,2611,102,48
Je 1196,2629,41,31
y 1844,2641,18,14
<%% 1347,2637,58,34
S&S£SS 1106,2680,528,102
-^ 1071,2705,49,27
<EOS>
<EOP>
f*fcs 1515,2740,109,47
<EOS>
<EOP>
^9 1676,2792,53,34
<EOS>
<EOP>
