2229,2995
Anzeigenseite 211,69,195,25
6 426,69,14,20
SCHWEIZERISCHE 908,69,299,22
BAUZEITUNG 1229,69,220,22
16. 1943,69,36,22
<EOS>
März 2000,69,73,22
1940 2092,69,60,22
<EOS>
<EOP>
UCCI 258,139,198,35
Verband 483,137,144,26
der 647,138,57,25
selbständig 721,138,206,30
praktizierenden 944,138,282,30
Eisenbeton- 1240,138,212,26
u. 1466,145,29,19
<EOS>
Stahlbau-Ingenieure 1509,138,370,30
des 1891,138,61,25
Kantons 1966,138,142,25
WW 262,163,78,33
9I| 389,163,67,41
Zürich 483,168,112,26
gewährleistet 618,168,251,30
neutrale 891,168,149,26
Beratung 1063,168,159,31
durch 1244,168,99,26
Ingenieure 1367,168,190,32
schweizerischer 1579,169,300,26
Nationaiität 1896,168,214,26
<EOS>
<EOP>
~^^~ 328,194,128,39
mit 484,199,55,25
abgeschlossener 557,200,307,28
Hochschulbildung 881,199,316,29
und 1216,198,62,26
ausgewiesener, 1296,200,284,29
mehrjähriger 1599,198,234,31
Praxis. 1850,199,123,25
<EOS>
J. 255,247,23,29
<EOS>
Bolliger, 294,248,151,37
Zürich 467,249,106,29
Tödistr. 255,285,110,30
<EOS>
65 382,290,35,25
Tel. 672,287,52,29
<EOS>
312 740,290,58,26
63 808,290,34,26
J. 255,327,23,29
<EOS>
Bucher, 294,328,131,32
Zürich 445,329,107,28
Weinbergstr. 256,365,200,38
<EOS>
146 475,369,52,26
Tel. 671,367,53,29
<EOS>
649 740,370,58,26
66 808,370,34,26
H. 256,406,33,29
<EOS>
Châtelain, 304,407,182,33
Zürich 506,408,108,29
i. 256,446,12,21
<EOS>
F. 281,445,20,22
<EOS>
Schellenberg 318,445,171,31
& 508,446,19,22
Châtelain 545,445,126,24
Sihlstr. 255,474,100,30
<EOS>
55 372,478,34,26
Tel. 671,476,52,29
<EOS>
560 740,479,58,26
04 807,479,35,26
Ch. 256,516,54,29
<EOS>
Chopard, 325,516,165,38
Zürich 510,517,108,30
Bahnhofstr. 257,555,171,29
<EOS>
72 445,558,35,26
Tel. 672,556,52,29
<EOS>
38325 741,559,100,26
K. 257,597,32,28
<EOS>
Kihm, 306,597,101,31
Zürich 428,597,107,29
Bellerivestr. 257,634,176,30
<EOS>
20 447,638,36,26
Tel. 672,636,52,29
<EOS>
46164 739,639,103,26
R, 256,676,29,28
Maillart, 301,676,148,33
Zürich 468,677,108,29
General 256,714,126,29
WiIle-Strasse 397,715,202,29
10 616,719,33,24
Tel. 671,715,51,29
<EOS>
3 738,719,16,25
3816 764,718,77,26
<EOS>
<EOP>
A. 891,250,35,28
<EOS>
Meier, 941,249,116,32
Wädenswil 1077,249,198,29
Florhofstr. 892,287,154,29
<EOS>
2 1062,290,16,25
Tel. 1290,286,52,30
<EOS>
956 1356,290,58,27
647 1423,291,54,26
R. 892,348,30,28
<EOS>
A. 937,347,38,29
<EOS>
Naef, 991,347,94,32
Zürich 1105,347,108,30
Gartenstr. 891,385,153,30
<EOS>
19 1063,389,33,25
Tel. 1306,384,52,30
<EOS>
46829 1373,388,104,27
W. 889,446,46,28
<EOS>
Naegeli, 951,446,152,36
Winterthur 1124,445,193,29
i. 890,485,13,21
<EOS>
F. 915,483,21,23
<EOS>
Guyer 946,483,84,31
& 1047,484,19,22
Naegeli 1084,483,103,31
Unt. 891,515,62,29
<EOS>
Graben 969,514,121,30
F. 890,575,24,28
<EOS>
Pfeiffer, 929,575,142,31
Zürich 1091,575,108,29
Frohburgstr. 891,613,186,37
<EOS>
60 1093,616,36,26
E. 891,677,25,28
<EOS>
Rathgeb, 932,677,161,37
Zürich 1107,678,108,28
Stampfenbachstr. 888,715,266,37
<EOS>
63 1170,719,35,25
<EOS>
<EOP>
Tel. 1306,513,51,29
<EOS>
21097 1375,516,102,27
Tel. 1306,612,52,30
<EOS>
64552 1375,616,102,26
Tel. 1306,715,51,28
<EOS>
289 1373,718,58,26
92 1440,718,35,25
<EOS>
<EOP>
L. 1521,250,28,28
<EOS>
Simmen, 1564,249,152,32
Zürich 1737,250,107,28
i. 1522,289,12,22
<EOS>
F. 1547,287,20,23
<EOS>
Simmen 1580,287,106,24
& 1704,288,19,22
Hunger 1740,287,100,31
Talacker 1521,318,125,29
34 1667,321,36,25
P. 1522,361,31,28
<EOS>
E. 1570,360,28,28
<EOS>
Soutter, 1613,359,137,32
Zürich 1770,360,108,29
Witikonerstr. 1520,397,198,30
<EOS>
204 1734,400,55,26
E. 1522,439,26,28
<EOS>
Schubiger, 1563,439,186,36
Zürich 1770,439,108,28
Bolleysfr. 1522,477,138,36
<EOS>
40 1676,479,38,26
F. 1521,519,27,28
<EOS>
Tausky, 1562,519,131,36
Zürich 1714,519,106,28
Winkelriedstr. 1520,556,217,29
<EOS>
20 1753,559,35,26
A. 1521,599,35,28
<EOS>
Wickart, 1571,598,144,31
Zürich 1734,598,108,29
Torgasse 1521,637,134,36
6 1676,639,16,26
F. 1521,678,23,28
<EOS>
Zehntner, 1560,678,173,31
Zürich 1752,678,106,28
Limmatquai 1521,715,182,37
4 1725,718,17,25
<EOS>
<EOP>
Tel. 1936,318,54,28
<EOS>
730 2007,320,57,26
76 2074,320,34,27
Tel. 1937,397,53,30
<EOS>
266 2007,400,57,27
72 2073,400,34,26
Tel. 1937,477,52,28
<EOS>
412 2005,479,58,26
75 2073,480,34,26
Tel. 1938,556,52,29
<EOS>
64185 2006,560,101,25
Tel. 1936,636,54,29
<EOS>
417 2006,639,57,26
90 2073,639,34,26
Tel. 1935,715,54,28
<EOS>
20441 2006,718,95,25
SEKRETARIAT 405,766,157,25
: 571,774,5,16
Talacker 593,768,103,24
34. 708,768,32,23
<EOS>
Drucksachen: 773,767,202,25
VESI-Normen 992,767,164,24
zu 1173,775,26,16
beziehen 1217,768,105,23
beim 1339,767,57,25
Sekretariat 1414,767,135,25
des 1566,767,41,23
SIA, 1623,767,45,28
Tiefenhöfe 1684,767,127,24
11, 1822,768,33,28
Zürich. 1872,768,85,23
<EOS>
<EOP>
yy 330,1217,32,18
<EOS>
<EOP>
Kraft- 814,878,227,85
und 1092,878,144,85
Lichtverteilaitlagen 1304,878,769,101
<EOS>
<EOP>
für 1027,997,57,33
Aufputz- 1107,996,177,45
und 1311,996,69,34
putzbündige 1409,996,247,45
Montage 1684,997,175,44
Rauscher 814,1110,321,61
& 1179,1113,34,58
Stoecklin 1258,1110,325,61
AG., 1628,1110,133,71
<EOS>
Sissach 1808,1110,266,61
<EOS>
<EOP>
Fabrik 976,1200,111,29
elektrischer 1109,1200,209,29
Apparate 1339,1201,166,37
und 1528,1201,60,29
Transformatoren 1611,1201,297,30
<EOS>
<EOP>
Förder-Anlagen 393,1401,1101,159
<EOS>
<EOP>
Rollenförderer 1111,1578,274,36
Bandförderer 1111,1629,250,35
Becherelevatoren 1110,1680,324,35
Hängebahnen 1110,1729,266,44
Kreistransporteure 1112,1781,343,41
Rutschen 1111,1830,161,34
<EOS>
<EOP>
Telefon 1338,2046,117,30
Nr. 1339,2090,47,28
<EOS>
51.167 1400,2093,95,25
<EOS>
empf 501,2138,358,161
& 889,2172,80,91
C? 1001,2134,174,133
<EOS>
Herisau 1221,2167,274,97
<EOS>
<EOP>
m 2059,1328,67,39
BODEN 1985,1397,138,32
1X311 1941,1419,40,11
3F.DER. 1985,1433,79,15
<EOS>
ART 2074,1433,49,15
alte.caufle. 1985,1455,62,15
<EOS>
BupÂà 2051,1455,45,14
<EOS>
<EOP>
mmmmm' 1992,1546,79,14
<EOS>
<EOP>
PATENTE 1719,1698,410,79
KIRCHHOFER, 1714,1797,306,50
<EOS>
<EOP>
RYFFEL&CO. 1847,1853,285,44
<EOS>
ZÜRICH, 1713,1912,125,31
51 1857,1917,31,24
L0WENSTRASSE 1904,1917,228,26
<EOS>
<EOP>
Autogen-Endress 1742,2026,287,47
AG. 2051,2031,49,36
<EOS>
<EOP>
MORGEN 1843,2079,160,21
Tel- 1842,2109,44,18
9Ì.41.7 1907,2104,83,20
<EOS>
7 1996,2109,7,15
<EOS>
<EOP>
alles 1742,2323,75,21
für 1830,2322,48,24
die 1891,2322,48,22
autogene 1954,2322,147,28
Metallbearbeitung. 1767,2353,314,27
<EOS>
Rolladen!abrik 732,2449,587,85
<EOS>
A. 1358,2449,76,86
<EOS>
GRIESSER 1473,2449,391,86
A. 1907,2450,76,83
<EOS>
G. 2005,2449,74,86
<EOS>
Aadorff 731,2581,183,44
Tel. 728,2642,64,29
<EOS>
47112 814,2642,110,29
Rolladen 732,2747,265,48
in 731,2814,27,29
Holz 776,2814,77,29
und 869,2814,61,30
Stahl 946,2814,89,30
<EOS>
<EOP>
Basel 1025,2581,153,45
Bern 1293,2581,123,44
Lausanne 1530,2581,265,45
<EOS>
<EOP>
Stoffstoren 1233,2747,351,50
Jalousieladen 1230,2815,243,31
<EOS>
<EOP>
Zürich 1906,2581,175,44
Kipptore 1821,2747,259,59
Klapptreppen 1825,2816,237,36
<EOS>
<EOP>
