2229,2995
Anzeigenseite 213,76,197,26
2 430,77,15,20
SCHWEIZERISCHE 914,72,298,24
BAUZEITUNG 1234,70,221,23
23. 1941,64,38,22
<EOS>
März 2001,64,73,20
1940 2096,62,60,21
<EOS>
<EOP>
Kurs 277,131,69,20
für 360,130,44,20
autogenes 417,130,143,25
und 574,130,53,20
elektrisches 640,128,169,21
Schweissen 823,127,161,20
vom 997,132,60,15
15. 1072,126,37,20
<EOS>
bis 1123,125,39,21
20. 215,162,36,19
<EOS>
und 273,160,50,21
vom 350,165,59,15
22. 437,160,35,20
<EOS>
bis 493,159,39,20
27. 551,158,37,21
<EOS>
April 608,158,74,27
im 708,158,34,20
Haus 759,158,73,20
der 859,157,44,21
Schweisstechnik, 923,156,238,23
St. 216,191,37,20
<EOS>
Albanvorstadt 271,190,206,21
95, 491,189,36,25
Basel. 545,189,82,20
<EOS>
<EOP>
Neue 279,253,72,20
schweizerische 373,250,208,22
Flugzeugfabrik. 601,249,228,26
<EOS>
Kürzlich 868,248,123,20
wurde 1008,249,88,19
mit 1117,247,46,20
einem 218,283,82,20
Aktienkapital 324,280,198,27
von 543,285,49,16
2 618,280,13,20
Millionen 654,279,132,21
Franken 811,279,120,21
die 958,279,39,22
Flugzeug¬ 1022,279,140,23
<EOS>
<EOP>
fabrik 1206,124,89,22
Pilatus 1310,124,101,20
A.-G. 1427,122,73,20
<EOS>
gegründet. 1519,120,151,26
<EOS>
Präsident 1688,119,137,21
des 1842,119,45,19
Verwaltungsrates 1901,116,255,25
ist 1208,155,34,20
Oberstdivisionär 1262,152,233,22
von 1514,157,50,14
Graffenried. 1583,149,170,22
<EOS>
Mit 1781,148,49,20
dem 1849,149,56,19
Bau 1924,148,55,19
der 2000,146,43,21
Werke 2062,146,93,20
wurde 1208,185,88,21
anfangs 1318,184,113,24
dieses 1453,182,83,21
Jahres 1558,181,95,20
begonnen 1675,180,133,24
und 1828,179,53,20
im 1903,179,36,19
Frühjahr 1957,176,132,26
soll 2108,176,48,20
die 1210,215,38,21
Produktion 1272,213,159,22
bereits 1455,212,95,21
aufgenommen 1581,212,200,23
Werden. 1809,209,108,20
<EOS>
Wie 1957,207,56,22
wir 2043,207,47,19
der 2112,206,44,20
«Flug-Wehr 1211,244,171,26
und 1406,243,54,20
-Technik» 1483,241,139,21
entnehmen, 1648,240,160,23
ist 1835,239,36,20
beabsichtigt, 1897,237,179,25
drei 2103,237,54,20
verschiedene 1211,275,177,21
Flugzeugtypen 1411,273,211,25
in 1643,271,26,20
Lizenz 1686,270,90,20
herzustellen. 1798,268,176,21
<EOS>
<EOP>
••'¦: 694,629,53,21
<EOS>
<EOP>
SB 505,754,29,16
<EOS>
<EOP>
<4W* 632,791,81,28
<EOS>
<EOP>
<EOS>
<EOP>
Ausführung 910,1184,199,35
der 1132,1182,53,29
Maurer- 1207,1180,127,31
und 1356,1178,60,31
armierten 1444,1178,160,29
Betonarbeiien 1629,1173,238,32
zum 1891,1181,67,22
Haupt¬ 1984,1173,112,35
gebäude 914,1237,144,37
und 1074,1236,60,30
Schulgebäude 1152,1233,242,38
des 1410,1232,56,30
bürgerlichen 1484,1229,209,38
Waisenhauses 1711,1228,246,30
in 1974,1227,25,29
Bern 2018,1225,76,30
<EOS>
<EOP>
Hermann 297,1372,317,58
Bürgi 660,1367,182,72
& 886,1365,49,59
Cie., 975,1365,152,68
<EOS>
Bauuntemehmung, 1179,1378,482,49
Bern 1708,1358,161,60
J. 295,1477,55,59
<EOS>
GlaUSer 391,1476,279,60
& 696,1473,50,59
Sohn, 773,1472,198,69
Bauunternehmung, 1023,1488,482,47
Bern 1549,1467,163,58
Kurt 300,1583,144,59
Rieser, 484,1582,242,67
A.-G., 767,1579,201,69
<EOS>
Bauuntemehmung, 1019,1596,482,47
Bern 1546,1574,163,58
<EOS>
<EOP>
Ausführung 274,1785,199,36
sämtlicher 497,1783,174,31
Isolier- 277,1842,333,86
und 651,1842,171,83
Unterlagsböden 279,1947,784,100
für 275,2058,48,29
Inlaid, 344,2057,97,33
Parkett, 468,2057,125,33
Kork 621,2056,78,28
usw. 721,2064,70,20
<EOS>
in 814,2056,28,28
fachmännischer 867,2055,271,29
Ausführung 276,2095,200,36
durch 498,2094,91,29
die 613,2093,47,30
Spezialfirma 684,2092,213,38
<EOS>
<EOP>
MAKAFLOR 1227,1857,513,72
e. 1776,1881,54,45
<EOS>
m. 1849,1894,56,30
<EOS>
b. 1924,1883,42,41
<EOS>
h. 1985,1882,50,42
<EOS>
<EOP>
BERN 1325,1956,149,40
Kirchbühlweg 1500,1963,227,37
52, 1752,1963,48,34
Telephon 1824,1962,155,37
2 2003,1961,19,28
40 2035,1960,42,29
41 2090,1959,30,29
Filiale 1225,2031,79,24
Zürich 1322,2030,99,24
Basel 1583,2029,85,23
Luzern 1808,2028,104,22
Ölten 1963,2025,83,24
<EOS>
<EOP>
Hombachstr. 1324,2068,180,23
<EOS>
65 1521,2068,29,22
Theaterstr. 1582,2065,148,25
<EOS>
14 1749,2065,29,23
Steghof 1809,2064,110,30
Klarastr. 1966,2062,113,24
<EOS>
38 2097,2062,29,23
Tel. 1323,2105,41,18
<EOS>
294 1378,2106,36,17
78 1420,2107,21,16
Tel. 1582,2104,39,18
<EOS>
405E 1636,2104,51,17
Tel. 1808,2101,39,18
<EOS>
24736 1862,2101,62,17
Tel. 1959,2100,40,18
<EOS>
53536 2013,2100,64,17
<EOS>
<EOP>
ERWIN 279,2262,178,42
WÄLTI 487,2261,171,41
JB. 277,2338,80,43
<EOS>
WÄLTIS 386,2336,226,42
SOHN 642,2335,162,43
<EOS>
<EOP>
BERN 684,2411,123,34
Dachdeckermeister 685,2463,284,24
Thunstrasse 685,2501,179,24
41 881,2503,24,21
<EOS>
<EOP>
Ausführung 683,2637,169,28
der 866,2637,47,23
Dach¬ 927,2636,86,23
deckerarbeiten 684,2697,218,23
beim 945,2697,68,22
Waisenhaus 684,2757,180,23
Bern 884,2758,64,22
<EOS>
<EOP>
STORED 1306,2258,538,164
RfìFERTIGUIlG 1853,2315,231,38
<EOS>
<EOP>
& 1854,2361,27,31
REPARATUR 1891,2355,196,38
UI.SCHPERER+CO 1317,2422,759,65
<EOS>
TERRRSSEflüJEGlB 1311,2516,265,36
TELEPHOH 1311,2558,146,34
22066 1471,2556,104,36
FflBRI 1580,2485,410,163
<EOS>
<EOP>
Sonnenstoren 1275,2798,258,23
- 1549,2808,9,4
Lief 1572,2795,70,24
e 1650,2801,14,16
rung 1676,2800,77,23
Waisenhaus 1786,2792,225,25
Bern 2050,2792,79,22
<EOS>
<EOP>
