2254,2981
16. 97,75,38,26
<EOS>
März 149,78,75,22
1940 238,76,62,24
SCHWEIZERISCHE 792,76,298,24
BAUZEITUNG 1108,75,220,25
129 1987,75,43,22
<EOS>
<EOP>
£ÜU 1027,259,29,14
->! 1445,264,65,43
<EOS>
*^IP!bmBH 731,310,233,41
<EOS>
iöis^ 1039,329,32,16
<EOS>
<EOP>
!r\ 765,360,32,24
<EOS>
<EOP>
f| 294,490,36,33
<EOS>
<EOP>
5t: 670,643,47,35
¦ 733,668,2,2
*iafi 741,642,63,39
?¦>- 812,661,27,17
<EOS>
-.. 853,671,15,9
<EOS>
:i 879,662,14,17
:j*^7 909,640,103,41
<EOS>
<EOP>
Abb. 97,843,55,17
<EOS>
1. 166,842,17,17
<EOS>
Französische 207,842,166,18
BBC-Veloxkessel-Dampflokomotive 386,842,446,22
für 845,842,39,18
12 895,842,24,18
t'h 930,842,33,17
bei 976,842,35,17
20 1024,842,23,18
ata 1057,842,39,18
und 1108,842,47,18
380° 1168,842,48,18
Ueberhitzung 1226,842,172,22
A 95,873,20,18
Verbrennungskammer, 125,872,290,22
B 428,873,18,17
Abscheider, 457,872,148,21
C 619,873,16,18
Gasturbine, 647,873,145,20
D 805,873,21,17
Luftkompressor, 838,872,211,22
E 1061,872,19,18
Speisewasser-Vorwärmer, 1091,872,325,22
F 1429,873,19,18
Austritt 1459,873,102,19
der 96,903,41,18
Verbrennungsgase, 148,903,241,21
G 402,903,20,17
Zusatzdampfturbine, 433,902,264,22
H 710,903,22,17
Gas-Heizöl-Mischer, 744,902,253,20
J 1010,903,14,17
Filter 1037,902,74,18
und 1121,902,47,18
Vorwärmer 1180,902,143,18
für 1335,903,38,17
Heizöl, 1385,903,87,20
K 95,935,21,17
Oelkühler 129,933,123,19
(Reglerkreis), 266,933,175,23
L 454,933,18,18
Sicherheitsventil, 484,933,220,21
M 717,934,22,17
Regler, 752,934,90,21
N 857,934,20,17
Sandkasten, 890,933,149,21
O 1052,933,18,18
Frischdampfstutzen 1083,934,251,22
<EOS>
<EOP>
3^ 236,1184,41,27
wm 824,1190,59,22
*5893-l 892,1197,47,11
<EOS>
<EOP>
Abb. 165,1265,57,18
<EOS>
2. 235,1265,17,18
<EOS>
Gas-Turbo-Lokomotive 276,1265,290,19
mit 578,1266,43,18
elektrischem 632,1266,160,18
Antrieb 804,1266,97,18
BBC 914,1266,55,18
a 119,1295,15,13
Axialgebläse, 145,1291,167,22
b 326,1291,14,18
Wärmeaustauscher, 352,1291,249,21
c 614,1296,12,14
Brennkammer, 637,1293,186,19
d 836,1292,15,18
Gasturbine, 863,1292,145,19
e 119,1322,12,13
Reduktionsgetriebe, 143,1317,256,22
f 411,1317,11,18
Generator 433,1318,126,18
(Aus 572,1319,56,21
BBC-Mitteilungen 640,1318,227,22
Juni 879,1318,55,19
1939) 941,1317,56,22
aber 97,1387,63,20
der 170,1387,46,20
Wärmeschutz 223,1386,197,22
so 429,1392,30,16
stark 470,1387,74,21
erhöht, 555,1387,100,24
dass 666,1387,62,21
die 738,1387,42,21
gleichspeichernde 791,1387,253,27
Ziegeldicke 97,1420,162,27
gleichwohl 270,1420,153,27
grösser 433,1421,105,26
wird 548,1421,65,21
als 626,1422,39,20
für 678,1421,44,20
die 732,1421,42,21
unisolierte 785,1422,149,20
Mauer. 945,1422,99,20
<EOS>
<EOP>
Für 157,1454,54,21
Schweizerverhältnisse 222,1454,317,22
ist 555,1455,36,21
zu 599,1460,33,16
beachten, 644,1455,135,25
dass 790,1455,61,21
ausländische 861,1454,184,22
Vergleiche 97,1488,152,26
fast 268,1488,56,22
immer 344,1488,94,21
VoWziegelmauern 454,1488,250,27
zu 723,1494,33,16
Grunde 776,1488,104,22
legen, 900,1489,82,26
die 1003,1488,42,21
bei 97,1522,41,20
uns 153,1527,50,16
so 218,1527,29,16
gut 262,1522,49,27
wie 324,1521,50,22
erledigt 389,1521,111,28
sind. 516,1522,65,21
<EOS>
Man 604,1522,63,21
darf 686,1522,60,21
daher 761,1522,81,21
nicht, 857,1522,80,25
wie 952,1522,49,21
es 1017,1527,28,16
in 97,1555,27,21
Prospekten 139,1555,162,27
noch 316,1555,68,21
geschieht, 398,1555,140,27
das 555,1556,46,20
Ergebnis 623,1555,130,27
einfach 770,1555,105,21
auf 890,1556,47,20
unsere 952,1560,93,16
zur 96,1594,47,16
tf 158,1590,25,19
oiUziegelklasse 185,1589,211,26
gehörenden 408,1590,164,25
Backsteinmauern 584,1589,252,21
beziehen, 845,1589,130,26
son¬ 986,1594,59,16
dern 97,1623,65,21
muss 176,1628,73,16
dieses 264,1623,84,21
erst 363,1624,56,20
wieder 433,1623,96,21
umrechnen. 544,1623,165,21
<EOS>
<EOP>
Belastungsausgleich 157,1665,295,26
einer 472,1665,72,21
Wasserversorgung. 564,1665,278,26
<EOS>
Die 868,1665,48,21
Projek¬ 937,1665,108,26
tierung 97,1698,105,27
oder 216,1698,63,21
der 293,1698,46,21
Ausbau 353,1698,109,22
einer 478,1698,71,22
Wasserversorgung 558,1699,269,26
erheischt 843,1698,131,22
eine 989,1698,57,21
Abschätzung 97,1732,187,27
der 294,1732,46,21
massgeblichen 346,1731,209,28
Grösse 563,1732,95,21
der 666,1732,45,21
jährlichen 721,1732,145,27
Belastungs¬ 877,1732,168,26
spitze 97,1766,84,26
<?maXi 198,1766,74,26
<EOS>
d. 290,1766,22,20
<EOS>
h. 323,1766,25,20
<EOS>
der 364,1766,45,20
maximalen 424,1766,159,21
Durchflussmenge 598,1765,249,27
(m8/h) 861,1766,89,30
durch 964,1766,82,20
die 97,1800,42,21
Hauptleitung. 153,1800,198,26
<EOS>
Unmittelbar 367,1800,177,21
zu 555,1805,33,15
veranschlagen 600,1800,206,26
ist 820,1800,36,20
jedoch 870,1800,94,26
nicht 974,1799,72,22
Qmax> 99,1835,76,25
sondern, 196,1834,120,24
mit 335,1834,49,21
der 405,1834,45,21
Zahl 472,1834,62,20
und 555,1834,53,20
dem 629,1834,58,21
Jahresbedarf 707,1834,188,21
der 914,1834,46,20
Teil¬ 980,1833,66,21
nehmer, 97,1868,114,24
der 227,1868,46,21
jährliche 290,1867,128,27
Wasserverbrauch 433,1868,251,21
W 700,1868,32,20
(ms) 749,1868,60,23
und 830,1867,51,21
damit 902,1867,83,21
die 1005,1867,41,21
mittlere 97,1905,116,22
Durchflussmenge 233,1905,250,26
Q 504,1905,19,26
W/8760 576,1905,100,30
m8/h. 693,1905,71,30
<EOS>
Indem 789,1905,91,21
man 903,1910,61,15
jene 986,1905,60,26
Abnehmer 97,1939,149,21
zusammenfasst, 262,1939,230,25
deren 513,1939,80,21
Bedarf 613,1939,98,21
ungefähr 730,1939,131,26
gleichzeitig 881,1938,165,27
zu 97,1979,33,16
befriedigen 144,1973,162,27
ist, 326,1973,42,25
erhält 384,1973,86,22
man 490,1978,63,16
eine 573,1974,57,20
Anzahl 649,1973,102,21
n 765,1979,17,14
von 798,1978,51,16
Grossabneh¬ 869,1973,177,21
mern 97,2011,73,18
A,, 186,2007,41,28
A,... 244,2007,85,29
<EOS>
A„. 345,2007,50,26
<EOS>
Der 421,2007,53,22
Grossabnehmer 489,2007,225,22
At 729,2007,31,25
hat 775,2007,48,21
einen 844,2007,75,21
Jahres¬ 940,2006,106,22
bedarf 97,2041,93,21
Wi 205,2042,39,26
m3, 258,2042,43,24
zu 316,2046,32,16
liefern 364,2041,94,21
innert 472,2041,88,21
T; 577,2041,28,27
Stunden 621,2041,116,21
des 753,2041,45,21
Jahres, 814,2040,100,26
entspre¬ 930,2040,116,28
chend 97,2075,82,22
einer 190,2075,70,21
Durchflussmenge 271,2075,251,27
Q,- 534,2075,29,26
Wj/Tj 609,2075,81,29
m8/h. 704,2075,73,30
<EOS>
In 792,2075,32,21
jedem 833,2074,86,27
Moment 930,2075,116,21
t 97,2111,11,19
ist 124,2109,36,22
Q 176,2109,20,26
(t) 212,2110,34,24
2 302,2108,24,22
Qi, 336,2109,43,26
wobei 395,2109,83,21
die 493,2109,41,21
Summe 550,2109,106,22
über 674,2109,65,21
jene 754,2109,59,26
Beiträge 828,2108,125,27
Q; 969,2109,29,25
zu 1013,2113,33,16
erstrecken 97,2144,150,21
ist, 262,2143,43,25
die 320,2143,42,22
zu 377,2148,32,16
der 428,2144,46,21
betreffenden 489,2143,182,22
Zeit 691,2143,57,22
gerade 767,2143,97,27
zusammen¬ 884,2148,162,16
kommen. 97,2177,129,22
<EOS>
Welche 241,2177,105,22
und 361,2178,52,21
wieviele 428,2178,116,21
das 560,2178,48,21
jeweilen 622,2177,120,27
sind, 757,2177,64,25
ist 840,2177,35,22
aber 890,2177,63,21
unbe¬ 968,2177,78,21
kannt, 97,2211,91,25
daher 211,2211,81,22
auch 310,2211,68,23
das 400,2211,47,22
gesuchte 469,2211,126,27
Maximum 618,2211,147,22
çmax. 786,2212,75,25
<EOS>
Zu 892,2211,38,22
dessen 953,2211,93,21
Ermittlung 97,2245,161,27
gibt 278,2245,57,27
W. 350,2245,39,22
<EOS>
Kummer 401,2245,128,22
im 549,2245,37,22
«Monatsbulletin 607,2245,231,22
SVGW» 853,2245,111,22
1939, 980,2245,66,25
Nr. 97,2279,45,21
<EOS>
12 155,2279,28,21
folgende 199,2278,121,27
Anleitung 336,2280,142,25
: 486,2285,4,15
Man 516,2281,61,19
setze 599,2280,71,20
T, 693,2280,27,27
T, 774,2280,29,28
<EOS>
<EOS>
Tn 931,2279,32,26
Ta 1015,2279,31,26
und 97,2312,53,21
W, 166,2312,37,29
W, 257,2312,40,29
=.,.¦= 307,2322,107,12
<EOS>
Wn 424,2313,44,26
Wa 520,2314,42,26
W/w. 614,2313,70,31
<EOS>
Dann 715,2314,77,20
wird 813,2313,64,21
für 900,2313,44,21
jeden 970,2313,76,25
Grossabnehmer 98,2346,221,21
Qa 335,2347,33,26
WjTa 419,2347,86,26
— 515,2357,30,4
W/n 556,2347,59,30
Ta. 623,2347,43,26
<EOS>
Je 682,2347,32,22
kleiner 729,2347,102,21
dieser 846,2347,84,21
Einzel¬ 946,2346,100,22
beitrag 97,2383,104,27
Qa 213,2385,32,25
gegenüber 257,2384,147,26
Q, 414,2384,33,26
d. 464,2385,22,20
<EOS>
h. 495,2385,25,20
<EOS>
je 530,2384,26,27
grösser 567,2385,105,26
das 683,2385,48,21
Verhältnis 740,2384,149,21
y 899,2389,18,21
QjQa, 964,2384,82,31
desto 98,2417,74,21
besser 192,2417,90,21
sind 303,2418,57,20
die 381,2418,41,21
Chancen 442,2418,123,22
für 585,2418,44,21
einen 649,2418,75,22
Belastungsausgleich, 743,2417,303,28
d.h. 98,2450,59,21
<EOS>
für 173,2450,45,21
einen 238,2450,75,21
relativ 333,2451,94,22
ruhigen 447,2452,111,27
Verlauf 573,2452,110,22
der 703,2452,45,21
Summe 770,2452,105,21
Q 892,2452,20,25
(t), 927,2452,47,25
also 991,2452,55,20
für 98,2488,45,21
einen 153,2488,75,21
hohen 238,2488,85,21
«Belastungsfaktor» 334,2488,278,27
b 624,2490,15,20
Q/Qmax. 693,2490,109,28
<EOS>
Der 820,2490,52,20
statistische 883,2488,164,23
Zusammenhang 98,2521,228,27
zwischen 340,2521,130,22
y 486,2528,15,20
und 516,2523,54,21
b 587,2524,13,19
lässt 621,2523,66,21
sich 708,2523,57,22
nach 785,2523,68,22
Kummer 874,2523,125,21
in 1020,2522,27,21
eine 98,2555,57,22
universelle, 169,2555,163,25
d. 343,2555,24,21
<EOS>
h. 378,2555,24,21
<EOS>
auch 413,2555,68,22
für 490,2556,44,21
andere 544,2557,96,21
Zentralanlagen 650,2557,220,27
mit 880,2556,50,22
grosser 942,2561,106,22
Teilnehmerzahl 97,2589,223,22
gültige 335,2589,101,27
Kurve 446,2589,87,22
fassen, 549,2591,96,25
die 656,2591,42,21
also 709,2592,55,20
ebensogut 776,2591,143,26
für 930,2591,44,21
ana¬ 985,2595,61,16
loge 98,2625,58,25
Berechnungen 179,2623,205,27
der 407,2623,45,21
Gas- 473,2623,64,21
und 557,2624,53,21
der 633,2624,46,21
Elektrizitätsversorgung 702,2625,345,26
dienen 98,2658,93,21
kann. 211,2657,79,22
<EOS>
Der 321,2658,52,20
Vergleich 393,2656,138,27
mit 551,2657,49,22
der 624,2658,45,21
Wirklichkeit 689,2658,184,22
dieser 892,2658,85,22
von 997,2663,50,16
Kummer 98,2692,126,21
schon 240,2692,81,21
im 335,2691,37,21
«Bulletin 388,2690,128,22
SEV» 533,2691,77,22
1936, 627,2691,66,25
Nr. 714,2692,45,21
<EOS>
5 776,2692,14,21
veröffentlichten, 809,2692,238,24
1. 99,2725,14,20
<EOS>
c. 125,2730,21,17
<EOS>
reproduzierten 161,2725,212,28
Kurve, 393,2725,95,25
deren 504,2724,79,22
nicht 603,2725,73,22
unanfechtbare 696,2725,209,22
Abstam¬ 925,2725,122,22
mung 98,2764,81,22
von 194,2764,52,17
der 267,2759,45,22
Poisson'schen 332,2758,198,22
Formel 547,2758,104,22
für 671,2758,45,22
seltene 736,2759,98,21
Ereignisse 854,2759,152,27
in 1021,2759,27,21
der 99,2792,45,21
Tat 159,2793,50,21
einer 224,2793,71,22
Legitimation 316,2792,186,27
durch 520,2792,82,22
die 623,2792,42,21
Erfahrung 679,2792,152,27
bedarf, 847,2793,99,26
bildet 967,2792,81,22
den 99,2826,50,22
Hauptgegenstand 163,2826,253,27
seiner 432,2827,84,20
neuen 527,2831,83,15
Studie. 622,2826,97,22
<EOS>
Auf 734,2826,56,21
dieser 803,2827,84,21
Kurve 897,2827,89,21
lese 996,2827,52,20
man 99,2865,62,16
zu 175,2865,33,17
der 224,2861,45,21
berechneten 289,2861,174,22
Abszisse 478,2861,122,21
y 617,2866,15,19
die 649,2860,42,22
Ordinate 712,2860,125,22
b 854,2861,15,20
ab, 886,2861,40,24
um 941,2865,45,17
die 1008,2860,40,21
gesuchte 98,2898,126,27
Grösse 240,2899,94,21
Qmax 352,2899,63,25
Qjb 467,2897,48,31
zu 532,2903,31,15
erhalten. 580,2897,125,22
<EOS>
<EOP>
Neue 1690,138,74,21
Dampf- 1780,138,106,25
und 1902,138,52,19
Gas- 1967,137,64,21
Lokomotiven. 1646,172,196,21
<EOS>
Bereits 1868,171,101,21
auf 1985,171,48,21
S. 1647,206,24,22
<EOS>
147 1683,206,45,20
von 1749,211,52,15
Bd. 1815,206,47,20
<EOS>
114 1879,206,44,19
wurde 1943,205,88,21
auf 1648,240,49,21
neue 1726,245,66,16
Entwicklungs- 1822,240,209,25
Tendenzen 1648,273,151,22
des 1808,273,45,21
Dampf 1862,273,99,27
loko- 1962,273,70,20
motivbaues, 1646,307,170,26
im 1831,307,36,21
Besondern 1882,307,149,21
auf 1647,341,47,21
die 1702,341,40,21
französische 1753,341,178,21
Velox- 1940,340,91,22
kesselmaschine 1648,375,217,20
hingewie¬ 1891,374,141,27
sen. 1647,414,53,15
<EOS>
In 1722,409,31,20
der 1768,409,46,20
«Revue 1830,410,102,19
Géné¬ 1951,408,81,21
rale 1646,443,56,20
des 1718,443,45,20
Chemins 1779,442,123,21
de 1919,442,33,21
Fer» 1967,442,65,21
vom 1647,481,60,15
1. 1738,477,21,19
<EOS>
Juni 1784,477,62,20
1939 1870,476,60,21
stellt 1960,476,72,21
Ing. 1647,510,56,26
<EOS>
M. 1715,510,33,20
<EOS>
Chan 1761,510,75,21
fest, 1845,510,60,24
dass 1918,511,61,19
die 1990,510,41,20
erste 1647,544,70,20
gebaute 1737,544,111,26
Lokomotive 1864,544,170,20
mit 1648,577,48,22
einer 1725,577,72,22
Dampfproduk¬ 1821,577,211,27
tion 1647,611,56,21
von 1717,616,51,16
12 1784,611,29,21
t/h 1829,611,40,30
bei 1884,610,41,22
20 1941,610,30,22
ata 1986,610,45,22
und 1649,645,54,20
380° 1741,645,61,21
Ueberhitzung 1838,644,197,27
sich 1648,679,56,20
als 1735,679,39,21
völlig 1799,679,82,26
betriebs¬ 1908,679,125,21
tüchtig 1648,713,104,26
bewährt 1773,713,118,21
hat 1911,713,48,20
und 1980,713,54,20
durch 1650,746,84,21
ihre 1751,747,57,20
kurze 1822,747,81,20
Anheiz- 1923,746,111,20
periode, 1648,780,111,26
sowie 1781,781,79,20
den 1883,781,50,20
guten 1952,780,82,26
Wirkungsgrad 1648,814,209,27
bei 1880,814,40,21
Ueber- 1935,814,98,22
lasten 1648,848,88,21
eine 1775,848,57,21
Brennstoff¬ 1867,848,167,21
ersparnis 1649,882,133,26
ergibt, 1803,881,93,27
die 1923,881,42,22
den 1985,881,50,21
Kosten 1651,916,102,20
angemessen 1783,921,172,20
ist. 1992,915,43,21
<EOS>
Der 1650,949,53,20
Brennstoff-Verbrauch 1715,949,320,21
gegenüber 1651,982,148,27
einem 1823,983,85,21
norma¬ 1931,987,104,16
lst 1648,1016,36,22
im 1709,1017,36,21
Betrieb 1766,1017,105,21
10-=-13°/0 1897,1017,139,29
Beschreibungen 1644,1051,227,27
ortsfester 1897,1051,138,21
len, 1087,1013,49,26
mit 1162,1013,50,22
Mazout 1236,1013,108,22
geheizten 1367,1013,138,30
Kessel 1531,1014,91,21
geringer. 1088,1047,129,27
<EOS>
Dank 1248,1047,77,21
der 1351,1048,45,20
verschiedenen 1416,1048,202,22
Veloxanlagen1) 1087,1081,219,26
kann 1327,1081,71,21
hier 1417,1082,58,20
die 1497,1082,41,20
Kenntnis 1560,1083,128,22
der 1708,1085,45,20
wesentlichen 1768,1085,184,21
Bau¬ 1969,1085,66,20
teile 1088,1115,60,21
als 1171,1116,40,20
bekannt 1234,1116,116,20
angenommen 1370,1120,191,22
werden. 1583,1118,110,21
<EOS>
Bei 1725,1118,45,21
der 1794,1118,46,21
vorliegenden 1853,1118,184,27
Lokomotiv-Ausrüstung 1087,1149,337,26
pufft 1433,1150,73,26
die 1521,1150,41,21
Dampfmaschine 1576,1151,233,27
ohne 1819,1152,66,21
Zwischen¬ 1892,1152,145,21
schaltung 1089,1183,144,26
eines 1248,1184,70,19
Blasrohres 1334,1183,153,21
ins 1507,1184,41,20
Freie 1567,1184,76,22
aus. 1659,1190,54,17
<EOS>
Die 1737,1186,48,21
dadurch 1800,1186,116,21
erzielte 1932,1185,104,21
Leistungssteigerung 1087,1217,294,26
ist 1390,1217,37,21
von 1436,1223,52,15
wesentlichem 1498,1218,194,22
Einfluss 1703,1220,116,20
auf 1830,1220,48,20
die 1888,1220,41,20
Brenn¬ 1940,1220,96,20
stoffersparnis. 1089,1250,207,27
<EOS>
Ein 1325,1251,52,20
automatischer 1392,1251,207,22
Regler 1608,1252,96,26
hält 1719,1253,57,21
den 1791,1253,50,21
Dampfdruck 1854,1252,183,28
für 1089,1284,44,21
jede 1147,1284,59,27
Dampfmenge 1221,1284,191,27
konstant, 1434,1284,131,26
indem 1587,1285,87,21
er 1692,1292,28,15
auf 1740,1287,48,20
die 1807,1287,41,20
Brennstoff- 1869,1286,167,21
Zufuhr 1089,1318,100,21
einwirkt 1212,1318,120,21
und 1352,1318,53,21
die 1427,1318,42,21
Drehzahl 1488,1319,132,21
des 1640,1320,45,21
Kompressors 1705,1321,186,26
bzw. 1911,1321,64,20
<EOS>
die 1996,1320,41,20
Verbrennungsluft 1089,1352,256,26
dem 1356,1352,58,21
Betriebsverhältnis 1423,1352,264,23
anpasst. 1698,1355,116,26
<EOS>
Die 1845,1355,48,20
Speisung 1909,1354,129,27
des 1091,1387,44,19
Kessels 1151,1387,105,20
erfolgt 1279,1386,99,27
in 1400,1386,27,21
Abhängigkeit 1441,1386,198,27
vom 1658,1393,60,16
Wasserstand 1732,1388,186,22
im 1934,1388,35,20
Ab¬ 1985,1388,52,20
scheider. 1090,1421,123,20
<EOS>
Trotz 1229,1420,78,21
der 1322,1421,46,20
Verwendung 1378,1421,180,26
normalen 1572,1422,136,21
Speisewassers 1722,1422,202,27
konnte 1939,1422,99,21
durch 1091,1454,81,21
eine 1187,1454,57,21
häufige 1258,1454,108,26
Entleerung 1382,1455,161,26
des 1559,1455,45,21
Abscheiders 1617,1455,173,22
eine 1805,1456,58,21
Verunreini¬ 1873,1455,165,22
gung 1091,1494,71,21
bis 1182,1488,41,21
jetzt 1243,1488,66,26
vermieden 1323,1488,149,21
werden. 1493,1488,110,22
<EOS>
Betriebsergebnisse 1626,1489,270,27
in 1910,1489,28,21
dieser 1953,1489,86,21
Beziehung 1091,1522,148,27
werden 1249,1522,104,21
jedoch 1367,1521,94,27
noch 1470,1523,67,20
gesammelt. 1548,1523,161,26
<EOS>
Es 1726,1524,36,20
steht 1772,1523,73,22
bereits 1854,1523,97,21
heute 1961,1523,78,23
fest, 1090,1556,61,25
dass 1167,1556,61,20
für 1246,1556,45,20
neue 1311,1560,66,16
Lokomotiven 1391,1556,189,21
der 1599,1557,47,23
für 1665,1557,46,21
den 1730,1558,50,20
Velox-Kessel 1795,1557,184,21
zu¬ 1995,1562,43,14
lässige 1090,1590,97,26
höhere 1207,1589,96,21
Druck 1317,1590,89,20
angewendet 1427,1590,170,26
würde, 1611,1591,95,25
unter 1726,1591,77,21
entsprechender 1821,1591,217,26
Anpassung 1091,1624,158,26
der 1265,1624,46,20
Antriebsmaschine. 1326,1624,264,21
<EOS>
— 1607,1637,30,1
Es 1659,1626,37,20
lag 1710,1626,45,26
nahe, 1774,1626,74,24
dass 1875,1626,60,20
BBC 1958,1625,80,20
anstelle 1091,1658,110,21
der 1221,1658,46,20
Dampfübertragung 1284,1658,279,27
eine 1584,1659,56,20
elektrische 1660,1659,156,21
Uebertragung 1838,1659,201,26
studieren, 1091,1692,138,25
indem 1245,1692,87,21
zur 1342,1697,47,16
reinen 1401,1692,89,21
Gasturbine 1501,1692,156,22
übergegangen 1666,1693,203,27
und 1880,1693,52,21
gleich¬ 1943,1692,95,27
zeitig 1091,1726,81,26
die 1186,1726,41,21
Speisewasserfrage 1243,1726,265,27
gänzlich 1523,1726,123,26
ausgeschaltet 1662,1727,197,26
würde. 1874,1726,95,22
<EOS>
Ein 1990,1726,50,21
solches 1091,1759,101,22
Projekt 1207,1759,110,26
einer 1336,1759,72,21
Gas-Turbolokomotive 1423,1759,311,22
zeigt 1750,1760,70,26
eine 1841,1760,56,21
Verbren¬ 1913,1760,126,21
nungskammer, 1091,1794,213,25
in 1320,1793,28,21
der 1363,1793,46,21
Mazout 1423,1793,109,21
in 1545,1793,28,22
Druckluft 1590,1794,143,21
verbrannt 1746,1794,143,21
wird. 1903,1794,73,20
<EOS>
Da 1999,1794,41,20
konstruktive 1091,1827,184,21
Gründe 1293,1827,104,21
mit 1418,1827,49,21
Rücksicht 1487,1827,145,22
auf 1652,1829,48,20
die 1720,1828,40,21
Turbine 1780,1828,112,20
die 1913,1828,41,20
Gas¬ 1975,1828,65,20
temperaturen 1091,1861,195,27
auf 1301,1861,48,21
550 1363,1860,45,22
bis 1423,1860,40,22
600 1481,1861,45,21
Grad 1542,1862,70,20
beschränken, 1627,1862,187,24
wird 1830,1862,65,21
in 1913,1861,28,21
dieser 1956,1861,84,21
Kammer 1092,1896,126,20
mit 1232,1895,50,21
rd. 1295,1895,38,21
<EOS>
vierfachem 1349,1895,159,21
Luftüberschuss 1523,1895,219,22
gearbeitet. 1759,1896,150,27
<EOS>
Das 1930,1896,55,20
er¬ 2000,1900,40,16
zeugte 1091,1930,93,26
Gas 1201,1930,53,20
wird 1269,1929,65,21
in 1354,1929,27,21
einer 1396,1929,72,21
in 1483,1929,26,21
Lokomotiv-Mitte 1527,1930,243,22
befindlichen 1783,1929,177,22
Gas¬ 1975,1929,65,21
turbine 1091,1963,104,22
auf 1210,1963,47,22
Umgebungsdruck 1271,1963,254,26
entspannt. 1540,1963,147,27
<EOS>
Mit 1703,1963,51,22
der 1769,1963,45,21
Gasturbine 1825,1962,157,22
ge¬ 1996,1967,44,22
kuppelt 1091,1997,110,27
ist 1216,1997,35,21
ein 1265,1997,42,21
elektrischer 1322,1996,170,22
Generator 1508,1997,145,21
und 1674,1997,52,21
ein 1748,1997,41,21
Auflade-Gebläse 1804,1996,237,22
für 1092,2031,45,21
die 1165,2031,42,21
Verbrennungs-Luft. 1229,2031,284,26
<EOS>
In 1546,2031,30,20
den 1603,2032,48,19
BBC 1675,2031,78,20
-Mitteilungen 1760,2030,198,27
vom 1981,2035,60,16
April/Mai 1092,2065,141,31
1939 1248,2064,59,22
finden 1327,2064,91,22
sich 1438,2064,56,22
Berechnungen 1514,2064,205,26
für 1737,2063,45,22
den 1803,2065,50,20
günstigsten 1872,2063,169,27
termischen 1091,2099,160,22
Wirkungsgrad, 1260,2099,216,26
der 1493,2099,45,20
sich 1550,2098,57,21
bei 1621,2098,42,21
einem 1678,2098,84,21
Gas-Druck 1773,2098,154,21
von 1942,2102,51,17
rd. 2003,2098,37,20
<EOS>
4 1092,2134,15,20
kg/cm* 1123,2134,100,30
abs. 1238,2133,54,21
<EOS>
zu 1308,2138,32,15
rd. 1359,2133,38,21
<EOS>
16,3 1413,2132,52,24
°/0 1471,2132,28,30
ermittelt. 1516,2132,132,21
<EOS>
Der 1672,2132,54,21
vereinfachte 1740,2131,179,22
Aufbau 1935,2131,106,21
dieser 1092,2167,86,22
Lokomotive 1187,2167,169,22
bezüglich 1366,2166,137,27
der 1513,2166,44,20
Hilfsbetriebe 1568,2165,188,22
und 1765,2166,53,21
unterhaltungs¬ 1828,2165,213,27
bedürftigen 1092,2200,167,28
TeUe 1273,2200,69,21
lässt 1362,2200,68,21
eine 1450,2199,57,21
erfolgreiche 1527,2199,175,27
Lösung 1721,2200,107,26
erwarten 1848,2198,130,23
für 1998,2199,44,21
viele 1093,2235,66,22
Anwendungs-Gebiete, 1181,2233,311,27
auf 1516,2233,48,21
denen 1587,2233,83,22
bisher 1691,2233,88,22
die 1799,2234,41,21
Diesel-Loko¬ 1861,2233,181,21
motive 1093,2269,97,22
in 1207,2268,27,21
Frage 1249,2268,85,26
kam. 1350,2267,70,22
<EOS>
<EOP>
Zur 1152,2314,52,21
Gestaltung 1225,2312,158,26
der 1404,2311,45,22
neuen 1471,2317,83,16
Weichselbrücken9) 1570,2312,266,26
bringt 1861,2312,90,26
Prof. 1971,2311,70,22
<EOS>
Dr. 1093,2349,44,20
<EOS>
Ing. 1153,2348,57,26
<EOS>
K. 1226,2348,30,20
<EOS>
Schaechterle 1269,2345,181,23
im 1472,2345,36,21
Dezemberheft 1531,2346,201,22
1939 1752,2346,59,21
der 1832,2346,47,21
«Strasse», 1899,2346,142,25
neben 1092,2383,83,20
bemerkenswerten 1195,2381,253,21
grundsätzlichen 1470,2379,228,26
Gesichtspunkten 1720,2380,239,27
über 1979,2379,64,22
Gestaltungsfragen 1093,2414,268,27
grosser 1389,2419,105,20
Stahlbrücken, 1524,2414,197,24
im 1749,2414,37,21
besonderen 1812,2414,160,21
der 1997,2413,46,21
Balkenträger, 1093,2448,200,27
zwei 1308,2447,64,22
Entwürfe 1388,2447,138,22
für 1546,2447,44,21
je 1610,2447,26,26
eine 1657,2447,57,22
Strassen- 1730,2448,134,21
und 1879,2448,52,20
Eisen¬ 1952,2447,91,22
bahnbrücke. 1093,2482,174,22
<EOS>
— 1288,2492,31,4
Die 1338,2481,48,22
erste 1406,2482,71,21
wird 1498,2481,65,22
5 1583,2481,16,22
km 1613,2482,46,20
stromaufwärts 1679,2482,213,21
Dirschau 1913,2481,129,22
im 1093,2517,36,20
Zuge 1150,2517,69,26
der 1240,2515,45,22
Reichsstrasse 1310,2515,195,22
Berlin-Marienburg-Königsberg 1528,2515,447,28
mit 1996,2514,48,22
Vollwandträgern 1093,2549,243,27
bei 1356,2548,42,22
obenliegender 1416,2548,199,28
Fahrbahn 1635,2549,141,21
erstellt. 1797,2548,111,23
<EOS>
Sie 1934,2548,43,22
hat 1996,2548,48,22
eine 1093,2585,57,20
Länge 1161,2584,90,26
von 1261,2588,50,16
rd. 1327,2582,38,22
<EOS>
1000 1376,2582,60,22
m 1446,2587,27,17
mit 1488,2582,50,22
neun 1552,2587,69,17
Oeffnungen 1635,2584,165,25
von 1810,2588,53,16
142,4, 1878,2582,74,27
142,4, 1969,2582,73,26
121,04, 1094,2618,88,25
113,92, 1200,2617,88,25
106,80, 1305,2616,89,26
99,68, 1415,2616,73,26
92,56, 1505,2616,75,26
85,44 1596,2616,68,26
und 1682,2618,52,19
38,32 1752,2617,67,25
m 1835,2622,26,15
Stützweite. 1883,2616,159,22
<EOS>
Die 1093,2652,48,22
zwei 1151,2651,65,22
erstgenannten 1227,2651,203,26
gleichen 1440,2650,119,27
Oef 1570,2651,49,20
fnungen 1621,2652,115,24
liegen, 1748,2651,90,26
anschliessend 1849,2650,194,22
an 1094,2692,35,15
das 1149,2686,47,21
hochbordige 1217,2685,176,27
linke 1413,2684,70,21
Ufer, 1505,2684,72,25
im 1599,2685,36,20
heutigen 1657,2684,125,28
Stromprofil. 1803,2684,176,27
<EOS>
Im 2004,2684,40,20
weiteren 1093,2719,123,23
Verlauf 1231,2719,110,22
nehmen 1361,2719,111,21
sowohl 1493,2718,98,22
Stützweiten 1612,2719,172,21
als 1805,2719,40,21
Trägerhöhen 1860,2718,185,26
bis 1094,2753,40,22
zum 1149,2758,60,17
tiefer 1224,2753,78,22
liegenden 1311,2753,136,27
rechtsufrigen 1461,2752,196,27
Hochwasserdamm 1670,2752,262,22
gleich- 1948,2752,96,26
massig 1094,2787,100,26
ab, 1216,2787,39,25
in 1277,2786,27,22
dem 1324,2786,59,22
Sinne, 1404,2786,85,26
dass 1510,2786,62,22
Ober- 1593,2786,79,22
und 1692,2786,54,22
Untergurt 1765,2786,148,27
in 1932,2786,28,21
zwei 1980,2785,65,22
konvergierenden 1094,2820,240,28
Geraden 1350,2820,118,22
liegen. 1483,2819,92,27
<EOS>
Es 1591,2820,36,21
ergeben 1644,2819,114,27
sich 1773,2819,57,22
dadurch 1845,2819,117,22
Steg- 1971,2820,73,25
<EOS>
<EOP>
i) 1153,2879,14,18
Bd. 1182,2878,40,18
<EOS>
101, 1234,2877,39,22
S. 1285,2877,22,19
<EOS>
161»: 1315,2877,57,21
Bd. 1385,2877,42,19
<EOS>
102, 1435,2877,41,21
S. 1488,2876,22,20
<EOS>
61"; 1519,2876,45,22
Bd. 1576,2877,41,19
<EOS>
107, 1626,2876,41,22
S. 1680,2876,22,20
<EOS>
276*. 1710,2876,53,20
<EOS>
2) 1151,2906,17,21
Ueber 1180,2904,76,20
deren 1267,2903,70,20
Wiederaufbau 1350,2904,177,19
siehe 1540,2903,63,20
Bd. 1615,2904,42,18
<EOS>
115, 1665,2904,40,20
Seite 1720,2903,61,20
22 1792,2903,23,19
(IS. 1828,2902,38,24
<EOS>
Jan. 1875,2903,52,20
<EOS>
1940). 1935,2903,65,24
<EOS>
<EOS>
<EOP>
