2254,2981
122 205,70,44,21
SCHWEIZERISCHE 899,72,298,21
BAUZEITUNG 1214,72,219,22
Bd. 1917,73,46,20
<EOS>
115 1980,72,45,21
Nr. 2051,72,47,21
<EOS>
11 2112,72,30,20
gatotälern 202,123,193,26
und 413,124,53,20
den 482,124,49,20
vergletscherten 547,124,223,26
Hochcordilleren 786,124,227,22
stamme. 1029,124,119,22
<EOS>
Eine 201,157,65,21
Flugrekognoszierung 277,157,306,27
vom 593,163,60,16
16. 664,157,36,22
<EOS>
Januar 710,158,101,21
ergab, 820,159,88,26
dass 925,159,61,20
eine 997,158,56,21
merk¬ 1063,158,86,21
würdige 202,191,117,27
Eismasse 343,191,134,21
querSttber 498,185,146,33
dem 671,192,58,21
oberen 755,192,121,21
Plomotale 897,192,180,21
lag, 1096,192,53,26
die 202,224,42,22
möglicherweise 262,224,221,27
mit 507,224,49,22
der 581,225,45,21
Katastrophe 650,226,177,26
im 853,226,36,21
Zusammenhange 908,226,241,26
stehen 203,258,92,21
konnte 311,258,98,21
(Abb. 427,258,78,25
<EOS>
6). 516,259,38,24
<EOS>
<EOP>
Um 261,292,51,21
diese 328,292,70,20
Frage 409,293,85,25
endgültig 510,293,138,26
abzuklären, 663,293,164,25
haben 842,294,84,20
die 942,294,42,20
englischen 999,293,151,27
Ingenieure 202,326,154,26
W. 373,326,37,21
<EOS>
D. 417,327,32,20
<EOS>
V. 459,326,27,21
<EOS>
O. 497,327,27,20
<EOS>
King 537,326,68,26
und 626,328,52,20
Yorke 699,328,86,20
Eliot 807,328,69,20
anfangs 897,328,115,26
Februar 1033,328,117,20
1934 202,360,59,21
dieses 276,360,85,21
Gebiet 376,360,92,21
besucht, 482,361,116,25
dort 615,362,58,20
sehr 688,362,62,21
gründliche 762,362,155,30
Beobachtungen 930,362,220,26
gemacht 201,394,122,26
und 333,395,52,20
wertvolle 395,395,134,20
photographische 539,395,237,27
Aufnahmen 788,395,170,21
mitgebracht. 967,395,183,27
<EOS>
Sie 201,428,42,22
stellten 258,428,105,21
einwandfrei 373,428,171,22
fest: 558,428,66,22
1. 640,429,21,21
<EOS>
dass 677,429,62,21
die 750,429,42,21
Eismassen 802,429,152,21
aus 965,434,48,16
dem 1024,429,58,21
ver¬ 1092,434,57,16
gletscherten, 200,462,184,27
rd. 410,462,39,21
<EOS>
7 471,462,15,21
km 501,462,46,21
langen, 572,463,103,26
rechtseitigen 701,462,188,27
Seitentale, 915,463,149,25
vom 1089,468,61,16
Nevadogletscher 202,496,308,26
stammen 525,497,131,20
(vgl. 676,497,62,26
<EOS>
Abb. 749,497,65,20
<EOS>
3, 831,498,21,24
6); 868,498,37,24
2. 921,498,22,19
<EOS>
dass 959,497,61,21
die 1037,498,41,19
Eis- 1092,497,57,21
masseh 201,530,105,21
einen 321,530,75,20
Damm 411,531,96,20
quer 522,536,62,20
über 600,531,63,20
das 677,531,47,20
Plomotal 737,531,128,21
gebildet 876,531,115,27
haben, 1001,531,92,24
der 1104,531,46,20
eine 201,565,57,20
Zeitlang 273,564,115,26
die 409,565,41,20
Entwässerung 466,565,205,26
dieses 692,565,84,21
Tales 792,565,77,21
vollständig 889,565,162,27
abge¬ 1071,565,78,26
riegelt 201,599,94,26
hatte, 310,599,79,23
wodurch 406,599,123,20
ein 550,598,44,21
See 609,599,48,20
von 672,604,51,15
rd. 744,599,38,21
<EOS>
3 798,599,15,20
km 828,599,46,20
Länge 889,599,90,26
entstanden 995,599,155,21
war 202,638,55,16
tvgL 281,632,64,27
Abb. 361,632,65,21
<EOS>
3); 444,632,36,25
3. 511,632,22,22
<EOS>
dass 549,633,61,20
dieser 633,632,85,22
See 738,633,49,21
sich 813,632,57,22
plötzlich 894,632,125,28
entleert 1039,632,112,22
haben 202,666,85,21
muss. 306,671,81,16
<EOS>
Sein 417,666,62,21
Wasserinhalt, 498,666,199,25
rd. 718,667,37,20
<EOS>
30 766,666,30,21
bis 815,666,41,21
55 875,666,30,21
Mio 920,666,55,21
ms, 990,668,43,23
durch¬ 1057,666,93,21
brauste 202,700,108,21
als 326,700,41,21
Flutwelle 382,700,134,21
die 538,700,41,21
gänzlich 594,700,123,27
unbewohnten 732,701,191,20
Tupungato- 943,701,207,26
täler 202,734,88,21
auf 310,734,48,21
einem 378,733,83,21
Wege 478,735,78,24
von 572,739,50,16
etwa 638,734,68,21
53 726,734,30,21
km 772,735,45,19
bis 838,734,42,21
zur 899,739,48,15
Mündung 968,734,135,26
in 1124,734,27,20
den 202,768,50,21
Rio 267,768,49,21
Mendoza 330,768,127,21
bei 472,768,42,20
Punta 529,768,108,21
de 653,769,36,19
Vacas. 704,768,119,21
<EOS>
Von 852,769,57,20
dort 930,768,60,21
aus 1004,773,48,16
setzte 1068,768,83,21
sie 201,802,39,21
ihren 255,802,74,21
zerstörenden 344,801,183,22
Lauf 543,802,68,20
bis 626,802,40,20
zum 682,807,60,16
Ausgang 757,802,129,26
aus 903,807,48,16
dem 966,803,58,19
Gebirge 1041,802,110,26
fort 202,837,56,20
und 262,836,54,21
legte 323,836,70,26
somit 403,836,80,21
im 493,836,36,20
ganzen 537,841,102,21
einen 647,836,75,21
Weg 730,836,63,26
von 803,842,51,15
rd. 864,836,39,21
<EOS>
170 910,836,44,21
km 962,836,46,20
zurück8). 1018,836,133,23
<EOS>
<EOP>
Nach 263,870,75,20
dem 353,870,58,20
Bericht 425,870,107,21
von 546,875,52,15
King 614,870,68,25
und 699,870,52,21
Eliot 766,870,71,21
war 846,875,57,16
die 912,870,41,21
abdämmende 964,870,188,21
Masse 202,905,88,20
ein 313,903,42,21
Gemenge 375,903,131,27
von 526,908,51,17
Schnee 599,903,100,22
und 718,904,53,21
Eis, 794,903,54,26
enthielt 868,903,111,22
nur 997,908,50,17
wenig 1068,903,84,27
Gesteinschutt 203,937,198,22
und 410,937,52,21
gar 473,942,49,21
keine 535,937,75,21
Grund- 621,937,101,21
und 732,938,54,20
Obermoränen. 796,937,201,21
<EOS>
Die 1013,938,49,20
Ober¬ 1074,937,77,21
fläche 201,972,87,21
der 303,972,47,20
Eismasse 364,971,135,21
war 508,976,57,16
In 579,971,28,21
büsserschneeartige 616,971,276,27
Gebilde 903,972,106,20
aufgelöst 1020,971,133,27
und 202,1006,54,21
an 271,1011,34,15
der 320,1006,46,20
dem 381,1006,58,20
Winde 449,1005,92,22
zugekehrten 550,1006,179,26
Seite 745,1006,70,21
mit 826,1005,48,21
Flugsand 885,1006,135,26
bedeckt. 1035,1005,117,21
<EOS>
Die 202,1040,49,22
Breite 265,1039,88,22
der 368,1040,46,20
abdämmenden 429,1039,208,21
Eismasse 647,1040,133,20
variiert 796,1039,110,21
von 921,1045,51,15
200 987,1039,45,21
m 1042,1045,26,15
beim 1085,1040,67,20
Austritt 202,1074,119,21
aus 330,1078,48,16
dem 389,1074,59,20
Nevadotale 465,1073,206,21
bis 686,1073,40,21
zu 741,1078,33,16
600 790,1074,43,20
m 845,1080,25,13
an 884,1078,34,16
der 929,1074,45,20
Brandungs¬ 985,1073,166,26
stelle. 202,1108,83,21
<EOS>
Dort 310,1107,67,21
soll 396,1107,49,22
sie 461,1107,37,21
auch 514,1107,68,21
eine 597,1107,57,21
maximale 670,1107,140,21
Mächtigkeit 826,1107,175,27
von 1015,1113,51,15
75 1081,1107,30,21
m 1126,1112,27,15
gehabt 202,1141,99,27
haben, 316,1141,92,25
während 423,1140,124,22
die 563,1140,41,22
mittlere 620,1140,113,22
Mächtigkeit 750,1140,175,27
auf 941,1140,46,22
etwa 1002,1140,69,22
30 1086,1140,30,21
m 1127,1146,25,14
geschätzt 203,1175,138,27
wurde. 359,1176,97,19
<EOS>
Die 481,1174,48,21
Länge 549,1174,89,27
der 660,1175,45,20
Abdämmung 727,1174,185,27
betrug 931,1175,94,26
1100 1044,1174,60,21
m, 1118,1179,34,20
die 202,1210,42,20
Neigung 259,1209,124,26
8 398,1209,14,20
bis 428,1208,40,21
10 484,1208,30,21
g, 528,1214,26,21
die 570,1208,40,21
gesamte 631,1209,117,26
Eismasse 764,1209,133,20
nach 918,1209,68,20
Schätzung 1002,1208,151,26
60 204,1244,31,21
Mio 250,1243,53,21
m3 318,1244,38,20
(Abb. 375,1243,77,24
<EOS>
6 463,1243,15,20
bis 493,1242,40,21
8). 549,1243,37,24
<EOS>
<EOP>
Der 262,1281,53,20
Rio 330,1280,48,21
Plomo 395,1280,90,20
führt 500,1280,76,21
bei 590,1280,42,20
warmem 647,1285,124,15
Wetter 787,1279,100,21
etwa 903,1280,69,20
10 987,1280,29,20
m3/s. 1032,1280,69,29
<EOS>
Er 1116,1280,37,20
floss 202,1316,66,20
vor 283,1320,48,15
der 346,1315,46,20
Abdämmung 407,1314,187,26
in 614,1313,28,21
einem 662,1314,85,20
engen 769,1319,83,21
Tobel 867,1314,79,20
zwischen 963,1313,129,21
der 1107,1313,47,21
Nevadomoräne 202,1348,216,22
und 425,1348,53,20
den 486,1348,49,20
linksseitigen 543,1348,183,26
Felsen 731,1348,94,20
des 831,1348,46,20
Plomotales. 886,1348,163,19
<EOS>
Dieses 1061,1347,91,20
Tobel 202,1383,79,21
wurde 295,1383,89,20
während 400,1382,124,20
der 539,1382,47,20
Seestauung 602,1382,164,26
durch 787,1381,82,21
die 885,1381,40,21
Eismassen 941,1381,152,21
ge¬ 1109,1387,43,20
sperrt. 202,1416,93,28
<EOS>
Im 312,1416,41,20
Februar 368,1416,117,21
1934 502,1416,59,20
strömte 577,1416,110,21
aber 704,1416,62,20
der 781,1415,46,21
Bach 842,1415,72,21
unter 929,1416,77,20
dem 1021,1415,59,20
Eise 1092,1415,61,21
in 202,1451,27,21
seinem 244,1450,99,22
ursprünglichen 357,1449,219,27
Bette 586,1449,76,22
wieder 672,1449,96,21
ungehindert 783,1449,175,27
ab, 968,1449,40,25
der 1019,1449,46,20
Stau¬ 1076,1449,76,21
see 202,1490,44,15
war 257,1489,55,16
vollständig 322,1483,159,27
entleert. 491,1483,118,22
<EOS>
Ein 625,1483,51,21
Zugang 685,1484,109,26
in 804,1483,27,21
das 842,1483,48,21
Staugebiet 901,1483,154,26
wurde 1063,1483,90,20
nicht 202,1518,74,22
gefunden, 290,1518,139,26
indessen 451,1517,121,21
konnte 587,1517,99,21
doch 706,1517,66,21
festgestellt 791,1517,160,26
werden, 966,1516,110,25
dass 1092,1516,60,21
der 202,1554,46,19
Stauraum 270,1553,143,21
sich 433,1551,56,21
rd. 509,1551,39,21
<EOS>
3 564,1551,14,20
km 594,1551,45,20
talaufwärts 659,1550,168,22
erstreckte 848,1550,145,21
mit 1013,1550,49,21
einer 1082,1550,71,21
maximalen 203,1587,159,20
Tiefe 377,1586,73,20
von 470,1591,50,15
etwa 541,1586,69,20
70 624,1585,30,21
m 670,1590,26,16
an 712,1590,35,16
der 767,1585,46,20
Dammseite 828,1584,161,21
und 1009,1584,53,20
einer 1082,1584,71,20
mittleren 202,1621,135,21
Tiefe 356,1619,72,21
von 450,1625,50,15
rd. 521,1620,39,20
<EOS>
30 580,1619,30,21
m. 626,1625,34,15
<EOS>
Mehrere 685,1619,119,21
deutliche 825,1618,129,22
Strandlinien 975,1618,177,22
Hessen 202,1655,95,21
verschiedene 312,1653,183,21
Stauhöhen 512,1653,152,21
erkennen. 679,1653,138,20
<EOS>
Die 837,1652,49,21
Füllung 901,1652,113,27
des 1030,1653,44,20
Sees 1091,1653,62,21
konnte 203,1688,98,21
in 322,1687,28,22
etwa 370,1687,69,21
30 460,1687,29,21
Tagen 505,1687,89,26
beendigt 616,1687,124,26
gewesen 763,1692,120,21
sein. 903,1686,63,22
<EOS>
Die 996,1686,49,21
ersten 1065,1687,88,21
Begutachter 204,1721,179,27
glauben, 398,1720,119,27
dass 533,1721,62,21
die 615,1720,40,22
Abdämmung 676,1720,186,27
relativ 881,1720,95,22
kurze 997,1720,81,21
Zeit 1098,1720,57,22
vor 203,1761,48,16
der 273,1755,46,21
Katastrophe 341,1754,179,27
stattgefunden 545,1754,200,27
hatte, 770,1753,82,26
wahrscheinlich 877,1753,217,22
im 1118,1753,36,22
Oktober 203,1789,116,22
1933, 335,1789,66,24
während 425,1788,124,21
welchem 572,1788,123,20
Monat 711,1787,92,21
in 822,1788,28,20
benachbarten 864,1788,195,21
mete¬ 1074,1788,80,20
orologischen 203,1823,182,27
Stationen 405,1822,138,21
abnorm 561,1822,110,21
hohe 689,1822,67,20
Temperaturen 771,1822,204,26
festgestellt 995,1822,160,26
worden 203,1858,105,21
waren. 333,1862,96,16
<EOS>
Diese 459,1856,77,21
Datierung 561,1856,148,27
wurde 734,1856,87,20
abgeleitet 848,1856,141,26
aus 1014,1861,49,16
noch 1087,1856,67,20
lebenden, 203,1891,132,25
im 345,1890,37,22
Schutt 397,1890,95,23
an 506,1895,36,16
der 557,1890,45,20
Eisstirne 616,1890,129,21
gefundenen 756,1890,164,26
Pflanzenresten. 930,1890,224,21
<EOS>
<EOP>
Der 262,1926,54,20
Hergang 340,1924,127,27
des 493,1924,45,21
Wasserausbruches 566,1924,266,21
ist 857,1924,36,21
nicht 918,1924,73,21
abgeklärt 1017,1924,138,26
(siehe 207,1960,84,25
Abb. 306,1958,66,22
<EOS>
7). 383,1958,37,26
<EOS>
King 438,1958,67,25
glaubt, 522,1957,99,27
dass 638,1957,61,22
der 715,1957,46,21
Rio 780,1957,59,22
Plomo 856,1957,110,21
zunächst 984,1957,129,22
in 1128,1957,26,21
einem 204,1993,85,22
rd. 304,1993,38,20
<EOS>
5 358,1993,14,20
m 384,1997,26,16
hohen 426,1992,86,21
Tunnel 527,1991,100,22
unter 647,1991,77,22
dem 745,1991,58,21
Eis 820,1991,45,21
in 886,1991,27,21
normaler 928,1991,132,21
Weise 1069,1991,86,21
abgeflossen 204,2027,168,27
sei. 388,2026,45,21
<EOS>
Die 459,2025,47,21
grosse 522,2030,92,22
Hitze 632,2025,79,21
während 726,2024,124,22
einigen 865,2024,104,27
Tagen 984,2024,90,27
habe 1089,2025,66,21
dann 205,2062,69,20
zum 290,2065,60,16
Einsturz 365,2060,123,21
und 499,2060,52,20
zur 566,2064,49,16
gänzlichen 624,2058,155,27
Verstopfung 788,2058,180,27
des 984,2059,45,20
Tunnels 1042,2058,114,21
geführt, 203,2094,116,27
bis 334,2094,40,21
die 393,2094,40,20
gestaute 453,2094,123,26
Wassermenge 591,2093,199,25
genügend 806,2092,138,26
Druck 960,2092,90,20
besass 1064,2092,91,20
und 202,2129,54,21
die 276,2128,42,21
Verstopfung 338,2127,180,27
des 539,2128,46,20
Tunnels 605,2127,116,21
wieder 740,2126,96,21
hinauspresste. 855,2126,204,26
<EOS>
King 1086,2125,68,26
und 203,2162,54,21
Eliot 272,2161,69,22
fanden 356,2162,98,21
nirgends 468,2162,124,26
Entleerungsrinnen 603,2160,270,27
an 888,2165,35,16
der 938,2160,46,20
Oberfläche 1000,2159,155,22
der 203,2196,46,21
Eismasse. 263,2195,142,22
<EOS>
Sie 422,2195,42,22
schlössen 479,2195,133,22
daraus, 628,2195,104,24
dass 747,2195,62,21
der 825,2194,45,21
Stausee 886,2194,110,22
die 1012,2193,40,21
Krone 1068,2194,87,20
der 204,2231,46,20
Abdämmung 265,2229,185,27
nicht 471,2228,73,22
erreicht 560,2228,111,22
und 692,2228,53,22
der 767,2228,45,22
ganze 833,2233,83,22
Durchbruch 935,2227,171,22
an 1121,2232,34,16
der 204,2265,47,20
Sohle 266,2263,77,22
durch 359,2263,81,20
einen 461,2263,74,20
Tunnel 550,2263,99,21
von 665,2268,51,16
rd. 737,2263,38,20
<EOS>
20 791,2262,30,21
mJ 835,2262,37,21
Querschnitt 887,2261,170,28
statt¬ 1077,2261,78,21
gefunden 204,2297,133,27
habe. 351,2297,74,21
<EOS>
Bei 441,2296,46,21
einer 502,2296,71,22
Geschwindigkeit 584,2296,241,26
von 834,2301,51,16
25 895,2295,30,22
m/s 936,2295,50,31
ergibt 1002,2295,87,27
sich 1099,2295,57,21
daraus 206,2332,95,21
eine 317,2331,57,20
maximale 389,2331,139,20
Abflussmenge 545,2331,204,26
von 765,2335,51,16
500 831,2330,45,21
m»/s. 892,2331,67,29
<EOS>
<EOP>
Diese 263,2366,78,20
Abflussmenge 351,2365,204,26
scheint 566,2365,104,21
mir 684,2364,51,21
für 750,2364,44,21
Bildung 805,2364,113,26
einer 928,2364,71,20
Flutwelle, 1013,2363,142,25
deren 205,2399,80,22
Höchstbetrag 306,2399,194,25
bei 521,2399,41,21
Punta 583,2399,106,21
de 710,2399,37,20
Vacas 762,2398,106,21
auf 889,2398,47,20
2890 953,2397,61,22
m3/s 1030,2398,60,29
ge¬ 1112,2402,43,20
schätzt 206,2432,103,22
wurde 323,2432,88,22
und 432,2432,53,21
bei 500,2432,41,22
Lujan 561,2432,107,27
sogar 688,2438,80,21
auf 783,2432,48,21
3000 846,2431,60,22
m'/s, 917,2432,68,28
sehr 1005,2432,61,20
klein 1085,2431,71,20
zu 205,2472,32,16
sein. 252,2466,64,22
<EOS>
Das 331,2467,54,21
haben 401,2466,85,22
auch 501,2466,67,22
die 584,2466,41,22
ersten 641,2467,87,20
Berichterstatter 744,2465,232,22
empfunden. 991,2465,166,27
<EOS>
Sie 206,2501,43,22
suchten 263,2500,112,22
nach 389,2500,69,21
weltern 472,2500,109,21
Staustellen, 597,2500,167,24
aber 781,2499,63,22
ohne 859,2499,66,21
Erfolg. 940,2499,101,27
<EOS>
<EOP>
Selbst 265,2534,87,21
wenn 367,2538,75,16
man 457,2539,63,15
den 539,2534,50,20
angegebenen 605,2534,186,26
Zahlen 806,2532,97,22
als 919,2533,39,20
Schätzungen 975,2532,182,26
nur 206,2573,51,16
relativen 275,2568,130,21
Wert 425,2567,73,22
beimisst, 518,2569,124,23
ist 664,2568,36,20
das 721,2568,46,20
Verhältnis 788,2566,153,22
zwischen 963,2566,129,21
der 1113,2566,44,21
grössten 207,2603,120,26
Wassermenge 338,2603,200,26
im 548,2602,36,21
Rio 595,2602,59,21
Mendoza 665,2602,157,21
und 835,2601,52,20
der 898,2600,47,21
Abflussmenge 955,2600,202,26
aus 206,2641,48,17
dem 269,2636,59,21
Stausee 345,2636,110,21
ein 473,2636,43,20
merkwürdiges. 531,2636,214,26
<EOS>
Nimmt 771,2635,102,21
man 894,2639,63,16
an, 977,2639,42,20
dass 1035,2634,61,20
zur 1112,2638,46,16
<EOS>
<EOP>
») 261,2686,17,22
Diesen 292,2685,84,18
zurückgelegten 389,2684,191,23
Wegen 593,2685,85,21
entsprechen 692,2684,150,23
in 855,2684,23,18
unserem 891,2687,106,15
Lande 1010,2683,77,19
etwa 1100,2683,58,18
folgende 207,2711,107,23
Distanzen: 330,2711,135,19
Seeausbruch 482,2711,158,19
am 656,2715,37,15
Monte 708,2710,77,19
Rosa, 802,2711,68,20
Zerstörung 886,2710,140,21
der 1040,2709,41,19
Bahn 1094,2709,63,18
usw. 207,2743,55,14
<EOS>
von 274,2742,45,15
Visp 331,2738,56,21
bis 400,2738,35,17
zum 451,2742,49,13
Genfersee, 515,2737,130,21
oder 661,2737,55,19
Seeausbruch 732,2737,157,18
auf 905,2736,40,18
der 962,2736,40,17
Julierpass- 1018,2736,140,22
höhe 207,2766,58,18
und 276,2764,48,20
Zerstörung 335,2764,141,22
der 489,2764,40,18
ufernahen 540,2764,127,18
Bauten 681,2764,87,18
von 780,2768,43,13
Thusis 841,2764,83,17
bis 939,2763,36,18
Mündung 986,2763,120,22
des 1118,2762,40,18
Rheines 207,2791,100,19
in 320,2791,23,18
den 356,2791,44,19
Bodensee. 411,2791,124,18
<EOS>
Natürlich 549,2791,119,18
darf 681,2790,53,18
man 743,2794,54,14
daraus 809,2790,85,18
nicht 906,2790,63,18
auch 982,2789,58,19
auf 1052,2789,40,18
Ana¬ 1100,2790,57,17
logie 207,2819,58,21
der 279,2818,41,18
Einzugsgebiete 329,2818,193,21
und 530,2817,47,18
deren 589,2817,70,18
Niederschlagsmengen 668,2816,275,23
schliessen. 951,2815,134,19
<EOS>
Ganz 1097,2815,61,19
abwegig 207,2846,105,20
aber 335,2844,56,19
wäre 411,2845,59,17
es, 491,2848,31,16
Hochwasserfluten 547,2843,227,19
andlner 798,2842,96,19
Gebiete, 916,2841,102,22
in 1036,2842,24,18
denen 1084,2841,73,19
Gewitter 207,2871,110,19
und 334,2870,47,19
Landregen 398,2870,135,22
Seltenheiten 546,2869,154,20
sind, 721,2869,60,21
nach 799,2869,58,18
alpinen 875,2869,91,22
Verhältnissen 984,2868,174,19
zu 208,2902,28,14
bewerten. 248,2897,123,19
<EOS>
<EOP>
Zeit 1195,124,56,22
der 1267,126,46,20
Katastrophe 1333,125,178,27
im 1527,125,35,21
Rio 1578,125,48,21
Mendoza 1642,125,127,21
die 1784,125,41,20
ausnahmsweise 1842,124,220,22
hohe 2078,124,67,21
Heisswetter-Wassermenge 1194,158,382,27
von 1591,164,51,15
500 1658,159,45,20
m3/s 1716,159,61,30
vorhanden 1792,158,152,21
war, 1959,163,62,21
so 2036,163,31,16
blei¬ 2082,157,63,22
ben 1193,192,52,22
immer 1254,193,93,21
noch 1362,194,67,19
rd. 1439,194,38,19
<EOS>
2500 1488,192,60,22
m3/s, 1558,193,68,30
deren 1643,193,78,20
Ursprung 1731,193,139,26
auf 1880,193,48,20
den 1938,193,49,20
Gletscher¬ 1998,192,147,21
seeausbruch 1194,227,175,21
zurückzuführen 1384,228,226,19
ist, 1626,226,43,25
und 1685,227,52,20
nicht 1753,226,72,21
nur 1846,231,50,16
die 1916,227,41,20
berechneten 1972,226,173,21
500 1195,260,44,21
mJ/s. 1254,262,68,28
<EOS>
Hätte 1348,262,82,20
sich 1450,262,57,20
die 1532,261,40,20
Flutwelle 1593,261,137,20
auf 1751,261,47,20
ihrem 1817,260,85,21
170 1922,261,45,20
km 1981,261,46,20
langen 2048,261,97,25
Wege 1195,295,79,26
nicht 1289,295,73,21
eher 1377,295,61,20
abschwächen 1454,295,188,21
statt 1657,294,69,21
vervielfachen 1739,294,194,21
sollen? 1948,295,99,20
<EOS>
<EOP>
Eine 1254,332,66,21
Verflachung 1338,333,179,26
der 1539,333,45,20
Flutwelle 1604,332,136,20
musste 1761,331,100,21
sicher 1880,331,84,21
stattfinden 1986,331,159,22
in 1195,365,27,20
den 1248,366,50,20
breiten 1323,367,101,20
Tälern 1449,366,94,21
von 1566,371,51,16
Las 1642,366,62,20
Taguas 1720,366,131,25
und 1875,366,52,20
Uspallata- 1952,366,193,26
Anderseits 1194,400,152,21
besteht 1376,400,103,22
die 1501,400,42,21
Möglichkeit, 1566,399,178,28
dass 1775,400,61,19
die 1865,399,40,21
Flutwelle 1925,400,136,20
ver¬ 2086,405,58,15
schiedene 1195,433,135,22
Male 1345,435,70,20
in 1430,434,27,21
Talengen 1466,434,133,26
gehemmt 1615,433,134,27
und 1763,433,52,21
gestaut 1832,433,107,26
wurde, 1954,433,95,24
so 2065,438,30,16
an 2109,439,35,15
der 1195,467,45,21
Mündung 1256,467,135,27
ins 1406,468,41,21
Taguastal, 1463,468,197,26
so 1677,472,30,17
vor 1717,472,48,17
Chorillos 1781,467,165,21
und 1963,467,51,20
nament¬ 2024,467,119,21
lich 1195,501,50,21
im 1267,502,36,20
engen, 1324,507,92,21
schluchtartigen 1437,502,224,26
Talweg 1681,501,105,26
von 1807,506,51,16
Rio 1880,500,58,22
Bianco 1960,501,123,20
bis 2102,500,42,22
zum 1194,539,58,16
Austritt 1274,535,119,21
ins 1412,535,43,21
Mendozatal. 1474,536,225,20
<EOS>
Stauungen 1726,535,154,25
können 1901,534,104,21
auch 2025,534,69,21
im 2107,534,37,21
Rio 1195,569,59,20
Mendoza 1269,569,155,21
stattgefunden 1439,570,200,25
haben, 1654,570,92,24
namentlich 1761,568,160,22
in 1937,569,26,19
der 1980,569,45,19
Strecke 2037,568,108,21
unmittelbar 1194,602,172,22
östlich 1380,603,95,21
von 1491,609,50,15
Punta 1551,604,87,20
de 1654,604,32,20
Vacas, 1696,604,92,23
und 1804,603,54,20
südlich 1869,602,103,21
der 1986,602,46,21
Station 2043,602,103,21
Uspallata. 1195,637,194,26
<EOS>
In 1414,638,31,20
diesen 1467,637,88,21
Engnissen 1576,638,147,26
konnte 1746,638,99,20
die 1865,637,42,21
Flutwelle 1929,636,136,21
sich 2088,636,57,20
stets 1195,670,67,21
wieder 1277,670,95,22
erneuern, 1387,676,133,19
verstärkt 1536,671,134,21
durch 1686,671,82,21
das 1788,671,48,20
ohnehin 1851,670,112,21
vorhandene 1978,670,167,21
Hochwasser 1195,704,174,21
des 1391,704,46,21
Rio 1457,704,48,21
Mendoza, 1527,705,134,24
verstärkt 1681,704,136,22
durch 1836,704,83,21
die 1940,704,41,21
Sättigung 2002,704,143,26
mit 1195,737,49,22
Geschiebe 1259,737,141,22
von 1416,743,50,16
den 1483,738,49,21
grossen, 1542,743,116,22
selbstgeschaffenen 1669,738,270,26
Uferanrissen. 1948,737,197,22
<EOS>
<EOP>
Es 1256,776,36,21
könnte 1313,776,98,21
aber 1432,776,62,21
die 1515,776,40,21
Wassermenge 1571,776,198,26
von 1789,781,50,16
Anfang 1853,776,110,26
an 1985,781,35,15
grösser 2040,776,105,26
als 1196,810,39,21
500 1251,809,44,22
m3/s 1306,810,61,30
gewesen 1383,815,120,21
sein, 1514,810,62,25
und 1588,810,52,21
die 1655,810,42,20
Entleerung 1713,810,161,26
des 1889,810,46,21
Stausees 1950,809,124,22
sich 2090,809,56,22
analog 1196,844,98,26
einem 1308,844,84,20
in 1413,844,27,20
den 1461,844,50,20
Alpen 1531,844,84,26
bekannten 1635,843,150,21
Falle 1808,843,72,21
eines 1903,843,71,21
Eisseeaus¬ 1994,843,151,21
bruches 1196,878,111,20
ereignet 1317,878,119,26
haben3). 1445,878,120,25
<EOS>
Im 1581,879,40,19
Ortlergebiet 1637,877,229,26
staut 1881,877,74,21
der 1964,877,46,20
Zufall¬ 2025,877,121,20
ferner 1197,913,113,19
die 1329,912,43,20
Abflüsse 1391,912,125,21
des 1538,912,44,21
Langenferners 1604,912,271,25
zu 1895,916,33,15
einem 1949,911,85,20
Eissee, 2048,910,97,25
dessen 1198,947,92,19
Wassermengen 1310,946,219,26
periodisch 1551,946,147,26
durch 1720,945,83,21
die 1825,945,41,20
Gletschertore 1887,945,194,21
des 2102,945,45,20
Zufallferners 1196,980,189,21
ausbrechen 1400,980,163,21
und 1572,980,53,20
Hochfluten 1636,979,160,21
im 1811,979,36,20
Martell- 1861,979,117,21
und 1989,979,52,20
oberen 2051,979,96,20
Etschtal 1198,1013,119,22
erzeugen. 1333,1019,133,22
<EOS>
Auch 1483,1013,75,22
dort 1573,1013,59,22
war 1643,1018,56,16
der 1709,1013,44,21
Querschnitt 1766,1013,169,25
der 1943,1012,48,21
Gletscher¬ 2000,1012,146,22
tore 1196,1047,59,21
im 1270,1047,36,21
Verhältnis 1321,1047,151,21
zu 1488,1053,31,15
den 1536,1048,48,20
Ausbruchwassermengen 1599,1046,349,26
zu 1963,1052,33,15
klein. 2011,1046,79,21
<EOS>
Es 2110,1046,37,21
soll 1197,1081,50,21
aber 1262,1081,62,21
direkt 1339,1082,87,20
beobachtet 1440,1081,155,21
worden 1610,1081,104,21
sein, 1729,1080,63,25
dass 1808,1080,62,21
während 1884,1080,124,22
des 2024,1080,45,21
Aus¬ 2079,1080,67,21
bruches 1197,1115,111,21
die 1324,1115,40,20
Gletschertore 1381,1115,193,21
gesprengt 1594,1115,143,26
und 1752,1114,53,21
erweitert 1820,1113,133,22
wurden 1967,1114,106,21
und 2094,1114,54,21
das 1198,1150,47,20
abdämmende 1261,1149,187,21
Eis 1464,1149,46,21
des 1525,1149,45,21
Zufallferners 1580,1149,190,20
durch 1784,1148,82,21
den 1881,1148,50,20
hydraulischen 1946,1147,202,27
Druck 1197,1183,90,21
der 1310,1183,46,21
angesammelten 1376,1183,225,26
Wassermenge 1620,1183,200,26
gehoben 1841,1182,118,26
worden 1979,1182,105,20
ist, 2104,1181,43,25
wodurch 1198,1217,124,21
ein 1344,1217,42,21
der 1409,1218,46,20
Flutwelle 1478,1218,134,20
entsprechender 1637,1217,219,25
Gesamtdurchfluss- 1878,1216,270,20
Querschnitt 1197,1251,170,26
geschaffen 1381,1251,157,27
wurde. 1553,1251,97,21
<EOS>
Ausserdem 1672,1251,159,20
konnte 1846,1250,100,21
mit 1960,1250,50,20
der 2024,1250,47,20
Ver- 2084,1250,64,20
grösserung 1197,1284,159,27
des 1368,1285,44,21
Querschnittes 1424,1284,198,27
gleichzeitig 1632,1284,168,27
auch 1809,1284,68,21
eine 1887,1284,57,20
beträchtliche 1959,1283,189,22
Vergrösserung 1197,1318,212,27
der 1424,1319,46,20
Durchfluss-Geschwindigkeit 1482,1317,409,27
eingetreten 1906,1317,163,27
sein. 2084,1317,64,22
<EOS>
<EOP>
Nach 1256,1355,77,23
der 1343,1356,46,21
Katastrophe 1400,1356,178,27
vom 1593,1361,62,17
Januar 1665,1356,101,21
1934 1775,1356,61,20
stand 1851,1356,79,20
die 1946,1356,42,20
Geschäfts¬ 1996,1355,151,21
leitung 1198,1391,102,25
der 1322,1390,45,21
transandinen 1390,1389,189,22
Bahn 1594,1390,76,21
bei 1685,1389,42,22
allen 1748,1389,69,21
weitern 1836,1389,109,21
Entschlüssen 1959,1389,189,21
vor 1197,1429,48,16
der 1260,1424,46,20
Frage 1321,1425,86,25
: 1414,1429,6,15
Müssen 1436,1423,108,21
jetzt 1559,1423,67,26
oder 1641,1423,62,21
im 1718,1422,36,22
Laufe 1764,1423,83,21
der 1864,1423,46,21
nächsten 1924,1422,128,22
Jahre 2068,1422,80,22
neue 1197,1464,66,15
Abdämmungen 1287,1458,220,26
im 1530,1458,36,20
Plomotale 1590,1457,147,21
und 1764,1457,52,20
damit 1842,1456,83,21
neue 1948,1462,66,15
Seeaus¬ 2040,1457,107,20
brüche 1196,1493,97,20
befürchtet 1310,1492,150,21
werden 1474,1492,104,20
oder 1593,1492,63,20
nicht 1670,1491,74,21
<EOS>
<EOP>
Die 1256,1526,49,21
Beantwortung 1328,1526,209,26
dieser 1558,1526,85,21
Frage 1664,1526,86,25
konnte 1770,1525,99,21
selbstverständlich 1890,1524,259,22
nur 1198,1565,50,16
auf 1256,1560,47,21
Grund 1311,1560,89,22
einer 1406,1560,71,21
gewissenhaften 1482,1560,222,26
Untersuchung 1709,1559,204,25
der 1921,1560,46,19
Ursachen 1976,1559,172,20
der 1198,1595,46,20
die 1258,1594,42,21
Abdämmung 1311,1594,185,26
des 1507,1594,45,21
Plomotales 1562,1593,159,22
erzeugenden 1737,1593,178,26
Eisbewegungen 1924,1593,224,25
gegeben 1197,1629,118,25
werden, 1339,1628,113,25
der 1483,1628,45,20
Ursachen 1559,1627,134,21
abgeleitet 1724,1626,141,27
aus 1896,1632,48,15
allgemeinen 1974,1626,175,26
gletscherkundlichen 1197,1662,290,27
Erkenntnissen 1505,1661,209,21
und 1733,1660,53,21
aus 1807,1665,47,16
den 1876,1660,50,21
speziellen 1946,1659,139,28
Er¬ 2100,1660,47,21
scheinungsformen 1198,1696,262,26
der 1473,1696,48,20
Gletscher 1531,1695,136,21
im 1676,1695,37,20
Quellgebiet 1722,1694,164,26
des 1898,1694,46,21
Rio 1953,1694,51,21
Mendoza. 2013,1694,136,21
<EOS>
<EOP>
Leider 1259,1734,93,21
habe 1365,1734,68,20
ich 1448,1733,42,21
während 1500,1733,124,21
meinen 1636,1732,101,21
Expeditionen 1748,1731,188,28
nicht 1946,1731,74,22
spezielle 2030,1731,121,27
Gletscherbeobachtungen 1199,1767,354,27
machen 1560,1767,110,20
können, 1677,1766,111,26
da 1794,1766,34,21
meine 1835,1765,84,21
Zeit 1927,1765,58,21
vollständig 1991,1766,158,25
von 1200,1808,51,16
topographisch-photogrammetrischen 1269,1801,535,28
Vermessungen 1819,1800,212,25
in 2051,1799,27,21
An¬ 2098,1799,53,20
spruch 1200,1836,95,27
genommen 1311,1841,155,21
war. 1482,1840,62,16
<EOS>
Immerhin 1560,1835,143,21
konnten 1714,1835,116,21
mir 1842,1834,50,21
einige 1908,1834,86,26
besondere 2008,1833,143,21
Eigentümlichkeiten 1200,1869,283,27
der 1502,1869,46,21
andinen 1567,1869,113,21
Gletscher: 1695,1869,148,21
die 1858,1868,41,21
fremdartige 1914,1867,173,27
Ge¬ 2103,1867,48,21
staltung 1199,1903,121,27
der 1342,1904,46,20
Gletscheroberfläche, 1404,1902,291,26
ihre 1719,1902,56,22
ausserordentlich 1800,1901,238,23
rasche 2060,1901,91,21
Veränderung 1199,1937,190,26
und 1404,1937,52,20
andere 1467,1937,97,20
Merkwürdigkeiten 1579,1936,268,27
nicht 1863,1935,72,22
entgehen. 1946,1935,137,27
<EOS>
<EOP>
Vergleicht 1260,1971,151,27
man 1431,1976,62,16
Bilder 1510,1971,88,21
der 1618,1971,47,20
Nordost-Wand 1679,1970,211,21
des 1906,1970,45,21
Nevado 1969,1969,131,21
de 2113,1969,38,20
Plomo 1201,2006,110,20
von 1336,2010,52,16
1912 1414,2005,59,21
mit 1499,2005,50,21
solchen 1568,2005,106,21
von 1697,2009,51,16
1934, 1773,2004,67,24
dann 1864,2004,70,20
erkennt 1953,2002,111,22
man 2089,2007,62,16
leicht, 1200,2040,87,24
dass 1313,2040,62,20
sich 1400,2039,58,21
keine 1475,2039,76,21
grössern 1571,2039,125,26
Firn- 1717,2038,75,21
oder 1812,2037,62,21
Gletscherabstürze 1891,2036,260,22
nachweisen 1200,2073,166,22
lassen. 1389,2073,94,21
<EOS>
Es 1514,2073,36,21
sind 1573,2073,58,21
allerdings 1656,2072,143,26
im 1825,2071,35,21
Hintergrunde 1885,2070,194,27
des 2106,2070,45,20
Nevadotales 1200,2107,177,22
Lawinen 1396,2107,125,21
vorgekommen, 1535,2107,211,26
allein 1767,2105,79,21
deren 1867,2105,79,20
Massen 1963,2105,109,20
sind 2091,2103,60,21
viel 1199,2141,52,21
zu 1270,2145,32,17
klein, 1322,2140,78,26
um 1416,2146,45,16
den 1482,2142,50,20
ganzen 1552,2145,102,22
Eisdamm 1673,2140,135,21
als 1830,2140,39,20
Lawine 1886,2138,105,21
deuten 2007,2138,95,21
zu 2117,2143,33,16
können. 1200,2175,110,21
<EOS>
Es 1326,2175,36,20
bleibt 1378,2175,82,21
somit 1474,2175,80,21
nichts 1569,2174,87,21
anderes 1671,2174,110,21
übrig, 1796,2173,84,26
als 1894,2173,40,20
den 1950,2173,50,20
Eisdamm 2014,2172,135,21
im 1201,2209,35,20
Plomotale 1252,2209,144,21
auf 1412,2209,48,21
eine 1475,2209,57,21
Gletschereisbewegung, 1543,2207,326,27
auf 1880,2206,47,22
einen 1941,2206,76,21
Vorstoss 2027,2206,124,21
des 1200,2243,45,20
Nevadogletschers 1262,2243,254,27
zurückzuführen, 1531,2241,234,25
oder 1781,2241,63,20
mit 1864,2240,50,21
andern 1928,2240,100,21
Worten 2043,2239,108,22
als 1201,2277,39,20
Gletscherschwankung 1263,2276,409,26
aufzufassen. 1693,2275,178,21
<EOS>
<EOP>
Man 1261,2315,63,20
unterscheidet 1334,2315,195,21
bekanntlich 1538,2313,170,22
folgende 1717,2312,121,26
Arten 1848,2312,85,21
der 1946,2312,48,21
Gletscher¬ 2004,2311,146,22
schwankungen 1201,2348,212,28
[K. 1433,2349,44,24
<EOS>
Mason, 1488,2350,100,23
10]: 1604,2349,51,23
1. 1675,2348,21,20
<EOS>
tägliche 1712,2346,150,27
und 1877,2346,53,20
jahreszeit¬ 1945,2345,205,27
liche 1201,2383,87,21
Schwankungen, 1310,2383,286,26
die 1618,2382,41,21
meistens 1681,2381,123,21
klein 1825,2380,70,21
sind 1916,2380,58,20
und 1995,2380,52,21
in 2063,2379,27,21
der 2106,2380,45,20
Regel 1201,2416,82,27
innerhalb 1298,2416,135,22
Grenzen 1450,2416,118,22
liegen, 1582,2416,93,26
die 1694,2415,41,21
nur 1754,2420,50,15
mit 1819,2414,50,22
Messinstrumenten 1888,2414,263,21
erfasst 1201,2450,99,21
werden 1320,2451,104,20
können. 1445,2451,110,20
<EOS>
2. 1592,2450,22,21
<EOS>
periodische 1629,2449,208,27
Schwankungen, 1861,2448,290,27
die 1202,2484,41,21
mit 1258,2484,49,22
Klimaschwankungen 1322,2484,302,26
innerhalb 1643,2483,139,21
historischer 1802,2482,170,22
Zeit 1987,2482,58,22
in 2062,2482,28,22
Zu¬ 2105,2482,47,22
sammenhang 1201,2519,192,27
gebracht 1409,2518,127,27
werden, 1550,2517,111,26
mit 1672,2517,49,22
Perioden 1731,2517,127,21
von 1869,2522,50,16
mehreren 1930,2516,137,22
Jahr¬ 2077,2516,77,21
zehnten 1201,2552,113,21
und 1328,2553,53,21
Schwankungen 1397,2552,218,26
bis 1636,2551,40,22
zu 1696,2556,34,16
mehreren 1744,2551,137,21
100 1901,2551,45,21
m, 1961,2556,35,20
gemessen 2015,2555,139,21
an 1203,2591,34,16
den 1253,2587,49,20
Zungenenden 1313,2587,190,27
der 1514,2587,46,20
Gletscher. 1571,2586,142,21
<EOS>
3. 1729,2585,22,22
<EOS>
eiszeitliche 1768,2585,212,22
Schwan¬ 2000,2584,151,21
kungen, 1203,2620,142,26
deren 1361,2620,80,22
Ursachen 1457,2620,136,22
noch 1609,2620,67,21
nicht 1686,2620,74,21
bekannt 1770,2620,116,21
sind, 1896,2619,65,24
mit 1972,2618,48,21
Schwan¬ 2031,2617,123,22
kungen 1203,2653,105,26
von 1323,2659,51,16
vielen 1389,2655,88,20
km, 1490,2654,53,26
von 1559,2659,51,16
den 1625,2654,50,21
höchsten 1687,2653,127,22
Talmulden 1824,2653,152,22
der 1986,2652,46,21
Gebirge 2042,2651,112,26
bis 1203,2687,41,21
weit 1269,2688,62,20
in 1356,2688,27,20
die 1409,2688,40,21
Vorlande 1473,2688,130,21
hinaus. 1626,2687,103,21
<EOS>
4. 1759,2688,22,20
<EOS>
aussergewöhnliche 1803,2685,350,28
Schwankungen, 1204,2720,283,28
die 1509,2722,41,21
sich 1571,2722,57,21
nicht 1648,2721,73,22
in 1736,2721,28,21
die 1779,2720,40,22
periodischen 1835,2719,181,28
Schwan¬ 2032,2719,122,21
kungen 1203,2755,106,25
einreihen 1333,2756,132,20
lassen. 1488,2757,94,20
<EOS>
Sie 1610,2756,42,21
werden 1674,2755,104,21
durch 1800,2754,81,21
rasche 1901,2753,93,22
Vorstösse 2015,2753,140,22
einzelner 1203,2789,130,21
Gletscher 1356,2789,135,22
eingeleitet 1516,2790,149,26
und 1687,2789,54,21
sind 1764,2788,58,22
unabhängig 1842,2787,171,27
von 2032,2791,52,17
den 2106,2787,50,21
periodischen 1204,2823,180,26
Klimaschwankungen. 1405,2823,310,28
<EOS>
Sie 1741,2823,43,22
fallen, 1806,2822,88,24
wiederum 1914,2820,141,22
unab- 2074,2821,82,21
<EOS>
<EOP>
") 1260,2869,17,21
Vergi, 1291,2868,76,22
auch 1389,2868,58,18
Dr. 1467,2869,39,17
<EOS>
O. 1521,2869,24,17
<EOS>
Lütschg 1558,2869,100,21
: 1665,2873,7,13
Allalingletscher 1696,2867,203,22
und 1918,2866,46,19
Mattmarksee, 1985,2866,171,20
«SBZ» 1204,2894,74,19
Bd. 1291,2895,40,18
<EOS>
86, 1338,2895,30,21
S. 1382,2894,22,19
<EOS>
279 1412,2895,34,18
(1925). 1461,2894,72,24
<EOS>
Red. 1558,2895,55,18
<EOS>
<EOS>
<EOP>
