2254,2981
13Ô 191,80,42,24
SCHWEIZERISCHE 898,75,298,27
BAUZËITUNG 1212,75,221,24
Bd. 1906,73,46,22
<EOS>
115 1969,72,45,24
Nr. 2040,72,46,24
<EOS>
11 2101,71,30,23
blechhöhen 186,135,163,22
der 362,135,46,22
Hauptträger 417,134,182,28
variierend 608,133,148,23
von 770,138,52,16
7 836,134,15,20
m 861,138,28,14
über 903,132,65,20
den 978,132,50,20
Strom- 1038,131,100,21
Öffnungen 188,169,147,27
bis 349,169,40,22
4,10 404,168,53,26
m 467,174,27,16
beim 508,168,71,21
östlichen 594,168,127,21
Widerlager. 732,167,169,26
<EOS>
Die 926,165,49,21
Fahrbahn¬ 985,164,152,21
breite 187,204,83,21
beträgt 284,203,107,27
gleich 412,203,85,26
dem 518,203,58,20
Hauptträgerabstand 596,201,298,27
12 914,201,29,20
m, 959,205,34,19
während 1014,198,124,21
die 189,238,41,21
beidseitigen 246,237,171,27
je 431,237,26,25
1,80 472,236,53,26
m 535,240,27,17
und 577,236,53,21
1,20 647,235,52,25
m 709,240,27,17
breiten 750,235,103,21
Radfahr- 863,234,130,21
und 1008,233,53,20
Geh¬ 1072,232,66,21
wege 189,277,73,21
auf 278,272,48,20
seitlichen 345,270,135,22
Konsolen 500,270,132,21
ausgekragt 654,268,164,27
sind. 838,268,66,21
<EOS>
Die 930,268,48,20
Fahrbahn 998,266,142,22
besteht 188,306,104,21
aus 312,310,49,17
unmittelbar 381,305,171,21
befahrenem 573,303,170,21
Rüttelbeton 765,301,171,22
auf 958,301,48,21
Buckel¬ 1028,300,111,21
blechen. 187,340,116,21
<EOS>
Die 326,339,48,21
grösste 395,338,105,27
Paketdicke 515,337,161,22
der 698,337,45,20
Gurtplattenstösse 758,334,255,28
beträgt 1032,334,108,26
240 188,373,46,21
mm, 249,378,62,19
sodass 326,373,94,21
noch 434,372,70,21
alle 518,372,52,21
Stösse 585,371,91,22
genietet 695,369,117,28
werden 826,370,105,21
können, 946,368,111,25
ohne 1073,367,67,22
Verwendung 189,406,183,27
konisch 385,406,110,21
gedrehter 515,405,139,26
Bolzen. 669,405,103,20
<EOS>
— 787,415,32,3
Der 832,404,54,20
Entwurf 903,401,122,22
für 1040,401,45,21
die 1099,401,41,21
doppelspurige 188,440,199,27
Eisenbahnbrücke 395,439,248,22
sieht 654,439,69,21
gerade 731,438,96,27
durchlaufende 836,435,205,23
Paral¬ 1049,436,90,20
lelfachträger 188,474,190,27
mit 387,473,49,22
einer 451,473,71,21
Ausfachung 532,472,174,27
durch 721,471,82,22
vierfachen 813,471,152,22
Strebenzug 979,470,161,24
vor. 190,513,54,16
<EOS>
Die 258,508,49,20
Fahrbahn 323,508,142,21
liegt 478,507,66,26
unten, 559,507,88,24
der 665,507,46,20
Hauptträgerabstand 726,505,295,27
beträgt 1033,503,108,27
9,50 190,542,53,24
m. 257,547,35,15
<EOS>
— 306,553,31,2
Wuchtige 351,541,138,27
Wehrbauten 506,541,175,21
betonen 702,540,111,20
und 833,539,53,21
schützen 902,538,125,22
zeitge- 1043,538,96,26
mäss 190,576,72,21
in 277,576,27,21
beiden 319,577,92,19
Entwürfen 427,575,155,22
die 597,574,41,21
westlichen 653,574,153,21
Widerlager. 820,572,170,27
<EOS>
<EOP>
Fernleitungen 249,617,205,26
an 476,622,35,16
Flugzeugen 533,616,169,27
behandelt 725,615,140,21
ein 886,613,44,21
Aufsatz 952,613,115,21
von 1089,617,52,16
H. 190,652,33,20
<EOS>
Müllenbach, 233,650,173,25
Dessau, 428,652,109,23
in 558,650,29,21
der 606,650,47,21
Zeitschrift 671,648,154,23
«Deutsche 845,648,146,21
Technik» 1009,646,131,21
vom 190,691,61,16
Februar 265,686,118,20
1940. 398,684,67,22
<EOS>
Um 489,685,53,21
den 557,685,50,20
Flugmotor 622,683,155,27
einerseits 792,681,137,23
und 944,682,53,20
den 1013,680,50,22
Pro¬ 1079,681,61,20
peller 190,720,80,26
anderseits 284,719,147,21
im 446,719,37,20
Flugzeug 498,719,134,26
so 646,723,30,15
unterbringen 692,716,189,27
zu 897,721,33,16
können, 946,715,111,25
dass 1079,715,61,20
beide 191,753,73,21
am 275,758,43,16
günstigsten 329,752,168,28
Ort 508,752,48,21
liegen, 566,752,91,26
erscheint 670,750,131,21
es 814,755,28,15
vielfach 852,748,114,22
wünschens¬ 975,748,166,22
wert, 190,787,73,25
dass 282,787,62,22
sie 364,787,38,21
voneinander 422,787,176,21
getrennt 619,785,124,26
und 761,785,53,19
durch 836,782,82,22
ein 937,783,43,20
zwischen¬ 1000,782,141,21
geschaltetes 191,820,174,28
Glied, 381,820,80,25
eben 478,820,64,21
die 557,819,42,21
Fernleitung, 610,819,177,25
mit 798,818,50,21
einander 863,814,123,25
gekuppelt 1000,815,142,27
werden. 191,855,112,20
<EOS>
So 318,855,35,20
wird 362,854,66,21
es 443,859,29,16
z. 486,859,23,16
<EOS>
B. 516,854,30,20
<EOS>
möglich, 560,853,122,27
den 693,853,51,20
Motor 759,853,87,20
ganz 857,856,67,21
im 934,850,38,22
Tragflügel, 980,849,162,27
wo 192,894,40,15
er 247,894,30,15
leicht 296,888,80,21
zugänglich 395,886,159,28
ist, 573,887,43,25
verschwjreien 636,886,197,25
zu 853,891,33,15
lassen, 906,885,94,24
während 1018,883,125,21
der 190,923,46,20
Propeller 251,923,134,26
in 400,922,27,21
einiger 440,921,100,27
Entfernung 560,921,168,26
von 743,925,52,16
der 814,919,45,22
Flügefeprderkante 874,917,269,32
seinen 191,957,90,20
vorteühaftesten 295,956,230,22
Aufstellungsort 536,955,227,26
bekommt. 774,953,140,22
<EOS>
So 932,953,33,22
einfach 981,951,106,22
die 1102,951,40,21
Lösung 191,991,106,25
dieses 312,991,85,20
Problèmes 417,990,151,21
auch 583,990,68,20
erscheint, 672,990,138,22
spricht 826,986,102,29
doch 947,987,66,21
das 1028,986,48,21
sel¬ 1094,986,49,21
tene 192,1025,60,21
Vorkommen 262,1024,177,22
dieser 455,1024,83,21
Bauart 554,1024,101,20
von 670,1028,51,16
den 732,1023,49,20
zu 791,1027,31,15
erwartenden 839,1021,181,21
Schwie¬ 1030,1019,112,22
rigkeiten, 191,1058,138,27
die 345,1057,42,23
hauptsächlich 400,1057,200,28
schwingungstechnischer 611,1056,351,27
Natur 976,1053,87,22
sind. 1077,1053,65,21
<EOS>
Die 192,1093,48,20
ersten 257,1092,88,21
Fernleitungen 359,1091,206,26
in 581,1091,29,22
Flugzeugen 624,1091,168,27
kamen 806,1091,97,20
schon 924,1089,81,21
während 1019,1087,124,22
des 194,1127,45,20
Weltkrieges 253,1126,176,26
zur 447,1131,47,15
Anwendung, 515,1125,178,26
und 713,1124,54,22
zwar 787,1129,72,16
waren 877,1128,89,16
es 986,1128,29,15
WinJEeälE 1030,1115,129,32
triebe, 192,1161,89,24
die 299,1161,40,20
zwei 356,1159,66,22
über 441,1160,64,21
den 526,1160,50,20
Tragflächen 591,1159,176,25
montierte 787,1157,140,22
Propeller 947,1157,134,26
mit 1095,1154,50,22
einem 193,1195,86,21
im 293,1194,37,21
Rumpf 346,1195,98,25
gelagerten 459,1194,154,26
Motor 627,1193,88,21
verbanden. 729,1192,156,22
<EOS>
Der 900,1191,53,21
Nachteil 968,1190,120,22
der 1100,1190,45,20
Winkeltriebe 193,1228,187,22
liegt 395,1229,66,26
darin, 474,1228,83,24
dass 572,1228,64,21
in 655,1226,28,21
der 704,1227,46,20
Regel 764,1226,83,27
deren 861,1226,80,20
zweiJRfiinter- 961,1218,184,29
einander 194,1262,123,22
geschaltet 337,1262,149,27
werden 504,1262,104,21
müssen, 628,1260,114,25
um 762,1265,45,16
den 830,1260,51,21
Progläler 903,1251,132,40
in 1056,1258,27,20
die 1103,1257,43,21
richtige 192,1296,114,26
Stellung 322,1296,119,26
zu 461,1301,33,16
bringen, 513,1295,119,27
und 647,1295,52,21
dass 721,1295,62,21
die 805,1294,41,21
Uaperbringung 866,1284,218,41
des 1100,1292,45,20
äusseren 194,1330,125,21
Winkeltriebes 333,1330,200,21
Schwierigkeiten 554,1328,233,28
macht. 802,1328,97,21
<EOS>
Mit 922,1327,51,21
der 992,1327,46,20
gerad¬ 1054,1325,91,27
linigen 193,1364,98,27
Wellenverlängerung 297,1363,291,27
sind 595,1363,59,21
bessere 661,1362,104,21
Ergebnisse 773,1361,158,27
erzielt 939,1360,91,22
worden- 1034,1359,112,22
Zur 194,1399,52,20
Vermeidung 255,1398,176,26
von 440,1403,52,15
Drehschwingungen 503,1396,275,26
muss 792,1400,73,16
sie 881,1394,38,22
aber 930,1394,63,22
mit 1003,1394,49,20
einem 1063,1394,83,20
Schwingungsdämpfer 195,1432,312,26
ausgerüstet 515,1430,167,27
werden, 689,1430,111,25
und 809,1429,53,21
die 873,1429,41,20
Unterdlpckung 925,1420,221,35
von 193,1472,53,16
Biegungsschwingungen 260,1465,342,28
verlangt 616,1464,124,27
eine 759,1462,58,22
mehrfache 831,1462,154,21
Lagerung. 1000,1462,146,25
<EOS>
Demnach 195,1499,136,22
umfasst 350,1499,117,22
die 485,1499,42,21
Fernleitung 546,1499,172,25
nicht 736,1497,74,21
aUein 830,1497,80,21
die 929,1496,41,21
Wellenver¬ 990,1495,156,21
längerung, 194,1534,154,26
sondern 369,1533,112,21
auch 502,1532,67,22
einen 592,1532,76,21
Drehschwingungsdämpfer, 683,1528,384,28
eine 1090,1528,56,21
Trag- 195,1568,82,26
und 292,1567,53,21
Stützkonstruktion 361,1566,264,23
mit 640,1565,48,22
mehrfachen 707,1565,171,22
Radiallagern 894,1564,186,24
und 1095,1561,51,21
häufig 196,1602,94,25
auch 314,1602,68,20
noch 406,1601,68,21
die 499,1601,41,21
Steuerleitungen 566,1599,227,27
zum 818,1604,61,16
Verstellpropeller- 900,1596,247,27
Diese 195,1636,78,21
geradlinigen 295,1634,182,28
Uebertragungsgetriebe 500,1632,333,28
sind 854,1632,59,22
besonders 935,1630,140,23
von 1096,1635,51,16
Junkers 196,1670,114,21
und 325,1670,53,20
von 394,1674,51,16
den 460,1669,50,21
Dornierwerken 524,1668,219,21
entwickelt 758,1665,150,23
worden. 923,1665,112,22
<EOS>
Sie 1051,1664,43,22
er¬ 1107,1669,39,16
lauben 196,1703,97,22
es 312,1709,29,16
auch, 361,1703,74,25
die 456,1702,42,21
Leistungen 516,1702,163,26
mehrerer 700,1702,132,19
Motoren 850,1699,122,22
von 991,1703,53,17
einem 1063,1698,85,21
Sammelgetriebe 197,1737,234,27
aus 445,1742,49,16
auf 510,1737,48,20
einen 572,1736,75,21
gemeinsamen 668,1735,196,26
Propeller 879,1733,132,27
zu 1024,1737,34,16
über¬ 1072,1731,75,21
tragen. 196,1772,103,25
<EOS>
Dazu 314,1771,75,21
sind 403,1770,60,22
allerdings 478,1770,143,26
Einzelkupplungen 635,1768,259,27
und 908,1767,54,21
Freilaufein¬ 977,1765,170,22
richtungen 196,1805,159,26
nötig, 368,1803,84,28
um 462,1809,45,16
bei 520,1803,41,22
Störungen 577,1803,149,27
einzelne 740,1803,116,21
Motoren 864,1802,122,21
abschalten 997,1800,151,22
zu 197,1844,34,16
können. 245,1839,112,21
<EOS>
In 381,1839,33,21
dieser 428,1838,85,22
Form 527,1838,81,21
aber 624,1837,63,21
verbessern 702,1837,153,21
sie 873,1836,39,21
die 926,1836,42,21
Flugsicher¬ 983,1833,165,27
heit 198,1873,55,21
ganz 268,1878,68,22
wesentlich. 351,1872,159,22
<EOS>
<EOP>
Ein 258,1914,49,21
schnelles 323,1913,131,22
Feuerlösch-Boot 470,1913,236,22
ist 729,1913,36,20
von 780,1916,51,17
der 847,1911,45,21
Londoner 907,1911,137,21
Stadt¬ 1060,1909,87,22
verwaltung 197,1947,165,27
beschafft 378,1947,133,22
worden 520,1947,107,22
; 632,1952,7,20
es 654,1951,29,17
weist 698,1946,77,22
bei 788,1946,43,21
13,7 846,1945,51,25
m 908,1950,28,15
Länge, 947,1945,95,24
3,05 1059,1944,52,24
m 1121,1948,28,15
grösster 198,1983,120,26
Breite 332,1982,90,22
und 443,1982,54,21
einem 519,1980,86,22
Tiefgang 619,1980,132,27
von 775,1985,51,15
maximal 841,1978,127,22
1,07 982,1977,53,25
m 1050,1982,27,15
eine 1092,1977,58,20
vertraglich 197,2017,163,25
festgelegte 380,2016,158,27
Geschwindigkeit 555,2013,238,27
von 813,2018,52,17
20 881,2012,28,21
kn 925,2013,38,20
auf. 978,2012,54,21
<EOS>
Seinen 1055,2011,94,21
Antrieb 197,2050,110,23
erhält 323,2050,88,21
es 426,2055,28,16
durch 469,2049,82,22
drei 566,2048,57,22
Propeller, 632,2049,140,25
deren 788,2048,80,20
Wellen 883,2046,99,21
mit 997,2045,49,22
Sechs¬ 1057,2045,92,22
zylinder-Benzinmotoren 199,2084,349,28
von 562,2088,53,17
je 629,2083,26,26
110 666,2083,45,20
PS 722,2082,39,21
und 778,2081,52,21
2700 840,2080,61,21
U/min 910,2079,91,31
unmittel¬ 1016,2079,133,21
bar 199,2118,48,21
gekuppelt 262,2118,142,27
sind. 418,2118,65,21
<EOS>
Die 515,2117,49,22
beiden 583,2117,94,21
bordseitigen 697,2115,178,26
Motoren 890,2114,122,21
sind 1026,2112,60,22
mit 1101,2112,49,21
Hilfe 199,2151,71,22
von 285,2156,53,17
Reibungskupplungen 351,2151,304,27
umschaltbar 677,2149,180,22
und 880,2148,52,20
treiben 955,2146,101,22
dann 1080,2146,69,21
über 199,2185,64,22
ein 278,2184,44,22
Reduktionsgetriebe 335,2184,281,27
mit 637,2184,50,21
elastischer 707,2182,155,22
Kupplung 882,2181,142,27
je 1045,2180,27,26
eine 1093,2179,58,21
der 200,2220,46,20
beiden 260,2218,93,22
für 367,2218,45,21
eine 427,2218,58,21
Fördermenge 500,2218,193,26
von 715,2222,53,17
56,7 788,2216,54,25
1/s 857,2216,34,30
und 905,2215,53,21
70 974,2215,29,20
m 1019,2219,26,15
Druck 1061,2213,89,21
gebauten 200,2253,131,27
Feuerlösch-Kreiselpumpen. 342,2251,391,27
<EOS>
Sämtliche 749,2250,143,22
Maschinen 900,2248,155,22
haben 1064,2247,87,21
unter 200,2288,77,20
einem 292,2286,85,21
Winkel 392,2285,103,22
von 515,2289,51,17
etwa 587,2285,68,21
12° 671,2285,45,21
schräg 734,2284,98,27
nach 848,2283,67,22
unten 930,2283,82,21
geneigte 1027,2281,123,27
Wellen. 199,2321,107,22
<EOS>
Beide 322,2320,79,21
Pumpen 411,2319,118,27
arbeiten 544,2319,118,21
auf 678,2318,48,21
ein 735,2318,43,21
gemeinsames 787,2317,193,28
aus 991,2321,47,16
Leicht¬ 1048,2315,103,21
metall 201,2355,92,21
hergestelltes 301,2354,182,26
Rohrsystem 495,2352,172,27
mit 683,2352,49,21
einem 747,2352,84,21
mittschiffs 842,2350,158,23
stehenden 1010,2350,141,22
Schwenkdüsenkopf 202,2387,278,27
und 501,2387,54,21
zwei 578,2386,65,21
rechts 665,2386,89,21
und 769,2385,53,21
links 838,2385,69,21
davon 924,2385,84,20
angeord¬ 1024,2383,127,27
neten 200,2423,78,20
Schlauchanschlusskästen 294,2421,365,22
mit 674,2419,49,22
je 737,2419,27,26
sechs 780,2419,75,21
Anschlüssen. 870,2418,187,21
<EOS>
Zum 1087,2417,64,21
Reinigen 201,2456,128,26
werden 350,2455,104,22
die 474,2454,42,22
Saugleitungsiebe 532,2453,244,28
mit 792,2453,48,21
Druckwasser 856,2452,189,21
durch¬ 1058,2450,93,22
spült. 202,2490,77,27
<EOS>
Das 312,2490,53,20
mit 382,2488,48,22
gleitsicherem 445,2488,193,27
Gummibelag 654,2486,182,26
abgedeckte 859,2486,161,26
Boot 1035,2485,67,21
ist 1117,2483,34,22
niedrig 201,2523,102,26
gebaut, 318,2523,104,27
sodass 439,2522,92,21
kein 547,2521,61,22
fester 623,2521,83,22
Teil 721,2520,55,21
mehr 792,2520,74,21
als 881,2519,40,21
2,3 937,2520,37,26
m 991,2525,25,13
über 1031,2519,64,21
die 1111,2518,40,21
Wasserlinie 204,2556,167,23
hinausragt; 385,2556,170,26
es 579,2560,30,16
erreichte 624,2554,129,22
bei 769,2554,41,21
den 824,2554,51,21
Probefahrten 889,2553,192,21
eine 1096,2553,56,20
Geschwindigkeit 202,2590,241,28
von 450,2595,53,17
20,197 516,2589,84,26
kn 610,2589,38,21
(«Engineering» 665,2587,220,28
vom 895,2592,61,16
8. 967,2587,20,21
<EOS>
Dez. 997,2587,60,20
<EOS>
1939). 1069,2587,82,23
<EOS>
<EOP>
Ein 263,2630,50,21
Abflussregler 327,2627,198,27
mit 540,2627,49,21
kegelförmiger 606,2626,205,26
Strahlausbreitung 827,2624,264,26
zur 1106,2628,46,16
Vernichtung 202,2663,182,27
der 398,2663,46,21
Strömungsenergie 455,2660,262,29
ist 732,2660,36,21
an 783,2664,35,17
der 833,2659,46,22
Burrinjuck-Sperre 889,2658,263,27
in 202,2698,28,21
Neu-SUd-Wales 245,2696,223,23
(Australien) 486,2694,177,27
zur 682,2699,48,16
Anwendung 740,2693,171,25
gekommen. 925,2692,165,27
<EOS>
Die 1105,2691,48,21
den 203,2732,49,22
Staudamm 268,2731,154,22
horizontal 443,2729,146,23
durchdringende 605,2727,225,27
2750 845,2726,60,22
mm 920,2731,54,16
weite 992,2725,76,22
Ent¬ 1089,2725,63,21
leerungsleitung 202,2765,224,27
verjüngt 441,2764,125,27
sich- 580,2763,66,22
am 653,2767,43,17
Austrittende 711,2761,183,22
auf 905,2761,47,20
2290 961,2759,60,22
mm 1031,2764,54,16
und 1101,2758,52,22
ist 202,2801,37,21
dort 261,2800,61,22
durch 340,2799,83,22
das 445,2799,49,21
zylindrisch 515,2795,160,29
geformte 697,2795,129,28
Regelorgan 852,2795,165,25
gleicher 1039,2792,115,28
Lichtweite 202,2833,154,24
abgeschlossen. 371,2833,209,26
<EOS>
Dieses 605,2831,92,21
ist 713,2830,35,22
an 763,2834,35,17
seiner 818,2830,87,21
Stirnseite 919,2827,138,24
durch 1073,2826,82,22
einen 203,2869,74,21
kegelförmigen, 289,2867,214,27
mittels 514,2865,101,23
einer 625,2864,71,22
Anzahl 706,2863,103,22
starker 819,2863,105,22
radialer 934,2862,112,22
Rippen 1054,2861,100,28
mit 202,2902,50,22
dem 267,2902,58,22
Gehäusezylinder 341,2901,235,25
vergossenen 587,2902,175,23
Rotationskörper 772,2896,235,28
begrenzt, 1021,2895,132,28
<EOS>
<EOP>
dessen 1181,130,94,21
konkav 1289,130,107,21
ausgebildete 1411,129,180,27
Mantelfläche 1605,127,188,22
die 1808,128,42,19
Strömung 1866,126,143,27
allmäh¬ 2024,124,110,23
lich 1181,164,53,21
in 1252,163,29,22
radialer 1300,163,114,22
Richtung 1434,163,133,26
bis 1587,162,41,21
zur 1649,166,49,17
zylindrischen 1717,160,192,27
Austrittfläche 1928,158,207,23
umlenkt, 1181,197,125,26
die 1322,197,41,21
von 1378,202,52,16
der 1446,197,47,21
Erzeugenden 1502,196,186,27
in 1703,196,28,20
einem 1746,195,84,21
Winkel 1843,195,103,20
von 1961,199,52,15
45 2028,194,29,20
° 2064,194,9,13
ge¬ 2089,197,44,22
schnitten 1181,232,132,20
wird. 1328,231,72,21
<EOS>
Zum 1416,232,63,19
Abschliessen 1490,229,185,22
und 1688,229,53,22
Oeffnen 1752,229,114,21
des 1881,229,46,21
Reglers 1936,229,110,24
dient 2062,227,72,21
ein 1183,265,42,21
über 1240,265,63,21
sein 1322,265,56,21
Gehäuse 1394,264,119,22
geschobener, 1532,262,183,28
auf 1732,262,47,22
rostfreien 1798,262,142,22
Gleitflächen 1960,261,174,22
axial 1182,300,71,20
beweglicher 1273,298,172,28
Ringkörper, 1467,298,173,27
dessen 1661,297,93,21
Stirnfläche 1775,295,159,23
sich 1956,295,57,22
in 2032,295,28,21
Ab¬ 2079,294,53,21
schlussteilung 1182,334,203,24
an 1400,338,36,16
den, 1446,333,55,23
am 1513,338,43,15
Ende 1567,332,73,19
des 1656,331,45,20
Rotationskegels 1711,329,229,27
aufgesetzten 1952,329,182,27
Dichtungsring 1183,367,207,26
anlegt. 1399,367,98,26
<EOS>
Der 1506,366,54,21
als 1569,366,41,21
Differentialkolben 1617,363,265,22
mit 1891,363,50,21
dem 1951,364,59,20
Wasser¬ 2016,364,117,20
druck 1183,401,83,21
der 1285,401,47,21
Sperre 1352,400,94,27
arbeitende 1466,400,151,21
Ringschieber 1637,397,188,28
läuft 1842,397,71,21
in 1927,397,29,21
einem 1970,396,84,21
vorn 2068,400,66,17
durch 1183,435,80,21
Deckel 1278,435,98,21
und 1385,434,53,22
Stopfbüchse 1449,433,177,26
abgeschlossenen 1636,432,235,27
Gehäuse, 1881,430,126,26
auf 2018,431,47,20
dem 2075,430,59,21
das 1183,469,47,20
Steuerventil 1246,468,175,21
sitzt; 1436,468,74,23
er 1529,473,27,15
trägt 1573,467,74,26
eine 1662,467,57,20
direkt 1733,465,88,21
auf 1836,465,47,21
das 1897,465,49,20
SteuerventU 1961,463,174,22
einwirkende 1184,502,173,21
Rückführung, 1372,501,200,26
die 1585,500,42,22
den 1642,500,50,22
Schieber 1707,499,123,23
an 1846,503,34,16
einer 1896,498,70,21
Aenderung 1976,498,159,25
der 1184,537,45,20
jeweils 1248,536,99,25
gewollten, 1368,536,146,25
von 1532,540,52,16
der 1605,535,45,20
Bedienungsstelle 1672,533,241,27
aus 1935,537,48,16
über 2002,532,64,20
das 2086,532,48,20
SteuerventU 1184,570,173,22
mittels 1378,570,99,21
Handrad 1492,569,125,21
und 1637,568,54,21
Spindel 1713,566,105,28
einregulierten 1839,566,202,27
Oeff- 2062,566,72,21
nungslage 1183,605,146,25
hindert. 1345,604,110,21
<EOS>
Durch 1471,604,89,20
die 1575,603,41,20
vollkommene 1626,602,189,21
Ausbalancierung 1826,599,247,27
und 2081,599,53,21
gute 1184,638,64,27
Führung 1262,638,127,25
des 1404,638,45,20
Ringkörpers 1464,637,179,26
ist 1658,636,37,21
Klemmen 1709,636,138,20
und 1860,634,55,21
Vibration 1925,633,138,22
ver¬ 2077,638,57,16
mieden; 1184,672,114,25
es 1313,676,29,17
tritt 1357,671,60,22
auch 1433,671,66,21
keine 1516,671,76,20
nachteilige 1606,669,158,26
Wirkung 1774,669,128,26
auf 1913,668,47,21
die 1974,667,43,21
Funda¬ 2032,666,102,22
mente 1184,705,88,21
durch 1288,705,81,21
das 1388,705,48,21
ausströmende 1451,703,197,23
Wasser 1664,704,106,20
ein, 1788,703,49,24
da 1858,702,35,21
dessen 1908,703,93,20
gesamte 2016,699,119,28
Energie 1184,739,114,26
durch 1313,737,82,22
die 1410,738,42,21
Zerstreuung 1466,738,177,25
in 1656,737,29,21
der 1698,737,47,21
Luft 1759,737,65,21
vernichtet 1837,735,148,22
wird. 1998,735,74,21
<EOS>
Bei 2088,734,47,20
höchstem 1184,773,137,21
Wasserstand 1328,770,186,24
in 1528,771,27,21
der 1565,771,47,21
Sperre, 1622,770,101,28
entsprechend 1734,770,190,27
50,5 1933,770,53,24
m 1996,775,27,14
Druck, 2038,767,96,25
können 1184,807,105,21
85 1305,807,29,21
m3/s, 1346,806,67,30
bei 1424,805,42,22
niedrigstem 1476,804,170,27
Stand 1658,804,82,22
und 1749,804,53,21
19,3 1813,804,51,24
m 1875,809,27,15
Druck 1912,803,90,22
52,5 2011,803,52,24
ms/s 2073,803,61,28
abgelassen 1186,832,156,38
werden 1356,840,104,20
(«The 1478,839,80,25
Engineer» 1575,838,145,26
vom 1735,843,61,15
26. 1810,837,37,22
<EOS>
Januar 1858,837,99,21
1940). 1973,836,83,25
<EOS>
<EOP>
Kalkulationswesen 1247,878,273,20
im 1541,876,37,21
Baugewerbe. 1599,875,184,27
<EOS>
In 1807,875,32,21
der 1858,874,48,22
vom 1923,880,62,16
Betriebs¬ 2006,874,128,20
wissenschaftlichen 1186,912,270,21
Institut 1464,910,111,22
an 1582,915,35,16
der 1625,909,45,21
E. 1678,910,30,20
<EOS>
T. 1714,910,27,20
<EOS>
H. 1747,908,32,22
<EOS>
Zürich 1790,908,94,22
herausgegebenen 1891,908,245,26
Zeitschrift 1186,946,151,22
«Industrielle 1356,944,179,22
Organisation» 1556,943,202,27
(Dezemberheft 1777,942,214,26
3/4 2005,941,40,30
1939) 2060,940,73,25
wird 1186,980,65,22
der 1267,980,45,21
Meinung 1328,980,124,25
Ausdruck 1471,979,139,20
gegeben, 1629,978,125,25
dass 1775,977,63,20
«die 1859,976,56,21
meisten 1935,975,111,22
Bau¬ 2068,975,68,20
firmen 1187,1015,96,20
wohl 1292,1014,69,21
eine 1376,1013,57,21
Ahnung 1444,1013,115,26
davon 1569,1013,85,20
haben, 1669,1012,93,23
dass 1774,1011,62,20
eine 1847,1009,56,21
genaue 1913,1014,101,22
Berech¬ 2025,1008,111,22
nungsmethode 1187,1047,207,27
notwendig 1416,1046,150,27
ist, 1589,1046,43,23
dass 1657,1046,62,20
dann 1744,1045,70,20
aber 1838,1045,62,20
mangels 1925,1043,117,25
einer 2065,1042,72,21
solchen 1187,1082,106,21
im 1308,1082,37,20
allgemeinen 1361,1081,171,27
doch 1546,1080,65,21
sehr 1627,1080,60,21
empirisch 1703,1079,140,25
vorgegangen 1853,1082,187,22
wird». 2049,1076,87,21
<EOS>
Da 1189,1118,40,19
die 1245,1116,40,20
ganze 1300,1121,84,21
Kalkulation 1400,1114,171,22
auf 1591,1113,47,22
Unkosten, 1657,1113,145,24
Material 1817,1111,122,22
und 1959,1112,53,20
Löhnen 2030,1111,108,20
beruht 1187,1151,95,20
und 1295,1150,54,21
die 1364,1148,41,22
erstgenannten 1422,1148,204,27
verhältnismässig 1641,1146,245,26
leicht 1906,1146,79,21
bestimm¬ 2005,1144,133,22
bar 1188,1185,47,21
sind, 1251,1183,65,26
wird 1336,1184,66,21
in 1425,1183,27,21
der 1468,1183,45,20
fraglichen 1531,1181,146,27
Abhandlung 1696,1180,176,26
der 1885,1180,45,21
Schwerpunkt 1948,1177,192,28
auf 1189,1218,48,22
die 1251,1216,42,23
Löhne 1306,1218,90,21
verlegt. 1410,1216,111,27
<EOS>
Es 1545,1217,37,20
wird 1596,1215,66,21
als 1681,1215,41,21
beste 1736,1215,74,20
Lösung 1828,1214,107,26
das 1956,1213,47,21
«System 2018,1212,120,27
des 1188,1253,46,20
Stundenbudgets» 1258,1251,244,27
empfohlen, 1527,1250,156,26
in 1709,1249,28,21
das 1762,1249,48,20
alle 1836,1248,51,20
auszuführenden 1913,1246,227,22
Arbeiten 1190,1285,124,22
mit 1334,1285,49,21
genauem 1402,1289,129,22
Schichtenaufwand 1552,1283,265,23
enthalten 1838,1281,135,22
sind. 1991,1280,67,21
<EOS>
Das 2083,1280,55,20
System 1190,1320,104,26
ermöglicht 1309,1319,157,26
neben 1480,1318,84,21
sicherer 1573,1317,115,22
Offertberechnung 1699,1315,259,27
auch 1968,1314,68,21
rasche 2046,1312,93,22
Kontrollen 1190,1355,153,20
bzw. 1363,1354,63,20
<EOS>
Zwischenkalkulationen 1442,1350,333,23
über 1796,1350,64,20
effektive 1881,1349,128,21
Ausfüh¬ 2023,1346,117,23
rungskosten 1188,1388,178,26
und 1381,1388,53,20
Voranschlag 1448,1386,179,25
während 1643,1384,123,21
dem 1782,1384,59,21
Bau 1857,1384,56,20
und 1928,1383,53,21
nach 1996,1382,68,21
Vol- 2078,1381,60,20
lendung. 1190,1422,119,26
<EOS>
Grundlage 1336,1422,151,25
für 1507,1420,45,21
das 1572,1420,49,21
System 1637,1419,105,26
ist 1762,1418,35,20
und 1817,1417,52,21
bleiben 1885,1416,102,22
aber, 2005,1416,70,24
wie 2090,1415,49,21
übrigens 1189,1455,125,27
für 1333,1455,45,21
jede 1399,1455,59,26
Preisanalyse, 1480,1453,191,25
gründliche 1695,1451,153,27
Fachkenntnis 1869,1449,199,23
und 2086,1449,54,21
Bauerfahrung, 1190,1489,209,26
die 1417,1488,43,21
beim 1479,1488,70,21
Tiefbau 1568,1486,111,22
mehr 1698,1485,76,21
als 1793,1486,41,19
beim 1853,1484,70,21
Hochbau 1941,1484,127,21
von 2088,1487,52,17
einer 1190,1524,71,20
Menge 1275,1524,94,25
örtlicher 1384,1521,126,22
Begleitumstände 1525,1520,242,27
abhängig 1782,1519,134,26
sind. 1931,1518,67,21
<EOS>
Die 2013,1517,48,21
rich¬ 2073,1516,67,22
tige 1189,1557,56,27
Erfassung 1260,1557,148,25
aller 1423,1556,65,20
dieser, 1504,1555,91,25
den 1610,1554,51,21
Preis 1676,1553,73,21
beeinflussenden 1764,1552,227,22
Faktoren 2006,1551,134,21
ist 1190,1591,37,21
eine 1241,1590,57,21
«Wissenschaft», 1314,1588,227,26
die 1557,1588,42,22
der 1613,1588,46,21
tüchtige 1668,1586,119,27
und 1802,1587,52,20
erfolgreiche 1869,1585,173,27
Fach¬ 2056,1583,84,22
mann 1190,1630,81,16
schon 1285,1625,82,20
immer 1383,1623,92,21
praktiziert 1489,1622,158,27
hat. 1661,1621,54,22
<EOS>
<EOP>
Ein 1251,1662,49,21
Bewässerungs-Pumpwerk 1311,1659,374,27
mit 1697,1659,49,20
beträchtlicher 1757,1658,204,21
Förderhöhe 1972,1654,168,23
und 1190,1697,54,20
demnach 1258,1696,130,21
ungewöhnlich 1401,1693,200,28
hohem 1615,1692,94,22
Energiebedarf 1724,1691,208,28
1st 1952,1690,36,21
im 2007,1690,38,21
west¬ 2062,1689,78,21
lichen 1190,1731,87,21
Montana 1298,1730,129,21
(U.S.A.) 1452,1727,132,26
<EOS>
in 1609,1727,28,21
der 1659,1726,46,22
Nähe 1725,1726,76,22
von 1822,1731,52,16
Poison 1897,1725,95,21
errichtet 2014,1723,127,22
worden. 1190,1764,112,22
<EOS>
Das 1333,1764,55,20
Wasser 1397,1764,106,20
wird 1517,1762,66,21
dem 1599,1762,59,20
Flathead 1667,1760,128,21
River 1811,1759,80,22
entnommen 1906,1759,167,21
und 2087,1757,53,20
in 1191,1798,27,21
einen 1234,1798,75,21
91,5 1324,1797,53,26
m 1392,1803,27,15
höher 1434,1797,82,21
gelegenen, 1538,1796,151,27
offenen 1705,1794,107,21
2,5 1831,1793,38,26
km 1884,1793,46,21
langen 1945,1793,96,26
Kanal 2056,1791,86,21
gehoben, 1193,1831,123,27
durch 1331,1831,83,22
den 1434,1831,51,20
es 1505,1834,28,17
dem 1549,1830,59,21
Sammelbecken 1623,1828,216,23
zufliesst. 1853,1826,128,22
<EOS>
Zur 2011,1826,52,21
För¬ 2078,1825,64,21
derung 1191,1867,101,26
dienen 1306,1865,95,21
drei 1416,1864,55,22
gleiche 1487,1863,100,27
einstufige 1606,1862,142,27
vertikalaxige 1763,1861,193,26
Hochdruck¬ 1971,1858,169,22
pumpen 1190,1905,114,22
für 1318,1899,44,21
eine 1378,1899,57,21
Fördermenge 1450,1897,193,27
von 1659,1902,51,16
je 1725,1897,26,25
1,89 1763,1896,51,23
m3/s 1830,1896,61,28
bei 1906,1895,42,20
102 1958,1893,45,22
m 2014,1899,26,15
mano¬ 2051,1897,89,16
metrischer 1191,1933,155,23
Förderhöhe 1356,1932,166,21
und 1536,1931,54,21
900 1605,1930,44,22
U/min, 1660,1930,98,31
die 1774,1930,40,21
durch 1830,1929,82,22
Synchronmoto¬ 1922,1925,219,30
ren 1192,1974,47,15
von 1254,1974,52,15
je 1320,1968,27,26
3000 1361,1967,61,21
PS 1438,1967,40,21
mit 1494,1966,49,21
10 1558,1965,30,21
kW-Erreger 1599,1965,177,25
zum 1790,1968,60,17
Anlassen 1864,1963,132,21
angetrie¬ 2011,1959,131,28
ben 1191,2002,50,21
werden. 1256,2002,111,21
<EOS>
Unter 1393,2001,84,21
Annahme 1488,2000,138,20
der 1642,1999,45,19
vollen 1703,1996,85,22
Ausnutzung 1798,1996,176,26
der 1990,1996,45,20
Motor¬ 2043,1995,97,20
leistung 1192,2035,114,27
ergibt 1327,2034,86,28
sich 1436,2034,57,21
für 1516,2033,44,21
die 1581,2032,40,21
genannten 1642,2030,150,28
Daten 1806,2030,86,21
ein 1908,2029,42,22
Pumpenwir¬ 1965,2027,177,28
kungsgrad 1192,2069,156,27
von 1362,2073,52,16
86 1428,2068,30,21
"/„. 1464,2068,36,29
<EOS>
Jede 1526,2067,64,21
Pumpe 1604,2067,99,24
hat 1720,2064,48,21
eine 1781,2064,59,21
eigene 1850,2062,91,28
Druckleitung 1952,2062,190,25
von 1192,2108,52,17
1220 1259,2102,60,21
mm 1334,2107,55,16
1. 1405,2102,16,21
<EOS>
W. 1432,2101,38,21
<EOS>
und 1485,2101,54,20
192 1554,2100,45,21
m 1610,2104,27,15
Länge, 1646,2099,96,25
die 1759,2098,42,20
sich 1815,2097,58,21
am 1888,2102,44,16
Druckstutzen 1946,2095,197,22
bis 1193,2137,40,21
auf 1249,2137,46,20
760 1311,2136,44,21
mm 1371,2141,53,15
verjüngt. 1439,2134,132,27
<EOS>
Die 1602,2132,48,22
Laufräder 1665,2131,147,22
bestehen 1826,2131,126,21
aus 1972,2134,48,17
Bronze 2041,2130,101,20
und 1193,2171,52,21
sind 1266,2170,57,21
durch 1339,2169,83,21
auswechselbare 1437,2167,224,22
Spaltringe 1677,2166,151,27
abgedichtet. 1844,2164,172,27
<EOS>
Seinen 2049,2163,94,21
Antriebstrom 1194,2203,194,23
erhält 1411,2201,85,22
das 1518,2202,47,21
Pumpwerk 1582,2200,157,28
von 1754,2205,51,16
der 1820,2199,46,21
4,8 1880,2199,38,24
km 1934,2199,45,20
entfernten 1995,2197,149,22
Zentrale 1194,2238,119,22
Montana 1328,2237,127,21
mit 1476,2234,48,22
einer 1547,2235,72,21
Spannung 1643,2234,143,27
von 1800,2238,52,17
34500 1867,2232,79,22
V, 1962,2232,29,24
transfor¬ 2011,2231,130,22
miert 1194,2271,79,22
auf 1288,2272,46,20
2400 1345,2271,60,20
V 1412,2271,23,20
an 1454,2275,34,16
den 1499,2269,49,21
Maschinen 1558,2268,155,21
(«Power», 1739,2267,141,25
Januarheft 1891,2265,160,23
1940). 2060,2264,82,25
<EOS>
<EOP>
Dampfkonsum 1255,2313,211,25
der 1496,2311,47,21
eingehäusigen 1581,2311,204,25
80000 1818,2307,81,23
kW 1920,2307,51,22
Oerlikon- 2008,2307,135,20
Dampfturbine 1195,2347,201,25
in 1411,2346,28,20
Helsingfors. 1455,2345,175,26
<EOS>
Diese 1656,2344,76,21
in 1753,2344,28,21
Bd. 1796,2343,46,21
<EOS>
111, 1858,2343,51,24
Seite 1931,2341,71,22
316* 2022,2341,59,20
be¬ 2100,2340,43,21
schriebene, 1194,2381,156,24
grösste 1374,2379,104,26
eingehäusige 1499,2377,185,28
Dampfturbine 1706,2376,201,29
mit 1928,2376,49,21
einfachem 1996,2374,148,23
Dampfweg, 1194,2415,162,26
die 1372,2414,41,20
je 1433,2413,26,26
aus 1475,2417,47,17
der 1538,2412,45,21
Schweizer 1600,2411,145,23
Industrie 1764,2410,132,22
hervorgegangen 1911,2410,234,26
ist, 1195,2449,43,26
wurde 1253,2449,89,21
im 1357,2448,37,21
März 1408,2447,75,21
1939 1499,2447,59,21
dem 1574,2447,58,19
Betrieb 1649,2445,104,22
übergeben. 1768,2443,154,28
<EOS>
Die 1940,2443,48,22
offiziellen 2003,2443,143,23
Abnahmeversuche 1194,2482,265,22
ergaben 1466,2481,116,25
erfreuliche 1590,2479,157,22
Ergebnisse 1754,2479,158,27
; 1918,2483,6,20
im 1935,2478,36,21
günstigsten 1980,2476,166,28
Betriebsbereich 1195,2515,221,23
von 1431,2520,52,17
15 1497,2515,28,20
000 1532,2515,44,20
: 1599,2523,2,14
24 1623,2514,29,20
000 1659,2515,43,19
kW 1714,2514,49,20
Leistung 1780,2513,126,26
fallen 1917,2512,82,21
Garantie¬ 2009,2509,136,23
werte 1195,2551,82,21
und 1295,2550,54,21
gemessene 1368,2553,153,22
Dampfverbräuche 1542,2547,261,27
zusammen 1822,2551,153,17
(4,05 1999,2544,65,26
-t- 2069,2552,31,15
4,1 2107,2543,39,25
kg/kWh), 1195,2584,139,31
während 1350,2583,124,21
sowohl 1488,2582,101,22
mit 1603,2582,51,22
steigender, 1667,2581,155,28
als 1838,2581,41,22
auch 1898,2580,69,22
mit 1987,2579,49,21
abneh¬ 2050,2577,95,22
mender 1195,2619,107,21
Belastung 1322,2617,145,26
die 1488,2615,40,22
effektive 1549,2615,128,22
Verbrauchskurve 1692,2615,249,22
immer 1960,2614,93,20
mehr 2072,2609,73,23
unter 1195,2653,78,22
der 1298,2652,45,21
Garantiekurve 1366,2650,209,22
bleibt. 1597,2650,88,22
<EOS>
Durchschnittlich 1711,2647,241,23
beträgt 1976,2645,107,26
die 2106,2643,40,22
Besserstellung 1197,2686,209,26
des 1431,2685,45,21
gemessenen 1499,2690,171,20
Dampfkonsumes 1692,2683,238,28
1,7% 1956,2681,71,27
gegen¬ 2051,2683,95,22
über 1195,2720,65,22
den 1282,2720,50,22
vertraglich 1347,2719,162,27
festgelegten 1524,2718,178,27
Werten 1719,2717,106,22
(«Bulletin 1845,2714,141,27
Oerlikon», 2002,2714,144,22
Nr. 1197,2755,45,20
<EOS>
213/214, 1255,2753,106,30
1939). 1378,2753,83,25
<EOS>
<EOP>
Bau 1256,2791,60,22
eines 1336,2791,72,21
Gross-Dachwehres 1429,2791,269,20
in 1720,2790,27,19
Ostasien. 1766,2787,132,22
<EOS>
In 1921,2786,31,21
den, 1972,2786,57,25
in 2049,2785,28,21
den 2097,2785,50,20
Golf 1198,2826,62,22
von 1273,2830,53,16
Tonking 1339,2824,122,28
mündenden 1475,2824,165,22
Day-Strom 1654,2822,160,28
wurde 1827,2820,90,22
vor 1930,2824,49,17
kurzem 1993,2819,108,22
zu 2114,2823,34,17
Zwecken 1197,2860,125,22
der 1333,2859,46,22
Hochwasserregulierung 1389,2857,344,28
ein 1742,2857,42,20
Dachwehr 1794,2854,145,23
Bauart 1950,2853,100,22
Huber 2059,2852,90,22
& 1200,2896,20,19
Lutz 1237,2894,65,21
eingebaut, 1317,2893,149,27
das 1485,2893,47,20
mit 1549,2891,49,22
9 1612,2891,14,21
m 1637,2896,27,17
Stauhöhe 1676,2890,131,23
und 1825,2888,52,22
256 1895,2887,46,22
m 1950,2892,27,17
Totallänge 1992,2887,156,26
<EOS>
<EOP>
