2229,2995
BAND 97,67,99,25
115 218,63,64,32
NR. 314,69,58,25
<EOS>
12 394,66,41,31
23. 1750,81,53,32
<EOS>
MÄRZ 1821,87,105,25
1940 1945,83,88,31
<EOS>
<EOP>
SCHWEIZERISCHE 176,120,992,147
BÄÜZEITÜM 1226,132,718,136
WOCHENSCHRIFT 109,296,404,33
FÜR 533,300,88,29
ARCHITEKTUR 637,300,337,32
/ 991,302,10,37
INGENIEURWESEN 1019,304,440,32
/ 1477,307,13,35
MASCHINENTECHNIK 1511,306,506,34
<EOS>
<EOP>
REVUE 589,351,202,38
POLYTECHNIQUE 819,352,506,49
SUISSE 1353,356,195,39
ORGAN 417,405,126,26
DES 558,406,65,26
SCHWEIZERISCHEN 638,406,329,28
INGENIEUR- 981,410,209,26
UND 1206,412,76,25
ARCHITEKTEN-VEREINS 1297,412,410,27
UND 333,439,75,24
DER 424,439,70,25
GESELLSCHAFT 510,439,255,27
EHEMAL. 779,442,152,25
<EOS>
STUDIERENDER 947,443,265,27
DER 1226,445,70,25
EIDG. 1311,445,91,27
<EOS>
TECHN. 1417,446,124,26
<EOS>
HOCHSCHULE 1556,448,233,26
GEGRÜNDET 371,479,212,26
1883 592,483,57,24
VON 664,482,80,25
ING. 759,483,70,25
<EOS>
A. 837,483,33,24
<EOS>
WALDNER 878,483,177,27
/ 1070,485,10,31
HERAUSGEGEBEN 1095,485,299,27
VON 1402,487,80,25
ING. 1496,488,70,25
<EOS>
C. 1579,489,27,25
<EOS>
JEGHER 1617,490,134,25
Vereins-Mitglieder, 108,564,243,32
beim 366,565,57,25
Verlag 432,566,86,32
: 524,580,5,11
SAweiz 542,568,94,26
32 646,571,30,23
Fr., 685,570,43,29
<EOS>
Ausland 105,598,103,23
40 224,599,29,23
fr. 260,599,35,24
<EOS>
jänrl.; 306,599,78,31
<EOS>
Nicnt-Mitglieder 397,600,213,32
: 616,613,5,15
Sdrweix 633,603,94,26
40 103,632,31,21
Fr.; 149,630,47,29
<EOS>
Ausland 226,631,105,25
50 350,633,30,24
Fr., 395,632,44,29
<EOS>
poatamtlick 454,635,136,30
abonniert 610,639,116,23
40 102,664,32,23
Fr. 147,663,36,24
<EOS>
zuxüglun 198,665,111,32
Gebünren. 326,665,129,26
<EOS>
/ 480,669,11,29
Einzel-Nr. 509,668,136,25
<EOS>
1 667,671,9,22
Fr. 690,670,35,25
<EOS>
<EOP>
VERLAG 778,572,140,24
C. 939,572,27,26
<EOS>
& 980,574,22,23
W. 1011,574,41,23
<EOS>
JEGHER, 1063,574,139,28
ZURICH 1216,575,128,24
Dianastrasse 825,605,153,26
5 987,608,15,22
/ 1018,607,10,28
PostàeA 1042,607,115,25
VIII 1167,609,62,23
6110 1237,609,61,24
Telepnon: 824,639,126,31
34507 965,641,75,23
¦ 1066,649,13,14
In 1106,642,26,23
Kommission 1147,642,151,24
bei 824,674,35,22
Rasdaer 874,673,94,24
& 979,675,23,22
Cie., 1013,673,56,30
<EOS>
Züridi 1085,675,79,24
o. 1175,686,21,13
<EOS>
Leipzig 1207,676,91,31
<EOS>
<EOP>
Anzeigen 1394,577,117,29
dora 1530,576,65,23
GUGGENBÜHL 1612,576,237,25
& 1860,578,22,21
HUBER, 1893,577,123,28
ZüriA, 1394,609,89,27
HirsAengralen 1494,610,192,30
20, 1697,611,36,27
PostAeA 1744,610,115,24
VHI 1864,610,61,24
26415, 1933,611,82,27
Telephon 1394,642,116,30
27816 1521,643,74,24
/ 1620,644,10,27
Der 1655,644,48,23
Anzeigen-Preis 1718,643,194,30
beträgt 1929,643,85,32
pro 1394,687,42,21
ganze 1456,687,68,20
Seite 1545,676,62,24
240 1627,678,45,23
Fr., 1688,676,42,28
<EOS>
Rabatte 1758,676,96,24
nad» 1880,676,51,24
Tarif 1952,677,64,26
<EOS>
<EOP>
(&. 129,898,132,143
<EOS>
<EOP>
Beratung 381,795,236,39
in 643,798,40,28
allen 709,798,119,30
Beleuchtungsfragen 856,800,528,39
Lieferung 380,840,242,40
zweckmässiger, 646,844,416,38
formschöner 1089,848,336,32
Beleuchtungskörper 1448,850,533,39
aamc^m, 234,986,367,73
& 1080,1003,35,42
CO. 1135,1002,84,44
<EOS>
Â. 1240,1004,53,42
<EOS>
G., 1306,1003,68,49
<EOS>
Sihlstr. 1396,1024,108,23
<EOS>
37, 1516,1024,40,27
ZÜNCh 1577,1007,160,42
1, 1756,1008,33,48
Tel. 1813,1027,56,24
<EOS>
337 1880,1027,56,23
33 1946,1027,33,25
<EOS>
<EOP>
VENTILATOR 139,1169,725,135
A.G. 921,1179,224,130
<EOS>
STAEFA 1206,1181,457,132
SCHWEIZ 1722,1254,230,63
<EOS>
<EOP>
a 248,1395,37,35
VAG 278,1496,113,55
GEGRÜNDET 224,1618,158,30
1890 397,1624,53,24
TELEPHON 209,1659,146,26
93 371,1661,25,25
0136 406,1662,59,24
<EOS>
<EOP>
Wir 687,1334,61,29
bauen 769,1336,94,29
als 885,1339,44,27
Spezialität: 950,1339,187,35
<EOS>
<EOP>
LUFTUNGSANLAGEN, 782,1405,557,48
geräuschlos 1371,1412,234,43
laufend 1632,1413,137,35
LUFTKONDITIONIERUNGEN 781,1465,715,41
LUFTFILTERANLAGEN 781,1526,578,39
LUFTHEIZAPPARATE 781,1586,546,40
LUFTTECHNISCHE 780,1646,487,40
ANLAGEN 1293,1653,246,35
für 1558,1655,52,33
Luftschutzräume 1627,1656,320,35
Telephon 683,1713,131,29
93 832,1716,36,23
01 877,1717,31,22
36 923,1717,36,24
<EOS>
<EOP>
Schalungslose 770,1858,442,43
Steghohlkörper- 1252,1865,497,39
Decke 1762,1869,182,30
O 769,1905,22,22
Patent. 804,1905,85,19
<EOS>
D. 936,1908,25,18
<EOS>
R. 972,1908,23,17
<EOS>
P. 1007,1908,21,17
<EOS>
Weitare^ausiändische 1064,1908,272,24
Patente. 1351,1911,99,19
<EOS>
Auskünfte 1499,1912,125,21
und 1638,1913,43,18
Preisofferten 1697,1913,157,20
durch 1869,1913,69,20
Betonbalkenfabrik 771,1941,722,38
Oberrieden 1526,1950,415,32
Karl 769,1982,71,27
Ottikar, 862,1985,131,32
Zürich 1017,1986,111,27
- 1161,2002,7,5
Bureau 1201,1990,103,24
Hofwiesenstrasse 1329,1991,259,25
44 1605,1993,30,24
- 1666,2006,8,4
Telephon 1706,1993,136,29
61260 1858,1995,87,22
Fabrikationsstelle 769,2024,261,28
Luzern: 1057,2030,92,23
J. 1173,2030,24,25
<EOS>
Kuhn, 1221,2031,83,28
Obergrundstr. 1329,2032,205,30
<EOS>
74. 1555,2035,37,22
<EOS>
Lizenznehmer: 1626,2035,216,24
Ölten: 1869,2035,74,23
Ad. 767,2055,47,24
<EOS>
Schenker, 834,2057,146,29
Kunststeingeschäft. 998,2059,290,31
<EOS>
Bellinzona: 1306,2062,134,25
M. 1460,2063,31,24
<EOS>
Cattori, 1510,2063,105,30
Baumaterialien. 1634,2065,226,25
<EOS>
Bern: 1877,2065,66,24
<EOS>
<EOP>
Lauper 1168,2092,103,29
& 1286,2095,20,22
Cie., 1323,2092,65,30
<EOS>
Pieterlen. 1406,2094,141,24
<EOS>
Ständig 766,2117,112,31
ausgestellt 907,2121,160,29
in 1093,2123,23,23
der 1145,2123,46,25
Schweiz. 1212,2124,128,25
<EOS>
Bau-Zentrale, 1369,2126,197,29
Talstrasse 1593,2127,153,25
9, 1763,2129,21,27
Zürich 1811,2128,91,24
1. 1922,2129,19,22
<EOS>
<EOP>
li 545,2352,80,49
<EOS>
<EOP>
m 763,2426,73,46
<EOS>
<EOP>
» 814,2620,48,40
<EOS>
<EOP>
Der 927,2260,86,60
Anspruchvollste 1021,2261,397,74
findet 1435,2265,149,60
sich 1601,2267,92,60
befriedigt 1713,2267,250,74
<EOS>
<EOP>
durch 1107,2374,88,19
die 1211,2375,46,18
hervorragende 1273,2377,231,22
Ausführung 1517,2377,190,23
der 1720,2378,50,19
RACO-von 1785,2379,175,19
ROLL. 1108,2405,87,18
<EOS>
- 1205,2415,7,3
Betonmischer. 1224,2405,231,20
<EOS>
Diese 1472,2407,88,18
Maschinen 1575,2408,174,19
sind 1766,2410,65,17
auf 1846,2410,51,18
vie¬ 1907,2410,54,18
len 1107,2434,44,18
hundert 1173,2435,122,19
Bauplätzen 1313,2437,177,22
anzutreffen, 1509,2438,189,20
wo 1715,2443,45,15
solche 1778,2439,106,20
ihre 1903,2440,58,19
betriebssichere 1107,2465,248,19
und 1370,2467,57,18
überlegene 1444,2467,175,23
Arbeitsweise 1632,2469,209,19
taglich 1855,2471,103,22
bestätigen. 1106,2495,173,22
<EOS>
— 1293,2507,22,3
Nicht 1337,2497,83,18
nur 1441,2501,53,14
ins 1514,2499,46,17
Auge 1582,2499,82,22
gefällig, 1686,2499,121,23
sondern 1830,2501,129,19
auch 1102,2526,77,17
stark 1195,2526,78,18
und 1288,2528,57,17
lebensfähig. 1358,2527,193,23
<EOS>
Mit 1567,2529,47,18
patentiertert\Wasser- 1623,2531,334,22
rnesser 1104,2559,117,16
Rondez 1232,2557,120,18
unerreicht 1367,2558,162,18
in 1543,2559,26,17
Einfachheit 1582,2559,182,20
u. 1778,2565,24,13
<EOS>
Betriebs¬ 1817,2561,141,19
sicherheit. 1103,2586,166,18
<EOS>
ROBERT 919,2660,227,75
AEBI 1182,2664,130,72
& 1346,2665,46,72
CIE. 1424,2666,110,72
<EOS>
A.G. 1576,2667,122,74
<EOS>
ZURICH 1741,2669,215,74
Ingenieurbureau-Maschinenfabrik 919,2753,514,37
Telephon 1713,2761,136,37
317 1864,2762,54,29
50 1927,2763,30,29
<EOS>
<EOP>
Zweigniederlassung 1202,2807,280,30
In 1500,2810,22,22
Zollikofen/Bern 1539,2809,223,28
<EOS>
<EOP>
