2229,2995
23. 80,36,37,21
<EOS>
März 140,37,72,21
1940 235,38,60,21
SCHWEIZERISCHE 781,44,299,25
BAUZEITUNG 1097,47,220,24
Anzeigenseite 1790,56,196,26
3 2009,59,13,21
<EOS>
<EOP>
Die 352,143,107,44
Seite 492,143,173,46
der 701,147,108,44
Bauhandwerker 125,227,1861,142
Superhermit-Fenster 175,431,304,27
und 500,435,52,21
Türen 567,435,86,21
in 674,437,26,21
Holz 715,438,66,21
und 802,439,52,20
Metall. 870,439,100,22
<EOS>
— 986,451,30,4
<EOS>
<EOP>
Superhermit-Fenster 113,469,299,26
verhindern 422,472,156,22
bekanntlich 590,474,169,23
jedes 772,477,72,24
Eindringen 857,478,159,27
von 113,512,50,16
Kälte, 174,507,83,26
Zugluft, 268,509,115,26
Regen, 395,510,95,26
Staub 503,511,81,22
und 594,513,51,20
wirken 654,514,98,21
ausserdem 764,516,150,21
schall¬ 924,516,91,22
dämpfend. 112,545,148,26
<EOS>
Ihre 276,545,59,22
Verwendung 351,547,181,28
erhöht 548,550,92,22
nicht 656,551,72,22
nur 744,557,49,17
die 809,553,41,20
Raumtem¬ 865,554,149,21
peratur, 112,583,112,26
sondern 240,583,113,22
sie 373,585,38,20
ermöglicht 428,586,155,27
auch 599,589,67,21
eine 682,590,55,20
Brennstoffeinspa¬ 759,591,255,28
rung 111,626,68,21
bis 194,621,39,22
35 249,621,30,21
°/0. 285,622,36,30
<EOS>
Es 338,622,35,21
ist 389,623,36,21
daher 440,624,81,21
begreiflich, 536,626,162,27
dass 710,628,60,21
diese 787,629,70,20
Konstruk¬ 869,630,145,21
tionen 110,659,88,21
nicht 209,660,73,20
nur 292,665,48,16
für 349,660,44,21
Privat-, 400,661,107,27
sondern 521,664,109,21
in 641,665,26,20
steigendem 678,665,163,28
Masse 849,668,87,21
auch 948,669,67,21
<EOS>
<EOP>
für 1077,440,43,21
Staats- 1128,441,101,21
und 1239,443,51,20
andere 1300,444,95,20
Grossbauten 1405,444,178,23
vorgeschrieben 1591,447,217,26
werden. 1816,449,110,21
<EOS>
Die 1935,450,48,20
Superhermit-Ausstellung 1079,478,360,30
an 1461,488,34,14
der 1515,483,44,22
LA 1575,483,44,21
zeigte 1635,484,84,27
neben 1742,486,81,21
Eisenkon¬ 1839,487,143,21
struktionen 1078,517,165,22
(Universität 1268,519,176,23
Basel, 1464,521,83,25
Bäckereineubau 1564,522,230,22
des 1816,524,45,21
S. 1878,525,24,20
<EOS>
K. 1914,526,30,20
<EOS>
Z. 1957,527,24,19
<EOS>
Zürich, 1077,555,99,26
Fabrikneubau 1193,556,202,22
Landis 1411,558,95,21
& 1523,559,21,21
Gyr, 1561,560,61,25
Zug); 1638,560,78,27
Holzkonstruktio¬ 1737,561,243,23
nen, 1075,598,58,19
wie 1149,594,49,21
sie 1214,594,38,22
für 1274,594,43,21
Hunderte 1339,595,133,22
von 1493,602,50,15
Neubauten 1565,598,155,21
Verwendung 1735,599,182,28
ge¬ 1937,607,43,20
funden 1077,631,97,21
haben 1206,632,83,22
(Privatbauten, 1322,633,207,27
Verwaltungsgebäude, 1551,635,312,28
Apart¬ 1885,639,95,27
menthäuser, 1077,670,174,25
Spitäler, 1270,671,118,26
Schulhäuser 1407,671,174,23
etc.). 1597,674,70,25
<EOS>
<EOP>
8Éahlschraiibeii 890,787,573,50
„Karro66 1496,792,323,57
LIGEBSORTEH 984,848,335,23
Karro 837,877,74,24
5 927,880,14,21
L, 953,878,21,29
blank 995,879,75,24
Karro 1216,881,76,23
8 1307,882,15,22
Q, 1332,881,26,28
schwarz 1376,881,112,25
Bis 1643,885,41,23
120 1701,886,44,22
kg/mm4 1757,885,105,29
55 830,908,29,22
bis 875,908,38,22
65 929,909,29,21
kg/mm2 970,908,104,29
80 1229,912,30,23
bis 1277,910,38,24
90 1330,912,30,23
kg/mma 1372,911,105,29
Festigkeit 1690,914,133,29
|M5bis16S.f., 765,931,202,38
<EOS>
V*" 980,939,43,28
bis 1035,939,38,24
7s" 1085,938,43,30
M5bis16S.I. 1253,941,202,24
<EOS>
auf 1646,944,53,23
Anfrage 1720,945,143,30
<EOS>
<EOP>
Zu 864,973,29,19
beziehen 908,974,108,20
durch 1030,975,68,20
grössere 1113,976,107,21
Eisenhandlungen 1233,976,212,25
oder 1460,979,54,18
direkt 1527,979,70,19
ab 1610,980,27,19
unserem 1651,985,105,15
Lager 1770,981,72,23
Zurich 776,1008,136,29
1 934,1012,11,25
Limmatquai 1058,1013,256,33
30 1340,1018,46,27
Telephon 1505,1018,203,34
272 1823,1023,76,26
60 1912,1024,45,27
Hawa 95,1093,281,89
A.G.Zürich 417,1097,591,93
<EOS>
Erstes 91,1213,88,26
Schweiz. 198,1215,128,25
<EOS>
Spezialgeschäft 345,1217,233,30
Patentschiebebeschläge 598,1221,362,32
für 977,1225,39,23
Fenster 92,1259,109,25
und 218,1262,51,23
Türen. 287,1262,93,24
<EOS>
- 407,1276,11,5
Bureau, 448,1264,109,29
Ausstellungsraum 578,1265,264,31
und 863,1269,51,24
Lager 933,1270,82,30
Zürich, 91,1320,146,39
Forchstrasse 271,1322,281,34
106 575,1326,66,32
Tel. 780,1328,72,32
<EOS>
44315 875,1329,140,32
<EOS>
<EOP>
T 1932,1095,53,71
Schweizerische 1063,1174,291,44
Landesausstellung 1383,1176,354,54
1939 1759,1179,82,43
Zürich 1870,1179,119,43
Einziger 1064,1234,141,30
offizieller 1223,1235,173,25
Aussteller 1414,1236,183,26
in 1615,1239,22,23
der 1662,1239,46,23
Baugewerbehalle: 1721,1240,266,27
Schiebebeschläge 1064,1268,274,31
HAWA. 1356,1270,109,25
<EOS>
Pat. 1483,1271,54,24
<EOS>
Vertikalschiebefenster, 1554,1272,338,29
Hori- 1917,1274,72,24
zontal-Faltschiebetür, 1062,1302,320,30
Zimmerschiebetür. 1399,1304,275,26
<EOS>
Erhältlich 1692,1306,137,25
durch 1848,1308,80,24
die 1946,1309,43,23
HAWA 1065,1339,103,24
A. 1184,1340,30,24
<EOS>
G. 1226,1339,29,26
<EOS>
100% 1394,1343,81,29
Schweizererfindung 1487,1342,288,31
und 1791,1345,51,24
-Produkt. 1854,1345,133,25
<EOS>
GEBR.BERNHÄUSER 102,1405,580,67
<EOS>
ZURICH 100,1481,130,35
10, 247,1484,49,39
HDHGG 322,1483,122,37
<EOS>
<EOP>
Offerten 100,1676,117,26
unverbindlich 237,1680,218,23
<EOS>
<EOP>
limmattalstr. 462,1529,170,26
<EOS>
150 643,1534,41,22
ielephon 461,1560,112,29
6 595,1565,14,21
70 619,1564,28,21
62 655,1565,29,21
SANITÄRE 460,1608,188,32
INSTALLATIONEN 665,1615,333,28
<EOS>
<EOP>
ZENTRALHEIZUNGEN 576,1648,422,30
<EOS>
<EOP>
REPARATUREN 705,1684,293,27
<EOS>
<EOP>
Zimmerarbeiten 1155,1418,814,80
@ 1087,1631,73,78
<EOS>
<EOP>
Treppen 1351,1516,172,30
- 1538,1530,11,5
und 1583,1519,74,24
Geländerbau 1696,1518,271,27
HOlZ-scnwamm-Sanieruri9en 1268,1561,700,49
M. 1206,1637,57,36
<EOS>
VOELKLE'S 1281,1637,254,39
ERBEN, 1558,1638,170,47
ZÜRICH 1749,1640,171,39
7 1941,1642,27,36
Hegibachstrasse 1203,1690,300,31
74 1516,1691,40,26
• 1603,1692,23,23
Telephon 1672,1692,158,32
2 1842,1694,20,25
48 1871,1694,43,26
68 1925,1695,42,25
<EOS>
<EOP>
abbifyUn 324,1883,242,62
i 372,1961,4,7
Zugluft, 384,1957,55,16
Kall« 447,1957,35,13
und 491,1959,26,13
Rtge 525,1959,35,15
SUPERHERMIT 252,2017,314,45
<EOS>
<EOP>
18Staatsbauten 606,1803,213,24
sind 826,1804,56,25
allein 890,1805,73,23
in 603,1835,22,22
Zürich 637,1833,88,25
mit 738,1836,41,22
SUPERHER¬ 789,1835,175,23
MIT- 605,1863,59,24
Fenstern 675,1864,119,24
versehen. 808,1866,136,24
<EOS>
SUPERHERMIT 602,1909,362,37
spart 601,1955,72,28
auch 694,1957,67,22
Ihnen 788,1956,77,24
Heiz¬ 894,1957,68,23
material 603,1985,111,24
und 743,1988,49,22
verhindert 817,1987,145,24
[ugluft. 610,2014,98,29
<EOS>
SUPERHERMIT 255,2076,194,20
A. 461,2079,25,17
<EOS>
G., 496,2081,31,20
<EOS>
Zürich, 541,2082,91,19
LSwenstr. 649,2084,129,21
<EOS>
2, 787,2090,23,17
Tel. 824,2089,46,18
<EOS>
3 880,2092,15,16
42 903,2091,33,16
04 944,2092,33,17
<EOS>
<EOP>
ASBEST 1113,1836,294,58
und 1496,1859,62,23
TALKUM 1648,1841,301,56
In 1111,1945,32,21
allen 1168,1945,111,24
Sorten, 1305,1945,174,29
preiswert 1510,1948,227,26
ab 1768,1949,43,23
Lager 1842,1949,109,29
F. 1111,2018,31,33
<EOS>
WECKER-FREY 1161,2018,360,36
& 1538,2021,27,33
CO. 1592,2020,89,36
<EOS>
ZÜRICH 1710,2021,192,36
2 1924,2024,24,33
<EOS>
<EOP>
1500 141,2252,189,71
m' 367,2293,46,26
<EOS>
<EOP>
LINOLEUM 415,2344,496,77
geliefert 412,2458,137,37
und 566,2460,58,29
verlegt 642,2462,112,37
im 771,2464,36,29
Neubau 827,2464,128,30
des 410,2518,56,30
bürgerlichen 488,2519,207,37
Waisenhauses 713,2522,244,32
in 412,2580,25,28
Bern 457,2579,75,30
durch 550,2580,91,29
das 660,2582,55,30
Fachgeschäft 734,2583,224,37
vm 260,2711,87,32
RS" 406,2714,75,30
m. 502,2715,43,30
<EOS>
<EOP>
Tel. 297,2786,56,28
<EOS>
3.61.16 369,2789,102,26
<EOS>
>ûâée9 837,2777,112,31
<EOS>
<EOP>
m 1203,2195,60,35
»»'! 1159,2200,36,13
<EOS>
IIHIj 1164,2226,26,14
<EOS>
<EOP>
m 1089,2287,33,21
« 1089,2294,74,39
<EOS>
<EOP>
• 1151,2431,1,2
llllllìll 1247,2432,44,23
<EOS>
<EOP>
H. 1395,2175,80,86
<EOS>
HEER 1516,2176,199,87
& 1753,2180,50,83
CO. 1842,2176,132,89
<EOS>
<EOP>
ÖLTEN 1803,2280,173,64
Wj$ 1308,2342,67,52
SPEZIALITÄT: 1394,2353,402,27
Gelochte 1393,2389,178,50
u. 1582,2404,34,35
<EOS>
gepresste 1627,2394,201,58
Bleche 1839,2394,137,48
in 1394,2451,28,18
sämtlichen 1437,2451,191,20
Metallsorten 1646,2454,215,19
<EOS>
<EOP>
iss-fhiÂâ- 1175,2540,517,124
wrttöch'U. 1249,2685,328,56
<EOS>
Tiefbau 1592,2691,239,55
Flachdacher 1072,2746,166,18
begehbar, 1251,2747,132,20
Bodenbeläge, 1396,2747,175,22
Kegelbahnen 1586,2747,167,22
etc. 1767,2748,46,17
<EOS>
<EOP>
erstellen 1157,2768,101,18
mit 1273,2769,35,17
aller 1322,2769,50,18
Garantie, 1385,2769,108,21
kunstgerecht 1508,2769,156,22
und 1677,2770,42,19
zweckentsprechend 1734,2769,237,22
A. 1071,2790,58,29
<EOS>
SCHMID'S 1151,2791,300,30
ERBEN, 1484,2791,224,37
ZURICH 1744,2792,225,31
Asphaltgeschäft 1070,2829,215,21
Weststr. 1299,2830,110,18
<EOS>
125 1418,2830,43,17
Gegr. 1538,2831,71,21
<EOS>
1865 1617,2831,60,18
Telephon 1753,2831,119,21
3 1880,2831,16,17
21 1905,2831,25,18
08 1939,2831,33,17
<EOS>
<EOP>
