2254,2981
134 224,45,45,21
SCHWEIZERISCHE 924,51,298,22
BAUZEITUNG 1240,52,218,22
Bd. 1919,54,44,22
<EOS>
115 1989,54,44,21
Nr. 2061,56,46,21
<EOS>
12 2130,56,29,20
verbreitetem 224,106,183,21
Schulunterricht. 419,108,231,21
<EOS>
Den 673,108,58,21
Grad 741,108,70,22
der 224,140,44,19
Kultur 296,140,96,21
aus 420,146,48,16
dem 500,142,57,20
Rückgang 588,142,147,26
des 765,142,45,21
Analphabetentums 223,174,271,26
abzulesen, 520,176,145,24
ist 696,175,36,21
eine 754,175,57,22
Naivität 225,207,120,21
aus 366,213,47,16
einer 434,208,71,21
überwundenen 525,209,207,21
Zeit. 748,210,62,21
<EOS>
Ein 223,240,50,22
gewisses 288,241,123,26
Quantum 423,243,132,25
von 570,249,51,15
Schulwissen 638,243,172,22
verbürgt 223,274,126,27
keineswegs 379,276,165,26
den 573,278,49,20
Besitz 646,278,88,20
von 759,283,51,16
Kultur. 224,308,101,21
<EOS>
Richtet 349,309,107,22
man 473,315,61,16
den 550,311,50,20
Blick 616,311,75,20
auf 708,312,46,20
die 770,312,40,22
allgemeine 223,342,153,26
geistige 402,344,111,27
Einstellung 533,345,167,26
dieser 726,345,85,22
Zeit, 223,375,61,25
dann 301,376,69,22
kann 385,378,72,21
es 472,384,28,15
kaum 516,378,81,21
übertriebener 617,378,193,22
Pessimismus 223,410,182,22
genannt 416,412,116,26
werden, 542,413,109,23
wenn 662,417,76,16
man 748,418,62,16
glaubt, 222,444,99,25
in 345,445,27,21
Ausdrücken 387,445,173,22
wie 575,446,48,21
den 643,446,50,21
folgen¬ 709,446,100,26
den 223,478,48,20
zeugen 287,483,101,22
zu 404,484,32,16
müssen. 451,480,114,21
<EOS>
Wahn 267,512,84,21
und 389,513,52,20
Fehlbegriff 478,514,165,26
schiessen 677,514,133,22
überall 222,545,100,21
ins 332,546,41,21
Kraut. 384,548,91,20
<EOS>
Mehr 501,548,76,20
als 591,549,39,20
je 646,548,25,25
scheinen 687,548,122,22
die 223,579,40,20
Menschen 288,580,142,22
Sklaven 458,582,114,21
eines 603,582,71,20
Wortes, 699,582,110,25
einer 223,613,71,21
Parole, 314,614,100,26
um 445,621,45,15
einander 521,616,123,21
damit 671,616,83,21
zu 776,621,33,16
töten: 222,647,85,21
Schlagwörter 339,648,194,28
im 558,650,36,21
buchstäblich¬ 616,649,193,22
tödlichsten 222,681,155,23
Sinn. 394,683,70,21
<EOS>
Die 489,683,49,21
Welt 552,684,69,20
ist 643,683,36,21
geladen 699,684,110,26
mit 223,715,47,21
Hass 290,715,71,22
und 371,717,53,20
Missverständnis. 439,716,238,22
<EOS>
Es 701,717,36,20
gibt 753,717,56,26
keine 222,748,75,22
Skala, 313,749,88,26
an 418,756,34,15
der 462,751,46,20
man 518,757,62,14
messen 590,756,103,16
könnte, 703,751,105,25
wie 222,782,48,21
gross 285,788,77,21
der 378,785,44,20
Prozentsatz 438,786,170,21
der 624,785,45,21
Verrück¬ 679,785,129,21
ten 222,816,45,21
ist, 282,817,41,25
und 340,819,52,20
ob 408,819,31,20
er 451,824,28,16
grösser 489,820,106,26
ist 605,820,37,20
als 655,819,40,20
früher 705,819,92,22
; 803,825,5,19
aber 222,851,62,20
die 299,851,41,20
Verrücktheit 352,853,184,22
ist 551,853,36,22
mächtiger 602,853,146,26
ge¬ 763,859,44,21
worden 221,886,106,19
zu 351,892,33,15
schaden, 410,886,121,26
und 560,887,53,21
sitzt 639,886,63,21
höher 726,886,81,22
auf 221,919,48,20
dem 284,919,58,20
Thron. 357,920,93,21
<EOS>
Für 482,921,53,20
den 549,921,49,20
verwaschenen 607,920,200,22
Halbgebildeten 221,953,216,26
beginnen 459,954,129,27
die 610,955,40,20
heilsamen 671,954,143,22
Hemmungen 834,957,183,25
der 1036,956,47,20
Ehr¬ 1104,955,64,20
furcht 220,986,90,22
vor 324,992,48,16
Tradition, 386,988,141,25
Form 544,989,79,20
und 643,989,52,19
Kultur 711,989,96,21
immer 825,990,93,20
mehr 937,990,74,20
zu 1026,994,32,16
fehlen. 1074,989,94,20
<EOS>
Das 220,1021,54,20
Aergste 298,1021,112,27
ist 430,1023,36,20
die 486,1023,41,20
überall 546,1023,101,21
wahrnehmbare 666,1023,215,22
«indifférence 903,1024,184,21
à 1108,1023,17,20
la 1143,1023,25,20
vérité», 220,1054,104,25
die 341,1055,41,21
in 396,1057,27,19
der 439,1057,45,20
öffentlichen 506,1057,171,21
Anpreisung 693,1057,166,27
des 879,1057,46,22
politischen 945,1057,157,27
Be¬ 1120,1057,48,20
trugs 220,1088,76,26
ihren 312,1089,75,21
Gipfel 403,1091,86,26
erreicht. 508,1091,119,21
<EOS>
<EOP>
Barbarisierung 280,1130,220,28
tritt 514,1132,61,21
ein, 589,1133,49,24
wenn 649,1136,76,16
in 739,1132,27,20
einer 782,1133,71,21
alten 867,1133,70,21
Kultur, 948,1133,103,24
die 1062,1132,40,20
sich 1113,1132,55,20
einst 221,1163,69,21
im 305,1164,35,20
Lauf 355,1166,69,20
von 439,1171,51,15
vielen 500,1166,83,20
Jahrhunderten 599,1165,210,23
zu 820,1172,32,15
Klarheit 864,1167,121,20
und 994,1167,53,20
Sauber¬ 1057,1166,111,20
keit 221,1197,56,21
von 291,1203,51,15
Denken 360,1199,107,20
und 488,1200,52,20
Begriff 560,1199,105,27
erhoben 685,1200,113,21
hat, 818,1201,53,24
das 892,1201,48,20
Magische 960,1200,135,27
und 1116,1200,52,20
Phantastische 221,1231,202,22
in 446,1233,27,20
einem 494,1234,84,20
Qualm 599,1233,93,26
von 712,1239,51,15
heissen 786,1234,104,21
Trieben 910,1234,109,21
aufsteigt 1040,1233,128,26
und 220,1265,53,20
den 289,1265,49,20
Begriff 354,1267,104,25
verdunkelt. 472,1267,161,21
<EOS>
Wenn 657,1267,82,21
der 754,1267,46,21
Mythos 820,1267,105,27
den 947,1268,49,21
Logos 1011,1268,85,26
ver¬ 1111,1272,57,16
drängt 221,1298,97,27
<EOS>
<EOP>
Immer 280,1340,98,22
wieder 387,1341,96,21
zeigt 493,1342,71,26
es 574,1347,28,15
sich, 612,1341,63,25
wie 686,1341,49,21
vollkommen 745,1343,175,20
die 931,1343,40,20
neue 981,1348,66,15
Lebens¬ 1057,1342,111,20
lehre 220,1373,71,21
vom 306,1379,60,16
heroischen 382,1376,153,20
Machtwillen 550,1375,178,22
mit 743,1376,49,21
ihrer 806,1377,70,20
Verherrlichung 890,1377,217,25
des 1124,1376,44,20
Seins 221,1408,74,21
über 318,1408,64,22
dem 397,1410,59,20
Erkennen 476,1410,139,20
gerade 630,1410,96,27
diejenigen 747,1410,146,27
Tendenzen 908,1411,151,20
reprä¬ 1080,1409,88,27
sentiert, 220,1442,117,24
die 354,1444,41,20
für 410,1444,45,21
den 475,1444,49,21
Bekenner 543,1444,136,21
des 694,1444,45,20
Geistes 755,1444,101,22
den 878,1444,48,22
Gang 941,1444,76,27
zur 1037,1449,47,16
Bar¬ 1104,1444,64,20
barei 220,1476,73,21
bedeuten. 307,1477,134,22
<EOS>
Denn 457,1478,75,21
gerade 542,1478,96,27
diese 654,1477,69,21
Lebensphilosophie 738,1477,261,28
erhebt 1014,1477,92,22
den 1119,1477,49,21
Mythos 220,1510,108,26
über 343,1510,64,22
den 422,1512,50,20
Logos. 487,1512,93,26
<EOS>
Für 596,1511,53,21
sie 665,1511,38,21
kann 719,1511,71,21
das 805,1512,48,20
Wort 863,1512,74,21
Barbarei 952,1511,127,21
keine 1093,1511,75,21
Geringschätzung 222,1543,243,29
enthalten. 480,1545,142,21
<EOS>
Der 648,1545,53,20
Ausdruck 716,1545,137,21
selbst 875,1546,81,20
verliert 970,1545,107,22
seine 1097,1545,71,20
Bedeutung. 221,1578,160,27
<EOS>
Die 396,1580,49,20
neuen 460,1584,83,16
Herrscher 559,1579,144,21
wollen 718,1579,92,21
nichts 826,1580,85,21
anderes. 927,1581,115,19
<EOS>
<EOP>
Die 280,1619,49,21
grossen 347,1625,110,22
Götter 473,1621,93,21
der 585,1621,46,21
Zeit: 645,1620,68,21
Mechanisierung 734,1621,230,27
und 984,1621,52,21
Organi¬ 1057,1621,111,25
sation 220,1653,87,21
haben 323,1654,84,22
Leben 422,1655,86,21
und 523,1655,53,21
Tod 587,1654,53,21
gebracht. 657,1654,132,26
<EOS>
Sie 806,1655,42,21
haben 859,1655,83,21
die 957,1655,40,21
ganze 1008,1659,83,22
Welt 1101,1654,67,21
solidarisch 220,1687,155,22
gemacht, 389,1689,131,26
überall 531,1689,100,20
Kontakt 641,1688,119,21
gelegt, 775,1689,95,26
überall 881,1689,99,21
die 991,1689,41,21
Möglich¬ 1042,1688,125,27
keit 220,1720,56,22
des 295,1721,45,21
Zusammenwirkens, 359,1723,276,25
der 657,1722,46,20
Konzentration 722,1722,207,22
von 948,1728,52,16
Kraft, 1021,1722,86,25
des 1123,1722,45,20
gegenseitigen 221,1755,196,28
Verstehens 433,1757,158,21
geschaffen. 607,1756,162,27
<EOS>
Zugleich 789,1757,121,26
brachten 925,1757,127,21
sie 1067,1756,37,20
mit 1120,1756,48,20
sich: 220,1788,67,21
Fesselung, 304,1790,150,27
Stockung, 471,1791,142,25
Erstarrung 630,1790,162,27
des 808,1791,45,20
Geistes 864,1791,102,21
in 982,1791,26,20
den 1019,1791,49,20
Werk¬ 1078,1790,90,20
zeugen, 219,1827,106,22
die 342,1824,41,21
sie 398,1825,37,20
schenkten. 451,1825,150,21
<EOS>
Sie 629,1824,42,22
wiesen 687,1824,94,21
den 801,1825,50,20
Menschen 868,1825,141,21
vom 1024,1829,61,17
Indi¬ 1099,1824,69,20
vidualismus 219,1856,172,23
zum 414,1864,59,15
Kollektivismus, 496,1858,222,23
und 739,1858,53,21
die 813,1858,41,21
Menschen 876,1858,141,22
erfassten 1037,1858,131,21
dies, 219,1890,62,25
aber 297,1891,64,22
mit 374,1892,49,21
ihrer 439,1892,71,21
irregeleiteten 524,1891,195,28
Einsicht 734,1891,119,22
gelang 869,1893,96,26
es 980,1897,28,16
ihnen 1024,1892,78,21
bis¬ 1117,1891,51,21
her 215,1924,47,21
einzig, 278,1924,90,28
das 386,1926,47,20
Böse 450,1926,66,20
zu 532,1931,32,15
verwirklichen, 580,1925,206,26
das 803,1926,47,21
jeder 865,1926,72,26
Kollektivismus 953,1925,215,22
<EOS>
<EOP>
J& 1319,217,48,29
» 1336,267,41,33
% 1345,284,28,41
*W 1148,333,64,37
m# 1991,341,92,45
<EOS>
<EOP>
mm 1121,526,36,12
<EOS>
<EOP>
m 1367,562,31,26
m. 1419,567,34,24
<EOS>
iraii 1673,568,25,11
nun 1705,568,26,11
<EOS>
<EOP>
*W» 1361,621,34,13
<EOS>
<EOP>
*m 1095,735,47,26
<EOS>
<EOP>
a» 273,2051,31,22
<EOS>
<EOP>
3 1109,2272,46,49
<EOS>
<EOP>
*-T 546,2470,27,10
<EOS>
<EOP>
Iff 666,2526,31,41
<EOS>
<EOP>
¦hi 411,2789,31,19
<EOS>
<EOP>
«W: 461,2819,33,16
Abb. 215,2875,59,19
<EOS>
4. 285,2876,18,17
<EOS>
SUdfront 329,2874,110,20
des 452,2875,41,19
LehrlingsflUgels 505,2874,210,23
(mit 730,2874,51,22
vorspringendem 792,2875,205,22
Lesezimmer) 1009,2875,159,22
<EOS>
<EOP>
Abb. 853,881,58,17
<EOS>
5. 923,881,18,17
<EOS>
Durchblick 965,881,141,18
vom 1118,885,50,13
südöstlichen 1180,881,157,19
Waldrand 1349,882,126,19
gegen 1487,887,75,17
Hauptbau 1574,883,125,23
und 1711,885,48,18
Wohnflügel 1770,885,149,22
der 1930,884,41,18
Zöglinge 1983,885,108,23
<EOS>
<EOP>
in 1212,956,27,20
sich 1255,957,56,20
trägt, 1326,957,79,26
seine 1422,958,70,20
Negation 1503,957,131,27
des 1651,958,44,21
zutiefst 1709,959,107,21
Persönlichen, 1826,958,191,25
die 2033,958,41,22
Skla¬ 2084,959,75,21
verei 1212,991,71,20
des 1301,991,46,20
Geistes, 1363,991,108,24
bevor 1488,991,78,20
sie 1587,991,38,22
das 1646,992,47,21
Gute 1709,993,67,20
daran 1797,993,83,20
noch 1899,992,67,21
recht 1986,992,75,22
wahr¬ 2074,993,86,21
genommen 1212,1029,155,21
oder 1387,1024,61,21
begriffen 1463,1024,131,27
hatten. 1615,1025,99,21
<EOS>
Soll 1741,1026,53,20
die 1815,1026,40,20
Zukunft 1870,1026,117,21
einer 2007,1026,72,21
stets 2091,1027,68,20
weiter 1212,1057,89,22
fortschreitenden 1317,1058,236,22
Mechanisierung 1568,1059,227,26
des 1806,1060,44,20
Zusammenlebens 1862,1060,242,21
ge¬ 2115,1066,43,21
hören, 1212,1091,88,26
nach 1315,1092,68,21
scharf 1399,1092,90,21
bewussten 1504,1092,148,22
Masstäben 1667,1094,152,20
von 1829,1099,51,16
lauter 1896,1094,84,20
Nutzen 1993,1094,103,21
und 2106,1095,53,20
Macht? 1212,1126,106,20
<EOS>
<EOP>
Spendet 1273,1201,112,27
die 1395,1202,40,21
Vergangenheit 1444,1202,210,26
irgend 1664,1203,92,26
einen 1764,1204,75,21
Trost? 1848,1203,93,21
<EOS>
— 1953,1214,31,3
Ueberblickt 1991,1203,169,21
man 1212,1240,62,16
die 1289,1235,40,21
paar 1345,1240,66,22
tausend 1421,1236,111,20
Jahre, 1542,1236,86,26
die 1640,1237,41,21
uns 1696,1243,49,15
zunächst 1758,1238,128,21
liegen, 1901,1237,92,26
und 2009,1238,53,20
unter¬ 2072,1238,87,21
scheiden 1212,1269,121,20
wir 1348,1269,47,20
darin 1411,1270,76,20
die 1507,1269,41,21
historischen 1563,1270,174,22
Einheiten, 1752,1272,143,24
die 1912,1271,41,20
wir 1968,1271,48,20
Kulturen 2031,1271,128,22
nennen, 1211,1308,107,20
dann 1334,1303,70,20
zeigt 1419,1303,70,27
es 1505,1308,28,16
sich, 1549,1304,63,24
dass 1629,1306,60,20
die 1706,1306,41,20
Perioden 1762,1306,126,20
hoher 1905,1305,82,20
Blüte 2002,1305,76,22
stets 2092,1306,67,21
kurz 1212,1337,65,20
gewesen 1292,1342,119,20
sind. 1427,1338,65,20
<EOS>
Der 1507,1338,53,19
typische 1570,1338,119,26
und 1704,1339,53,20
jeweils 1773,1339,98,26
an 1882,1344,34,16
anderm 1927,1339,108,20
Ort 2046,1339,48,22
sich 2103,1339,57,22
wiederholende 1211,1371,205,21
Prozess 1431,1372,111,20
von 1557,1377,51,15
Aufkommen, 1623,1372,184,26
Entfaltung 1823,1372,158,27
und 1996,1372,52,22
Verfall 2060,1372,99,22
läuft 1212,1405,69,20
in 1296,1405,26,20
einigen 1338,1405,104,27
Jahrhunderten 1455,1405,211,22
ab. 1682,1407,40,20
<EOS>
Eine 1741,1407,64,20
Blütezeit 1822,1406,129,21
von 1965,1411,52,16
zweihun¬ 2031,1406,127,22
dert 1212,1438,57,21
Jahren 1284,1438,99,21
scheint, 1398,1438,107,25
sofern 1522,1439,90,21
unsre 1627,1445,78,16
Masstäbe 1720,1441,134,20
der 1871,1441,46,20
Beurteilung 1931,1440,170,27
zu¬ 2115,1446,44,15
länglich 1211,1472,116,26
sind, 1342,1472,64,25
die 1423,1472,41,22
Regel. 1479,1473,87,26
<EOS>
Für 1591,1473,52,21
die 1659,1474,41,20
griechische 1715,1474,161,26
Kultur 1892,1474,97,21
das 2009,1474,48,21
fünfte 2071,1475,88,21
und 1212,1506,51,21
vierte 1278,1506,83,21
Jahrhundert, 1378,1507,182,25
für 1578,1508,43,20
die 1637,1508,40,20
römische 1693,1508,128,20
das 1837,1509,48,20
erste 1900,1508,69,20
vor- 1980,1513,58,16
und 2048,1510,53,19
das 2112,1509,47,20
erste 1212,1540,68,20
nachchristliche 1300,1540,219,22
(hier 1542,1541,68,24
bleibt 1626,1542,79,20
der 1726,1543,44,19
Beurteilung 1786,1543,170,25
ein 1976,1542,42,20
gewisser 2036,1543,123,26
Spielraum), 1212,1574,167,25
für 1396,1575,43,19
die 1455,1575,40,20
westlich-mittelalterliche 1505,1574,352,22
das 1871,1576,47,20
zwölfte 1928,1576,105,20
und 2048,1576,52,20
das 2111,1576,47,21
dreizehnte 1211,1608,148,20
Jahrhundert, 1373,1608,184,24
für 1571,1609,44,20
Renaissance 1631,1610,175,20
und 1821,1610,53,20
Barock 1890,1609,102,21
zusammen 2007,1614,151,17
(eine 1214,1642,70,23
erlaubte, 1299,1642,123,24
ja 1443,1643,29,25
gebotene 1492,1643,126,25
Zusammenfassung) 1633,1643,280,27
das 1935,1643,48,21
sechzehnte 2002,1643,156,22
und 1210,1676,52,20
das 1278,1676,46,20
siebzehnte. 1340,1676,156,22
<EOS>
So 1513,1676,33,20
vag 1562,1681,53,22
und 1625,1677,52,21
sogar 1687,1682,80,21
willkürlich 1777,1677,157,21
solche 1946,1677,88,21
Begren¬ 2046,1678,112,25
zungen 1210,1715,101,21
auch 1328,1709,66,22
bleiben 1410,1710,100,21
müssen, 1521,1709,111,26
die 1649,1711,40,20
spezifischen 1705,1711,173,26
Perioden 1893,1710,125,21
der 2034,1711,45,21
Voll¬ 2089,1712,68,20
wertigkeit 1211,1743,150,27
scheinen 1376,1744,123,20
nicht 1515,1743,73,21
lang. 1603,1744,68,27
<EOS>
Darf 1698,1745,68,20
man 1786,1750,61,16
das 1868,1746,47,19
achtzehnte 1931,1744,155,22
und 2106,1745,52,21
neunzehnte 1210,1777,162,21
Jahrhundert 1389,1778,177,21
zusammen 1584,1782,152,17
als 1757,1779,39,21
Zeitalter 1814,1779,125,21
der 1959,1779,46,20
modernen 2019,1780,141,19
Kultur 1211,1811,95,20
gelten 1328,1811,89,27
lassen? 1439,1812,105,20
<EOS>
Dann 1580,1813,75,20
stünden 1678,1813,112,21
wir 1812,1813,48,20
also 1883,1813,56,20
am 1963,1817,43,16
Ende 2020,1813,74,21
der 2114,1813,46,20
Kultur, 1211,1845,101,24
die 1339,1845,41,20
wir 1405,1846,48,20
kennen. 1478,1846,110,20
<EOS>
Vielleicht 1623,1847,137,21
auch 1791,1847,67,21
am 1888,1852,44,16
Beginn 1957,1846,100,26
einer 2089,1847,70,21
neuen, 1211,1884,89,20
die 1312,1879,41,21
wir 1369,1880,47,20
nicht 1432,1880,73,21
kennen. 1520,1880,109,21
<EOS>
Vielleicht 1656,1880,138,22
einer, 1809,1880,77,26
deren 1903,1880,78,21
Entfaltung 2001,1880,158,27
noch 1211,1913,67,21
weit 1293,1913,62,22
weg 1370,1919,57,21
liegt. 1444,1913,70,27
<EOS>
Von 1545,1913,57,22
Kulturen 1617,1913,131,22
gilt 1763,1915,50,26
kein 1828,1915,60,20
«Le 1904,1914,51,21
roi 1970,1914,39,21
est 2026,1914,41,21
mort, 2081,1914,77,25
vive 1206,1946,60,22
le 1282,1947,24,21
roi». 1317,1947,61,22
<EOS>
<EOP>
Das 1267,1982,54,20
Gefühl, 1338,1981,101,26
einem 1456,1982,85,20
Endpunkt 1557,1981,143,27
nahe 1715,1983,67,20
zu 1798,1987,32,15
kommen, 1847,1983,127,23
ist 1991,1981,36,21
uns 2042,1986,50,17
ver¬ 2101,1987,57,16
traut 1206,2015,74,21
genug 1295,2020,87,21
geworden. 1399,2015,143,26
<EOS>
Wir 1559,2015,55,20
sagten 1629,2017,94,24
es 1739,2021,28,15
schon 1782,2016,81,20
: 1870,2021,5,15
eine 1897,2016,57,20
stets 1974,2015,67,20
weiter¬ 2057,2016,100,20
gehende 1207,2049,115,26
Entfaltung 1339,2050,159,25
dieser 1513,2049,85,20
Kultur 1607,2050,96,21
kann 1718,2050,71,20
man 1805,2055,61,15
sich 1876,2049,57,21
nicht 1943,2049,73,20
nur 2026,2054,49,15
nicht 2085,2050,72,19
vorstellen, 1206,2084,149,24
man 1372,2089,61,15
kann 1449,2084,71,20
auch 1537,2083,67,20
kaum 1620,2084,79,20
denken, 1716,2084,106,23
dass 1839,2084,61,20
eine 1919,2082,56,21
solche 1991,2083,87,20
Ent¬ 2094,2083,62,21
faltung 1207,2118,105,26
Glück 1328,2118,83,21
oder 1427,2118,62,20
Verbesserung 1504,2117,195,27
enthalten 1715,2118,134,20
würde. 1864,2116,94,22
<EOS>
<EOP>
Aber 1267,2159,70,20
das 1353,2160,47,20
sind 1415,2159,58,21
eitle 1489,2158,60,20
Spekulationen 1566,2158,203,26
mit 1789,2158,48,20
unzureichenden 1857,2157,224,22
Mit¬ 2096,2158,61,22
teln, 1206,2193,61,24
zu 1284,2198,33,15
denen 1333,2193,82,21
uns 1430,2198,49,15
der 1495,2192,45,20
Blick 1555,2191,75,21
auf 1647,2193,45,19
die 1709,2192,39,20
Historie 1764,2192,116,20
verführte. 1897,2192,143,21
<EOS>
Allem, 2064,2192,92,25
was 1206,2232,55,16
Untergang 1277,2227,156,26
zu 1449,2232,32,15
prophezeien 1496,2226,173,26
scheint, 1687,2226,110,24
stellt 1813,2226,73,21
die 1904,2225,42,21
gegenwärtige 1962,2226,195,27
Menschheit, 1206,2261,171,24
von 1388,2266,51,15
wenigen 1449,2259,118,27
Fatalisten 1578,2259,147,22
abgesehen, 1735,2260,155,26
diesmal 1902,2259,110,21
einmütig, 2022,2259,134,28
die 1207,2294,40,21
energische 1259,2294,151,27
Erklärung 1421,2293,150,26
entgegen 1582,2294,129,26
: 1718,2299,5,15
wir 1739,2294,47,20
wollen 1797,2294,92,20
nicht 1900,2293,72,21
untergehen. 1988,2293,168,27
<EOS>
Diese 1207,2328,77,21
Welt 1299,2328,68,22
ist 1383,2328,35,22
mit 1433,2327,50,22
all 1498,2327,34,20
ihrem 1549,2327,83,21
Elend 1652,2327,82,21
zu 1749,2333,32,15
schön, 1801,2327,87,25
um 1904,2332,45,15
sie 1964,2327,38,20
versinken 2018,2327,139,22
zu 1206,2367,32,16
lassen 1254,2362,87,21
in 1356,2362,27,21
einer 1400,2362,70,21
Nacht 1481,2361,87,21
der 1584,2361,45,21
menschlichen 1639,2361,193,21
Entartung 1846,2361,151,27
und 2007,2361,52,22
Blind¬ 2069,2361,87,22
heit 1207,2396,53,20
des 1276,2397,46,20
Geistes. 1338,2396,109,21
<EOS>
Wir 1474,2394,54,21
rechnen 1544,2394,113,22
nicht 1677,2394,73,22
mehr 1770,2395,74,21
mit 1864,2395,49,21
einem 1933,2394,85,22
baldigen 2035,2394,122,28
Ende 1207,2430,71,20
aller 1295,2430,65,20
Zeit. 1374,2429,62,21
<EOS>
Dieses 1460,2428,91,21
Erbgut 1568,2428,102,27
der 1686,2428,44,21
Jahrhunderte, 1746,2429,200,25
das 1963,2429,46,21
westliche 2024,2429,133,22
Kultur 1207,2464,95,20
heisst, 1317,2464,89,24
ist 1422,2463,36,21
uns 1472,2467,49,16
anvertraut, 1537,2462,161,26
damit 1709,2463,84,21
wir 1808,2463,47,21
es 1872,2469,26,15
aus 1910,2468,47,16
unsern 1968,2468,97,17
sterb¬ 2075,2464,82,21
lichen 1207,2498,85,21
Händen 1306,2498,110,20
den 1433,2497,49,21
kommenden 1502,2496,172,21
Geschlechtern 1690,2497,201,22
überliefern, 1913,2497,164,25
auf¬ 2100,2498,56,21
bewahrt, 1207,2532,124,24
behütet, 1348,2531,113,24
wenn 1477,2535,76,15
es 1574,2535,27,15
sein 1617,2531,56,21
kann 1695,2531,71,21
vermehrt 1781,2532,133,21
und 1935,2532,52,20
verbessert, 2002,2532,154,23
wenn 1206,2570,75,16
es 1298,2570,27,16
sein 1341,2565,56,21
muss 1418,2569,72,17
geschmälert, 1511,2564,182,26
aber 1711,2565,62,21
um 1788,2570,45,17
jeden 1854,2566,75,26
Preis 1951,2565,73,21
so 2044,2570,29,17
rein, 2093,2565,63,24
als 1207,2600,39,20
unser 1262,2604,78,16
bestes 1350,2598,88,22
Können 1448,2598,109,23
es 1573,2603,27,16
vermag. 1611,2604,115,22
<EOS>
Das 1743,2600,54,20
Vertrauen 1808,2600,147,21
in 1969,2598,27,22
die 2007,2598,39,22
Arbeit, 2057,2598,99,25
den 1207,2633,49,21
Glauben 1272,2633,116,21
an 1404,2637,34,16
die 1454,2632,41,21
Möglichkeit 1505,2632,172,27
der 1692,2634,46,20
Rettung, 1753,2634,125,26
den 1895,2633,48,21
Mut, 1958,2632,66,25
diese 2040,2631,71,22
zu 2124,2637,32,16
fördern, 1207,2667,112,25
kann 1336,2667,71,20
uns 1422,2671,50,16
niemand 1489,2665,122,22
nehmen. 1632,2667,118,21
<EOS>
Wir 1776,2668,55,20
fragen 1852,2668,94,25
nicht, 1961,2665,79,25
wer 2055,2671,53,15
es 2129,2671,27,15
sein 1207,2701,55,20
werde, 1278,2701,92,24
der 1386,2700,46,21
die 1447,2700,41,21
Früchte 1505,2700,113,21
unsrer 1633,2706,94,16
Arbeit 1737,2701,93,21
pflücken 1844,2700,124,27
wird. 1983,2699,72,23
<EOS>
König 2071,2700,87,26
Necho 1207,2735,88,21
von 1311,2739,51,17
Aegypten, 1378,2735,144,26
so 1539,2739,30,16
erzählt 1590,2735,102,22
Herodot, 1713,2736,123,23
versuchte 1852,2733,138,23
die 2011,2733,40,22
Land¬ 2073,2734,84,21
enge 1207,2773,66,22
zwischen 1295,2768,130,21
Nil 1448,2768,44,21
und 1512,2769,53,20
Rotem 1587,2769,93,21
Meer 1700,2769,73,22
durchbrechen 1797,2768,191,21
zu 2010,2773,30,14
lassen. 2062,2768,94,22
<EOS>
Man 1207,2802,62,21
berichtete 1284,2802,144,22
ihm, 1449,2802,61,25
dass 1527,2802,61,21
schon 1610,2803,80,21
120000 1711,2802,95,22
Menschen 1820,2801,142,23
dabei 1978,2802,75,22
umge¬ 2068,2808,89,21
kommen 1207,2836,123,21
seien, 1346,2836,78,25
und 1440,2835,53,23
dass 1510,2836,60,21
das 1587,2837,46,21
Werk 1648,2837,79,21
nicht 1743,2836,73,22
vorangehe. 1830,2835,157,27
<EOS>
Der 2003,2835,54,23
König, 2071,2836,89,28
frug 1209,2869,63,27
ein 1287,2870,41,21
Orakel 1345,2870,97,21
um 1462,2875,43,16
Rat, 1522,2870,58,25
und 1597,2871,51,20
das 1670,2871,46,20
Orakel 1735,2870,96,21
sprach: 1847,2869,106,27
Du 1974,2870,41,20
arbeitest 2032,2870,125,21
<EOS>
<EOP>
