2254,2981
126 225,77,44,23
SCHWEIZERISCHE 929,80,298,23
BAUZËITUNG 1245,82,219,22
Bd. 1934,83,46,22
<EOS>
115 1996,82,46,23
Nr. 2068,84,45,21
<EOS>
11 2127,83,30,21
<EOS>
<EOP>
Vergleicht 268,140,150,26
man 448,146,62,15
die 539,141,40,21
Bilder 610,141,88,21
von 224,178,51,16
1912 290,174,60,21
und 365,174,53,21
1934 434,174,60,21
(Abbp^Ëm^ 512,160,200,50
14), 224,207,52,25
so 302,213,30,16
sieht 355,207,69,22
man, 449,213,68,20
dass 544,209,61,20
auch 632,208,67,21
hier 224,240,57,22
der 301,241,46,21
Gletschervorstoss 367,242,254,21
eine 642,243,57,21
geschlossene 224,275,182,26
Decke 421,276,88,20
von 531,281,52,16
hellem 604,277,95,20
Eis 224,308,46,21
geschaffen 295,310,156,25
hat, 481,310,54,25
die 566,311,41,20
weit 637,310,62,22
über 224,341,63,22
die 302,343,42,21
Zungenspitze 359,344,190,26
von 572,350,51,15
1910 638,344,61,22
und 223,377,52,20
über 291,377,64,21
das 369,378,48,20
trockene 427,378,122,21
Moränen¬ 560,378,138,22
feld 223,410,54,21
übergeschoben 292,410,209,27
wurde. 514,412,95,21
<EOS>
Ver¬ 634,412,64,21
gleicht 224,443,98,26
man 345,450,63,16
diese 430,445,71,22
Bilder 519,446,87,21
noch 631,446,68,21
mit 223,478,50,21
jenen 295,478,78,26
des 393,480,46,20
Juncalgletschers 459,480,239,26
von 224,516,50,17
1910 295,512,59,22
(Abb. 378,514,78,24
<EOS>
11 473,514,29,20
und 518,515,53,19
12), 588,515,52,25
^K|ij 649,505,62,41
ist 223,544,35,22
die 279,546,40,21
fast 340,547,56,21
vollkommene 416,548,190,21
Ana¬ 627,549,71,20
logie 223,578,68,28
beider 305,581,88,21
Eisbewegungen 403,582,224,27
sehr 638,582,60,22
auffallend. 224,615,150,20
<EOS>
Beim 416,616,73,21
Nevadoglet- 523,616,174,27
schervorstoss 224,648,192,22
ist 439,649,34,22
erst 494,650,55,21
recht 567,650,75,21
die 656,649,42,22
Herleitung 223,681,155,29
der 394,683,45,21
gesamten 455,684,136,26
in 606,684,28,21
Be¬ 649,685,48,20
wegung 223,720,111,23
geratenen 369,717,144,26
Eismassen 546,718,152,21
aus 224,754,48,16
Lawinen- 296,750,135,21
oder 457,752,63,20
Firn- 544,752,74,20
und 644,752,53,21
Gletscherabstürzen 223,782,277,24
ausgeschlos¬ 517,787,180,25
sen. 224,821,53,17
<EOS>
<EOP>
Nach 268,859,74,21
dieser 377,860,85,21
Uebereinstim- 494,861,203,21
mung 223,897,81,22
muss 322,899,72,16
man 415,900,63,15
auch 493,895,67,21
die 577,895,40,21
Her¬ 632,896,65,20
kunft 223,926,79,22
der 328,928,45,20
Nevado-Eismas- 398,929,299,21
sen 222,964,57,17
auf 299,962,47,20
ein 367,962,42,20
rasches 428,963,108,21
Abgleiten 555,964,143,26
der 221,994,46,21
hangenden 293,995,157,27
Firn- 472,997,75,21
und 566,997,53,21
Eis¬ 639,997,58,21
schichten 221,1028,135,23
zurückführen 366,1030,195,22
oder 577,1031,62,21
mit 649,1030,49,22
andern 221,1063,99,21
Worten 335,1063,108,22
auf 465,1065,47,20
einen 532,1065,74,21
aus- 627,1071,68,16
sergewöhnlichen 223,1097,307,26
Vorstoss 573,1100,123,22
des 222,1129,46,22
hellen 278,1130,84,21
Eises, 373,1131,81,26
zur 464,1137,47,16
Hauptsache 521,1133,168,27
aus 699,1140,49,16
dem 759,1135,58,20
Nevado-FilUkessel, 828,1125,276,34
und 1115,1135,53,20
dessen 222,1162,92,22
Ueberschiebung 329,1165,230,28
über 581,1168,65,21
das 667,1168,48,21
dunkle 731,1168,96,22
Eis 842,1168,46,22
und 903,1168,54,22
über 971,1168,64,22
das 1050,1168,47,21
Mo¬ 1113,1168,55,21
ränenfeld 220,1196,137,23
im 372,1200,37,20
Plomotal. 424,1200,136,22
<EOS>
<EOP>
Im 281,1232,40,20
inneren 346,1233,138,22
Nevadotale 511,1235,205,22
ist 741,1236,35,21
eine 794,1236,58,20
Neigung 872,1236,124,26
von 1011,1241,52,16
etwas 1085,1236,83,20
über 220,1264,64,22
15 300,1266,29,21
° 338,1267,9,13
(alte 360,1267,67,24
Teilung) 437,1267,119,28
vorhanden, 576,1269,159,26
dort 751,1270,58,20
konnte 825,1270,97,21
sich 937,1270,57,20
Eis 1003,1270,46,20
auf 1065,1270,48,20
Eis 1123,1269,45,21
bewegen. 220,1298,130,29
<EOS>
Da 366,1301,41,21
der 422,1301,46,21
Reibungskoeffizient 478,1302,291,27
Eis 783,1304,46,20
auf 844,1304,48,20
Eis 902,1304,45,20
sehr 963,1304,61,20
klein 1040,1303,71,21
ist, 1126,1303,42,25
würde 220,1332,88,23
diese 322,1334,70,21
Neigung 408,1335,124,27
vollauf 545,1337,101,21
genügen, 660,1337,127,27
um 803,1343,44,15
das 863,1338,48,20
Abgleiten 925,1337,141,27
zu 1081,1342,32,16
er¬ 1129,1341,39,17
möglichen, 220,1367,155,27
selbst 396,1369,82,21
wenn 493,1375,75,16
Moränenlagen 583,1371,205,27
oder 809,1372,62,20
Innenmoränen 886,1371,211,21
ver¬ 1112,1376,56,16
zögernd 220,1400,114,27
gewirkt 349,1403,112,25
haben. 477,1404,90,21
<EOS>
<EOP>
Wir 280,1435,56,21
kennen 345,1436,103,21
die 458,1438,42,20
Lage 510,1438,71,27
des 591,1438,46,22
Zungenendes 647,1438,187,28
im 844,1439,37,21
dunklen 892,1439,116,21
Eise 1017,1438,62,22
nicht, 1089,1438,79,25
da 220,1468,34,22
dieses 274,1469,84,22
Zungenende 378,1471,172,26
noch 571,1472,67,22
unter 658,1472,78,22
der 757,1473,45,21
übergeschobenen 817,1472,246,27
Decke 1080,1472,89,22
hellen 221,1502,85,22
Eises 326,1504,74,21
liegt. 421,1505,71,27
<EOS>
Die 516,1506,49,21
Vermutung 586,1506,164,27
liegt 770,1507,67,26
nahe, 856,1507,74,24
dass 953,1506,61,21
auch 1035,1506,69,21
der 1124,1505,45,22
Nevadogletscher 221,1536,239,28
vor 476,1544,47,16
Auslösung 538,1540,151,26
der 709,1541,45,21
Ueberschiebungen 775,1539,264,27
wie 1058,1540,49,20
die 1128,1539,41,21
übrigen 218,1570,111,27
Gletscher 345,1572,136,21
im 495,1573,37,21
Rückzug 547,1574,128,27
begriffen 697,1575,134,26
war, 848,1579,63,20
das 935,1574,47,20
Zungenende 997,1573,172,27
also 220,1604,56,22
im 291,1605,37,21
innern 343,1605,93,22
Nevadotale 451,1607,163,22
lag. 629,1608,52,27
<EOS>
Der 697,1609,52,21
Vorstoss 765,1608,125,22
erfolgte 906,1608,113,26
somit 1035,1608,79,20
rd. 1129,1608,38,20
<EOS>
2 219,1637,15,22
km 245,1637,45,22
weit 305,1639,62,21
über 381,1640,64,21
die 455,1641,40,20
trockene 505,1642,127,21
Moräne. 641,1643,117,21
<EOS>
Das 774,1643,54,20
mag 844,1647,63,21
unwahrscheinlich 916,1641,253,21
scheinen. 220,1671,129,23
<EOS>
Man 370,1674,63,21
kennt 455,1675,83,22
aber 557,1676,64,21
von 635,1681,51,17
den 707,1677,50,21
Grundlawinen 777,1675,201,22
her 997,1676,48,20
die 1060,1675,41,21
Er¬ 1120,1675,48,21
scheinung, 220,1706,149,28
dass 391,1709,62,20
an 469,1714,35,16
der 519,1709,46,21
Spitze 580,1710,89,27
der 685,1710,46,21
Lawine 746,1710,105,21
stets 872,1709,67,22
sämtliche 959,1709,139,21
Un¬ 1115,1709,53,21
ebenheiten 219,1740,152,23
der 381,1742,46,21
Unterlage 437,1742,146,28
mit 598,1744,49,21
Schnee 657,1744,100,22
ausgefüllt 772,1743,147,27
werden 927,1743,106,21
und 1042,1743,54,21
dass 1107,1742,62,22
darin 219,1774,76,22
und 305,1775,53,21
im 369,1775,38,22
nachfolgenden 421,1776,211,27
Schnee 642,1778,99,22
stets 756,1778,68,21
neue 838,1782,65,16
Scherflächen 915,1777,187,21
und 1116,1777,52,21
Gleitflächen 220,1808,175,22
entstehen. 406,1810,143,21
<EOS>
Aehnliches 566,1811,156,22
ereignete 737,1812,133,26
sich 886,1811,56,21
auch 953,1811,67,20
beim 1030,1811,69,20
aus- 1109,1814,59,18
sergewöhnlichen 220,1843,240,27
Nevadogletschervorstoss. 470,1845,368,27
<EOS>
Die 854,1846,49,20
Hauptmasse 914,1845,178,26
glitt 1107,1844,61,27
mit 220,1876,50,22
Eis 284,1877,46,21
auf 345,1878,49,21
Eis 407,1878,47,21
bis 468,1879,41,20
zum 524,1884,61,15
Rio 599,1879,50,22
Plomo. 664,1879,97,22
<EOS>
<EOP>
Die 281,1911,49,21
beim 352,1911,70,22
Nevadogletscher-Vorstoss 450,1913,493,27
bewegte 971,1913,117,26
Eis¬ 1111,1912,57,22
masse 220,1949,86,17
zeigte 322,1945,84,27
als 422,1946,40,21
Ganzes 471,1946,101,22
typische 588,1947,152,27
Fluidalf 755,1946,149,22
ormen, 910,1951,115,20
nämlich: 1042,1946,126,22
im 219,1978,38,21
Ursprungsgebiet 263,1979,242,27
der 520,1980,46,21
Bewegung 573,1980,148,27
(im 733,1982,48,23
Gebiet 791,1980,90,22
des 889,1980,45,20
Stoff 944,1980,70,21
Verlustes): 1017,1980,149,23
<EOS>
<EOP>
Klaffende 264,2013,142,22
nach 432,2013,68,22
oben 530,2014,66,21
gebogene 626,2015,133,26
Spalten, 781,2014,116,26
senkrecht 265,2047,141,21
zu 437,2053,32,15
den 494,2048,52,21
dort 571,2049,60,21
vorherrschenden 660,2048,241,21
Zugkräften, 264,2080,171,27
Scherflächen 455,2082,187,22
an 662,2086,35,17
den 712,2082,50,21
Rändern 777,2082,123,21
der 265,2115,46,20
Eismasse, 325,2115,142,25
Absackungen; 483,2116,208,26
in 219,2152,28,21
der 263,2152,45,21
Bewegungsbahn: 323,2152,247,27
Scherflächen 594,2154,190,22
an 800,2158,34,17
den 850,2153,50,21
Rändern, 264,2186,131,25
Wülste 417,2187,101,22
und 533,2189,53,20
Absackungen 601,2188,196,26
in 812,2187,27,21
der 854,2188,46,20
Mitte 265,2220,77,21
der 359,2221,44,20
Bahn; 420,2221,85,25
im 218,2254,38,22
Ablagerungsgebiet 271,2255,275,26
: 552,2261,6,16
nach 568,2256,69,22
unten 644,2255,82,22
gekrümmte 734,2256,166,26
Wülste 265,2288,99,22
und 379,2289,53,20
Wellen 448,2289,98,22
in 561,2289,27,22
verschiedenen 604,2289,200,22
Scha¬ 820,2289,79,22
rungen, 264,2327,109,22
entsprechend 397,2322,189,27
den 605,2323,50,21
dort 671,2322,60,22
herrschen¬ 745,2323,154,21
den 266,2356,50,21
Druckkräften. 330,2356,206,22
<EOS>
Alle 280,2390,58,21
diese 368,2390,71,21
Formen 467,2390,114,21
zeigt 610,2390,72,27
der 710,2391,46,20
Nevado- 781,2391,118,21
Vorstoss 219,2424,125,21
mit 359,2424,49,21
grosser 422,2429,106,22
Deutlichkeit4), 543,2423,212,26
aber 773,2425,63,20
wie 851,2425,49,20
Albert 220,2457,92,23
Heim 328,2458,76,21
[1, 422,2459,35,24
4] 472,2458,27,25
längst 519,2458,91,27
gelehrt 624,2457,103,28
hat, 747,2458,54,24
sagen 818,2463,82,21
Fluidalformen 219,2492,209,22
nichts 443,2493,86,21
aus 545,2497,49,16
über 609,2492,63,21
Ursachen 687,2491,138,22
und 848,2492,52,21
Dauer 219,2526,90,22
einer 329,2526,72,22
Bewegung. 421,2526,157,27
<EOS>
Die 610,2526,48,21
selben 678,2526,88,20
Fluidal¬ 785,2526,114,21
formen 218,2560,104,21
sind 343,2560,58,21
vorhanden 424,2560,153,22
in 597,2559,27,22
Gletschern, 639,2559,161,25
Lava¬ 816,2559,83,22
strömen, 218,2594,124,26
Murgängen, 364,2594,173,26
Erdrutschen 558,2592,178,23
und 750,2593,53,22
selbst 819,2593,82,22
bei 218,2629,42,21
Bergstürzen, 283,2628,183,27
also 489,2629,57,20
bei 569,2627,41,22
Bewegrungen 636,2628,183,26
ver¬ 842,2632,57,17
schiedenen 218,2662,155,22
Materiales, 384,2662,160,25
verschiedenen 555,2660,204,23
Ursprun¬ 768,2662,131,27
ges, 218,2702,54,22
und 288,2697,53,22
bei 356,2697,43,21
Bewegungen, 419,2697,190,27
die 625,2696,41,21
Jahre 676,2695,81,22
oder 773,2696,61,21
nur 850,2700,49,17
wenige 219,2731,100,27
Sekunden 336,2731,139,22
gedauert 491,2730,127,28
haben. 633,2729,91,23
<EOS>
<EOP>
King 279,2765,69,26
[8] 363,2765,37,26
hat 421,2764,47,22
als 483,2764,40,22
erster 538,2764,84,22
die 640,2764,41,21
Theorie 696,2764,110,22
einer 828,2764,70,22
raschen 218,2800,111,22
Entstehung 339,2799,166,27
des 516,2800,44,20
Eisdammes 572,2799,162,20
im 750,2798,36,21
Plomo- 798,2798,100,21
<EOS>
<EOP>
^ 1339,313,28,24
<EOS>
<EOP>
%< 1551,329,27,24
<EOS>
<EOP>
ÉAS**ÌIÌÉÌ 1902,793,199,38
«K 949,834,39,16
~WKT 2055,840,69,19
<EOS>
<EOP>
•*t>^Ä 1438,875,58,13
<EOS>
<EOP>
«RS 1508,883,51,17
¦KJÄSai 1303,881,95,22
*"» 1369,899,39,17
=-^---- 1264,948,74,14
ssssg 1002,953,81,24
?N 853,957,24,18
<EOS>
S5fc 1117,966,49,20
»SÛ 743,981,71,20
<EOS>
<EOP>
,ci*ä- 944,1003,53,16
mSrlA 793,1007,56,13
<EOS>
<EOP>
Abb. 741,1071,58,18
<EOS>
11. 811,1070,30,18
<EOS>
Juncal-Gletscher 865,1070,213,18
im 1091,1070,31,18
Januar 1135,1071,86,17
1910 1233,1070,46,19
(vgl. 1292,1071,53,22
<EOS>
die 1360,1071,36,18
identischen 1408,1071,143,18
X'Puhkte 1562,1070,124,23
in 1698,1071,23,18
Abb. 1733,1071,58,19
<EOS>
12) 1799,1072,32,21
Phot. 1980,1071,66,19
<EOS>
Reichert 2054,1071,108,20
<EOS>
<EOP>
tal 1212,1131,39,21
und 1273,1132,54,20
einer 1343,1132,71,20
raschen 1430,1132,111,20
Auffüllung 1560,1132,158,26
des 1735,1133,45,20
Stausees 1796,1132,123,22
aufgestellt 1935,1132,154,27
und 2107,1132,53,20
damit 1214,1165,83,21
eine 1317,1166,57,20
sehr 1394,1166,61,20
wertvolle 1470,1165,134,22
Erkenntnis 1618,1166,161,21
gefördert. 1795,1166,141,26
<EOS>
Daraus, 1967,1167,112,24
dass 2099,1166,62,21
er 1215,1204,28,15
die 1264,1199,42,21
Herkunft 1326,1200,134,20
der 1480,1200,46,20
Eis- 1545,1199,58,22
und 1623,1200,53,20
Firnmassen 1696,1199,171,22
des 1882,1200,46,21
«Dammes» 1943,1201,153,20
aus 2112,1205,49,16
einer 1214,1233,71,20
Lawine 1310,1234,105,20
abgeleitet 1441,1233,141,27
hat, 1606,1234,53,24
möchte 1686,1233,102,22
ich 1815,1234,42,21
kein 1871,1234,62,21
grosses 1948,1238,105,23
Wesen 2068,1234,93,21
machen6). 1214,1267,147,24
<EOS>
<EOP>
Wenn 1273,1309,83,21
wir 1371,1309,48,20
die 1429,1309,42,20
allgemeine 1487,1309,154,26
Abnahme 1652,1310,137,20
der 1799,1310,47,20
Gletscher 1856,1310,135,20
mindestens 2001,1309,160,21
bis 1213,1342,40,21
1934 1263,1342,60,21
als 1334,1344,39,19
normale, 1383,1343,123,24
periodische 1517,1342,163,28
Gletscherschwankung 1691,1343,315,26
auffassen, 2017,1344,143,23
die 1214,1376,41,21
Vorstösse 1265,1377,140,21
des 1420,1377,46,21
Juncal- 1476,1377,105,21
und 1593,1378,51,20
Nevadogletschers 1655,1377,254,27
aber 1924,1378,63,20
als 2002,1377,39,21
ausser¬ 2057,1382,103,16
gewöhnliche, 1214,1410,185,27
so 1410,1416,29,16
haben 1449,1411,85,21
wir 1549,1410,48,22
damit 1607,1411,83,21
eigentlich 1705,1411,141,27
nur 1862,1416,49,16
eine 1921,1411,58,21
Klassierung 1989,1411,172,26
vorgenommen, 1213,1449,210,22
nichts 1438,1444,88,22
aber 1546,1444,64,22
ausgesagt 1625,1445,143,27
über 1789,1444,64,22
das 1874,1445,46,21
innere, 1941,1445,95,25
mecha¬ 2057,1444,103,22
nische 1213,1477,90,22
Wesen 1313,1478,93,21
dieser 1422,1478,83,21
Bewegungen. 1516,1479,188,26
<EOS>
Wir 1720,1478,56,21
erreichen 1791,1478,133,21
auch 1940,1478,67,21
nicht 2022,1478,74,21
viel 2110,1478,52,21
mehr, 1214,1512,80,25
wenn 1309,1517,75,15
wir 1399,1512,48,21
noch 1461,1512,68,21
die 1543,1511,42,22
auslösenden 1600,1512,172,21
Ursachen 1786,1513,138,20
untersuchen. 1939,1513,180,20
<EOS>
<EOP>
Mit 1274,1554,49,21
den 1345,1554,50,20
nach 1421,1554,67,21
Gletscherausbrüchen 1511,1553,300,22
jeweils 1832,1554,99,26
auftauchenden 1950,1554,210,21
Gerüchten, 1214,1587,155,25
nach 1385,1588,68,20
denen 1466,1588,83,20
sich 1564,1587,57,21
im 1636,1588,36,20
Innern 1682,1588,97,20
der 1794,1588,46,20
Gletscher 1851,1588,134,21
verborgene 2000,1588,159,25
Seen 1214,1621,67,21
entleert 1295,1621,112,22
haben 1416,1621,85,22
sollen, 1510,1621,91,25
möchte 1617,1621,104,22
ich 1737,1621,42,21
mich 1789,1621,70,21
nicht 1869,1621,72,22
lange 1952,1621,77,27
beschäf¬ 2039,1621,120,21
tigen. 1213,1655,80,26
<EOS>
Auch 1317,1655,76,21
Klimaschwankungen 1408,1655,302,26
können 1726,1655,104,21
kaum 1845,1655,80,21
für 1941,1655,44,21
die 1999,1654,41,22
außer¬ 2057,1660,102,16
gewöhnlichen 1213,1689,195,26
Eisbewegungen 1428,1689,225,27
verantwortlich 1672,1689,214,21
gemacht 1906,1688,124,27
werden, 2049,1689,110,25
da 1214,1723,34,21
diese 1267,1723,71,21
Vorstösse 1352,1723,137,22
beim 1513,1724,69,19
Juncal- 1603,1724,104,20
und 1728,1724,53,20
erst 1797,1723,56,21
recht 1866,1724,75,20
beim 1956,1723,68,21
Nevado- 2039,1723,120,21
Gletscher 1214,1756,135,22
zu 1363,1762,33,16
gross 1411,1762,77,22
und 1503,1757,52,20
zu 1571,1761,32,16
sehr 1619,1757,61,21
örtlich 1694,1757,95,22
begrenzt 1803,1757,124,26
waren 1936,1761,89,17
in 2040,1757,28,21
ihrem 2076,1757,84,21
Gegensatz 1215,1791,146,26
zum 1383,1796,61,16
Zustand 1466,1791,116,22
aller 1605,1791,65,21
übrigen 1692,1791,110,27
Gletscher. 1825,1791,142,22
<EOS>
Gegen 1999,1791,89,27
eine 2103,1791,57,21
<EOS>
<EOP>
6) 1269,1855,16,22
Entgegen 1300,1854,119,22
dieser 1431,1855,76,19
Auffassung 1514,1854,145,23
hat 1670,1856,40,18
die 1722,1855,37,19
Anden-Kommission 1770,1855,247,19
des 2029,1854,40,19
argen¬ 2081,1859,80,17
tinischen 1213,1880,114,20
Touring 1337,1881,102,23
Club 1451,1882,58,18
den 1522,1882,43,18
Nevadogletschervorstoss 1578,1881,312,23
als 1902,1882,34,18
eine 1948,1882,51,18
normale 2010,1881,102,19
Be¬ 2118,1881,43,18
wegung 1213,1912,97,18
gedeutet, 1327,1908,114,22
die 1458,1908,36,18
spätestens 1511,1908,130,22
1912 1655,1908,47,18
begonnen 1714,1909,119,21
und 1848,1909,48,17
langsam 1912,1908,103,22
und 2027,1908,47,18
konti¬ 2085,1908,75,17
nuierlich 1213,1934,113,18
erfolgt 1342,1935,85,22
sein 1444,1935,50,18
soll. 1509,1935,51,18
<EOS>
Aber 1576,1935,62,18
das 1654,1935,41,18
ganze, 1707,1940,79,17
mühsam 1803,1935,104,18
errichtete 1919,1934,122,19
Gebäude 2053,1933,107,20
ihrer 1213,1960,63,19
sehr 1288,1961,53,18
sonderbaren 1353,1961,155,19
Beweisführung 1521,1961,193,22
fiel 1726,1961,41,19
kläglich 1778,1962,102,21
zusammen 1896,1965,130,14
durch 2039,1960,73,19
die 2123,1960,37,19
schon 1213,1987,70,19
erwähnten 1295,1987,132,19
Ergebnisse 1435,1988,139,21
der 1587,1987,39,19
photogrammetr. 1638,1987,202,23
<EOS>
Aufnahmen 1847,1987,144,19
von 2003,1991,44,15
1930. 2055,1987,52,19
<EOS>
<EOP>
¦') 275,2855,15,19
Besonders 305,2853,128,18
deutlich 446,2852,103,19
sind 560,2852,54,19
die 626,2852,37,19
Absenkungen 676,2852,169,22
der 859,2851,40,19
Eismassen 219,2879,132,18
und 372,2879,46,18
die 439,2879,36,19
Absackungspalten 495,2878,230,24
lm 745,2879,31,18
Nevado- 796,2878,101,18
Flrnkessel. 218,2905,140,19
<EOS>
<EOP>
V 1698,2769,33,25
0 1662,2788,25,40
<EOS>
<EOP>
Abb. 952,2904,56,19
<EOS>
18. 1021,2904,30,20
<EOS>
Nevadogletscher 1074,2904,208,23
1910 1294,2904,45,20
mit 1350,2905,42,19
stark 1403,2904,65,20
zurückgezogener 1480,2905,212,22
Zunge 1704,2905,75,20
Phot. 1966,2902,66,20
<EOS>
Helbling 2041,2903,110,23
<EOS>
<EOP>
