2254,2981
132 211,78,46,21
SCHWEIZERISCHE 914,74,298,23
BAUZËITUNG 1234,74,218,21
Bd. 1925,72,45,20
<EOS>
115 1989,71,45,21
Nr. 2059,71,46,20
<EOS>
11 2120,70,32,21
zur 212,135,47,16
Fixierung 272,130,140,26
der 426,130,45,20
Bogenform 478,129,158,24
und 648,129,53,20
der 715,129,44,19
Veränderliähkeit 767,122,239,26
des 1020,128,45,19
Träg¬ 1078,127,79,23
heitsmomentes 213,161,209,19
Koeffizienten 444,158,190,21
und 654,159,51,20
Gesetze 727,158,107,21
gewählt 855,157,114,26
werden, 987,157,109,26
die 1119,156,40,20
sich 213,190,55,21
in 284,190,27,22
sehr 324,190,60,21
übersichtlicher 397,189,211,21
Weise 623,188,84,20
tabellarisch 724,186,166,22
auswerten 905,187,146,20
lassen. 1067,186,91,21
<EOS>
Anderseits 213,219,152,21
hat 384,219,46,22
das 449,219,48,21
vom 513,223,60,17
Autor 592,218,85,21
hier 695,218,56,20
entwickelte 768,217,163,21
Verfahren 949,217,146,20
zur 1113,220,46,16
Berechnung 213,250,168,24
der 398,250,45,20
Viadukte 460,249,127,21
den 606,249,48,19
VorteüMdass 671,247,184,23
die 872,247,40,21
ganze 929,251,82,22
Verform¬ 1028,246,129,21
barkeit 212,280,104,21
des 336,280,46,21
Tragwerkes 400,278,171,27
in 588,278,28,20
einem 635,279,83,20
einzigen 738,277,117,26
Rechnungsgang 874,277,227,25
er- 1119,281,38,15
fasst 213,310,70,21
werden 301,310,102,20
kann. 422,309,78,20
<EOS>
Bei 523,308,45,21
grössere® 588,300,144,34
Felderzahl 740,307,150,21
würde 912,306,87,21
allerdings 1021,306,138,24
diese 214,340,68,21
Rechnung 301,340,142,26
langwierig, 461,338,157,25
sodass 640,338,91,20
in 749,338,27,21
vielem. 796,335,84,32
<EOS>
FäUen 897,336,89,21
eine 1007,336,55,21
Tren¬ 1082,336,76,20
nung 212,374,72,21
der 307,370,45,20
Berechnung 376,368,169,25
in 566,368,28,21
zwei 615,367,65,22
TeUe, 701,367,75,25
weitóhe 801,366,96,22
die 922,367,40,19
Drehbarkeit 986,365,173,21
und 212,400,52,20
die 279,400,42,22
Verschieblichkeit 335,397,246,23
der 599,398,44,21
Knotenpunkte 660,397,200,25
je 876,397,26,25
für 918,396,45,21
sich 980,395,55,21
berück¬ 1052,396,105,20
sichtigen, 213,429,132,26
wieder 367,428,94,21
schneUer 480,428,126,21
zum 624,433,60,15
Ziel 702,427,53,20
führt. 773,426,80,22
<EOS>
Der 875,427,52,19
Verfasser 946,426,138,20
ent¬ 1103,426,55,20
wickelt 213,459,103,21
deshalb 349,459,105,20
noch 484,457,66,21
ein 581,458,40,21
abgekürztes 654,456,172,27
Näherungsverfahren, 858,456,300,25
dessen 214,490,91,20
Ergebnisse 320,489,157,25
neben 492,488,82,20
denjenigen 589,486,153,27
der 757,488,45,20
genauen 817,491,117,20
Lösung 952,486,103,25
in 1070,487,26,18
den 1112,486,48,20
AbbUdungen 213,519,180,26
eingetragen 408,518,169,26
sind. 592,517,65,21
<EOS>
<EOP>
Als 275,549,47,20
Spezialfälle 340,549,160,24
werden 518,548,102,20
auch 637,546,66,21
Bogenreihen 719,546,174,26
mit 909,546,49,20
eingeschalte¬ 975,545,184,26
ten 213,579,45,21
Balkenfeldern 284,578,198,21
betrachtet 509,577,147,22
und 684,577,53,20
es 765,581,27,15
wird 817,575,64,21
die 909,576,40,20
Theorie 976,575,108,21
des 1114,576,44,19
elastisch 214,609,122,21
eingespannten 354,608,201,26
Bogens 574,608,102,24
auf 693,606,46,21
den 757,606,49,21
durchlaufenden 826,605,217,22
Balken 1061,605,99,21
mit 212,639,49,21
elastisch 282,638,123,22
eingespannten 424,638,203,26
Stützen 647,637,108,21
angewendet. 775,636,174,26
<EOS>
K. 976,636,31,20
<EOS>
Hofacker. 1018,636,141,20
<EOS>
Le 261,679,35,20
Corbusier 314,677,137,22
& 470,676,21,21
P. 509,677,28,19
<EOS>
Jeanneret. 555,675,146,22
<EOS>
Oeuvre 734,675,101,20
complète 852,674,126,27
1934—1938. 996,673,161,22
<EOS>
Publié 213,709,89,20
par 317,713,49,21
Max 378,707,78,21
Bill, 470,706,87,26
architecte, 572,705,149,25
Zurich. 734,705,99,21
<EOS>
Textes 848,705,94,21
pgpLe 956,704,104,32
Cor¬ 1074,704,83,21
busier. 213,737,132,21
<EOS>
Zürich 378,736,94,21
1939, 489,735,69,25
Editions 577,734,119,21
Dr. 711,734,45,20
<EOS>
H 772,734,33,20
Girsberger. 825,733,159,26
<EOS>
Preis 1010,733,75,21
geb. 1102,733,56,26
<EOS>
25 214,769,31,21
Fr. 258,769,42,21
<EOS>
<EOP>
Als 277,799,47,21
1930 348,798,60,22
in 437,798,27,22
obigem 486,798,102,25
Vorlag 608,797,96,25
das 734,797,47,20
Gesamtwerk 804,796,179,21
der 1013,795,45,20
Jahre 1080,795,79,20
1910—29 214,829,124,21
Le 356,829,37,20
Corbusiers 411,828,151,21
veröffentücht 579,826,197,22
wurde, 791,826,94,24
gab 902,826,51,26
er 973,830,29,16
der 1019,826,46,20
Hoff¬ 1082,826,75,19
nung 214,865,70,21
Ausdruck, 298,859,144,24
es 458,864,27,16
möchte 500,858,101,21
nicht 615,858,72,20
eine 701,858,55,21
endgültige 770,856,147,26
Bilanz 932,856,88,21
sein. 1034,855,62,22
<EOS>
Die 1112,855,46,20
künstlerische 213,890,190,21
Vitalität 416,888,123,22
und 551,889,53,20
BewegUchkeit 617,887,200,27
seines 831,887,84,21
Geistes, 928,886,107,24
die 1051,886,38,20
sich 1103,884,56,22
in 213,921,27,20
dieser 257,921,83,20
ersten 356,920,86,21
Publikation 456,919,165,21
kundtat, 636,918,119,24
war 771,923,56,15
die 843,917,40,21
sicherste 900,916,124,22
Gewähr, 1042,916,115,23
dass 214,952,61,20
eine 301,951,55,20
solche 379,950,86,21
Befürchtung 489,949,180,26
nicht 693,948,72,21
eintreffen 790,947,139,22
würde. 946,947,95,21
<EOS>
Schon 1075,947,84,21
nach 213,981,68,21
wenigen 298,980,118,26
Jahren 433,980,98,20
erschien 549,979,118,22
die 683,979,42,20
Fortsetzung 743,977,175,26
(bis 940,977,51,25
1934) 1010,977,73,24
und 1107,975,52,22
seit 213,1012,51,20
letztem 279,1011,106,21
Frühjahr 402,1010,131,26
liegt 548,1010,64,25
ein 628,1009,42,21
dritter 685,1008,94,22
Band 792,1009,72,20
vor, 881,1013,53,19
umfassend 951,1008,151,20
die 1118,1006,40,21
Arbeiten 213,1042,124,21
von 354,1046,51,16
1934—38, 422,1040,131,25
die 570,1041,40,20
vorwiegend 626,1039,163,26
städtebauliche 803,1038,205,22
PBljjleme 1025,1030,133,33
behandeln. 213,1072,149,21
<EOS>
In 396,1072,32,20
zwei 452,1071,64,20
Hauptabschnitten 533,1068,254,28
werden 812,1069,102,20
Bebauungs-Vor¬ 930,1068,228,26
schläge 214,1102,104,27
für 335,1102,44,21
Nemours 395,1102,128,21
(Nord-Afrika), 544,1100,212,24
Hellocourt 776,1099,149,21
(Bata), 944,1097,102,26
Rio 1064,1098,49,20
de 1129,1097,30,20
Janeiro, 213,1130,113,27
Paris, 339,1132,82,25
im 435,1132,37,20
gesamten 485,1131,136,26
und 631,1130,54,21
die 698,1130,40,21
Elemente 753,1129,132,22
der 900,1129,45,21
Stadt 960,1129,76,20
(Wohn¬ 1054,1129,105,23
hochhäuser, 213,1163,167,23
Vergnügungszentrum, 395,1161,315,28
Museum 726,1160,119,21
usw.) 859,1160,75,24
<EOS>
im 953,1159,35,20
besonderen 1002,1158,157,21
erläutert. 214,1193,132,22
<EOS>
Zwischenhinein 378,1191,218,22
lesen 609,1191,71,21
wir 692,1190,48,22
Referate 754,1190,121,21
Le 892,1190,34,20
Corbusiers, 941,1189,157,24
an¬ 1113,1193,45,16
geregt 214,1224,92,26
durch 324,1223,80,22
Reisen 422,1223,94,21
nach 533,1223,66,20
Amerika 617,1222,125,20
(Vorschlag 764,1220,155,26
für 935,1219,44,21
Manhattan, 996,1218,162,24
Gedanken 216,1255,138,20
über 373,1253,63,21
Ford), 455,1253,89,25
mit 563,1252,48,21
Skizzen 630,1252,108,21
seiner 756,1251,84,22
Hand 859,1251,76,20
erläutert, 951,1250,130,23
teil¬ 1103,1249,55,20
weise 214,1284,78,22
auch 308,1284,67,21
in 390,1284,28,21
deutscher 433,1284,137,21
und 586,1283,52,20
englischer 654,1282,144,26
Uebersetzung. 812,1280,201,26
<EOS>
Aus 1030,1280,55,20
dem 1102,1279,58,21
Inhalt 213,1314,88,21
seien 325,1315,70,20
noch 418,1314,66,20
zwei 509,1313,63,21
ausgeführte 596,1312,169,27
Weekendhäuser 790,1311,224,21
und 1038,1310,53,21
der 1113,1310,46,20
Pavillon 214,1345,115,21
des 349,1345,44,21
Temps 407,1345,94,26
Nouveaux 518,1344,143,20
an 677,1348,34,15
der 728,1343,45,20
Pariser 790,1341,104,21
Ausstellung 910,1340,169,26
1937 1097,1338,61,22
genannt. 215,1376,121,25
<EOS>
Mag 371,1376,63,24
auch 451,1374,67,21
die 534,1374,40,20
formale 593,1372,109,22
Seite 721,1372,70,22
der 809,1372,45,21
Projekte 872,1371,122,26
zu 1013,1376,32,15
Wider¬ 1062,1370,96,21
spruch 214,1406,96,27
reizen, 326,1405,91,25
der 434,1405,46,21
ihnen 495,1405,77,20
innewohnenden 588,1403,217,21
hohen 820,1402,83,20
Auffassung 919,1402,164,25
vom 1099,1405,60,16
Menschen 215,1437,139,20
als 372,1435,39,21
geistigem 428,1434,139,27
Wesen 585,1434,92,21
(beachte 700,1433,119,24
die 837,1432,41,21
asketisch 893,1432,132,21
zeichne¬ 1045,1430,113,21
rische 214,1467,84,21
Haltung 313,1466,118,26
der 448,1466,45,20
Pläne!) 509,1464,102,24
<EOS>
wird 631,1464,65,21
man 711,1468,62,16
sich 789,1463,55,21
nicht 859,1462,71,21
entziehen 946,1461,134,22
kön¬ 1095,1461,62,20
nen. 213,1503,57,15
<EOS>
— 287,1509,31,2
Max 334,1498,61,18
BiU 411,1496,49,20
hat 475,1495,47,21
zu 537,1500,32,16
dem 585,1495,58,21
Band 659,1494,73,21
eine 748,1494,55,20
Einleitung 816,1492,148,26
geschrieben; 980,1491,176,26
die 215,1528,41,21
Ausstattung 269,1527,178,25
ist 460,1526,35,21
ein 510,1526,40,20
Zeugnis 564,1525,111,25
seines 688,1524,84,21
graphischen 787,1522,171,27
Talentes. 969,1521,128,22
<EOS>
<EOP>
H. 994,1551,32,22
<EOS>
Suter. 1044,1552,83,20
<EOS>
Korrosion 278,1593,141,22
VII. 434,1594,56,21
<EOS>
Bericht 523,1593,105,21
über 644,1592,65,21
die 724,1592,41,21
Korrosionstagung 783,1590,254,25
1938 1056,1589,60,21
in 1134,1588,26,21
Berlin. 215,1626,93,21
<EOS>
Veranstaltet 340,1624,178,22
von 535,1628,51,15
der 603,1623,45,20
Arbeitsgemeinschaft 664,1621,294,26
auf 969,1621,50,19
dem 1037,1621,57,19
Ge¬ 1112,1619,46,21
biete 215,1656,68,21
der 309,1655,45,21
Korrosion 378,1654,141,22
und 544,1654,53,20
des 623,1654,44,19
Korrosionschutzes 694,1651,259,22
im 978,1650,36,20
NSBDT. 1041,1649,117,21
<EOS>
DIN 216,1687,62,20
A 293,1687,23,19
5, 331,1686,20,23
IV/81 367,1685,79,29
Seiten 463,1685,86,20
mit 563,1683,48,21
45 625,1683,30,20
Bildern. 669,1682,109,21
<EOS>
Berlin 810,1681,86,22
1939, 912,1681,68,24
VDI-Verlag 993,1679,167,24
GmbH. 217,1716,97,21
<EOS>
Preis 345,1715,72,22
kart. 432,1715,68,21
<EOS>
Fr. 516,1715,42,20
<EOS>
8,40. 575,1714,59,23
<EOS>
<EOP>
Die 279,1747,47,20
Vorträge 343,1746,129,25
befassen 494,1745,122,20
sich 640,1743,56,21
mit 721,1743,46,20
der 793,1743,45,20
Korrosion 853,1742,141,21
an 1010,1746,35,15
Regel-, 1061,1740,97,25
Mess- 216,1778,79,19
und 314,1776,53,21
Absperrorganen. 384,1776,236,27
<EOS>
Während 654,1773,130,21
bei 799,1772,42,21
den 859,1772,49,21
früheren 925,1771,122,21
Korro¬ 1065,1770,93,21
sionstagungen, 215,1807,210,26
bei 451,1806,41,20
denen 518,1805,81,20
allgemeine 626,1803,150,27
Werkstoff-Fragen 803,1802,260,25
eines 1091,1800,68,21
grösseren 216,1836,136,27
Anwendungsgebietes 370,1835,298,26
beraten 687,1833,108,21
wurden, 813,1833,112,24
die 946,1832,40,21
Stofferhal¬ 1006,1830,153,23
tung 216,1868,66,26
lm 296,1868,37,20
Vordergrund 348,1866,183,26
der 544,1865,46,21
Erörterungen 605,1864,193,26
stand, 814,1863,83,24
trat 914,1863,55,19
bei 986,1862,39,20
der 1040,1862,45,20
vom 1100,1866,60,16
Deutschen 216,1897,147,22
Verein 380,1897,93,22
von 490,1901,51,16
Gas- 559,1896,62,21
und 639,1895,53,21
Wasserfachmännern 708,1893,292,22
einberufe¬ 1018,1891,142,22
nen 215,1934,50,16
7. 283,1928,21,20
<EOS>
Korrosionstagung 324,1926,255,26
ein 597,1925,41,21
zweiter 655,1924,105,22
Faktor, 779,1923,106,25
die 903,1923,40,21
Korrosion 963,1922,140,21
als 1120,1921,39,20
Betriebsstörung, 216,1957,234,27
in 467,1957,26,21
Erscheinung. 509,1956,184,24
<EOS>
Die 710,1955,47,20
Vorträge 773,1954,128,26
brachten 915,1952,126,22
die 1057,1952,40,21
Er¬ 1112,1952,46,20
kenntnis, 217,1988,127,25
dass 362,1989,61,19
es 439,1993,29,15
nicht 491,1985,73,23
mehr 588,1986,72,21
nur 686,1991,49,15
um 751,1990,44,16
den 809,1985,50,20
Stoff 876,1984,72,21
geht, 964,1982,68,27
sondern 1050,1982,110,21
dass 216,2019,61,21
auch 302,2019,65,20
die 394,2018,39,21
Funktionserhaltung 451,2016,283,25
der 759,2015,45,20
aus 828,2019,48,16
den 903,2014,49,21
untersuchten 975,2012,185,22
Werkstoffen 216,2049,178,21
hergestellten 428,2046,183,27
Gegenstände 638,2045,180,26
eine 853,2044,55,21
wichtige 941,2042,121,26
Rolle 1089,2041,71,21
spielt. 216,2079,84,28
<EOS>
Dabei 331,2079,80,20
ist 428,2078,35,21
dann 478,2079,68,20
aber 562,2077,63,21
Abhilfe 641,2076,104,21
nicht 760,2075,72,21
allein 848,2074,77,22
mit 941,2073,47,21
Hilfe 1004,2073,71,21
eines 1090,2072,69,21
geeigneten 216,2109,151,26
Baustoffes 384,2108,152,21
möglich. 551,2107,118,27
<EOS>
Eine 685,2106,64,21
wirksame 764,2106,138,21
Bekämpfung 918,2103,182,26
der 1115,2102,45,21
Korrosion 216,2139,141,21
ist 373,2139,36,21
erst 427,2139,54,21
von 498,2142,50,17
einer 566,2138,70,20
richtigen 654,2136,127,26
Konstruktion 796,2134,190,22
der 1003,2134,46,20
Geräte 1065,2132,95,22
und 216,2169,53,21
ausserdem 284,2168,149,21
einer 450,2168,71,21
Beeinflussung 537,2167,199,25
des 753,2167,44,20
angreifenden 813,2164,184,27
Mittels 1013,2162,100,22
zu 1129,2167,32,16
erwarten. 218,2200,134,21
<EOS>
Die 368,2199,48,20
Beiträge 431,2198,122,25
zeigen 568,2198,89,26
deutlich, 672,2196,119,26
dass 808,2196,61,21
Fortschritte 886,2194,171,22
in 1074,2193,26,21
der 1117,2193,44,19
Korrosionsbekämpfung 217,2228,331,27
nur 560,2234,48,15
durch 622,2227,82,22
enge 717,2232,64,21
Gemeinschaftsarbeit 795,2223,293,25
zwi¬ 1101,2223,58,21
schen 217,2260,78,21
Werkstoff-Fachmann, 309,2258,313,25
Konstrukteur 637,2257,193,21
und 844,2256,53,22
Betriebsingenieur 909,2253,252,27
zu 217,2295,33,16
erreichen 267,2289,130,22
sind. 414,2289,64,21
<EOS>
<EOP>
Schweizerische 277,2325,217,22
Bauzeitung, 513,2324,171,26
Jahrgänge 707,2323,152,27
1912 881,2322,58,21
bis 954,2322,42,20
1914, 1011,2321,66,23
1916 1102,2318,60,23
bis 215,2356,41,21
1934 272,2356,58,21
gebunden 346,2355,135,26
(22 501,2355,41,22
Bände), 557,2354,110,23
Jahrgänge 694,2354,152,25
1935 869,2353,58,20
bis 951,2352,40,20
1939 1014,2351,60,21
noch 1095,2349,67,23
ungebunden, 215,2385,180,27
hat 410,2385,47,20
günstig 472,2384,109,26
abzugeben 592,2383,150,27
Frau 757,2383,70,22
G. 842,2383,27,20
<EOS>
Federer-Supersaxo, 882,2382,280,26
Basel, 216,2416,84,25
Rufacherstrasse 315,2416,234,21
8. 566,2414,20,21
<EOS>
<EOP>
Eingegangene 280,2468,199,25
Werke; 495,2466,104,25
Besprechung 616,2465,181,27
vorbehalten: 811,2465,176,21
Model 279,2514,74,18
Tests 378,2512,65,19
of 471,2512,23,18
Boulder 518,2511,98,19
Dam. 640,2511,64,18
<EOS>
Boulder 734,2510,97,18
Canyon 855,2509,92,21
Project, 973,2509,96,20
Final 1096,2507,64,19
Reports. 218,2536,103,22
<EOS>
Part 348,2535,57,19
V, 417,2535,25,19
Technical 458,2533,118,20
Investigations, 591,2532,181,22
Bulletin 788,2532,99,18
3. 903,2532,16,17
<EOS>
Mit 937,2532,43,17
258 992,2531,37,18
Diagram- 1042,2531,117,22
men 217,2563,51,14
und 290,2558,46,18
Abbildungen. 358,2557,164,21
<EOS>
Denver 549,2557,88,17
(Col.) 660,2555,66,21
<EOS>
U. 751,2555,26,18
<EOS>
S. 787,2554,21,18
<EOS>
A. 818,2554,25,17
<EOS>
1939, 868,2554,55,20
zu 947,2559,26,12
beziehen 994,2553,106,18
bei 1124,2553,35,17
United 216,2581,85,20
States 322,2580,75,19
Dept. 418,2580,65,22
<EOS>
of 508,2579,23,18
the 554,2579,38,18
Interior, 616,2578,102,20
Bureau 743,2578,88,17
of 854,2576,24,18
Reclamation. 899,2576,159,17
<EOS>
Preis 1096,2575,63,18
geb. 218,2604,50,21
<EOS>
t 287,2604,14,22
1,50. 318,2603,49,21
<EOS>
<EOP>
Stress 279,2629,74,19
Studies 372,2629,89,19
for 479,2629,35,17
Boulder 531,2626,97,20
Dam. 646,2626,64,18
<EOS>
Bulletin 738,2625,100,18
4. 853,2625,18,17
<EOS>
Mit 891,2624,41,18
117 950,2624,35,18
Diagrammen 1003,2624,158,20
und 218,2653,46,18
Abb. 280,2653,56,18
<EOS>
Im 363,2653,35,17
übrigen 412,2650,97,23
wie 525,2650,42,18
Bulletin 585,2648,98,19
3. 702,2649,18,17
<EOS>
Preis 747,2648,63,17
geb. 827,2647,48,20
<EOS>
% 897,2647,14,22
1,50. 928,2646,50,20
<EOS>
<EOP>
Deutscher 278,2678,126,19
Reichsbahn-Kalender 424,2675,267,20
1940. 711,2674,55,18
<EOS>
Berlin 788,2671,77,20
1940, 885,2672,54,20
Reichsverkehrs- 961,2671,200,19
ministerium, 218,2702,156,19
Pressedienst. 390,2699,164,20
<EOS>
<EOP>
Gaststätten. 278,2726,149,21
<EOS>
Cafés 464,2725,66,19
und 554,2724,46,18
Restaurants, 624,2722,156,20
Ausflugs- 804,2720,119,22
und 949,2720,46,18
Tanzlokale, 1019,2719,139,20
Bars, 216,2752,63,19
Trink- 297,2749,81,20
und 394,2748,46,20
Imbisatuben 457,2747,154,19
aus 627,2750,42,14
Deutschland 686,2744,152,20
und 853,2744,47,18
dem 918,2742,51,19
Ausland. 981,2742,108,18
<EOS>
Her¬ 1103,2742,58,17
ausgegeben 218,2773,142,22
von 381,2775,43,16
Herbert 445,2769,140,20
Hoffmann. 605,2768,179,19
<EOS>
Mit 820,2766,43,19
223 882,2765,37,19
Lichtbildern 939,2764,156,19
und 1115,2763,46,18
129 218,2796,35,19
Plänen. 273,2796,93,18
<EOS>
Stuttgart 395,2793,114,23
1939, 527,2792,55,21
Verlag 604,2791,82,20
von 704,2794,44,14
Julius 767,2789,75,19
Hoffmann. 863,2787,130,19
<EOS>
Preis 1027,2786,64,19
geb. 1110,2786,49,22
<EOS>
etwa 218,2819,58,19
Fr. 290,2819,37,18
<EOS>
24,80. 343,2816,63,22
<EOS>
<EOP>
Die 277,2844,41,19
Fahrdynamik 335,2841,170,24
der 522,2841,40,18
Verkehrsmittel. 577,2838,195,21
<EOS>
Eine 803,2837,56,19
Berechnungsgrundlage 875,2835,286,23
für 217,2869,36,16
das 286,2868,41,17
Wirtschaften. 358,2864,169,20
<EOS>
Von 563,2863,49,18
Dr.-Ing. 635,2861,100,22
<EOS>
habil. 759,2860,69,19
<EOS>
Wilhelm 852,2858,146,19
Müller, 1029,2858,129,20
o. 217,2896,18,12
<EOS>
Professor 257,2889,118,18
an 395,2892,28,15
der 442,2887,41,19
T. 500,2887,25,17
<EOS>
H. 535,2886,27,18
<EOS>
Berlin. 585,2885,83,19
<EOS>
Mit 702,2884,43,18
236 763,2884,36,18
Abb. 818,2882,56,19
<EOS>
Berlin 908,2881,76,19
1940, 1002,2880,55,21
Verlag 1078,2880,83,21
von 218,2917,41,14
Julius 278,2911,75,19
Springer. 371,2910,113,22
<EOS>
Preis 516,2908,66,19
geh. 599,2908,49,21
<EOS>
etwa 669,2907,57,18
Fr. 743,2907,37,17
<EOS>
60,75, 798,2904,63,22
geb. 881,2904,49,22
<EOS>
Fr. 950,2904,37,18
<EOS>
63,10. 1007,2903,61,21
<EOS>
<EOP>
Die 1267,126,41,17
Gasmaschine. 1325,125,165,18
<EOS>
Von 1508,125,49,18
Dr. 1572,125,39,17
<EOS>
Ing. 1630,125,50,21
<EOS>
Ad. 1696,124,49,18
<EOS>
Schnür 1764,123,122,19
le, 1893,124,34,20
Direktor 1945,123,107,18
in 2068,122,24,19
der 2108,123,44,18
KlöcIq||r-Humboldt-D<MJs 1205,143,332,33
A.-G. 1554,147,63,18
<EOS>
Mit 1645,147,43,18
170 1707,147,35,18
Abb. 1762,146,56,18
<EOS>
Wien 1847,146,64,17
1939, 1930,146,54,20
Verlag 2005,146,83,21
von 2106,149,45,14
Julius 1206,171,75,18
Springer. 1298,169,113,23
<EOS>
Preis 1429,170,65,19
kart, 1508,170,57,19
etwa 1583,170,58,19
17 1657,169,23,18
Fr. 1697,170,36,17
<EOS>
<EOP>
Das 1254,198,45,17
Triebwerk 1323,197,130,18
schneilaufender 1475,196,194,18
Verbrennungskraftmaschinen. 1691,195,374,21
<EOS>
Von 2100,194,50,18
Obering. 1204,219,105,21
<EOS>
H. 1328,219,28,18
<EOS>
Krem 1378,219,89,18
sffir, 1476,220,63,26
Klöckner-Humboldt-Deutz-Motoren 1560,218,445,18
A.-G. 2023,217,62,17
<EOS>
Mit 2106,216,44,19
184 1204,243,35,18
Abb. 1262,242,55,17
<EOS>
Wien 1340,242,65,18
1939, 1428,241,55,21
Verlag 1505,241,83,21
von 1612,245,43,13
Julius 1677,240,76,18
Springer. 1774,240,113,22
<EOS>
Preis 1921,240,64,17
kart, 2007,240,57,17
etwa 2090,240,59,17
Fr. 1206,266,35,16
<EOS>
22,26. 1257,264,64,21
<EOS>
<EOP>
Almanacco 1267,292,129,16
Ticinese 1416,290,100,17
1940. 1535,290,55,17
<EOS>
Bellinzona 1620,289,129,17
1940, 1765,288,55,21
Istituto 1839,288,93,18
Editoriale 1949,288,123,18
Tici¬ 2090,288,58,17
nese. 1206,318,59,14
<EOS>
Preis 1295,313,63,18
kart. 1373,313,57,18
<EOS>
Fr. 1448,312,36,18
<EOS>
1,30. 1501,312,49,21
<EOS>
<EOP>
Gefahren 1267,340,111,18
an 1401,345,28,12
wasserdruckhaltenden 1454,337,276,19
Dichtungen 1753,337,143,21
und 1919,337,45,18
deren 1987,337,69,18
Beur¬ 2078,337,72,17
teilung. 1204,362,95,22
<EOS>
Von 1325,362,50,17
Dr.-Ing. 1390,362,100,20
<EOS>
Hans 1507,362,85,16
Klippel. 1608,359,139,22
<EOS>
Mit 1764,359,43,19
42 1820,359,25,18
Abb. 1858,359,57,18
<EOS>
Berlin 1930,359,77,18
1940, 2021,358,55,20
Ver¬ 2092,359,57,17
lag 1206,386,35,20
von 1256,389,44,14
Wilhelm 1314,385,103,17
Ernst 1434,385,68,16
& 1517,384,20,18
Sohn. 1550,383,66,18
<EOS>
Preis 1646,383,63,17
geh. 1726,383,47,20
<EOS>
etwa 1791,382,57,18
Fr. 1863,383,36,16
<EOS>
3,65. 1917,382,49,20
<EOS>
Für 1206,439,54,21
den 1274,439,49,20
TextteU 1339,438,111,21
verantwortliche 1466,436,225,22
Redaktion: 1706,435,157,21
Dipl. 1206,472,66,26
<EOS>
Ing. 1281,472,54,25
<EOS>
CARL 1355,472,88,20
JEGHER, 1460,471,139,24
Dipl. 1615,470,67,26
<EOS>
Ing. 1692,470,55,25
<EOS>
WERNER 1756,469,149,20
JEGHER 1922,468,132,21
Zuschriften: 1207,505,150,18
An 1372,506,35,17
die 1422,505,37,18
Redaktion 1472,504,127,18
der 1615,505,40,17
«SBZ», 1670,503,80,21
Zürich, 1767,503,86,20
Dianastr. 1870,503,113,17
<EOS>
5, 1993,502,17,20
Tel. 2026,501,47,19
<EOS>
34 2082,502,24,18
507 2112,501,37,20
MITTEILUNGEN 1206,579,337,33
DER 1566,578,90,32
VEREINE 1682,577,195,32
SA 1207,635,118,61
Schweizer. 1369,634,175,27
<EOS>
Ingenieur- 1559,634,172,33
und 1747,633,61,27
Architekten-Verein 1821,632,325,28
I 1236,676,10,19
ll 1264,669,24,26
Hl 1300,668,41,27
Auszug 1365,679,110,25
aus 1489,683,49,16
dem 1554,677,60,22
Protokoll 1622,677,137,22
des 1775,677,45,21
C-C 1831,676,55,22
vom 1901,682,58,14
9. 1975,676,22,21
<EOS>
Febr. 2006,675,76,21
<EOS>
1940 2090,675,61,20
1. 1269,729,20,20
<EOS>
Mitgliederbewegung. 1306,728,427,26
<EOS>
In 1266,758,26,17
der 1311,758,40,17
Central-Comité-Sitzung 1369,756,291,22
vom 1679,761,51,13
9. 1748,756,17,18
<EOS>
Februar 1786,756,101,18
¦ 1897,763,2,2
sind 1907,755,50,18
aufgenommen. 1976,754,174,22
<EOS>
wordeBy^ 1204,776,134,30
Cart 1204,803,53,17
Pierre, 1278,802,83,21
ingénieur-électricien, 1383,801,261,22
Le 1666,802,32,17
Locle 1717,800,67,19
(Section 1806,800,99,20
Chaux-de-Fonds). 1924,799,222,20
<EOS>
Marti 1203,825,70,18
Fritz, 1288,826,67,17
ingénieur-électricien, 1375,825,261,21
Chaux-de-Fonds 1654,823,204,19
(Sect. 1876,822,66,20
<EOS>
Ch.-de-Fonds). 1960,821,186,20
<EOS>
Bugni 1203,848,74,22
on 1279,853,28,12
Frank, 1324,848,81,20
ingénieur-électricien, 1425,846,262,21
Genève 1707,846,86,18
(Section 1812,845,99,20
Genève). 1930,844,105,20
<EOS>
Micheli 1204,871,89,17
Jacques, 1313,871,103,20
ingénieur-éleo^gaen, 1438,863,262,32
Genève 1722,868,86,18
(Section 1831,868,98,19
Genève). 1948,867,104,19
<EOS>
Perrin 1204,893,81,18
Louis, 1305,892,77,22
ingénieur-civil, 1401,892,188,22
Genève 1610,891,88,18
(Section 1719,890,100,21
Genève). 1837,890,105,19
<EOS>
Bovet 1204,916,69,18
Theodor, 1295,915,108,21
ingénieur-mécanicien, 1425,914,271,22
Genève 1719,912,86,19
(Section 1829,913,98,19
Genève). 1946,912,105,19
<EOS>
Birchmeier 1205,938,135,18
Auguste, 1359,938,108,20
ingénieur-civil, 1487,936,187,22
Lausanne 1694,936,119,18
(Section 1834,936,98,19
Vaudoise). 1950,935,129,18
<EOS>
Boon 1204,962,63,17
A. 1283,961,25,17
<EOS>
E., 1320,961,32,20
<EOS>
ingénieur^^^KTevey 1372,954,282,32
(Section 1675,958,98,22
Vaudoise). 1792,958,129,18
<EOS>
Lugrin 1204,984,86,21
E. 1306,984,25,17
<EOS>
V., 1342,983,32,20
<EOS>
ingénieur-civil, 1394,982,185,21
Lausanne 1597,982,119,17
(Section 1734,980,100,22
Vaudoise). 1850,980,130,20
<EOS>
Moor 1204,1007,63,17
Walter, 1282,1007,91,19
Architekt, 1391,1005,123,20
Zürich 1533,1005,80,17
(Sektion 1632,1004,101,20
Zürich). 1749,1003,98,21
<EOS>
<EOP>
Gestorben: 1265,1029,135,18
Leder 1203,1052,73,17
Walter, 1294,1051,93,20
Maschinen-Ingenieur, 1407,1049,270,21
Basel 1697,1049,67,18
(Sektion 1779,1048,102,20
Basel), 1896,1047,84,21
v. 1204,1079,19,12
<EOS>
Steiger 1242,1074,88,20
Rex, 1345,1073,65,21
Bau-Ingenieur, 1430,1072,185,21
Bern 1634,1073,58,16
(Sektion 1714,1071,100,20
Bern). 1831,1071,78,19
<EOS>
Ziegler 1205,1097,84,21
Ernst, 1306,1096,75,21
Architekt, 1397,1095,124,21
Wabern 1538,1094,99,19
(Sektion 1654,1094,102,20
Bern). 1772,1093,77,20
<EOS>
Meyer 1207,1119,75,21
Samuel, 1299,1118,95,21
Architekt, 1413,1118,124,21
Gächlingen 1557,1117,138,21
(Sektion 1715,1116,102,20
Schaffhausen). 1833,1115,182,20
<EOS>
Altwegg 1203,1142,104,20
Arnold, 1323,1141,91,21
Bau-Ingenieur, 1433,1140,187,22
St. 1639,1140,31,17
<EOS>
Gallen 1689,1139,79,18
(Sektion 1788,1139,103,20
St. 1908,1138,32,18
<EOS>
Gallen). 1958,1138,97,19
<EOS>
jGgBBv 1186,1165,87,26
Edouard, 1292,1164,111,20
ingénieur-cHjM 1423,1157,188,32
Pully 1628,1162,68,22
(Section 1717,1162,97,19
Vaudoise). 1831,1161,131,20
<EOS>
Itschner 1204,1188,102,17
Otto, 1323,1187,59,20
Architekt, 1402,1186,124,21
Küsnacht-Ztirich 1544,1184,209,19
(Sektion 1771,1184,103,20
Zürich). 1891,1183,98,20
<EOS>
Schild 1205,1210,75,18
Siegfried, 1299,1208,119,22
Elektro-Ingenieur, 1439,1208,231,21
Zürich 1690,1207,80,17
(Sektion 1793,1207,103,20
Zürich). 1913,1206,100,20
<EOS>
<EOP>
2. 1267,1234,21,20
<EOS>
Rechnung 1306,1234,193,24
1939 1516,1231,83,21
und 1614,1231,68,21
Budget 1697,1231,140,25
194 1854,1230,61,20
0. 1924,1230,21,21
<EOS>
Das 1963,1230,53,20
Central- 2033,1229,118,21
Comité 1205,1263,99,21
behandelt 1328,1262,138,22
den 1491,1262,49,22
Rechnungsabschluss 1558,1260,290,27
pro 1873,1265,47,22
1939 1946,1260,61,20
und 2034,1260,51,20
be- 2107,1260,42,19
schliesst, 1205,1295,123,22
die 1343,1294,40,21
Rechnung 1394,1293,143,25
den 1547,1293,50,20
Rechnungsrevisoren 1607,1291,288,26
zur 1905,1295,48,16
Prüfung 1963,1289,119,26
vor¬ 2090,1295,60,16
zulegen. 1202,1325,114,25
<EOS>
Das 1334,1325,54,20
Budget 1405,1323,100,26
1940 1524,1322,60,21
wird 1600,1322,65,21
bereinigt. 1681,1322,133,25
<EOS>
Das 1840,1322,53,20
C. 1910,1321,26,20
<EOS>
C. 1946,1321,28,20
<EOS>
beschliesst, 1990,1319,160,25
nach 1202,1355,68,21
Erhalt 1287,1354,94,21
des 1400,1355,44,19
Berichtes 1461,1353,133,21
der 1614,1353,45,20
Rechnungsrevisoren, 1678,1351,294,27
die 2000,1350,40,22
Rech¬ 2068,1350,78,20
nung 1203,1390,71,21
1939 1290,1384,61,21
und 1367,1384,52,21
das 1433,1384,47,21
Budget 1496,1383,101,26
1940 1614,1383,62,20
in 1699,1383,27,20
einer 1748,1382,71,20
schriftlichen 1842,1381,177,21
Abstim¬ 2035,1380,115,21
mung 1205,1421,79,20
den 1298,1415,47,20
Sektionen 1361,1415,138,20
zur 1512,1419,47,15
Genehmigung 1573,1413,195,25
zu 1781,1417,33,16
unterbreiten. 1828,1411,184,22
<EOS>
<EOP>
3. 1265,1444,21,21
<EOS>
Ausgleichkasse 1315,1443,322,26
für 1669,1441,61,21
Selbständigerwer¬ 1764,1440,387,25
bende. 1204,1476,117,20
<EOS>
Das 1349,1476,54,19
C. 1418,1475,26,19
<EOS>
C. 1455,1474,26,20
<EOS>
nimmt 1499,1474,94,20
Kenntnis 1610,1473,127,21
von 1761,1477,51,16
den 1837,1472,49,21
Vorschlägen 1902,1471,176,26
des 2105,1471,46,20
Volkswirtschaftsdepartementes 1202,1504,452,26
für 1681,1503,45,20
die 1753,1503,39,20
Regelung 1819,1502,135,25
einer 1981,1501,71,21
Wirt¬ 2071,1500,78,21
schaftsbeihilfe 1205,1535,206,22
für 1429,1534,44,21
Selbständigerwerbende 1494,1532,325,28
und 1847,1532,52,21
beschliesst, 1925,1531,159,25
zur 2105,1535,49,16
Abklärung 1205,1566,151,25
der 1372,1566,44,20
Verhältnisse 1429,1565,177,20
im 1619,1564,36,20
Verein 1669,1563,93,21
eine 1776,1563,55,20
Rundfrage 1847,1562,149,26
unter 2012,1561,76,21
den 2101,1561,50,20
selbständigerwerbenden 1204,1595,340,27
Mitgliedern 1556,1594,165,26
durchzuführen. 1733,1592,213,22
<EOS>
Die 1959,1593,48,19
Frage 2019,1593,85,24
ist 2113,1590,38,21
mit 1205,1626,47,22
den 1267,1627,48,20
Behörden 1329,1626,132,21
beförderlich 1474,1624,170,21
zu 1654,1629,33,15
behandeln. 1699,1622,149,22
<EOS>
<EOP>
4. 1267,1657,22,20
<EOS>
Ferner 1305,1656,98,21
werden 1414,1656,102,20
behandelt: 1532,1654,147,21
die 1696,1654,39,21
Titelschutzfrage, 1752,1653,240,25
die 2007,1652,41,20
Ange¬ 2062,1652,88,25
legenheit 1204,1687,128,26
Wettbewerb 1350,1686,173,21
Töchterschule 1542,1683,199,22
Zürich, 1755,1683,100,25
Regionalspital 1875,1681,204,28
Sit¬ 2098,1681,52,21
ten, 1204,1718,51,24
Beitritt 1273,1716,105,21
zur 1394,1722,46,15
Schweiz. 1458,1715,119,22
<EOS>
Genossenschaft 1596,1714,218,22
für 1830,1713,45,21
Luftschutzbauten, 1890,1712,258,23
Vertretung 1204,1748,158,25
des 1375,1748,45,19
S. 1432,1747,25,20
<EOS>
I. 1465,1746,20,21
<EOS>
A. 1494,1746,32,21
<EOS>
im 1537,1746,36,19
BetriebswissenschaftUchen 1585,1742,384,23
Institut, 1980,1742,115,23
die 2109,1742,40,20
neuen 1201,1781,83,16
Lehrlingsreglemente 1302,1774,292,27
für 1611,1774,43,20
Hochbau- 1673,1773,135,20
und 1825,1772,50,20
Bauzeichner 1892,1771,174,21
usw. 2086,1775,65,16
<EOS>
<EOP>
Zürich, 1267,1811,99,24
den 1380,1810,50,21
12. 1444,1809,38,21
<EOS>
März 1495,1809,73,21
1940. 1582,1808,68,21
<EOS>
Das 1879,1808,54,20
Sekretariat. 1947,1804,170,23
<EOS>
SI 1207,1882,64,62
1 1309,1883,15,25
Basler 1361,1880,106,28
Ingenieur- 1487,1880,172,33
und 1680,1878,62,27
Architekten-Verein 1763,1875,323,29
i 1238,1926,7,16
li 1262,1908,22,36
Ai 1304,1908,37,33
Sitzung 1361,1925,109,25
vom 1485,1930,60,15
28. 1562,1924,37,21
<EOS>
Februar 1611,1923,120,21
1940 1746,1922,59,20
Auf 1264,1979,56,21
Einladung 1332,1978,149,25
des 1497,1977,45,19
B. 1557,1976,29,20
<EOS>
I.A. 1593,1976,61,20
<EOS>
sprach 1664,1974,95,27
Arch. 1774,1974,79,21
<EOS>
Alfred 1867,1973,111,20
Roth 1992,1972,81,21
über 2089,1971,67,21
Die 1265,2017,48,20
Realität 1328,2015,118,21
der 1462,2014,46,21
neuen 1523,2018,84,17
Architektur. 1622,2012,182,21
<EOS>
Der 1265,2055,53,19
Referent 1327,2052,126,21
zeigte 1466,2051,87,26
an 1567,2056,36,16
Hand 1614,2050,78,20
eines 1707,2051,71,19
prächtigen 1792,2047,156,28
BUdmaterials 1957,2046,199,22
die 1204,2084,41,22
herrlichsten 1261,2083,172,21
Steinchen 1448,2082,137,20
aus 1601,2085,48,16
dem 1665,2080,59,21
Mosaik 1735,2079,101,20
der 1853,2078,46,20
modernen 1908,2077,142,21
Archi¬ 2060,2075,94,22
tektur 1203,2114,90,22
und 1308,2113,53,21
legte 1377,2113,69,26
dar, 1458,2112,52,23
worauf 1521,2111,103,20
die 1634,2110,41,20
Erhabenheit 1685,2107,177,22
dieser 1871,2107,85,21
Schöpfungen 1966,2106,187,27
beruht. 1205,2145,99,21
<EOS>
Es 1331,2144,36,19
sind 1388,2143,56,20
dies 1466,2142,55,20
die 1536,2140,41,22
Anpassung 1592,2140,158,26
an 1770,2144,34,15
die 1820,2138,41,20
Landschaft, 1875,2136,171,26
an 2062,2141,34,15
die 2112,2136,42,20
topographischen 1207,2173,237,27
und 1468,2172,53,20
klimatischen 1545,2170,184,21
Gegebenheiten, 1753,2167,216,27
die 1992,2167,41,21
Raum¬ 2056,2167,97,20
organisation 1204,2204,181,27
in 1401,2203,27,20
horizontaler 1438,2200,175,23
und 1623,2200,53,21
vertikaler 1686,2199,142,21
Richtung, 1840,2197,140,27
die 1991,2197,41,21
saubere 2043,2197,112,20
zweckmässige 1204,2234,202,25
Konstruktion 1426,2231,191,22
und 1638,2230,52,20
die 1710,2229,42,21
neue 1772,2234,66,16
Farbgestaltung 1858,2228,225,26
mit 2103,2226,53,22
Tönen 1204,2265,88,21
oder 1307,2265,62,19
Farben. 1380,2262,108,21
<EOS>
Die 1505,2261,48,21
Hindernisse, 1564,2260,176,24
die 1751,2259,41,20
sich 1805,2258,56,21
dieser 1871,2258,85,21
neuen 1966,2262,84,16
Archi¬ 2060,2256,91,21
tektur 1206,2295,89,21
entgegenstellen, 1311,2292,228,29
liegen 1555,2291,86,25
einerseits 1656,2289,136,22
in 1806,2289,28,20
den 1848,2289,50,20
Gesetzgebungen, 1913,2287,242,27
die 1207,2326,40,20
ihrer 1257,2325,71,21
Zeit 1338,2324,56,21
nicht 1403,2322,74,22
vorauseilen, 1486,2320,168,25
und 1665,2320,53,21
anderseits 1729,2318,144,23
in 1886,2318,27,21
den 1923,2318,50,21
Architekten 1981,2316,174,22
selbst, 1206,2355,89,25
die 1303,2355,41,21
ihrerseits 1351,2353,136,23
von 1494,2357,50,17
einer 1553,2351,70,22
formalästhetischen 1631,2349,277,23
Kunstgeschichte 1918,2347,238,27
belastet, 1205,2386,118,24
den 1339,2385,50,21
Atem 1404,2384,79,21
der 1504,2383,45,21
Zeit, 1569,2382,62,24
d. 1648,2381,22,21
<EOS>
h. 1681,2381,25,21
<EOS>
die 1722,2380,41,21
praktischen 1778,2378,170,28
Forderungen 1968,2378,187,26
und 1206,2417,51,21
visionären 1273,2415,149,22
Ziele 1437,2413,68,22
nicht 1520,2412,74,21
zu 1607,2416,33,16
erkennen 1656,2410,130,22
vermögen. 1801,2409,148,27
<EOS>
<EOP>
Reicher 1267,2446,110,21
Beifall 1401,2444,95,21
lohnte 1518,2443,89,21
diesen 1629,2442,87,20
von 1739,2445,52,17
innerer 1814,2440,105,21
Berufung 1944,2439,135,25
und 2101,2438,55,21
Ueberzeugung 1206,2477,208,25
getragenen 1429,2475,161,27
Vortrag. 1604,2472,122,27
<EOS>
-e- 2086,2473,37,16
<EOS>
<EOP>
SITZUNGS- 1211,2544,203,29
UND 1433,2543,87,27
VORTRAGS-KALENDER 1538,2539,453,31
Zur 1208,2598,43,17
Aufnahme 1268,2596,126,19
in 1413,2595,25,19
diese 1456,2595,63,19
Aufstellung 1538,2592,145,23
müssen 1700,2592,92,19
die 1811,2592,38,18
Vorträge 1867,2592,111,20
(sowie 1998,2590,79,19
auch 2094,2588,57,18
nachträgliche 1209,2619,167,22
Aenderungen) 1391,2617,173,22
bis 1584,2617,35,17
spätestens 1637,2616,127,22
jeweils 1781,2614,86,22
Donnerstag 1884,2614,141,19
früh 2043,2610,52,19
der 2112,2610,39,19
Redaktion 1210,2642,125,19
mitgeteilt 1353,2640,120,23
sein. 1493,2640,55,19
<EOS>
19. 1206,2676,36,21
<EOS>
März 1250,2675,75,22
(Dienstag): 1343,2675,165,25
Schweiz. 1540,2672,123,23
<EOS>
Energie-Konsumenten-Verband. 1673,2665,482,32
<EOS>
14.30 1252,2706,66,20
<EOS>
h 1334,2706,17,19
im 1372,2705,35,20
Hotel 1427,2704,78,21
Habls-Royal, 1521,2702,186,27
Zürich, 1723,2701,102,24
Generalversammlung 1847,2697,309,25
mit 1251,2736,50,21
Referat 1315,2735,111,22
von 1440,2740,53,15
Ing. 1506,2735,58,25
<EOS>
Dr. 1574,2734,45,20
<EOS>
JE. 1634,2733,31,20
<EOS>
Steiner 1675,2732,102,21
: 1786,2736,7,16
«Unsere 1808,2730,114,21
Energieversor¬ 1938,2727,218,27
gung 1251,2770,72,23
in 1339,2765,27,21
der 1381,2765,46,21
Kriegswirtschaft». 1442,2763,267,28
<EOS>
<EOS>
<EOP>
29. 1207,2803,37,21
<EOS>
März 1252,2803,75,21
(Freitag): 1346,2802,142,26
Techn. 1505,2802,94,20
<EOS>
Verein 1610,2800,96,22
Winterthur. 1715,2797,169,22
<EOS>
20.15 1911,2795,67,21
<EOS>
h 1988,2795,18,21
im 2022,2796,35,19
Bahn¬ 2069,2796,86,19
hof 1252,2834,46,19
sali. 1300,2834,55,19
<EOS>
Vortrag 1372,2833,115,25
von 1497,2836,52,16
Prof. 1559,2830,71,22
<EOS>
Dr. 1641,2830,44,21
<EOS>
G. 1695,2829,28,22
<EOS>
Eichelberg 1731,2827,155,25
(Zürich) 1899,2825,117,26
: 2022,2830,6,16
«Neuere 2039,2825,118,21
Forschungsergebnisse 1252,2862,319,28
auf 1596,2861,47,21
dem 1669,2860,58,21
Gebiet 1754,2858,91,22
der 1871,2857,45,21
Verbrennungs¬ 1940,2856,212,26
motoren». 1253,2893,141,21
<EOS>
<EOS>
<EOP>
