2254,2981
16. 82,86,37,22
<EOS>
März 135,86,74,22
1940 224,86,60,22
SCHWEIZERISCHE 778,83,298,24
BAUZËITUNG 1100,82,219,23
125 1974,76,46,22
<EOS>
<EOP>
™*3 616,161,31,13
<EOS>
<EOP>
*» 614,252,52,25
tf 1063,260,44,41
<EOS>
<EOP>
W 362,404,45,27
*t, 263,406,34,20
*&L 184,429,66,32
'<& 228,473,77,71
<EOS>
<EOP>
rrS 535,684,36,16
¦W"Tç 831,682,76,21
<EOS>
<EOP>
?*!*SÄ 980,693,261,60
<EOS>
^ 669,696,31,25
^ 610,700,35,26
<EOS>
<EOP>
wm 906,788,34,14
w 923,805,35,28
« 991,818,32,24
«af 1182,820,25,17
w 538,835,34,25
<> 958,843,33,26
»* 378,857,105,34
»fi 518,858,27,23
Sft 838,869,51,27
r:-!fer»aPC 430,930,105,28
<EOS>
M 1285,937,49,48
*. 760,952,26,8
<EOS>
<EOP>
Abb. 81,1104,58,18
<EOS>
10. 151,1103,29,19
<EOS>
Zackeneis 204,1103,123,19
auf 339,1102,40,19
einem 391,1102,74,19
argentinischen 477,1102,187,22
Anden-Gletscher. 671,1101,217,18
<EOS>
das 83,1175,47,21
dunkle 146,1174,95,21
Eis 257,1173,45,21
als 312,1173,41,22
solches 367,1172,102,22
wasserundurchlässig 480,1171,301,26
ist, 796,1170,43,26
müssen 854,1170,106,21
sich 974,1170,56,21
überall 81,1208,101,22
dort, 196,1207,68,25
wo 274,1212,40,16
Risse 325,1207,75,21
und 411,1207,53,20
Spalten 475,1206,108,27
klaffen, 596,1206,111,24
wasserführende 718,1204,226,25
Hori¬ 954,1204,76,21
zonte 82,1243,76,20
bilden 174,1242,87,21
— 275,1251,31,4
in 320,1240,28,21
erster 362,1240,84,22
Linie 461,1240,73,21
in 555,1240,28,21
den 602,1240,50,21
Grenzschichten 668,1239,219,21
zwischen 902,1238,129,21
hellem 82,1277,95,20
und 191,1275,53,21
dunklem 260,1274,124,21
Eise, 397,1274,69,25
vielleicht 477,1273,130,22
aber 622,1273,63,21
auch 701,1273,66,20
in 783,1272,26,20
jenem 824,1272,87,26
System 927,1272,103,26
von 82,1316,52,15
Gletscherrissen, 156,1308,227,25
auf 406,1308,48,20
das 474,1307,48,21
bekanntlich 542,1306,168,22
H. 731,1306,32,21
<EOS>
Philipp 773,1306,102,26
[7] 895,1306,37,24
seine 959,1305,72,21
Bewegungstheorie 81,1341,267,29
stützt. 367,1341,90,21
<EOS>
Wenn 483,1340,83,21
schon 581,1340,81,21
damit 682,1340,84,21
eine 785,1339,57,21
Bewegungs¬ 858,1340,172,25
zone 82,1383,64,16
noch 162,1377,67,21
nicht 244,1376,74,21
sicher 333,1375,85,22
bestimmt 428,1374,135,21
ist, 579,1374,40,24
so 634,1379,28,15
darf 679,1374,60,20
man 754,1378,61,16
doch 831,1373,66,21
wohl 907,1372,68,22
an¬ 985,1378,45,15
nehmen, 82,1411,119,25
dass 208,1411,61,20
wasserführende 277,1409,226,21
Schichten 511,1403,139,26
besondere 660,1407,141,21
Neigung 809,1407,122,26
haben, 939,1406,91,25
Gleitflächen 84,1444,173,26
zu 272,1448,32,16
werden, 314,1443,111,24
längs 435,1442,77,26
denen 528,1442,83,20
sich 621,1441,57,21
helles 692,1441,80,20
Eis 782,1440,46,21
und 838,1441,52,20
vielleicht 901,1440,130,21
auch 82,1478,70,21
Schollen 165,1477,120,22
dunklen 301,1476,114,22
Eises 433,1476,77,20
bewegen, 524,1476,130,25
sobald 675,1475,92,21
ein 781,1474,43,20
äusserer 842,1474,122,21
An- 977,1474,53,20
stoss 83,1512,69,20
erfolgt, 163,1510,105,28
seien 279,1510,72,22
es 366,1515,29,16
Erschütterungen 405,1510,243,25
durch 663,1508,81,21
Lawinen 756,1509,123,19
oder 894,1508,62,20
Erd¬ 967,1508,63,20
beben, 82,1546,89,25
seien 187,1545,71,21
es 273,1549,28,16
ausserordentliche 317,1543,253,22
Wasserzufuhren 585,1542,235,22
oder 837,1542,63,20
Vermin¬ 914,1541,117,21
derung 83,1580,101,26
der 198,1579,47,21
inneren 259,1578,108,21
Reibung 383,1577,119,27
durch 517,1576,82,22
Temperaturerhöhung. 614,1576,314,27
<EOS>
<EOP>
Ph. 141,1613,47,21
<EOS>
C. 202,1613,27,20
<EOS>
Vissers 239,1612,101,21
[9, 360,1612,34,25
12, 409,1611,37,26
13] 462,1611,41,25
bezeichnet 529,1610,150,22
das 699,1610,48,21
auflagernde, 764,1610,178,26
helle, 958,1610,73,24
jüngere 81,1647,110,27
Eis 217,1647,45,20
als 288,1647,40,20
den 353,1646,50,20
Hangend-Gletscher, 428,1643,371,28
das 826,1644,48,20
dunklere, 899,1643,131,24
ältere, 83,1681,89,24
schuttreiche 187,1680,177,22
und 384,1679,54,21
stärker 458,1679,104,21
metamorphisierte 583,1677,254,28
Eis 857,1677,46,21
als 923,1677,40,21
den 984,1677,48,21
Liegend-Gletscher. 82,1714,357,28
<EOS>
Diese 464,1714,76,19
Bezeichnungsweise 561,1711,277,27
ist, 856,1710,43,26
zugleich 914,1710,119,27
mit 82,1748,50,22
ihren 141,1748,75,21
Konsequenzen, 223,1748,210,26
auch 445,1747,68,21
für 522,1746,45,21
die 577,1746,41,21
Anden-Gletscher 627,1745,240,21
zutref 876,1745,86,20
f 964,1745,11,19
end, 976,1745,56,24
weil 82,1782,59,21
die 157,1781,41,22
Auflagerung 208,1781,184,26
der 408,1781,45,20
Nebengletscher 464,1780,223,26
auf 703,1779,47,21
die 760,1779,41,20
Hauptgletscher 812,1778,221,27
auf 84,1815,46,21
längere, 154,1814,115,26
talwärtige 295,1814,150,26
Strecken, 472,1814,133,24
zumindest 631,1813,147,20
in 803,1813,28,20
den 856,1813,49,20
Decken 928,1811,106,21
des 84,1849,45,20
hellen 145,1848,85,21
Eises, 246,1847,81,25
sehr 343,1847,61,21
deutlich 424,1847,114,22
ist, 559,1847,41,24
so 623,1852,29,15
am 668,1852,43,15
Plomogletscher, 734,1845,298,27
Juncalgletscher 84,1882,299,26
USW. 403,1886,64,16
<EOS>
<EOP>
Spannungsunterschiede, 143,1914,346,29
stoffliche 499,1914,136,21
Verschiedenheit 643,1913,230,22
und 880,1913,52,21
Unter¬ 939,1913,95,21
schiede 83,1950,105,22
in 211,1950,27,20
der 261,1950,45,20
Wasserführung 329,1948,225,26
bedingen, 576,1948,136,26
dass 735,1947,61,21
HangesA- 819,1946,140,27
und 981,1946,54,21
Liegendgletscher 83,1984,246,27
nicht 350,1983,72,21
ein 438,1982,43,22
einheitliches 500,1981,178,23
Bewegungssystem 694,1981,264,26
sein 978,1980,57,22
können. 83,2018,110,22
<EOS>
Die 209,2018,49,21
stoffliche 273,2017,135,22
Grenzzone 424,2017,148,21
zwischen 588,2016,130,21
beiden 732,2015,93,21
ist 841,2015,35,20
wohl 889,2014,68,21
auch 968,2013,67,22
die 83,2052,41,21
Bewegungszone 140,2051,228,28
des 382,2051,45,21
Hangendgletschers, 438,2050,282,27
also 731,2050,56,20
des 802,2050,45,20
hellen 857,2049,85,21
Eises. 952,2048,83,21
<EOS>
Auf 83,2085,56,22
alle 153,2085,51,22
Fälle 219,2085,74,22
scheint 307,2084,104,23
die 425,2084,42,22
Trennung 476,2084,140,27
von 632,2088,51,17
Hangend- 696,2083,140,26
und 847,2082,52,22
Liegend- 909,2082,126,27
<EOS>
<EOP>
Phot. 1227,1100,67,18
<EOS>
A. 1307,1101,25,17
<EOS>
T. 1340,1100,25,18
<EOS>
R. 1372,1100,28,18
<EOS>
<EOP>
¦^jgüfe 544,2261,58,20
'¦_-¦'•-.?¦¦ 235,2266,76,21
<EOS>
.*¦¦ 481,2267,24,18
<EOS>
<EOP>
*• 576,2394,30,18
<EOS>
<EOP>
gm 676,2440,47,24
f 213,2531,31,39
1,:- 251,2531,26,11
<EOS>
<EOP>
r 401,2607,26,42
<EOS>
<EOP>
M 660,2735,22,17
-, 706,2740,18,12
<EOS>
<EOP>
*Ä 819,2819,54,50
M 888,2826,63,43
Abb. 91,2905,58,19
<EOS>
9. 157,2906,17,18
<EOS>
Vorgerückte 194,2905,157,22
Schneeabschmelze, 363,2904,237,21
«Büsserschnee». 607,2903,201,20
<EOS>
Phot. 837,2903,66,20
<EOS>
Helbling 912,2902,112,23
<EOS>
<EOP>
Gletscher 1446,141,136,22
eine 1621,141,56,21
wesentliche 1709,139,167,22
Voraus¬ 1907,139,112,20
setzung 1446,176,110,26
für 1576,175,45,21
die 1643,175,40,21
innere 1699,174,89,21
Disposition 1803,171,161,28
zu 1986,177,33,16
aussergewöhnlichem 1445,208,295,27
Vorstoss 1781,207,123,22
eines 1950,207,70,20
Gletschers 1446,243,150,22
zu 1611,247,32,16
sein. 1659,242,62,21
<EOS>
<EOP>
Wir 1490,284,56,21
konnten 1568,284,117,22
auf 1717,284,48,21
unsern 1789,287,98,17
Expedi¬ 1910,281,110,27
tionen 1446,318,88,22
von 1560,323,52,16
1910 1637,318,59,21
bis 1722,318,40,21
1912 1786,317,61,21
feststellen 1872,315,149,21
[R. 1449,352,43,25
<EOS>
Helbling, 1503,352,129,26
11], 1644,352,52,24
dass 1713,351,61,22
die 1789,351,41,21
Gletscher 1845,349,175,22
in 1447,387,27,19
diesem 1490,386,97,20
Teil 1602,385,56,21
der 1672,386,46,20
Anden 1733,384,92,22
allgemein 1842,383,179,26
in 1447,420,31,20
Abnahme 1494,419,169,21
begriffen 1685,418,134,27
waren. 1837,422,96,16
<EOS>
Nur 1964,417,57,20
in 1447,454,28,20
der 1497,454,46,20
Decke 1565,453,87,20
des 1679,453,44,20
hellen 1746,452,84,20
Eises 1851,450,75,21
eines 1950,450,71,22
vereinzelten 1446,483,176,22
Gletschers 1647,483,150,21
ist 1822,482,36,20
1910 1888,484,60,21
ein 1979,484,42,21
bedeutender 1445,516,228,22
Vorstoss 1718,516,159,22
erfolgt, 1916,518,103,26
nämlich 1448,551,114,20
im 1604,551,35,20
Hangendgletscher 1681,550,340,27
des 1448,586,54,20
Juncalgletschers, 1532,583,332,27
während 1895,585,124,21
im 1446,620,37,20
Gegensatz 1492,619,147,26
dazu 1647,618,68,20
der 1722,618,47,20
Liegendgletscher 1775,618,247,26
wie 1448,654,48,20
alle 1512,654,51,19
andern 1578,653,99,20
Gletscher 1692,652,137,20
in 1843,652,28,20
Abnahme 1885,653,136,20
begriffen 1447,687,132,27
war. 1585,691,63,16
<EOS>
Den 1659,687,57,19
damaligen 1722,686,149,26
Gletscher¬ 1876,687,146,21
stand 1448,721,79,22
zeigt 1556,721,71,26
Abb. 1652,720,66,21
<EOS>
11. 1734,720,36,20
<EOS>
Unsere 1802,720,100,21
Bilder, 1928,721,94,24
von 1448,760,51,16
denen 1525,755,82,21
natürlich 1631,754,132,21
nur 1790,759,50,15
eine 1861,754,57,21
kleine 1938,754,85,22
Auswahl 1449,789,125,21
veröffentlicht 1593,787,199,22
werden 1817,787,105,22
kann, 1944,788,78,25
sind 1448,823,59,21
die 1523,823,42,20
Dokumente 1581,821,163,21
dafür, 1760,821,85,25
dass 1862,821,62,21
dieser 1939,822,85,20
Vorstoss 1448,857,123,21
nicht 1587,856,73,21
vor 1670,861,47,16
März 1727,855,75,21
1910 1812,855,61,21
und 1887,856,54,20
nicht 1950,856,74,21
nach 1448,890,70,23
November 1526,890,148,22
1910 1686,890,59,20
stattgefunden 1761,889,201,26
hat 1976,890,48,21
jlffl 1446,910,70,45
Abb. 1528,925,65,20
<EOS>
11 1605,924,28,20
und 1650,924,53,20
12). 1718,924,52,24
<EOS>
<EOP>
Selbst 1494,965,88,22
die 1602,965,41,21
wenigen 1658,965,118,26
veröffentlichten 1792,966,232,23
Bilder 1449,1000,87,21
geben 1558,999,82,26
besser 1665,999,91,21
als 1781,1001,39,20
viele 1845,1002,67,20
Worte 1934,1000,90,21
Auskunft 1449,1033,137,22
über 1615,1033,64,21
Charakter 1704,1033,149,22
und 1876,1035,54,21
Aus- 1955,1035,67,19
mass 1449,1073,74,15
der 1553,1068,47,20
Eisbewegung. 1619,1066,199,28
<EOS>
Es 1854,1069,37,21
sei 1916,1068,39,22
nur 1974,1073,51,16
hervorgehoben, 1454,1101,216,27
dass 1687,1101,61,20
das 1764,1102,47,21
bis 1826,1102,41,22
März 1880,1102,75,22
1910 1966,1102,59,21
durch 1450,1135,82,21
Längs- 1556,1135,99,26
und 1685,1134,54,21
Quermoränen 1770,1135,195,27
in 1997,1135,27,21
einzelne 1074,1170,118,20
Bahnen 1218,1170,109,20
getrennte, 1356,1169,145,26
helle 1533,1168,66,21
Eis 1629,1168,47,21
nach 1701,1168,68,22
der 1799,1169,46,21
Bewegung 1875,1170,149,26
als 1075,1204,41,21
einheitliche 1145,1203,165,21
Decke 1340,1204,87,20
erscheint 1459,1202,130,22
vom 1619,1207,60,16
Ursprung 1709,1202,138,27
des 1879,1205,45,19
Glet¬ 1955,1203,69,21
schers 1075,1238,90,20
bis 1195,1237,39,21
zur 1260,1242,47,16
Stirnmoräne 1332,1237,179,22
der 1543,1237,46,19
Zungenspitze. 1618,1236,196,26
<EOS>
Die 1853,1238,49,20
Ueber- 1926,1238,98,21
schiebung 1076,1272,142,25
über 1247,1271,64,21
das 1341,1272,48,20
dunkle 1414,1271,96,20
Eis 1535,1270,47,20
und 1611,1270,53,19
die 1691,1270,41,20
damit 1758,1270,83,22
verbundene 1861,1271,163,21
Obermoränenschicht 1076,1305,296,21
ist 1394,1306,35,20
namentlich 1452,1303,160,22
im 1637,1303,36,21
Zungengebiet 1698,1304,195,27
und 1922,1306,52,20
an 1991,1310,33,15
der 1076,1339,46,21
Auflagerung 1141,1339,182,26
der 1350,1339,46,20
Nevado-Hängegletscher 1411,1337,451,26
eine 1884,1339,57,21
aus- 1964,1344,60,15
gespropkene. 1075,1364,181,40
<EOS>
Die 1275,1373,47,20
Ueberschiebungsbeträge 1331,1371,354,27
wechseln 1695,1372,130,21
von 1835,1378,51,15
rd. 1897,1372,38,21
<EOS>
500 1943,1372,45,22
m 1996,1378,27,15
bis 1076,1407,39,20
rd. 1134,1407,37,20
<EOS>
1000 1188,1406,59,21
m. 1263,1412,33,15
<EOS>
<EOP>
Es 1135,1449,37,20
war 1187,1454,55,15
im 1257,1449,36,19
Dezember 1309,1448,141,20
1910 1466,1447,60,21
nicht 1541,1446,74,21
mehr 1632,1446,73,21
feststellbar, 1719,1447,170,25
ob 1906,1448,32,20
diese 1954,1447,70,21
Ueberschiebung 1075,1483,230,25
Tage, 1314,1483,78,26
Wochen 1400,1481,115,21
oder 1524,1482,62,19
Monate 1593,1481,106,20
gedauert 1710,1482,128,25
hatte, 1847,1482,82,24
sicher 1939,1482,85,20
WÊm 1072,1508,63,33
nur, 1146,1521,57,20
dass 1219,1516,60,21
sich 1296,1516,55,21
die 1367,1516,41,20
Eisbewegung 1422,1516,188,25
innerhalb 1627,1515,136,21
eines 1779,1515,70,21
Zeitraumes 1864,1516,160,21
von 1077,1556,50,15
neun 1143,1555,69,16
Monaten 1231,1550,125,21
ereignet 1377,1549,117,27
haben 1513,1549,85,21
musste. 1618,1549,107,21
<EOS>
Diese 1750,1549,77,21
Feststellung 1847,1549,178,27
berechtigte 1078,1584,161,27
immerhin 1254,1584,139,20
zum 1408,1588,60,16
Schluss, 1484,1582,114,26
dass 1619,1583,62,21
der 1700,1582,46,22
Vorstoss 1761,1583,156,21
nicht 1932,1583,93,21
eine 1077,1619,72,21
normale 1170,1619,147,20
Gletscherschwankung 1337,1617,407,26
war, 1759,1622,62,21
dafür 1837,1617,78,21
ist 1930,1617,35,21
der 1980,1618,45,19
Betrag 1078,1653,97,25
der 1196,1653,44,19
Eisbewegung 1260,1652,190,26
zu 1470,1656,32,16
gross 1523,1655,76,22
und 1620,1651,52,20
deren 1694,1651,78,20
Dauer 1792,1652,88,20
zu 1900,1656,32,16
kurz. 1952,1651,72,20
<EOS>
Ebensowenig 1075,1687,191,25
liess 1289,1686,61,21
sich 1373,1686,56,20
der 1452,1685,46,21
Vorstoss 1521,1685,122,21
als 1666,1685,40,20
Lawine, 1731,1685,111,25
Firn- 1866,1685,75,20
oder 1964,1685,62,20
Gletscherabsturz 1078,1720,242,22
deuten. 1335,1720,102,20
<EOS>
Selbst 1459,1719,85,21
wenn 1558,1723,76,16
solche 1648,1719,89,20
vorgekommen 1752,1719,204,26
sein 1970,1719,55,20
sollten, 1078,1754,100,24
wären 1193,1753,90,22
deren 1297,1753,80,21
Massen 1392,1753,107,20
auf 1515,1753,46,20
alle 1576,1753,51,20
Fälle 1643,1752,72,21
viel 1731,1753,50,20
zu 1797,1758,32,15
klein 1844,1753,71,20
gegen¬ 1930,1758,95,21
über 1078,1788,62,20
der 1157,1787,45,21
Masse 1216,1787,89,21
des 1320,1787,46,21
in 1381,1787,27,20
Bewegung 1423,1786,150,26
geratenen 1588,1786,143,26
Eises. 1746,1786,82,21
<EOS>
<EOP>
Es 1138,1829,35,20
war 1189,1833,56,16
deshalb 1265,1828,105,20
schon 1393,1828,80,20
damals 1494,1828,101,20
gegeben, 1616,1827,123,26
diesen 1760,1827,89,21
Vorstoss 1869,1828,157,21
des 1080,1864,44,20
Juncalgletschers 1139,1862,315,26
auf 1470,1861,48,21
rasches 1532,1861,107,21
Abgleiten 1653,1860,139,27
der 1807,1862,45,20
obern 1863,1862,79,20
Firn- 1952,1862,74,20
und 1078,1897,53,21
Eisschichten 1141,1896,182,21
zurückzuführen 1331,1896,227,20
und 1565,1895,54,21
als 1626,1895,41,20
aussergewöhnliche 1677,1896,348,25
Gletscherschwankung 1080,1930,315,26
aufzufassen. 1411,1930,177,20
<EOS>
Die 1614,1929,48,20
Bewegung 1686,1930,149,25
erfolgte 1850,1929,112,27
mit 1977,1929,49,22
einer 1080,1964,71,21
Geschwindigkeit 1167,1963,238,27
von 1419,1968,52,17
im 1486,1963,36,21
Minimum 1537,1963,138,21
1 1691,1963,13,20
bis 1720,1963,39,20
3 1775,1963,14,21
m 1805,1968,27,16
im 1847,1963,36,21
Tag. 1898,1963,63,26
<EOS>
<EOP>
Bilder 1139,2009,88,21
des 1249,2009,46,21
Juncalgletschers 1317,2008,240,27
und 1579,2007,53,22
des 1654,2007,44,22
Plomogletschers 1717,2007,237,27
von 1976,2013,52,16
1934 1080,2043,60,21
zeigen 1154,2043,91,27
deutlich, 1261,2043,121,25
dass 1401,2043,62,20
gegenüber 1483,2041,148,27
1912 1646,2041,58,21
eine 1720,2041,57,21
sehr 1792,2041,61,21
starke 1869,2042,89,21
Ab¬ 1974,2043,52,20
nahme 1080,2078,95,21
eingetreten 1190,2077,163,26
ist. 1368,2077,43,21
<EOS>
Plomo- 1433,2077,125,20
und 1580,2076,52,20
Juncalgletscher 1653,2076,294,26
sind 1969,2077,57,20
bis 1078,2112,40,21
2 1134,2112,14,21
knv.Äurückgewichenjl 1163,2104,312,33
<EOS>
und 1485,2110,54,21
haben 1560,2110,84,20
nicht 1663,2109,73,22
mehr 1756,2110,74,20
ein 1850,2109,42,22
gemein¬ 1913,2111,114,25
sames 1075,2151,88,16
Zungenbecken, 1178,2145,212,27
sie 1408,2145,37,20
sind 1461,2145,58,20
vollständig 1530,2143,161,27
voneinander 1705,2144,175,21
getrennt. 1896,2145,131,26
<EOS>
Der 1075,2180,54,20
Juncalgletscher 1143,2178,298,28
hat 1463,2178,47,21
sich 1526,2178,57,21
ganz 1599,2182,68,22
in 1681,2178,28,20
das 1725,2178,47,20
Juncaltal 1788,2178,175,21
zu¬ 1982,2184,44,15
rückgezogen 1075,2213,182,27
und 1272,2212,53,22
vereinigt 1335,2211,129,28
sich 1478,2211,58,22
nicht 1549,2211,75,22
mehr 1638,2211,75,21
mit 1729,2211,48,21
dem 1792,2211,61,22
südlichsten 1868,2211,160,23
Nevado-Hängegletscher; 1076,2246,458,26
Abb. 1569,2245,63,21
<EOS>
3 1648,2245,14,22
gibt 1690,2245,58,27
diesen 1770,2245,88,22
Gletscher¬ 1880,2245,146,22
stand 1078,2281,78,22
wieder. 1171,2280,102,21
<EOS>
<EOP>
Im 1135,2322,40,21
gleichen 1190,2322,119,27
Zeitraum 1324,2322,133,20
von 1472,2326,52,16
'1912 1534,2321,65,21
bis 1614,2321,40,21
1934 1676,2321,61,21
erfolgte 1756,2321,113,27
nun 1889,2326,54,16
aber 1964,2322,62,20
der 1076,2358,45,19
grosse 1136,2361,90,22
Vorstoss 1241,2355,159,22
des 1416,2355,56,22
Nevadogletschers. 1488,2355,346,27
<EOS>
Im 1853,2355,39,21
Sommer 1909,2355,120,22
1911/12 1075,2386,99,30
zeigte 1190,2385,86,27
die 1292,2387,40,19
Nevadogletscherzunge 1349,2386,321,25
noch 1689,2385,68,21
deutliche 1772,2385,128,22
Zeichen 1916,2385,110,22
des 1076,2421,45,20
Zerfalls. 1144,2419,118,22
<EOS>
Eine 1293,2420,64,20
normale 1383,2420,117,20
Vorstossperiode 1523,2418,230,27
könnte 1776,2419,99,21
demnach 1900,2419,129,22
frühestens 1075,2454,150,21
1913 1240,2453,60,21
ihren 1316,2453,74,21
Anfang 1405,2453,109,26
genommen 1530,2458,155,20
haben. 1700,2453,92,20
<EOS>
Daraus 1819,2454,105,21
würde 1939,2453,89,21
sich 1075,2488,56,21
ein 1142,2487,42,22
mittleres 1194,2487,129,22
jährliches 1337,2487,142,26
Vorrücken 1491,2487,152,21
von 1653,2492,51,16
50 1715,2486,30,22
bis 1759,2487,41,21
100 1812,2487,44,21
m 1866,2492,27,16
ergeben, 1909,2487,118,27
das 1076,2522,47,21
maximal 1139,2521,127,22
auch 1280,2521,68,21
auf 1357,2521,48,21
100 1420,2521,45,21
bis 1480,2521,40,21
200 1535,2521,45,21
m 1591,2526,26,15
gestiegen 1633,2521,136,26
sein 1779,2522,57,20
könnte, 1846,2521,104,24
ohne 1962,2521,66,21
damit 1076,2555,82,21
auffallend 1166,2554,146,22
hohe 1322,2554,68,22
Beträge 1401,2554,115,27
erreicht 1527,2554,113,22
zu 1650,2559,31,16
haben. 1692,2554,92,22
<EOS>
Aber 1796,2554,71,22
ein 1874,2554,43,22
solcher 1926,2554,102,22
normaler, 1075,2589,139,25
langdauernder 1230,2588,209,27
Vorstoss 1449,2589,125,20
eines 1590,2588,70,22
einzelnen 1676,2588,133,21
Gletschers 1820,2588,149,22
um 1984,2593,45,16
1 1076,2624,14,20
bis 1106,2623,40,21
2 1161,2623,14,21
km 1186,2622,45,21
ist 1246,2622,37,21
wenig 1298,2622,86,27
wahrscheinlich 1394,2622,216,22
bei 1625,2623,41,20
gleichzeitigem 1682,2622,209,27
Rückzug 1902,2622,127,27
aller 1076,2658,65,21
übrigen 1167,2656,109,27
Gletscher 1306,2656,137,22
um 1468,2661,44,16
gleiche 1534,2657,99,25
Beträge. 1659,2656,119,27
<EOS>
Photogramme- 1815,2656,214,26
trische 1075,2691,99,22
Aufnahmen 1190,2690,168,22
von 1373,2696,51,16
etwa 1440,2691,68,21
1930 1523,2690,59,22
haben 1598,2690,85,22
bestätigt, 1698,2690,135,27
dass 1850,2691,61,20
damals 1928,2691,101,20
noch 1075,2725,69,22
kein 1154,2725,60,21
Eis 1225,2725,46,21
auf 1282,2725,47,21
dem 1336,2725,59,21
trockenen 1404,2725,144,21
Moränenvorfeld 1555,2724,228,22
lag, 1794,2724,52,27
der 1855,2724,46,21
Nevado¬ 1909,2724,120,22
gletscher 1074,2758,134,28
nicht 1223,2758,74,22
über 1311,2758,64,22
die 1389,2758,42,22
Mündung 1446,2758,137,27
des 1604,2758,46,21
Nevadotales 1665,2758,177,22
hinausragte 1857,2758,172,26
und 1076,2793,53,22
der 1145,2792,45,22
spätere 1211,2792,104,27
Stauraum 1336,2792,143,22
noch 1499,2791,68,22
vollständig 1587,2791,161,28
trocken 1767,2792,111,21
war. 1893,2797,62,16
<EOS>
Die 1980,2792,49,21
daraus 1077,2828,96,20
sich 1190,2826,56,22
ergebende 1262,2827,143,27
so 1422,2831,28,16
kurze 1466,2827,80,20
zeitliche 1562,2827,118,20
Beschränkung 1692,2825,207,28
des 1909,2826,45,21
Ver¬ 1964,2826,65,21
stosses 1077,2862,98,21
verbietet 1181,2861,127,21
es, 1316,2866,34,19
den 1358,2861,49,21
Nevadovorstoss 1413,2860,226,22
als 1649,2861,38,20
eine 1697,2860,57,21
normale 1759,2860,117,21
Gletscher¬ 1883,2859,146,23
schwankung 1080,2895,180,27
aufzufassen. 1275,2895,179,22
<EOS>
<EOS>
<EOP>
