2229,2995
BAND 92,72,99,26
115 213,69,64,32
NR. 310,76,57,25
<EOS>
11 389,73,39,29
16. 1746,87,52,32
<EOS>
MÄRZ 1816,94,105,25
1940 1940,90,87,31
<EOS>
<EOP>
SCHWEIZERISCHE 173,129,992,144
BAUZËITUNG 1223,138,718,140
WOCHENSCHRIFT 106,304,404,31
FÜR 529,306,88,29
ARCHITEKTUR 634,306,336,33
/ 988,310,10,36
INGENIEURWESEN 1016,312,439,31
/ 1474,314,13,35
MASCHINENTECHNIK 1508,314,505,33
<EOS>
<EOP>
REVUE 586,357,201,39
POLYTECHNIQUE 815,359,507,51
SUISSE 1350,363,193,38
ORGAN 414,411,126,26
DES 555,413,65,26
SCHWEIZERISCHEN 635,413,329,29
INGENIEUR. 978,418,209,26
<EOS>
UND 1202,420,76,24
ARCHITEKTEN-VEREINS 1294,419,409,28
UND 330,446,75,24
DER 421,446,70,25
GESELLSCHAFT 507,446,254,26
EHEMAL. 776,449,152,25
<EOS>
STUDIERENDER 944,450,263,28
DER 1222,453,71,25
EIDG. 1307,453,91,25
<EOS>
TECHN. 1414,453,123,25
<EOS>
HOCHSCHULE 1553,456,232,25
GEGRÜNDET 367,486,212,26
1883 589,489,58,24
VON 661,489,80,25
ING. 755,489,71,25
<EOS>
A. 834,490,32,24
<EOS>
WALDNER 875,491,177,26
/ 1067,492,10,30
HERAUSGEGEBEN 1091,493,299,27
VON 1398,494,80,25
TNG. 1493,494,70,26
<EOS>
C. 1575,496,27,25
<EOS>
JEGHER 1614,497,133,25
Vereins-MitglieJer, 104,571,244,32
leim 362,573,58,25
Verlag: 429,574,97,31
Sdrweiz 538,575,94,25
32 643,577,30,23
Fr., 682,577,43,28
<EOS>
Aasland 102,605,103,24
40 220,608,30,22
Fr. 257,606,35,24
<EOS>
jänrl.j 303,606,76,32
<EOS>
Nicbt-Mitglieder 395,607,212,32
: 612,619,5,15
S<Weiz 630,610,94,26
40 101,638,30,22
Fr.; 146,638,46,28
<EOS>
Aujlancl 223,639,105,25
50 346,641,31,24
Fr., 392,641,44,28
<EOS>
po«tamtli<n 450,642,137,31
abonniert 607,643,116,25
40 99,671,31,23
Fr. 144,671,35,24
<EOS>
»ozügliA 195,672,111,32
Gebübxen. 323,673,128,26
<EOS>
/ 477,676,11,28
Einzel-Nr. 505,675,137,25
<EOS>
1 664,678,9,23
Fr. 687,676,35,26
<EOS>
<EOP>
VERLAG 775,578,139,26
C. 936,579,27,26
<EOS>
& 976,583,23,22
W. 1008,582,41,23
<EOS>
JEGHER, 1058,582,141,28
ZÜRICH 1212,582,128,25
Anzeigen 1390,583,118,31
«fori 1526,583,66,24
GUGGENBÜHL 1608,583,237,26
& 1856,586,23,22
HUBER, 1889,585,123,29
Dianajtraue 821,612,154,26
5 985,616,14,22
/ 1014,614,10,29
PortàeA 1039,615,115,24
VUJ 1162,616,63,24
6110 1234,616,61,24
Züria, 1391,616,88,27
Hir«nengraben 1491,616,190,32
20, 1693,618,36,26
PorfAeA 1740,617,115,25
VIII 1859,618,63,25
26415, 1930,619,81,28
Telepnon: 820,646,126,31
34507 961,649,75,23
¦ 1063,657,11,13
In 1102,649,27,24
Kommission 1144,649,150,24
Telepnon 1390,649,117,32
27816 1517,651,74,24
/ 1616,651,10,27
Der 1651,651,48,24
Anzeigen-Preis 1714,651,194,31
beträgt 1924,650,87,33
bei 820,678,36,25
Raseber 870,680,94,24
& 975,682,23,23
Cie., 1009,682,57,28
<EOS>
Züricb 1080,682,81,25
o. 1171,693,22,14
<EOS>
Leipzig 1204,683,91,32
pro 1391,694,41,20
ganze 1453,694,68,21
Seite 1542,683,62,25
240 1623,685,45,23
Fr., 1684,684,42,28
<EOS>
Rabatte 1753,684,97,25
nacb 1876,685,52,24
Tarif 1948,686,64,24
<EOS>
<EOP>
Aufzuge 105,790,840,275
Lerch 996,802,525,247
Briefe, 1550,826,131,57
Speisen, 1691,828,172,59
Waren 1867,831,130,48
<EOS>
<EOP>
erstellt 1548,887,75,19
Aug. 1548,914,122,94
<EOS>
Lerch, 1681,915,153,93
ZUrich 1844,918,151,81
Oetinbiehftsii 1548,1015,189,40
S 1748,1018,15,32
M: 1833,1019,54,33
33.000 1905,1020,91,33
<EOS>
WILD 91,1132,508,109
HEERBRUGG 130,1261,430,47
<EOS>
<EOP>
Nivellier-lnstrument 623,1223,590,54
li 1245,1230,28,46
mit 621,1299,53,29
oder 689,1300,80,29
ohne 784,1300,84,31
Horizontalkreis 886,1302,267,32
<EOS>
<EOP>
Erreichte 103,1437,105,20
Genauigkeit 223,1439,141,24
+ 377,1442,21,16
2,5 408,1442,31,20
mm 449,1446,39,14
auf 503,1443,35,18
1 550,1444,7,17
km 571,1443,32,18
Nivellierstrecke 102,1464,185,21
bei 309,1467,32,18
einfacher 364,1468,112,18
Messung 498,1468,103,24
Verwendungen 102,1531,177,25
bei 308,1534,32,19
Landesnivellement, 367,1535,235,24
$ 653,1539,12,24
Strassenbau, 102,1557,155,25
Brückenbau, 268,1560,149,24
Eisenbahnbau, 428,1561,174,25
Tunnelbau, 101,1584,131,25
Wasserbau 247,1588,133,19
u. 395,1594,19,13
<EOS>
s. 426,1594,17,13
<EOS>
w. 455,1594,23,13
<EOS>
<EOP>
Verlangen 102,1652,120,25
Sie 234,1654,34,19
ganz 283,1660,53,18
unverbindlich 352,1657,161,19
Druck¬ 526,1658,76,18
schriften 101,1681,101,17
und 218,1682,41,17
Preislisten 275,1681,123,21
<EOS>
<EOP>
' 924,1422,1,2
<EOS>
<EOP>
-i 953,1426,7,7
»Sii 968,1419,45,19
¦'.'-:'-.« 1024,1422,57,12
<EOS>
(->„:¦. 1093,1425,46,11
<EOS>
<EOP>
:-":li:iC-::*.'ty:Vr><~ 1718,1713,167,16
<EOS>
Verkaufs-Aktiengesellschaft 97,1733,619,47
Heinrich 748,1742,180,34
Wild's 955,1744,133,35
geodätische 1114,1748,269,40
Instrumente 1410,1748,257,37
Heerbru 1698,1751,220,37
99 1930,1764,59,33
BERCHTOLD 122,1864,437,109
& 589,1868,61,108
CO. 684,1868,119,112
<EOS>
THALWIL 119,2000,342,108
TEL. 478,2080,100,27
<EOS>
920.501 599,2082,198,26
<EOS>
U 848,2074,25,32
<EOS>
<EOP>
HEIZUNG 1074,1875,883,116
WARMWASSER 1178,2010,442,33
/ 1641,2014,25,29
LÜFTUNG 1690,2014,273,33
PROJEKTE 1179,2063,194,20
UND 1400,2064,77,19
BERATUNG 1504,2065,204,21
KOSTENLOS 1738,2068,225,21
BESTE 1179,2094,119,18
REFERENZEN 1317,2093,246,21
<EOS>
<EOP>
/: 193,2215,66,41
mymyy-: 306,2188,256,61
l 589,2210,12,35
y 91,2271,20,13
<EOS>
<EOP>
: 151,2267,1,5
.•"•'•?¦¦ 197,2264,49,23
<EOS>
^:: 260,2267,19,19
^ 291,2281,2,2
<EOS>
<EOP>
' 308,2265,2,2
<EOS>
<EOP>
^ 335,2272,2,2
,: 417,2266,11,24
;. 457,2267,17,22
<EOS>
¦..•;¦••-"':':mm:' 504,2262,178,27
<EOS>
—WALO-BERTSCHINGEI^- 1025,2246,920,52
"^ä 252,2362,80,34
^k'm^^ 80,2390,186,45
**%, 335,2386,49,27
<EOS>
<EOP>
: 323,2422,3,17
;,:-.','¦. 345,2419,61,22
<EOS>
^.. 421,2429,15,9
<EOS>
<EOP>
"^ 456,2420,19,8
'-Oh.'.' 489,2421,76,18
<EOS>
-v 322,2460,12,7
¦.."¦¦:':.:.::. 368,2456,181,11
<EOS>
-y 558,2458,11,9
<EOS>
<EOP>
Zonen 1558,2465,79,39
ßbteflung 1558,2517,112,43
Geeisedaii 1683,2519,132,40
yyy-ym: 456,2528,68,12
Proiehi 1558,2571,81,42
mmmmmmmmmm 85,2637,445,39
<EOS>
<EOP>
: 981,2599,1,6
yym 620,2597,95,24
** 689,2621,34,22
nonstruhtionsuierh 1556,2624,246,40
<EOS>
<EOP>
statte 1556,2678,66,36
und 1651,2678,41,38
: 524,2703,2,9
îiSiî 112,2705,106,18
w»i*w^^ 173,2726,298,45
Lager 1554,2729,72,42
<EOS>
<EOP>
m 523,2790,54,40
¦f. 510,2791,32,20
<EOS>
<EOP>
SS 864,2802,33,24
: 111,2828,2,8
<EOS>
<EOP>
