2254,2981
9. 86,74,21,21
<EOS>
März 124,73,73,21
1940 215,73,61,21
SCHWEIZERISCHE 783,72,297,22
BAUZBÌa?UNG 1098,68,219,26
<EOS>
119 1979,71,45,21
<EOS>
<EOP>
I. 139,126,19,20
<EOS>
Preis 174,125,75,21
(2800 267,125,73,25
Fr.) 355,125,55,25
<EOS>
Karl 430,126,65,20
Fülscher, 511,125,131,26
Arch., 659,126,85,24
<EOS>
Amriswil. 760,125,142,21
<EOS>
H. 125,160,33,20
<EOS>
Preis 174,159,74,21
(2400 267,159,73,24
Fr.) 356,159,55,25
<EOS>
Hans 430,160,74,19
Hohloch, 520,160,124,24
Arch.,|Winterthur. 660,156,271,37
<EOS>
HI. 115,193,45,21
<EOS>
Preis 177,193,74,20
(1600 270,193,72,25
Fr.) 357,193,55,25
<EOS>
Kellermüller 433,193,182,20
& 631,194,21,20
Hofmann, 669,194,140,23
Arch., 826,193,84,25
<EOS>
W'thur. 925,192,107,21
<EOS>
IV. 114,228,43,20
<EOS>
Preis 174,227,72,20
(1200 266,227,72,24
Fr.) 354,227,54,24
<EOS>
Hans 428,227,74,21
Steiner, 516,227,111,24
Arch., 645,228,85,23
<EOS>
Winterth||||l 747,213,202,47
V. 126,261,30,21
<EOS>
Preis 172,261,73,21
(1000 264,261,72,24
Fr.) 351,261,56,24
<EOS>
Werner 428,261,105,20
Schoch, 549,262,107,24
Arch., 673,261,86,24
<EOS>
Winteffliur. 773,258,168,23
<EOS>
Ferner 146,303,99,20
hat 259,302,47,21
das 317,303,48,20
Preisgericht 376,302,178,27
folgende 568,303,122,26
Entwürfe 700,302,137,21
zu 853,306,31,16
je 895,302,25,26
500 931,301,45,22
Fr. 986,302,46,20
<EOS>
zum 85,341,60,16
Ankauf 160,336,110,24
empfohlen 284,336,149,26
: 442,342,8,15
<EOS>
<EOP>
1. 115,370,20,20
<EOS>
Franz 152,370,85,21
Scheibler, 253,370,140,26
Architekt, 410,371,146,24
Winterthur. 573,370,170,21
<EOS>
2. 113,404,22,21
<EOS>
Kasimir 152,404,116,21
Kaczorowski, 283,405,193,24
Architekt, 492,404,147,24
WinterthulSiJE 655,395,207,40
3. 114,438,21,21
<EOS>
Hans 152,439,74,20
Ninck, 241,439,94,24
Architekt, 351,439,149,23
Winterthur. 516,438,170,21
<EOS>
4. 115,472,21,21
<EOS>
J. 152,472,23,21
<EOS>
Wildermuth, 186,472,181,25
Architekt, 390,472,146,24
in 560,472,26,20
Fa. 609,472,45,20
<EOS>
Wildermuth 665,471,173,21
& 856,472,20,19
Bosshard, 894,471,139,25
Winterthur. 154,506,170,21
<EOS>
Die 145,540,48,20
Wettbewerbsentwürfe 207,539,319,22
werden 548,539,103,21
zur 675,544,46,16
freien 743,539,85,20
Besichtigung 844,539,190,27
ab 86,574,33,20
Mittwoch 135,574,138,21
den 295,574,50,20
6. 367,574,22,20
<EOS>
März 405,573,73,21
bis 501,573,40,21
Ostermontag 557,573,187,26
den 768,573,50,21
25. 833,573,36,21
<EOS>
März 881,573,74,20
1940 973,573,60,21
im 86,607,36,20
Gewerbemuseum 138,607,242,21
am 404,612,43,15
Kirchplatz 466,606,153,26
in 639,607,27,20
Winterthur 682,606,164,21
ausgestellt 866,607,156,25
: 1030,612,5,15
werktags 86,641,135,26
14 236,642,30,20
bis 280,641,41,21
17 341,641,30,21
h, 386,641,25,24
sonntags 434,641,126,26
10 585,641,29,20
bis 634,641,41,20
12 696,641,30,20
h 741,641,18,20
und 781,641,52,20
14 864,641,30,20
bis 908,641,41,20
16 965,641,30,20
h, 1010,641,24,24
Karfreitag 87,675,154,26
und 261,675,52,20
Ostersonntag 329,675,193,26
geschlossen. 537,675,175,26
<EOS>
<EOP>
Kantonales 146,724,162,20
Verwaltungsgebäude 320,723,304,26
in 638,724,27,20
Glarus 681,723,96,21
(Bd. 797,724,57,24
<EOS>
114, 866,724,51,24
S. 929,724,25,21
<EOS>
264). 965,724,70,24
<EOS>
Unter 86,758,83,20
zehn 185,758,66,20
eingegangenen 266,758,214,25
Entwürfen 495,757,156,21
hat 670,758,47,20
das 732,758,48,20
Preisgericht 795,758,176,26
fol¬ 986,758,49,20
genden 86,792,100,25
Entscheid 202,792,144,21
gefällt: 360,792,107,26
1. 86,826,21,20
<EOS>
Rang 123,826,77,26
(1500 218,825,73,24
Fr.): 306,826,66,24
<EOS>
J. 387,826,24,20
<EOS>
Griesemer, 423,826,154,24
Arch., 594,826,85,24
<EOS>
Glarus. 696,826,101,21
<EOS>
2. 85,859,21,21
<EOS>
Rang 122,859,78,27
(1200 218,859,72,24
Fr.): 306,859,65,24
<EOS>
D. 388,860,29,20
<EOS>
Aebli, 431,859,81,24
Dipl. 530,859,67,26
<EOS>
Arch. 610,859,76,21
<EOS>
S. 704,859,24,21
<EOS>
I. 738,860,19,19
<EOS>
A., 767,860,37,24
<EOS>
Glarus. 822,859,102,21
<EOS>
3. 86,893,22,21
<EOS>
Rang 124,893,77,26
900 247,893,44,21
Fr.): 307,893,66,25
<EOS>
J.Graf, 389,893,107,25
<EOS>
Dipl. 512,893,67,26
<EOS>
Arch. 591,893,79,21
<EOS>
S. 686,893,24,20
<EOS>
I. 721,893,18,20
<EOS>
A., 748,894,38,23
<EOS>
Niederurnen. 804,893,185,21
<EOS>
4. 86,927,22,20
<EOS>
Rang 123,927,78,26
800 246,927,45,20
Fr.): 306,927,66,25
<EOS>
H. 388,927,31,20
<EOS>
Lampe, 430,927,104,26
Arch., 551,926,85,26
<EOS>
Näfels. 653,926,100,21
<EOS>
5. 86,961,22,20
<EOS>
Rang 124,961,77,26
600 247,961,45,21
Fr.): 307,961,66,24
<EOS>
stud. 389,961,67,20
<EOS>
W. 473,961,38,19
<EOS>
Hauser, 522,961,110,23
Näfels. 649,961,100,19
<EOS>
<EOP>
LITERATUR 146,1052,253,32
Taschenbuch 150,1107,184,21
der 351,1107,45,20
Stadt-Entwässerung. 411,1107,299,26
<EOS>
Von 737,1107,55,21
Dr. 810,1107,43,20
<EOS>
Ing. 872,1107,54,26
<EOS>
Karl 947,1107,86,20
Im 88,1137,47,20
hoff. 144,1137,87,20
<EOS>
8. 267,1137,21,20
<EOS>
Aufl., 308,1137,78,25
<EOS>
252 406,1137,45,20
Seiten 472,1137,87,21
mit 577,1137,50,21
78 645,1137,29,20
Bildern 694,1137,104,20
und 815,1137,52,20
llffafeln. 886,1126,145,35
<EOS>
München 88,1167,127,21
und 240,1168,52,20
Berlin 318,1167,87,21
1939, 430,1167,68,25
Verlag 513,1167,96,27
R. 633,1168,30,20
<EOS>
Oldenbourg. 682,1167,170,26
<EOS>
Preis 886,1167,72,21
geb. 976,1167,56,26
<EOS>
Fr. 88,1197,42,21
<EOS>
9,10. 146,1197,62,26
<EOS>
<EOP>
Die 151,1228,46,20
rasche 224,1228,90,21
Entwicklung 338,1228,182,26
auf 544,1229,48,20
dem 616,1229,58,20
Gebiete 692,1228,104,21
der 821,1229,45,20
Abwasser- 883,1228,149,21
Beseitigung 89,1257,168,27
und 271,1258,52,20
-Reinigung 336,1258,156,26
machte 506,1259,103,19
schon 625,1258,79,21
nach 716,1258,67,20
drei 798,1258,51,20
Jahren 866,1258,97,20
eine 978,1258,54,20
Neuauflage 88,1288,163,26
des 267,1289,45,20
bekannten 325,1288,147,21
Werkes 487,1289,107,20
nötig, 610,1288,80,26
das 704,1289,46,20
in 766,1288,27,21
gefälligem 808,1288,148,26
Ein¬ 973,1288,59,20
band 87,1318,70,21
und 174,1318,53,21
handlichem 244,1318,161,21
Format 424,1318,109,21
mit 549,1318,50,21
etaer 617,1318,70,21
Vergrösserung 704,1318,210,27
von 931,1323,51,16
50 1002,1317,30,21
Seiten 89,1348,88,22
und 192,1349,53,20
20 259,1349,30,20
Abbildungen 304,1349,179,25
erschienen 499,1349,148,21
ist. 662,1349,42,20
<EOS>
Die 736,1349,46,20
ersten 798,1349,88,21
45 901,1349,29,20
Seiten 947,1349,86,20
sind 89,1378,57,22
der 165,1379,46,21
Stadt-Entwässerung 226,1378,290,27
gewidmet, 536,1378,143,27
während 698,1378,122,22
der 837,1378,44,22
Hauptteil 899,1378,135,27
die 90,1409,40,21
Abwasserfragen 149,1409,233,25
behandelt. 400,1408,144,22
<EOS>
Das 579,1409,53,21
ganze 651,1414,81,21
Buch 752,1409,72,20
hat 842,1409,47,21
eine 908,1409,55,20
ein¬ 982,1408,52,21
gehende 89,1439,115,26
Ueberarbeitung 221,1438,222,27
und 460,1439,51,21
Ergänzung 529,1439,158,26
erfahren. 704,1438,127,22
<EOS>
Zeitraubende 849,1438,185,22
theoretische 89,1469,173,21
Erörterungen 278,1469,194,26
und 486,1469,52,20
schwierige 553,1469,150,26
Formeta 720,1469,120,21
sind 855,1469,57,21
vermie¬ 926,1469,107,20
den, 90,1499,55,25
dafür 172,1499,78,21
aber 270,1499,63,21
praktische 358,1499,149,27
Erfahrungszahlen 525,1499,255,26
angegeben, 804,1499,155,26
die, 986,1499,47,24
richtig 88,1529,96,26
interpretiert 202,1529,176,26
und 396,1530,53,20
unseren 467,1534,110,16
schweizerischen 596,1529,226,21
Verhältnissen 839,1528,196,22
angepasst, 86,1560,149,26
ebensogute 255,1560,154,26
Dienste 429,1560,105,21
leisten. 553,1560,98,21
<EOS>
So 686,1560,34,21
ist 733,1560,37,21
z. 787,1565,22,16
<EOS>
B. 828,1560,27,20
<EOS>
zu 875,1565,31,15
berück¬ 925,1559,106,21
sichtigen, 88,1590,135,26
dass 242,1590,62,21
der 323,1590,44,21
Wasserverbrauch 386,1590,247,21
und 651,1590,53,20
damit 722,1590,81,20
der 823,1590,46,20
Abwasser¬ 883,1590,149,20
anfall 90,1620,82,21
In 188,1621,27,21
der 231,1621,46,20
Schweiz 292,1620,114,22
bedeutend 421,1621,142,20
grösser 580,1621,103,25
ist 699,1621,35,21
als 749,1620,40,21
in 804,1620,27,21
Deutschland; 847,1620,185,24
die 90,1651,40,21
angegebenen 146,1651,183,25
Zahlen 343,1650,96,21
für 461,1650,45,21
die 529,1650,40,21
Bemessung 588,1651,159,25
beispielsweise 769,1649,196,27
der 990,1649,45,21
Faulbehälter 91,1680,182,22
können 288,1681,102,21
daher 411,1681,79,21
nicht 510,1681,70,20
einfach 600,1681,104,21
übernommen 722,1681,184,20
werden. 925,1680,109,21
<EOS>
Ausserdem 90,1711,157,21
spielen 265,1710,97,27
bei 389,1711,39,20
uns 445,1716,49,15
die 519,1711,41,20
veränderten 577,1711,171,20
klimatischen 774,1709,182,22
Ver¬ 973,1710,61,21
hältnisse 90,1742,127,20
und 231,1741,53,21
Temperaturen 298,1741,202,27
eine 515,1741,55,21
Rolle. 586,1741,78,20
<EOS>
<EOP>
Die 154,1772,46,20
neueren 219,1776,111,16
Verfahren 349,1771,144,21
und 513,1771,52,21
Erfahrungen 584,1770,183,27
auf 786,1770,46,21
dem 852,1770,58,21
Gebiete 930,1770,105,21
der 90,1802,45,21
Abwasserbeseitigung 149,1801,301,26
sind 467,1801,57,21
fast 539,1801,56,21
lückenlos 611,1800,132,21
angegeben 759,1801,149,25
und 924,1800,51,20
be¬ 992,1799,42,21
schrieben, 88,1831,141,25
darunter 254,1831,125,21
auch 401,1831,68,21
die 492,1830,41,22
englischen 557,1830,148,27
und 728,1830,52,21
amerikanischen. 803,1830,231,21
<EOS>
Durchgeführte 88,1861,209,27
Berechnungsbeispiele 323,1860,304,27
ergänzen 653,1860,127,26
den 805,1861,48,20
Text. 881,1859,72,21
<EOS>
Die 986,1859,48,21
äusserst 88,1891,118,22
knappe 231,1892,103,27
und 359,1891,52,22
klare 437,1891,74,21
Sprache, 530,1891,119,27
sowie 676,1891,78,21
die 781,1891,39,21
beigegebenen 846,1891,188,25
Tafeln 89,1922,92,22
und 202,1922,51,21
übersichtlichen 273,1921,215,22
Tabellen 509,1920,120,22
und 649,1921,51,20
Abbildungen 716,1920,180,26
sind 917,1919,57,22
be¬ 992,1920,42,21
sonders 90,1953,106,21
hervorzuheben. 222,1952,214,22
<EOS>
Auf 471,1952,54,21
kleinstem 549,1951,138,21
Raum 705,1952,84,20
wird 806,1951,65,20
eine 889,1950,56,21
Fülle 963,1949,72,21
Wissenswertes 89,1983,209,21
geboten. 316,1982,117,26
<EOS>
Das 460,1982,54,21
bereits 529,1981,97,22
klassisch 643,1981,128,21
gewordene 787,1980,150,27
Hilfs¬ 954,1980,81,21
buch, 90,2013,72,25
das 189,2013,47,22
wir 261,2013,46,21
die 340,2013,40,21
«Hütte 406,2012,96,22
des 527,2012,46,21
Abwasser-Ingenieurs» 595,2011,315,25
nennen 936,2014,99,17
möchten, 89,2043,126,25
ist 236,2043,36,21
für 291,2043,45,21
den 355,2043,49,21
Fachmann 424,2043,152,20
unentbehrlich 595,2040,195,23
geworden, 809,2040,144,27
aber 973,2040,62,21
auch 89,2074,67,22
Behörden 168,2073,135,22
und 316,2073,52,22
sonstige 382,2073,117,26
Interessenten 511,2072,192,22
werden 715,2072,101,21
es 831,2077,28,15
mit 870,2071,49,20
Nutzen 933,2070,102,21
zu 88,2110,32,14
Rate 137,2104,67,21
ziehen. 219,2104,97,21
<EOS>
Dem 345,2104,66,20
Werk, 428,2103,85,25
das 530,2103,47,21
bereits 599,2102,98,21
in 720,2102,26,21
mehrere 770,2101,117,22
Sprachen 904,2101,131,27
übersetzt 89,2134,131,22
wurde, 237,2134,95,25
ist 351,2134,35,21
weiteste 403,2133,118,22
Verbreitung 538,2133,172,26
zu 728,2138,31,15
wünschen. 776,2131,147,22
<EOS>
<EOP>
P. 858,2162,28,21
<EOS>
Zigerli. 902,2161,100,26
<EOS>
Graphische 151,2205,158,27
Methoden 344,2206,138,20
zur 518,2210,46,16
Lösung 599,2205,105,25
von 738,2209,51,16
Wechselstrom¬ 824,2203,211,22
problemen. 87,2235,155,26
<EOS>
Von 279,2235,55,22
Albert 353,2236,130,20
von 504,2241,66,15
Brunn. 590,2235,127,21
<EOS>
Basel 754,2234,77,21
1938, 851,2233,68,25
Verlag 940,2232,95,26
Benno 89,2267,86,20
Schwabe 195,2266,122,22
& 334,2266,22,21
Co. 373,2266,43,22
<EOS>
243 449,2265,46,23
Seiten. 513,2265,94,22
<EOS>
Preis 626,2265,72,21
geb. 715,2265,55,26
<EOS>
18 791,2264,29,20
Fr. 835,2265,41,19
<EOS>
<EOP>
Der 151,2296,52,21
Inhalt 221,2296,86,21
des 334,2297,45,20
vorliegenden 405,2296,181,26
Buches, 605,2295,106,26
des 740,2294,45,22
Erstlingswerkes 804,2294,231,26
des 88,2327,45,21
durch 148,2327,80,21
seine 244,2327,70,21
technischen 329,2327,167,21
Aufsätze 511,2326,127,22
wohlbekannten 654,2325,215,21
Ingenieurs 885,2323,150,27
der 89,2356,45,21
M. 144,2357,35,20
<EOS>
F. 188,2356,29,22
<EOS>
O., 226,2356,36,25
<EOS>
1st 276,2356,36,22
durch 323,2356,82,22
seinen 415,2356,88,22
Titel 516,2356,66,21
treffend 594,2355,116,22
gekennzeichnet. 721,2354,226,28
<EOS>
Nach 961,2354,74,21
Festsetzung 88,2386,172,27
einiger 280,2387,98,26
für 395,2387,44,21
die 457,2387,40,21
Aufstellung 517,2386,168,26
von 704,2392,50,15
Diagrammen 775,2386,185,26
not¬ 978,2383,56,22
wendiger 87,2416,131,27
Begriffe 233,2417,116,26
und 363,2417,52,21
Regeln 430,2416,97,27
ist 542,2416,35,22
der 591,2417,47,21
Hauptteil 650,2416,137,27
des 801,2416,45,21
Inhaltes 859,2415,117,22
der 990,2415,45,21
graphischen 88,2446,171,27
Lösung 279,2447,104,26
interessanter 409,2447,186,21
Probleme 614,2447,134,21
aus 768,2451,47,16
den 840,2446,48,21
verschie¬ 907,2445,127,21
densten 89,2477,108,21
Gebieten 214,2476,123,22
der 353,2477,45,21
Starkstromtechnik 414,2477,268,22
gewidmet. 699,2477,144,27
<EOS>
<EOP>
In 151,2506,30,21
den 198,2506,50,21
erwähnten 263,2506,150,21
einleitenden 429,2507,170,21
Kapiteln 615,2507,122,27
setzt 753,2506,68,22
sich 838,2506,55,21
der 910,2506,46,21
Ver¬ 972,2506,61,21
fasser 89,2538,85,20
mit 196,2536,50,22
dem 270,2536,58,22
schon 352,2536,80,22
vieldiskutierten 453,2537,221,21
Begriff 700,2537,103,27
der 826,2537,46,21
Klemmen¬ 888,2536,146,22
spannung, 89,2571,143,23
sowie 251,2566,77,21
mit 345,2566,49,21
der 412,2566,45,21
Einteilung 474,2566,148,27
der 640,2567,46,21
Vektorebene 701,2567,177,21
durch 896,2566,80,21
die 995,2566,39,21
Wirk- 88,2598,84,22
und 190,2598,51,21
Blindlelstungsaxe 259,2597,250,25
auseinander. 527,2598,175,21
<EOS>
Neu 721,2598,56,21
ist 793,2598,36,21
hier 845,2597,56,21
die 917,2597,40,21
Ein¬ 974,2596,60,21
führung 87,2628,115,26
einer 229,2627,70,22
dynamischen 324,2626,184,27
Klemmenspannung 534,2626,272,27
V 824,2627,22,21
als 873,2627,41,21
Summe 930,2627,105,21
aller 88,2659,65,22
Innern 168,2659,91,22
elektrischen 278,2657,172,23
Kräfte. 467,2657,100,21
<EOS>
Ob 602,2657,38,21
sich 658,2657,54,22
eine 730,2658,55,21
solche 803,2658,86,20
neue 906,2663,64,15
Be¬ 988,2658,45,18
zeichnung 88,2689,142,26
durchsetzen 248,2687,169,22
wird, 433,2686,72,26
erscheint 524,2686,128,22
mir 669,2687,50,21
sehr 737,2687,59,21
fraglich; 810,2687,121,27
sicher 952,2687,83,21
lässt 90,2720,65,20
sich 169,2719,55,22
das 239,2720,46,20
gleiche 298,2718,99,27
Resultat 411,2717,120,22
mit 544,2717,50,21
entsprechender 608,2717,215,27
Definition 836,2718,142,21
der 990,2717,45,21
Klemmenspannung 89,2749,271,27
und 379,2748,51,21
sinngemässer 449,2747,191,27
Anwendung 658,2747,168,27
derselben 846,2747,132,22
er¬ 997,2752,38,16
reichen. 91,2780,107,21
<EOS>
Eine 214,2780,64,21
weitere 292,2780,104,22
Neubezeichnung 412,2777,231,27
führt 657,2777,74,22
der 747,2778,45,21
Verfasser 803,2778,137,21
durch 956,2776,79,22
die 90,2809,40,21
Expedanz 147,2810,137,26
ein, 312,2809,47,26
worunter 385,2808,132,22
ein 543,2808,41,21
Generator, 609,2808,149,25
dessen 784,2808,91,21
Spannung 895,2808,140,26
proportional 89,2840,176,28
mit 282,2840,48,21
dem 347,2839,58,22
Strom 422,2839,87,22
wächst, 525,2838,107,25
zu 649,2843,33,16
verstehen 698,2837,137,22
1st, 851,2838,42,25
z. 910,2842,21,16
<EOS>
B. 949,2837,28,21
<EOS>
ein 995,2836,40,22
ungesättigter 89,2870,192,27
Asynchrongenerator. 300,2869,299,27
<EOS>
Mit 615,2868,49,22
positiven 682,2868,127,27
und 827,2869,51,20
negativen 897,2867,138,27
Werten 87,2900,108,22
in 210,2900,28,22
die 254,2901,41,21
Rechnungen 312,2900,176,26
eingehend, 504,2898,147,27
spielt 670,2897,77,28
die 765,2897,40,22
Expedanz 822,2897,139,27
eine 978,2897,57,21
<EOS>
<EOP>
bedeutsame 1078,127,164,20
Rolle 1260,127,71,20
im 1349,127,35,19
PrSlem 1401,121,120,28
der 1538,127,44,20
Selbsterregung. 1600,126,221,26
<EOS>
Da 1855,126,41,20
die 1913,126,40,21
Bil¬ 1971,125,52,21
dung 1077,157,70,26
der 1173,157,45,21
dynamischen 1245,157,183,26
Klemmenspannung 1448,157,271,26
nach 1738,157,67,20
der 1824,157,45,20
Maschen¬ 1888,157,133,20
regel 1077,187,69,26
erfolgt, 1162,187,102,26
ist 1284,187,35,21
genaue 1337,192,99,21
Beachtung 1455,187,150,26
des 1623,187,45,21
Bezugsinhes, 1685,187,180,26
graphisch 1883,185,140,28
im 1077,218,36,20
Schaltungsschema 1134,217,261,27
durch 1422,218,80,20
den 1528,218,49,20
Bezugspfeil 1598,218,163,26
angedeutet, 1788,217,164,26
für 1979,217,45,20
richtige 1076,248,110,25
Diagrammaufstellung 1205,247,312,26
unerlässliche 1533,248,184,20
Bedingung. 1734,248,158,25
<EOS>
<EOP>
Nach 1140,278,75,21
diesen 1238,278,87,21
einleitenden 1351,278,169,21
Festlegungen 1546,278,190,26
erprobt 1761,278,107,27
der 1890,278,45,21
Ver¬ 1959,278,62,21
fasser 1076,309,86,20
die 1181,309,40,20
von 1242,314,50,15
Ihm 1311,308,55,21
vorgeschlagene 1386,308,216,26
Diagrammbüdung 1625,308,257,26
an 1899,313,33,16
etaer 1953,308,70,21
grossen 1077,344,107,21
Reihe 1199,339,79,21
von 1293,344,51,16
Beispielen, 1358,339,149,26
wobei 1523,340,81,19
sich 1620,339,55,20
die 1688,339,41,21
Lösung 1742,339,105,26
stets 1861,339,67,20
durch 1942,338,81,21
Kürze 1076,369,85,21
und 1180,370,52,19
Eleganz 1251,369,113,26
auszeichnet. 1382,369,172,21
<EOS>
Die 1589,369,48,22
folgende 1654,369,119,26
Aufzählung 1794,368,166,27
der 1978,369,45,20
einzelnen 1078,400,129,21
Gebiete, 1222,400,111,24
aus 1348,405,47,15
denen 1406,400,82,20
die 1502,400,40,20
Beispiele 1556,399,125,27
gewählt 1695,399,113,26
sind, 1822,400,64,23
mag 1900,404,61,21
den 1974,400,49,20
umfassenden 1076,430,183,21
Anwendungsbereich 1274,430,285,26
der 1574,430,46,20
graphischen 1633,428,173,28
Methode 1821,429,120,21
wohl 1956,428,67,22
am 1077,466,43,15
besten 1136,461,92,20
dokumentieren. 1245,460,217,21
<EOS>
So 1489,461,33,20
gelangt 1538,460,108,26
zur 1663,466,46,15
Behandlung 1726,460,168,26
das 1912,460,46,21
Ge¬ 1975,460,46,20
biet 1076,491,53,20
der 1147,491,45,21
magnetisch 1210,490,162,26
gekoppelten 1389,490,172,27
Stromkreise 1578,490,172,21
(Transformator) 1773,490,233,24
; 2016,495,3,19
weiter 1077,522,90,20
der 1184,522,45,20
Fehlspannungssatz 1247,521,271,27
mit 1546,521,48,21
seiner 1616,521,85,21
Anwendung 1718,521,168,26
zur 1911,526,47,15
Be¬ 1976,521,46,19
rechnung 1077,552,131,25
unsymmetrisch 1223,551,218,26
belasteter 1455,551,141,21
Mehrphasensysteme, 1609,550,293,27
und 1918,551,51,20
die 1983,550,40,21
elektrische 1078,582,153,21
Leitung 1259,582,111,26
mit 1397,582,48,21
ihrem 1472,582,84,21
Ersatzschema. 1582,582,207,20
<EOS>
Anschliessend 1825,580,199,22
folgt 1078,612,68,26
das 1172,612,46,21
wichtige 1242,612,121,26
Kapitel 1388,611,104,27
der 1516,612,46,20
Konstruktion 1587,611,189,21
der 1801,611,45,21
Ortskurven 1864,610,161,22
unter 1078,643,76,21
Benützung 1173,643,153,25
der 1345,643,44,21
einfachen 1408,642,135,22
und 1558,643,52,20
doppelten 1630,642,136,26
Inversion, 1784,641,140,25
welch 1943,640,81,21
letztgenannte 1079,672,193,27
vom 1285,678,60,15
Verfasser 1358,673,138,21
wohl 1508,672,68,21
zuerst 1590,672,87,21
In 1692,672,28,21
die 1733,671,41,22
elektrische 1787,671,154,22
Lite¬ 1956,671,68,21
ratur 1079,704,73,20
etageführt 1186,704,148,26
wurde. 1361,704,94,21
<EOS>
Es 1491,704,36,20
folgen: 1552,703,97,26
Die 1680,703,46,20
stromunabhängige 1760,701,264,26
EMK, 1078,734,81,25
dargestellt 1188,733,153,26
durch 1367,734,81,20
Synchronmaschinen, 1476,733,289,26
und 1794,732,52,22
die 1874,732,39,21
Serie¬ 1942,732,82,21
kollektormaschinen 1078,764,278,22
für 1371,764,44,21
Ein- 1433,765,60,20
und 1512,764,53,21
Mehrphasenstrom. 1582,763,263,27
<EOS>
Das 1880,763,55,20
Buch 1952,761,72,21
schliesst 1078,795,119,20
mit 1221,795,48,20
Kapiteln 1295,794,121,26
über 1439,794,64,21
die 1527,794,39,20
symmetrischen 1591,793,214,27
Komponenten 1828,792,196,28
yjgglh 1064,818,80,38
Fortescue 1161,825,139,21
und 1317,825,52,21
über 1394,824,63,22
die 1482,825,40,20
Selbsterregungserschetaungen 1541,823,432,27
in 1996,822,28,20
Wechselstromsystemen. 1077,854,339,27
<EOS>
So 1453,854,34,21
mannigfaltig 1506,854,185,27
die 1711,855,39,20
aufgeführten 1770,853,187,27
Ge¬ 1975,853,48,21
biete 1078,886,67,20
sein 1162,886,56,21
mögen, 1232,886,101,26
durch 1351,886,81,20
konsequente 1448,885,173,26
Einhaltung 1639,884,159,26
der 1814,884,46,20
aufgestell¬ 1873,882,150,27
ten 1078,916,45,21
Diagrammregeln 1140,915,242,28
gelingt 1400,915,99,26
es 1518,920,28,16
dem 1565,915,58,21
Verfasser 1642,915,138,21
immer, 1798,914,99,26
das 1917,914,47,21
die 1984,913,40,21
Lösung 1077,946,103,26
enthaltende 1207,947,164,20
Vektordiagramm 1389,946,243,26
einfach 1659,945,102,21
und 1786,945,51,20
leicht 1862,944,79,21
ver- 1966,948,56,16
ständlich 1079,977,127,20
aufzustellen. 1224,976,178,21
<EOS>
<EOP>
Druck 1141,1008,88,19
und 1244,1008,51,19
Ausstattung 1312,1007,177,25
des 1505,1007,45,20
Buches 1567,1007,100,20
sind 1683,1006,58,21
hervorragend, 1757,1004,198,26
und 1971,1003,53,22
das 1078,1037,47,21
in 1138,1037,27,21
jeder 1177,1037,73,26
Beziehung 1262,1037,146,26
gediegene 1422,1036,138,27
Werk 1574,1036,80,21
kann 1665,1036,71,21
allen 1749,1035,68,22
aus 1830,1041,48,15
der 1891,1035,45,21
GUde 1952,1035,72,20
der 1078,1068,45,20
Elektrotechniker 1138,1067,242,21
wärmstens 1394,1067,155,21
empfohlen 1565,1066,146,27
werden. 1722,1066,109,21
<EOS>
E. 1865,1066,29,20
<EOS>
Dünner. 1910,1064,113,21
<EOS>
<EOP>
Berechnung 1140,1107,169,27
des 1330,1107,45,21
Eisenbetons 1398,1107,169,21
gegen 1591,1111,82,22
Verdrehung 1696,1106,169,25
(Torsion) 1892,1105,128,24
und 1078,1138,52,20
Abscheren. 1151,1137,155,21
<EOS>
Von 1345,1137,56,20
Dr.-Ing. 1423,1137,112,25
<EOS>
Dr. 1559,1137,44,21
<EOS>
techn. 1626,1136,83,21
<EOS>
Ernst 1734,1135,112,21
Rausch, 1867,1135,157,23
T. 1078,1168,27,20
<EOS>
H. 1124,1168,31,20
<EOS>
Berlin. 1173,1168,93,20
<EOS>
92 1291,1167,31,21
Seiten 1339,1168,88,20
mit 1444,1167,49,22
138 1510,1167,46,20
AbbUdungen 1574,1166,179,25
im 1770,1166,35,20
Text. 1823,1165,72,20
<EOS>
Zweite, 1923,1164,101,25
neu 1078,1202,49,16
bearbeitete 1141,1197,157,21
und 1313,1197,53,21
erweiterte 1379,1196,146,22
Auflage. 1538,1196,120,26
<EOS>
Berlin 1673,1195,87,22
1938, 1773,1195,68,24
in 1855,1195,27,20
Kommis¬ 1896,1195,128,20
sion 1079,1228,56,21
bei 1150,1228,40,20
Julius 1207,1227,84,21
Springer. 1307,1227,129,26
<EOS>
Preis 1462,1227,74,20
geb. 1550,1227,55,25
<EOS>
Fr. 1622,1226,42,21
<EOS>
14,35. 1681,1226,77,25
<EOS>
<EOP>
Im 1140,1258,40,21
I. 1196,1257,21,21
<EOS>
Kapitel 1234,1256,104,28
«Berechnung 1356,1256,183,26
des 1556,1256,46,22
Eisenbetons 1618,1256,170,21
gegen 1804,1260,82,21
Torsion» 1903,1255,121,21
wird 1077,1287,65,21
zunächst 1162,1287,126,21
der 1310,1288,45,21
Fall 1375,1287,57,20
der 1455,1287,44,20
reinen 1520,1286,88,20
Verdrehungsbeanspruchung 1629,1284,396,27
behandelt. 1078,1317,143,21
<EOS>
In 1254,1317,31,20
anschaulicher 1308,1317,194,20
Weise 1523,1316,85,21
erklärt 1632,1316,99,20
der 1755,1316,45,19
Verfasser 1823,1315,138,20
die 1984,1314,41,20
Wirkung 1077,1347,128,26
der 1229,1347,45,21
beiden 1297,1347,91,21
Armierungssysteme, 1410,1345,290,27
nämlich 1726,1345,113,21
der 1864,1345,44,20
Bügel- 1931,1344,93,25
und 1078,1378,51,22
Spiralarmierung, 1155,1377,239,27
sowie 1422,1377,77,20
die 1527,1376,39,21
allgemeinen 1593,1375,169,26
Grundlagen 1788,1375,164,25
zur 1978,1378,46,16
Berechnung 1079,1407,168,26
dieser 1262,1407,83,20
Armderung. 1359,1406,163,26
<EOS>
Ferner 1547,1406,96,21
wird 1658,1405,66,22
die 1739,1405,40,21
Anwendung 1795,1405,168,25
der 1980,1405,44,20
allgemeinen 1078,1437,169,26
Formeln 1262,1437,120,21
an 1397,1442,34,16
den 1449,1437,48,20
Beispielen: 1505,1435,152,27
Kreisquerschnitt, 1677,1434,243,27
Recht¬ 1930,1433,93,22
eckquerschnitt 1078,1466,208,28
und 1306,1467,52,21
unregelmässiger 1377,1466,233,26
Querschnitt 1631,1466,166,24
gezeigt. 1817,1465,109,25
<EOS>
<EOP>
Der 1140,1498,53,20
allgemeinere, 1210,1497,186,25
praktisch 1414,1496,135,26
fast 1564,1495,56,21
ausschliesslich 1637,1494,205,23
in 1858,1494,28,22
Betracht 1900,1494,125,21
fallende 1078,1527,112,22
Fall 1198,1527,57,21
der 1272,1527,45,21
gleichzeitigen 1331,1526,196,27
Wirkung 1533,1526,128,26
eines 1676,1526,72,20
Toraionsmomentes 1760,1524,265,21
und 1078,1557,52,21
einer 1145,1557,69,21
Querkraft 1231,1557,143,25
stützt 1388,1556,84,21
sdch 1488,1556,55,20
auf 1558,1555,47,21
den 1621,1556,49,20
ersten 1684,1555,86,21
Fall, 1786,1554,63,24
denn 1866,1554,66,21
es 1946,1557,30,18
ist 1990,1554,34,21
alsdann 1079,1588,108,20
eine 1207,1587,56,21
Schubsioherunig 1286,1587,223,25
nach 1529,1586,68,20
den 1618,1586,49,20
bekannten 1687,1585,148,20
Regeln 1857,1584,97,26
und 1973,1583,53,21
ausserdem 1079,1617,148,21
eine 1243,1617,56,20
Torsionsarmierung 1308,1616,269,26
nach 1593,1615,68,21
den 1676,1615,50,21
gegebenen 1740,1615,147,26
Gesichts¬ 1896,1614,129,21
punkten 1078,1648,117,26
anzuordnen. 1212,1647,170,20
<EOS>
Zur 1406,1647,52,20
Berechnung 1474,1646,170,25
der 1660,1645,45,20
Randspannung, 1722,1645,218,25
d. 1958,1643,23,22
<EOS>
h. 2000,1643,26,21
<EOS>
Kg|Ë 1066,1668,66,41
grössten 1140,1677,122,26
Schubspannungen 1281,1677,254,26
aus 1551,1681,48,15
der 1615,1676,44,20
Querkraft 1676,1675,143,25
und 1835,1675,52,20
aus 1904,1679,48,16
dem 1969,1674,56,20
Drehmoment 1080,1707,184,21
beschränkt 1287,1706,157,21
sdch 1474,1706,54,22
der 1558,1705,45,21
Verfasser 1624,1705,138,21
auf 1791,1704,47,22
die 1869,1704,39,21
Unter¬ 1932,1704,93,21
suchung 1080,1737,116,25
der 1212,1737,45,21
mathematisch 1273,1736,201,21
gut 1489,1737,48,25
erfassbaren 1553,1736,165,21
Kreis- 1732,1735,87,20
und 1835,1734,52,21
Ellipsen¬ 1901,1734,125,26
querschnitte. 1080,1766,182,27
<EOS>
Bei 1289,1767,45,19
einem 1351,1766,82,21
beliebigen 1451,1765,142,26
Querschnitt 1609,1764,166,27
werden 1790,1764,103,22
die 1911,1764,40,21
aus¬ 1968,1767,58,17
springenden 1080,1797,171,26
Ecken 1269,1797,88,19
und 1373,1796,53,20
Lappen 1443,1796,104,25
vernachlässigt 1564,1795,206,25
und 1784,1795,53,19
nur 1851,1799,51,16
die 1918,1794,39,21
ein¬ 1974,1794,52,20
geschriebene 1080,1826,180,27
Ellipse 1278,1825,97,27
der 1393,1826,45,21
Berechnung 1456,1825,169,26
zugrunde 1642,1825,131,26
gelegt. 1792,1824,94,26
<EOS>
Die 1913,1824,47,22
Be¬ 1979,1824,47,19
handlung 1080,1857,130,25
von 1235,1861,50,15
praktischen 1306,1855,167,25
Beispielen 1495,1855,143,26
wie 1661,1855,48,20
Zwischenträger 1733,1853,221,26
mit 1977,1853,49,22
seitlichen 1080,1886,132,22
Konsolen, 1231,1886,136,24
Laufstegbalken, 1387,1885,227,26
Randbalken 1633,1884,169,22
von 1819,1889,50,15
Turbtaen- 1886,1883,139,21
fundamenten, 1079,1916,191,25
6- 1295,1916,23,20
und 1341,1916,53,19
8eckige 1416,1915,105,26
Eisenbeton-Kühlturmgerüste, 1542,1913,418,27
ex¬ 1983,1918,42,16
zentrisch 1079,1946,129,21
belastete 1225,1945,125,22
Fensterstürze 1368,1945,196,21
usw. 1582,1950,61,16
<EOS>
schliesst 1661,1945,118,20
das 1796,1945,48,19
Kapitel 1860,1943,104,27
der 1982,1943,45,20
Torsion 1080,1976,107,21
ab. 1203,1976,39,20
<EOS>
<EOP>
In 1142,2007,31,20
einem 1193,2006,82,21
kurzen 1295,2006,98,20
II. 1412,2006,32,19
<EOS>
Kapitel 1466,2004,104,27
«Berechnung 1590,2004,184,27
des 1794,2004,44,20
Eisenbetons 1857,2003,169,21
gegen 1080,2040,82,22
Abscheren» 1181,2035,163,22
hebt 1364,2035,62,21
der 1445,2035,45,21
Verfasser 1509,2035,138,21
insbesondere 1665,2034,179,21
den 1864,2033,49,21
Unter¬ 1931,2033,94,21
schied 1080,2066,87,21
der 1184,2066,45,20
Sicherung 1246,2065,142,26
eines 1405,2065,70,20
Eisenbetonträgers 1494,2064,259,26
gegen 1771,2068,84,22
Schub 1872,2063,85,21
und 1974,2063,52,21
gegen 1080,2101,82,22
Abscheren 1179,2096,149,22
hervor, 1344,2095,99,24
je 1461,2095,26,26
nach 1505,2095,66,21
dem, 1588,2095,65,24
ob 1673,2094,30,20
die 1722,2094,40,20
Länge 1779,2089,87,29
des 1885,2094,45,20
durch 1946,2093,80,21
die 1080,2127,40,21
Armierung 1140,2126,157,25
aufzunehmenden 1314,2124,238,22
Querkraft-Diagrammes 1571,2123,336,27
grösser 1924,2123,104,27
oder 1081,2156,60,22
kleiner 1165,2156,98,21
ist, 1284,2156,42,24
als 1350,2155,40,21
der 1415,2155,45,20
innere 1483,2154,88,21
Hiebelarm 1593,2154,138,20
des 1755,2153,45,21
Querschnittes. 1824,2152,202,26
<EOS>
Neben 1080,2187,90,22
den 1186,2186,49,21
entsprechenden 1252,2184,219,27
Bemessungsformeln 1486,2184,286,25
findet 1786,2184,84,21
der 1888,2184,46,21
Leser 1949,2183,80,21
eine 1081,2217,55,21
gute 1151,2217,63,25
Darstellung 1229,2215,168,27
der 1411,2214,45,21
Beanspruchung 1470,2213,219,27
auf 1705,2214,46,20
Abscheren 1765,2213,148,21
mittels 1929,2212,99,22
des 1081,2248,44,19
Mohrschen 1140,2245,154,22
Spannungskreises. 1307,2244,259,27
<EOS>
<EOP>
Das 1143,2277,55,20
Buch 1221,2275,71,21
wird 1315,2275,63,20
jeden 1402,2275,74,25
Eisenbetonkonstrukteur 1500,2273,343,22
sehr 1866,2273,60,21
inter¬ 1949,2273,78,21
essieren. 1081,2307,119,20
<EOS>
K. 1817,2304,30,20
<EOS>
Hofacker. 1856,2304,142,20
<EOS>
<EOP>
Eingegangene 1145,2367,200,25
Werke; 1360,2365,104,24
Besprechung 1480,2365,183,26
vorbehalten: 1676,2364,178,21
Schweizerische 1144,2411,184,19
Eisenbahnstatistik 1347,2410,232,19
1938. 1597,2410,56,18
<EOS>
Herausgegeben 1671,2409,191,22
vom 1880,2413,52,14
E 1949,2409,19,18
1 1976,2409,8,18
d 1994,2409,13,18
- 2017,2418,9,3
<EOS>
<EOP>
genössischen 1083,2434,235,22
Amt 1348,2433,68,19
für 1446,2433,54,18
Verkehr. 1529,2432,149,18
<EOS>
Bern 1714,2432,60,18
1940, 1794,2432,55,21
zu 1872,2436,27,13
beziehen 1920,2431,106,19
beim 1083,2458,59,18
genannten 1156,2457,128,24
Amt 1295,2457,53,18
und 1362,2456,47,19
bei 1423,2456,35,18
den 1474,2456,42,18
Buchhandlungen. 1530,2454,214,23
<EOS>
Preis 1761,2454,64,19
kart. 1839,2454,58,19
<EOS>
5 1913,2454,12,19
Fr. 1938,2454,37,18
<EOS>
<EOP>
Die 1143,2483,42,19
ersten 1202,2483,76,19
25 1296,2482,25,20
Jahre 1337,2482,69,19
der 1424,2482,40,19
Chnr-Arosa-Bahn. 1481,2482,225,18
<EOS>
Im 1737,2482,33,17
Auftrage 1787,2480,111,22
des 1915,2481,41,18
Ver¬ 1972,2481,54,18
waltungsrates 1082,2506,174,22
an 1274,2510,29,14
Hand 1321,2504,68,20
der 1407,2504,41,20
Bahnakten 1466,2504,133,19
bearbeitet 1615,2504,127,19
von 1759,2508,43,14
G. 1819,2504,24,18
<EOS>
B 1864,2504,17,17
e 1890,2508,11,13
n 1909,2509,16,12
e 1932,2508,11,13
r 1952,2508,11,13
und 1980,2503,45,18
S. 1083,2529,20,19
<EOS>
Profanter. 1126,2528,182,20
<EOS>
Mit 1344,2527,43,19
20 1406,2527,25,19
ganzseitigen 1451,2526,154,23
Tafeln. 1625,2526,85,19
<EOS>
Chur 1740,2526,60,19
1989. 1821,2526,54,19
<EOS>
<EOP>
Spannungszustand 1145,2554,227,22
und 1389,2554,46,18
Brnchausbildung. 1453,2553,219,22
<EOS>
Von 1687,2552,50,18
Prof. 1753,2552,61,18
<EOS>
Dr. 1834,2553,37,17
<EOS>
T. 1890,2551,23,19
<EOS>
T 1934,2551,18,19
h 1959,2552,15,18
u 1982,2555,15,15
m 2004,2556,22,14
und 1082,2578,46,18
Dr. 1146,2577,38,18
<EOS>
Ing. 1204,2577,48,21
<EOS>
K. 1271,2576,28,20
<EOS>
Federn. 1319,2576,128,19
<EOS>
78 1473,2576,24,18
Seiten 1515,2575,75,19
mit 1609,2575,41,18
83 1666,2575,24,18
Abb. 1706,2575,57,18
<EOS>
Anschauliche 1788,2574,164,18
Dar¬ 1969,2574,57,18
stellung 1084,2600,99,21
der 1206,2600,39,18
spannungsmechanischen 1267,2598,303,22
Grundlagen 1594,2598,143,21
der 1761,2598,39,17
Gestaltfestigkeit 1823,2595,205,23
und 1083,2623,45,18
der 1148,2623,40,18
Gesetzmässigkeiten 1208,2621,241,22
der 1469,2621,39,18
Bruchausbildung. 1529,2620,217,21
<EOS>
Berlin 1774,2620,77,17
1939, 1869,2619,55,21
Verlag 1944,2619,83,21
von 1084,2649,41,15
Julius 1142,2645,76,19
Springer. 1235,2644,114,22
<EOS>
Preis 1375,2644,63,18
kart, 1455,2644,57,17
etwa 1530,2644,58,17
13 1604,2642,23,19
Fr. 1643,2642,37,18
<EOS>
<EOP>
Jahrbuch 1144,2671,116,19
Wald 1280,2670,65,19
und 1365,2670,46,18
Holz 1433,2670,55,17
11)40. 1510,2670,53,16
<EOS>
2. 1585,2670,16,16
<EOS>
Jahrgang. 1625,2669,123,21
<EOS>
Berlin 1771,2668,77,18
1940, 1868,2668,54,20
Verlag 1944,2667,81,22
der 1085,2694,39,18
Deutschen 1138,2693,128,19
Arbeltsfront. 1278,2692,160,19
<EOS>
Preis 1461,2692,63,17
geb. 1539,2691,49,22
<EOS>
etwa 1604,2692,58,17
Fr. 1675,2691,36,18
<EOS>
1,80. 1726,2691,51,21
<EOS>
<EOP>
Jt-Tafel 1133,2719,101,19
zum 1260,2725,48,11
schnellen 1336,2718,114,18
Ermitteln 1475,2717,120,19
des 1622,2718,39,18
Verlaufes 1687,2717,117,19
der 1830,2716,40,19
Rauohgas- 1897,2716,129,22
tempcratur 1084,2742,138,22
in 1240,2742,24,17
Dampfkcsselanlagen. 1283,2740,260,23
<EOS>
Von 1564,2740,49,18
Fr. 1632,2740,43,17
<EOS>
MUnzinger. 1696,2739,193,21
<EOS>
Mit 1911,2738,42,19
zwei 1974,2738,53,19
Exemplaren 1084,2764,148,22
der 1251,2764,40,18
Jt-Tafel 1312,2763,99,18
und 1432,2764,45,16
erläuterndem 1498,2762,164,18
Text. 1681,2762,64,18
<EOS>
Berlin 1774,2761,77,19
1989, 1870,2761,54,21
Verlag 1945,2761,82,21
von 1084,2791,43,14
Julius 1140,2786,77,19
Springer. 1230,2786,115,22
<EOS>
Preis 1374,2785,64,18
kart, 1452,2785,57,17
(in 1528,2786,32,18
Mappe) 1576,2784,89,22
etwa 1681,2785,58,17
5 1753,2784,11,18
Fr. 1778,2784,36,18
<EOS>
Für 1085,2836,52,21
den 1153,2836,48,21
Textteil 1218,2835,110,21
verantwortliche 1345,2833,224,22
Redaktion: 1586,2832,155,22
Dipl. 1084,2869,66,27
<EOS>
Ing. 1158,2869,55,26
<EOS>
CARL 1233,2868,89,21
JEGHER, 1338,2867,139,25
Dipl.jffipr. 1494,2854,132,48
<EOS>
WERNER 1634,2866,150,22
JEGHER 1799,2866,133,22
Zuschriften: 1084,2902,150,19
An 1250,2902,34,18
die 1299,2902,37,18
RedakUon 1349,2901,128,19
der 1492,2901,40,18
«SBZ», 1547,2901,80,21
Zürich, 1643,2900,87,22
Dianastr. 1746,2901,115,19
<EOS>
5, 1869,2900,19,23
Tel. 1902,2900,47,20
<EOS>
34 1958,2901,25,18
507 1991,2901,34,17
<EOS>
<EOP>
