2229,2995
Anzeigenseite 223,69,197,26
8 440,69,15,22
SCHWEIZERISCHE 923,72,299,22
BAUZEITUNG 1245,72,221,24
9. 1972,71,21,22
<EOS>
März 2013,72,74,22
1940 2107,72,60,22
<EOS>
<EOP>
A.-G. 340,241,222,81
<EOS>
BROWN, 591,242,423,94
BOVERI 1038,244,384,79
& 1444,247,58,75
Cü, 1521,242,149,94
BADEN 1697,243,352,79
Technische 344,383,260,43
Bureaux 637,385,189,43
in 858,389,34,39
Baden, 926,388,154,45
Basel, 1114,387,134,46
Bern, 1283,387,114,46
Lausanne 1431,387,221,41
<EOS>
<EOP>
Automatische 1422,539,629,82
Pumpwerke 1427,653,515,101
für 1421,802,40,22
Steuerung 1478,800,151,31
durch 1648,802,81,24
Schwimmervorrichtungen 1422,879,502,40
oder 1422,943,66,23
Wasserstandfernmelder 1423,992,473,34
Druckschalter 1423,1075,280,35
<EOS>
<EOP>
oo 478,598,88,52
w 669,620,61,29
J 515,694,34,38
yyy 362,714,35,9
<EOS>
<EOP>
f 1272,742,32,83
<EOS>
<EOP>
; 590,734,3,14
^ 608,737,2,1
: 620,735,4,9
•„¦ 638,737,8,10
<EOS>
<EOP>
5* 697,746,26,18
<EOS>
<EOP>
I 1317,955,2,11
<EOS>
<EOP>
mm 337,1024,93,27
<EOS>
<EOP>
WEM 1218,1044,57,24
t* 737,1046,41,26
mm 809,1049,67,31
-:-¦:: 341,1050,32,9
l 1222,1067,9,14
: 1237,1070,3,8
<EOS>
<EOP>
oder 1423,1140,65,23
<EOS>
<EOP>
Städtische 339,1245,190,28
Werke 546,1246,115,27
Baden. 680,1247,118,26
<EOS>
Pumpstation 340,1283,220,32
bei 580,1284,51,27
der 649,1284,60,27
Ruine 725,1285,99,27
Stein. 842,1287,104,26
<EOS>
<EOP>
Hochdruckpumpe, 589,1330,269,31
Mitteldruckpumpe 872,1334,265,29
und 1151,1335,52,23
elektro- 1217,1335,113,25
hydraulisch 588,1369,168,28
gesteuerter 774,1372,168,27
Umlaufschieber. 958,1372,237,24
<EOS>
<EOP>
Kontaktmanometer 1424,1189,369,34
Zeitschalter 1423,1273,236,35
Minimalleistungsrelais 1424,1357,432,43
etc. 1879,1357,68,32
<EOS>
<EOP>
HE 1034,1508,47,20
¦HB 1102,1582,71,26
<EOS>
<EOP>
m. 928,1969,34,22
<EOS>
<EOP>
SUUER 714,2187,195,69
& 356,2256,28,36
Strahlungs 410,2342,254,66
<EOS>
<EOP>
Heizung 620,2501,186,58
Syst. 288,2570,63,28
<EOS>
Crittall 362,2570,86,22
O 457,2570,26,28
Patente 489,2571,101,22
<EOS>
<EOP>
Die 261,2705,37,21
neue 317,2711,56,16
Heizung 391,2706,97,28
mit 506,2708,40,22
allen 562,2708,60,22
Vorteilen 635,2708,112,23
der 765,2708,38,23
Zentralheizung, 820,2709,195,27
aber 1029,2708,54,23
noch 1100,2708,54,22
angenehmer 259,2743,152,26
Gebrüder 257,2788,136,29
Sulzer 407,2790,96,29
Aktiengesellschaft 516,2791,287,36
Abt. 816,2794,59,29
<EOS>
Zentralheizungen 887,2795,263,36
Winterthur 257,2833,135,23
und 409,2836,42,22
Filialen 471,2835,91,23
<EOS>
<EOP>
'¦'"¦ 2017,1610,22,23
<EOS>
<EOP>
.-. 2053,1627,20,15
<EOS>
<EOP>
'':•¦.-¦<¦¦¦¦¦ 1967,1703,91,23
<EOS>
<EOP>
Schweizer 1253,1876,361,105
Baubeschläp 1648,1872,477,121
<EOS>
<EOP>
<EOS>
<EOP>
' 1580,2120,3,3
<EOS>
<EOP>
m 1485,2139,120,66
<EOS>
<EOP>
I 1830,2079,9,32
N 1854,2077,43,35
CA 1914,2079,96,33
<EOS>
<EOP>
Wir 1283,2379,59,23
liefern 1367,2379,112,24
alle 1505,2380,64,22
kuranten 1284,2416,166,24
Be¬ 1503,2417,65,22
schläge 1284,2454,148,30
In 1444,2454,31,23
erst¬ 1488,2455,80,22
klassiger 1285,2493,171,28
Aus¬ 1482,2492,85,23
führung. 1284,2530,158,29
<EOS>
<EOP>
¦m:- 1698,2474,44,27
: 1814,2486,1,12
.-...: 1825,2477,103,25
<EOS>
<EOP>
'«, 2042,2421,22,21
<EOS>
<EOP>
INJECTA 1311,2633,762,109
A.-G. 1317,2753,81,21
<EOS>
Spritzgusswerke 1416,2752,282,25
und 1715,2754,63,21
Apparatefabrik 1796,2753,270,26
TËDFËNTHAL 1254,2805,240,21
b. 1511,2806,29,22
<EOS>
A 1558,2808,24,18
AR 1584,2807,51,21
AU 1637,2808,47,20
Telephon 1836,2806,160,26
3 2012,2808,17,19
83 2040,2808,39,19
77 2088,2808,38,21
<EOS>
<EOP>
Druck 651,2917,75,19
von 739,2922,43,15
JEAN 796,2918,74,21
FRET, 883,2920,86,22
A.G., 977,2920,61,22
<EOS>
ZÜRICH. 1046,2920,114,20
<EOS>
— 1168,2931,25,4
Imprimé 1201,2922,106,24
par 1320,2928,41,18
S.A. 1373,2924,49,18
<EOS>
JEAN 1432,2924,75,18
FRET. 1520,2924,85,22
<EOS>
ZURICH. 1614,2924,117,21
<EOS>
<EOS>
<EOP>
