2229,2995
Anzeigenseite 207,54,197,26
4 425,53,14,21
SCHWEIZERISCHE 906,46,298,24
BAUZEITUNG 1228,42,219,24
23. 1938,37,37,21
<EOS>
März 1997,36,74,22
1940 2092,36,60,21
EINE 213,110,233,65
AUSWAHL 485,106,479,66
VON 983,103,235,65
SONDERDRUCKEN 1256,93,897,71
<EOS>
<EOP>
mit 899,197,42,20
Inhalt 956,191,81,24
von 1052,201,48,13
bleibendem 1115,189,147,25
Wrert 1273,188,75,25
aus 1363,198,41,14
Je» 1420,186,41,24
SCHWEIZERISCHEN 528,241,762,59
BAUZEITUNG 1336,235,501,55
gleichzeitig 588,323,142,30
als 746,323,34,23
Querschnitt 797,320,151,32
durch 964,319,71,25
deren 1049,319,73,25
reichhaltigen 1137,318,165,28
und 1317,315,50,25
zuverlässig 1382,315,140,30
bearbeiteten 1537,313,158,25
Stoff 1709,312,69,24
Zu 475,371,40,24
beziehen 531,369,112,26
beim 659,369,62,24
Verlag 732,367,93,31
der 840,368,42,23
„SBZ", 898,367,101,28
C. 1016,366,30,24
<EOS>
& 1063,367,22,22
W. 1096,365,46,24
<EOS>
JEGHER, 1153,363,160,28
Zürich 1329,362,88,24
2, 1428,373,21,16
Dianastrasse 1464,362,165,23
5, 1639,363,20,24
Telephon 1675,358,127,31
3 1812,362,13,19
45 1833,362,25,26
07 1867,369,25,19
Jahr 219,426,58,18
Nr. 295,426,39,17
<EOS>
Titel 344,424,59,19
Preis 1097,417,65,18
1939 213,456,59,21
1086 281,456,59,21
Zum 348,456,63,20
Vollausbau 429,454,159,21
des 616,453,44,20
Lungernsee 685,451,169,27
- 867,461,9,3
Kraftwerkes 890,450,181,21
<EOS>
<EOP>
(20 351,486,43,24
Abb.). 405,485,88,24
<EOS>
1.— 1111,478,51,21
<EOS>
1084 281,520,58,21
Die 345,520,48,20
Zürichsee-Schwebebahn 408,516,346,23
der 765,516,45,20
Schweiz. 822,515,121,21
<EOS>
Landes- 958,514,113,20
<EOS>
<EOP>
Ausstellung 349,550,170,24
Zürich 532,548,93,21
1939. 637,547,65,21
<EOS>
(51 719,547,40,25
Abb.) 770,546,79,24
<EOS>
2.50 1110,543,52,21
<EOS>
1078 282,584,58,22
Das 349,585,54,20
Fernheizkraftwerk 411,582,276,22
der 696,581,45,20
E.T.H. 746,580,94,21
<EOS>
und 846,579,52,21
seine 908,579,70,20
Heiss- 983,578,88,21
<EOS>
<EOP>
wasserübertragungsanlagen. 349,612,411,26
<EOS>
Von 765,611,58,20
Prof. 827,610,70,21
<EOS>
Dr. 902,610,44,20
<EOS>
B. 951,610,29,18
<EOS>
Bauer 986,610,87,19
und 350,645,52,20
Prof.H.Quiby 412,643,198,25
<EOS>
(33 626,643,40,23
Abb.). 673,642,88,23
<EOS>
(Dieser 776,641,104,24
Sonderdruck 892,639,181,21
stellt 351,674,71,22
einen 433,675,74,20
Teil 517,674,55,20
des 583,673,44,20
Sonderdruckes 639,671,209,22
Nr. 859,671,45,20
<EOS>
1072 917,670,58,20
dar.). 988,669,76,24
<EOS>
1.80 1113,667,49,21
<EOS>
1077 280,709,59,21
Die 347,709,48,20
maschinelle 400,708,167,21
Ausrüstung 573,706,169,26
vonLuftschutzräumen. 746,702,326,24
<EOS>
<EOP>
Von 351,739,55,21
Dipl. 411,739,67,26
<EOS>
Ing. 483,738,56,27
<EOS>
H. 544,737,32,21
<EOS>
C. 583,737,26,20
<EOS>
Bechtler 615,735,120,22
i. 741,736,14,20
<EOS>
Fa. 762,736,44,19
<EOS>
Luwa 813,735,80,20
A.G., 898,734,68,24
<EOS>
Zürich. 972,733,100,21
<EOS>
(8 353,770,27,24
Abb.) 391,769,79,23
<EOS>
—.80 1096,762,68,20
<EOS>
1075 284,803,58,22
Zum 351,804,63,20
Problem 425,803,120,21
der 563,803,46,19
Autostrassentunnel. 624,799,289,22
<EOS>
Von 929,798,57,21
Prof. 1002,798,70,20
<EOS>
<EOP>
Dr. 351,835,44,20
<EOS>
C. 407,833,26,21
<EOS>
Andreae 445,833,121,21
(10 580,831,42,26
Abb.) 633,831,77,24
<EOS>
1.20 1113,826,51,22
<EOS>
1072 284,868,59,21
Das 351,869,55,20
Maschinenlaboratorium 419,865,344,23
der 781,864,45,20
E. 845,864,29,20
<EOS>
T. 882,863,28,21
<EOS>
H. 923,864,30,19
<EOS>
Zürich, 974,862,100,23
<EOS>
<EOP>
seine 351,898,70,21
Anlagen 432,898,119,25
und 562,896,52,21
Institute 625,895,123,21
(186 762,894,57,25
Abb.) 831,893,77,25
<EOS>
4.- 1113,892,46,19
<EOS>
1067 284,931,59,22
Die 352,932,48,21
Gründung 417,931,144,26
der 577,930,45,20
Lüftungsgebäude 638,928,250,27
des 904,928,44,19
Maass 969,927,89,20
- 1065,936,9,4
<EOS>
<EOP>
Tunnels 352,963,113,20
in 476,962,27,19
Rotterdam. 511,961,161,21
<EOS>
Von 678,960,58,20
Dipl. 740,958,68,26
<EOS>
Ing. 813,959,57,26
<EOS>
Erwin 875,958,89,20
Schnit¬ 971,957,103,21
ter 353,993,41,20
(15 407,992,43,24
Abb.) 461,991,77,25
<EOS>
1.— 1114,987,51,20
<EOS>
1065 284,1026,59,21
Eine 350,1027,64,20
aerodynamische 421,1025,230,26
Wärmekraftanlage. 655,1022,282,26
<EOS>
VonProf. 943,1022,131,21
<EOS>
<EOP>
Dr. 352,1058,45,20
<EOS>
J. 412,1057,24,20
<EOS>
Ackeret 448,1057,115,20
und 577,1055,54,20
Obering. 645,1054,122,26
<EOS>
Dr. 781,1053,45,21
<EOS>
C. 838,1053,27,21
<EOS>
Keller, 877,1052,93,24
Zürich 982,1052,94,21
(5 356,1088,28,25
Abb.) 395,1087,77,25
<EOS>
—.50 1099,1081,67,21
<EOS>
19381050 218,1140,126,22
Zur 353,1141,50,20
Analyse 414,1140,114,24
der 546,1140,44,19
Druckeinspritzung 606,1136,270,27
in 892,1137,27,19
Dieselmo¬ 935,1135,140,21
<EOS>
<EOP>
toren. 352,1171,81,20
<EOS>
Von 450,1170,56,20
K. 523,1170,30,20
<EOS>
H. 565,1169,30,20
<EOS>
Grossmann, 609,1168,166,23
Zürich 792,1167,94,20
(24 906,1166,41,24
Abb.) 957,1165,78,25
<EOS>
1.— 1115,1165,49,19
<EOS>
1049 284,1205,58,20
Die 352,1205,46,20
Architektur-Entwicklung 415,1201,365,25
der 800,1201,45,20
Eidg. 861,1200,73,26
<EOS>
Postbau¬ 951,1199,125,21
<EOS>
<EOP>
ten 354,1236,45,20
seit 418,1234,50,21
der 488,1234,45,20
Jahrhundertwende. 549,1230,271,24
<EOS>
Ueber 842,1230,85,21
50 943,1230,30,21
Abbil¬ 990,1229,86,21
dungen. 356,1266,110,24
<EOS>
Von 483,1265,55,19
Arch. 555,1262,77,22
<EOS>
Peter 649,1262,77,21
Meyer 743,1262,89,24
1.80 1116,1259,52,20
<EOS>
1048 287,1300,58,21
Die 355,1300,46,20
neue 406,1304,66,16
hölzerne 476,1298,118,21
Strassenbrücke 601,1295,219,23
über 825,1295,62,21
das 892,1295,47,20
Schwarz¬ 945,1294,131,22
<EOS>
<EOP>
wasser 355,1334,97,16
bei 459,1329,41,21
Rütiplötsch 506,1328,165,27
(Kt. 681,1327,54,23
<EOS>
Bern). 743,1327,90,23
<EOS>
Von 839,1327,57,19
Dr. 902,1326,43,19
<EOS>
sc. 953,1329,34,16
<EOS>
techn. 993,1325,84,20
<EOS>
Ernst 356,1361,79,20
Burgdorf 452,1358,133,25
er, 587,1363,34,20
Dipl. 638,1357,66,26
<EOS>
Ing., 715,1357,64,26
<EOS>
Bern 796,1356,68,21
(19 883,1356,42,23
Abb.) 936,1355,77,25
<EOS>
—.80 1102,1354,66,20
<EOS>
1047 288,1394,58,22
Umkehrung 355,1394,171,25
der 550,1393,45,20
Deckenheizung 619,1391,215,25
zur 862,1394,46,16
Raumküh¬ 928,1389,150,21
<EOS>
<EOP>
lung. 356,1425,69,24
<EOS>
Von 437,1425,57,19
Obering. 505,1422,120,26
<EOS>
E. 638,1422,27,20
<EOS>
Wirth, 679,1422,91,23
Winterthur 781,1420,161,21
(8 958,1419,27,25
Abb.) 996,1418,77,24
<EOS>
—.80 1102,1418,66,20
<EOS>
1033 289,1458,58,22
Die 356,1459,47,20
Erneuerung 426,1459,169,23
des 621,1456,45,21
Gesellschaftshauses 693,1453,285,23
« 1001,1458,12,14
zum 1020,1458,60,15
<EOS>
<EOP>
Rüden» 357,1489,105,21
in 479,1488,26,20
Zürich. 522,1486,99,22
<EOS>
Von 638,1487,57,19
F.Escher 710,1485,139,21
<EOS>
(24 870,1483,41,25
Abb.). 922,1484,89,24
<EOS>
1.— 1118,1483,52,19
<EOS>
1027 289,1523,59,22
Contribution 356,1522,182,22
à 555,1521,16,21
Fétude 587,1521,92,20
des 696,1520,44,20
vannes-papillons. 758,1518,246,26
<EOS>
Par 1029,1518,51,20
<EOS>
<EOP>
D. 356,1554,31,20
<EOS>
Gaden, 400,1553,95,24
Ing. 511,1552,55,26
<EOS>
(16 594,1551,43,24
pages 647,1555,81,21
avec 745,1554,63,17
25 824,1549,29,21
figures) 864,1548,115,27
1.50 1119,1546,51,21
<EOS>
1026 290,1588,59,21
Die 357,1588,49,21
Wetterwarte 410,1586,182,22
auf 604,1585,46,20
der 661,1585,45,19
Sphinx 718,1584,97,26
am 826,1588,44,16
Jungfraujoch. 881,1582,199,27
<EOS>
<EOP>
(8 362,1618,26,25
Seiten 400,1618,89,20
Kunstdruck 504,1615,168,22
mit 688,1615,49,20
21 752,1615,29,19
Abb.). 793,1614,88,23
<EOS>
1.— 1119,1612,52,20
<EOS>
1021 290,1653,59,21
Die 357,1652,48,20
künstliche 420,1649,147,22
Grastrocknung. 583,1648,221,24
<EOS>
Von 821,1648,57,20
Dipl. 893,1647,66,25
<EOS>
Ing. 971,1646,55,26
<EOS>
W. 1044,1646,36,19
<EOS>
<EOP>
Müller, 358,1681,100,25
Uzwil 473,1681,83,21
und 572,1680,51,20
Dr. 639,1680,44,19
<EOS>
F. 699,1678,27,20
<EOS>
Ringwald, 738,1677,144,25
Luzern. 893,1678,107,19
<EOS>
(Mit- 1020,1676,68,24
8 359,1713,14,20
Abb. 384,1712,65,20
<EOS>
und 466,1710,51,21
7 533,1711,14,20
Tabellen). 558,1709,145,23
<EOS>
—.80 1105,1704,67,22
<EOS>
1011 291,1747,58,21
Aktuelle 358,1746,123,20
Fragen 489,1746,104,24
des 601,1743,44,21
Eisenbetonbaues. 654,1742,245,22
<EOS>
(Mit 908,1741,61,24
Bemes¬ 978,1740,103,20
<EOS>
<EOP>
sungstafel.) 360,1775,167,27
<EOS>
Von 546,1775,57,20
Ing. 619,1774,55,25
<EOS>
Rob. 690,1773,63,20
<EOS>
Maillart. 765,1772,123,20
<EOS>
1.— 1121,1770,52,20
<EOS>
19371001 232,1834,125,23
Bericht 368,1832,105,21
über 491,1830,62,22
die 573,1830,40,22
Tätigkeit 632,1829,133,26
der 785,1828,44,21
Kommission 849,1827,174,21
für 1043,1826,42,21
<EOS>
<EOP>
Schnee- 369,1864,109,20
und 495,1862,52,20
Lawinenforschung 564,1858,265,27
Davos-Weißfluh- 845,1857,240,22
joch. 370,1892,66,27
<EOS>
Von 452,1892,56,21
Rob. 523,1891,63,21
<EOS>
Haefeli 603,1889,103,25
(16 726,1889,42,24
Abb.) 783,1888,79,25
<EOS>
1.-4 1120,1881,53,26
<EOS>
988 307,1926,45,21
Die 370,1926,47,20
internationale 433,1924,199,22
Rheinregulierung 649,1922,249,26
von 915,1926,50,16
der 983,1921,43,20
111- 1045,1919,41,22
<EOS>
<EOP>
mündung 369,1956,134,24
bis 522,1954,38,21
zum 579,1958,59,16
Bodensee. 655,1952,137,22
<EOS>
<EOP>
— 376,1996,30,2
Erstes 421,1985,90,21
Heft 528,1985,65,19
von 608,1989,51,15
K. 676,1984,33,18
<EOS>
Böhi, 722,1982,71,23
E. 814,1982,28,20
<EOS>
Meyer-Peter, 858,1981,186,26
E. 1063,1980,28,20
<EOS>
Hoeck 371,2015,90,21
und 475,2015,52,20
R. 539,2015,30,20
<EOS>
Müller 585,2013,94,22
(33 697,2012,43,24
Abb.) 754,2012,80,24
<EOS>
2.— 1119,2010,55,20
<EOS>
1007 302,2049,58,22
— 377,2061,29,1
Zweites 422,2048,107,21
Heft 541,2047,64,21
von 619,2052,51,16
F. 686,2047,27,20
<EOS>
Nesper, 726,2046,107,24
A. 849,2046,31,20
<EOS>
H. 892,2046,30,20
<EOS>
Einstein 935,2044,117,21
u. 1068,2048,23,16
<EOS>
<EOP>
R. 371,2080,30,21
<EOS>
Müller 419,2079,93,21
(28 532,2078,42,24
Abb.) 591,2077,79,24
<EOS>
2.— 1121,2074,54,21
<EOS>
986 308,2113,46,21
Die 371,2113,46,21
neuen 441,2116,83,17
schweizerischen 549,2110,227,22
Dachziegel-Normen. 800,2109,287,26
<EOS>
<EOP>
Von 372,2143,56,20
P. 445,2143,27,19
<EOS>
Haller 489,2141,90,21
(6 599,2140,27,24
Abb.) 643,2140,78,26
<EOS>
—.50 1105,2136,70,21
<EOS>
982 310,2177,45,21
Contrôle 373,2176,120,21
de 513,2176,31,20
la 561,2175,27,20
qualité 606,2173,96,27
d'un 721,2173,59,22
béton 798,2173,77,21
au 894,2178,33,16
moyen 946,2177,93,22
de 1059,2173,30,19
<EOS>
<EOP>
la 373,2207,26,20
densité 416,2206,98,21
de 531,2206,30,20
celui-ci. 577,2205,108,20
<EOS>
Par 702,2204,51,20
J. 769,2204,23,19
<EOS>
Bolomey 808,2203,122,25
—.50 1106,2200,69,22
<EOS>
981 310,2244,45,21
Die 372,2244,48,20
Probleme 448,2242,134,21
der 611,2242,43,21
Düngung 676,2240,130,27
in 835,2241,27,20
der 889,2241,45,20
Landwirt¬ 955,2239,142,22
<EOS>
<EOP>
schaft 373,2273,87,21
(Abwasser 494,2272,150,23
und 671,2272,52,20
ausgefaulter 745,2269,177,27
Schlamm). 944,2268,153,25
<EOS>
Von 373,2303,56,21
H. 446,2303,32,20
<EOS>
Pallmann 496,2302,136,20
1.20 1124,2297,53,22
<EOS>
978 310,2336,45,21
Der 373,2338,50,19
Bau 444,2337,56,19
des 518,2336,47,20
Unterwassertunnels 583,2334,284,21
für 887,2333,43,21
die 951,2333,40,21
Kühl¬ 1011,2332,80,21
<EOS>
<EOP>
wasserversorgung 373,2370,260,21
des 649,2366,45,19
E. 714,2365,29,19
<EOS>
W. 751,2364,39,19
<EOS>
Dublin. 809,2363,101,22
<EOS>
Von 930,2364,56,19
Erwin 1005,2363,86,20
Schnitter 374,2395,131,21
(21 526,2395,42,24
Abb.) 583,2394,77,25
<EOS>
1.50 1125,2390,54,22
<EOS>
1936 233,2454,60,21
970 312,2453,45,21
Ueber 374,2452,85,21
den 488,2453,48,19
Wirkungsgrad 555,2451,208,26
von 787,2455,52,16
Zentrifugalpum¬ 859,2450,232,27
<EOS>
<EOP>
pen. 376,2488,56,21
<EOS>
Von 448,2482,57,21
J. 521,2482,23,21
<EOS>
Lalive 559,2481,89,21
(13 669,2481,43,24
Abb.) 727,2480,80,24
<EOS>
—.50 1109,2478,70,21
<EOS>
964 311,2516,45,21
Erfahrungen 373,2515,183,26
aus 577,2520,48,15
dem 647,2515,57,21
Druckstollenbau. 723,2513,240,22
<EOS>
Von 985,2513,55,21
H. 1059,2514,32,20
<EOS>
<EOP>
F. 375,2547,29,20
<EOS>
Kocher. 422,2545,107,22
<EOS>
(14 551,2545,43,25
Abb.) 611,2544,79,25
<EOS>
1.20 1127,2542,52,22
<EOS>
955 313,2581,46,20
Hand 375,2581,78,20
und 471,2579,52,21
Maschine. 540,2579,141,21
<EOS>
Von 699,2578,57,21
G. 775,2578,29,21
<EOS>
Schmidt 824,2577,117,22
(6 964,2576,27,25
Abb.) 1011,2576,80,26
<EOS>
1.50 1126,2576,55,22
<EOS>
952 313,2615,45,20
Le 375,2615,36,20
problème 425,2614,130,26
des 570,2614,45,20
vagues. 627,2616,105,23
<EOS>
Par 748,2613,51,20
H. 813,2613,32,20
<EOS>
Favre 861,2613,83,20
(17 964,2611,43,26
Abb) 1021,2611,70,25
1.— 1128,2611,52,20
<EOS>
949 313,2648,45,21
Die 375,2648,47,21
Spitallammsperre 439,2647,254,27
der 709,2647,43,20
Kraftwerke 769,2646,165,21
Oberhasli. 953,2644,140,22
<EOS>
<EOP>
Von 376,2678,57,20
H. 450,2678,32,20
<EOS>
Juillard 500,2677,110,21
(22 630,2676,42,25
Abb.) 689,2676,78,25
<EOS>
1.50 1129,2673,52,22
<EOS>
947 314,2712,45,20
Die 376,2712,48,20
Architektur 437,2710,169,21
in 620,2711,26,20
den 660,2711,48,20
geistigen 721,2709,127,27
Strömungen 863,2708,173,27
der 1052,2709,43,21
<EOS>
<EOP>
Gegenwart. 378,2741,161,26
<EOS>
Von 555,2740,57,21
Peter 626,2741,78,19
Meyer 718,2740,91,25
—.50 1112,2736,70,22
<EOS>
941 315,2775,46,20
Die 378,2775,47,20
historische 445,2774,154,21
Entwicklung 618,2773,184,26
der 823,2774,43,20
SBB 887,2771,62,23
und 969,2773,53,20
ihre 1041,2772,55,21
<EOS>
<EOP>
Aufwendungen 378,2805,214,25
für 620,2803,42,21
Anlagen 692,2803,119,27
und 840,2804,52,20
Ausrüstung. 921,2802,174,26
<EOS>
Von 378,2835,56,21
Walter 452,2835,97,22
Wachs 567,2835,93,20
(10 682,2833,42,25
Abb.) 742,2834,78,24
<EOS>
2. 1129,2832,22,20
<EOS>
<EOP>
Jahr 1215,417,57,17
Nr. 1291,416,38,17
<EOS>
Titel 1349,414,60,18
Preis 2092,409,64,18
<EOS>
<EOP>
940 1289,445,45,22
Elektrische 1350,443,162,22
Erwärmung 1534,442,173,25
von 1728,445,51,16
Beton 1799,439,84,22
und 1903,440,52,21
Mörtel 1976,439,93,22
<EOS>
<EOP>
bei 1352,474,41,21
Frosttemperaturen. 1412,472,277,27
<EOS>
Von 1709,471,55,20
P. 1784,472,28,19
<EOS>
Haller, 1831,470,98,24
C. 1948,470,27,21
<EOS>
Kunz 1996,469,74,21
und 1351,505,53,21
E. 1416,505,30,19
<EOS>
FontaneTlaz 1462,502,169,22
(11 1649,501,44,26
Abb.) 1707,500,79,25
<EOS>
1.20 2103,499,53,21
<EOS>
1935 1212,551,60,22
925 1289,551,45,21
Gesichtspunkte 1351,547,219,28
für 1582,547,43,21
den 1640,548,47,20
Bau 1700,547,56,19
grosser 1772,549,103,23
Autotunnels. 1889,544,180,22
<EOS>
<EOP>
Von 1350,581,59,20
E. 1423,581,31,18
<EOS>
& 1471,580,21,20
G. 1509,579,29,20
<EOS>
Grüner 1556,578,100,21
und 1672,577,53,21
C. 1741,576,29,23
<EOS>
Jegher 1785,576,96,24
(57 1900,574,42,25
Abb.) 1957,574,79,25
<EOS>
915 1289,615,46,21
Zum 1351,614,64,20
Problem 1434,613,118,20
des 1581,613,45,19
protestantischen 1644,609,236,29
Kirchenrau¬ 1899,609,171,21
<EOS>
<EOP>
mes. 1352,649,63,16
<EOS>
Von 1434,643,57,21
Peter 1510,643,77,20
Meyer 1605,643,89,24
914 1289,679,48,21
Grundlagen 1353,676,166,27
und 1539,676,54,21
Ziele 1615,675,68,20
der 1706,675,45,19
neuern 1773,677,98,17
Architektur. 1894,671,176,22
<EOS>
<EOP>
Von 1353,708,57,21
Peter 1426,707,77,20
Meyer 1519,707,89,25
902 1290,743,46,21
Beitrag 1352,742,109,24
zur 1488,745,46,15
Berechnung 1554,738,170,26
der 1753,738,43,21
Geschiebeführung 1818,736,254,26
<EOS>
<EOP>
und 1352,772,54,20
der 1427,772,45,20
Normalprofilbreite 1493,767,271,29
von 1782,772,53,16
Gebirgsflüssen. 1856,766,215,26
<EOS>
Von 1353,802,58,22
E. 1429,802,30,19
<EOS>
Meyer-Peter, 1480,799,185,27
H. 1686,798,32,22
<EOS>
Favre, 1739,798,92,24
und 1853,797,53,21
R. 1927,798,29,19
<EOS>
Müller 1980,795,92,22
(15 1358,832,43,25
Abb.) 1416,831,79,26
<EOS>
897 1290,867,49,21
Das 1354,866,56,20
Hallenschwimmbad 1429,863,280,23
am 1737,867,44,16
Viadukt 1801,860,116,24
in 1946,860,28,21
Basel 1996,860,77,21
<EOS>
<EOP>
(36 1359,896,42,24
Abb.) 1416,894,79,25
<EOS>
1934 1214,943,60,21
892 1292,942,45,22
Das 1354,941,55,21
neue 1428,944,66,17
Elektrizitätswerk 1515,937,252,23
der 1790,937,43,21
Stadt 1856,935,76,22
Belgrad. 1953,936,119,25
<EOS>
<EOP>
(12 1359,971,43,26
Abb.) 1413,970,80,25
<EOS>
888 1292,1006,46,22
Aus 1354,1006,57,20
dem 1440,1004,58,21
modernen 1527,1003,139,21
Wasserturbinenbau. 1696,999,283,23
<EOS>
Von 2018,998,55,21
<EOS>
<EOP>
A. 1355,1036,31,21
<EOS>
Per 1404,1036,49,20
rig 1454,1035,40,25
(14 1516,1034,43,24
Abb.) 1576,1032,78,25
<EOS>
885 1293,1070,46,21
Der 1355,1069,52,22
Umbau 1426,1068,104,21
des 1549,1068,44,20
Corso-Theaters 1612,1064,218,23
in 1847,1064,28,21
Zürich 1892,1063,94,22
1934. 2004,1063,69,21
<EOS>
<EOP>
(38 1361,1100,41,24
Abb.) 1420,1098,79,25
<EOS>
882 1293,1135,46,21
Sicherungsmassnahmen 1355,1131,342,27
gegen 1720,1134,84,21
das 1827,1129,47,20
Ueberfahren 1897,1126,178,22
<EOS>
<EOP>
geschlossener 1356,1163,193,27
Eisenbahnsignale 1582,1159,248,26
(System 1867,1157,116,26
Sig¬ 2018,1156,56,27
num). 1356,1193,86,25
<EOS>
Von 1459,1192,57,21
Fr. 1532,1191,42,21
<EOS>
Steiner 1591,1190,101,22
(17 1714,1189,41,24
Abb.) 1772,1188,78,24
<EOS>
875 1295,1229,45,21
Die 1357,1228,48,20
Drahtseilbahn 1426,1225,200,22
Schwyz-Stoos. 1648,1223,202,26
<EOS>
Von 1880,1222,55,21
F. 1956,1222,28,20
<EOS>
Hun- 2005,1221,71,20
<EOS>
<EOP>
ziker 1357,1258,71,20
(9 1446,1256,27,24
Abb.) 1487,1256,79,24
<EOS>
870 1295,1293,45,21
Das 1357,1292,54,20
Pumpspeicherwerk 1431,1288,272,29
zwischen 1724,1287,128,21
Schwarz- 1872,1285,132,22
und 2024,1284,52,22
<EOS>
<EOP>
Weiss-See 1357,1321,145,22
in 1518,1321,25,20
den 1561,1320,48,20
Vogesen. 1625,1319,125,26
<EOS>
Von 1768,1317,55,21
H. 1842,1317,31,21
<EOS>
Blattner 1890,1315,117,21
und 2025,1315,52,20
H. 1358,1352,31,21
<EOS>
Strickler 1405,1350,127,22
(42 1549,1350,43,24
Abb.) 1607,1348,80,25
<EOS>
869 1295,1383,45,21
Beitrag 1358,1382,108,24
zur 1494,1386,44,15
Untersuchung 1566,1378,201,26
des 1797,1378,44,20
physikalischen 1869,1375,208,27
<EOS>
<EOP>
und 1358,1412,52,21
statischen 1438,1410,144,22
Verhaltens 1610,1408,154,21
kohärenter 1794,1405,156,22
Boden¬ 1979,1405,98,21
arten. 1360,1442,80,20
<EOS>
Von 1455,1440,57,21
H. 1524,1440,33,21
<EOS>
E. 1571,1440,31,21
<EOS>
Grüner 1615,1439,100,21
und 1728,1438,54,21
R. 1794,1438,31,19
<EOS>
Haefeli 1840,1435,105,26
(7 1962,1435,28,25
Abb.) 2003,1434,80,25
<EOS>
1933 1219,1488,60,22
857 1297,1488,45,21
Die 1359,1488,47,20
Bedeutung 1427,1485,153,26
der 1601,1485,44,20
Rasse 1666,1484,83,20
in 1777,1483,26,20
der 1832,1482,43,20
Architektur- 1897,1479,180,22
<EOS>
<EOP>
Geschichte. 1361,1516,158,22
<EOS>
Von 1534,1515,57,21
Peter 1605,1514,77,20
Meyer 1696,1514,90,24
855 1297,1549,46,21
Vom 1359,1548,65,21
neuzeitlichen 1445,1544,186,23
nordischen 1650,1543,153,22
Brückenbau. 1823,1541,178,21
<EOS>
Von 2023,1540,56,21
<EOS>
<EOP>
M, 1360,1577,34,26
Ros 1405,1578,51,21
(44 1478,1576,42,24
Abb.) 1536,1575,78,24
<EOS>
854 1298,1609,46,21
Neuerungen 1361,1608,171,24
im 1553,1606,35,20
Bau 1607,1606,57,20
elektrischer 1683,1603,166,22
Aufzüge. 1870,1601,126,26
<EOS>
Von 2024,1601,55,20
<EOS>
<EOP>
K. 1361,1638,31,20
<EOS>
Gelpke 1409,1637,96,26
(31 1525,1635,41,25
Abb.) 1582,1635,78,24
<EOS>
850 1298,1668,45,21
Materialprüfung 1361,1665,235,27
mit 1613,1665,48,20
Röntgenstrahlen. 1678,1662,242,27
<EOS>
Von 1937,1661,57,20
<EOS>
<EOP>
E. 1361,1698,28,20
<EOS>
Brandenberger 1400,1696,212,25
(20 1636,1694,41,24
Abb.) 1698,1692,77,25
<EOS>
848 1300,1728,45,21
Die 1361,1728,48,20
Paneel- 1427,1726,106,21
oder 1553,1726,60,20
Deckenheizung. 1633,1723,223,25
<EOS>
Von 1884,1721,57,21
A. 1959,1721,32,20
<EOS>
Roth 2011,1720,70,21
<EOS>
<EOP>
(16 1366,1758,43,24
Abb.) 1427,1756,78,25
<EOS>
841 1300,1789,45,21
T. 1361,1788,28,20
<EOS>
A. 1399,1788,31,20
<EOS>
D., 1439,1787,38,26
<EOS>
Technischer 1498,1785,171,22
Arbeitsdienst 1689,1782,191,22
für 1907,1781,43,22
stellen¬ 1978,1781,102,21
<EOS>
<EOP>
lose 1361,1819,57,20
Techniker 1430,1816,144,21
(31 1593,1815,44,25
Abb.) 1653,1813,79,24
<EOS>
837 1300,1849,45,22
Einwandfreie 1361,1847,192,22
Bodenaufschlüsse 1571,1842,252,24
durch 1842,1842,80,22
die 1942,1842,39,20
Bohr¬ 2001,1841,79,20
<EOS>
<EOP>
pfahl-Sondierung. 1363,1876,253,28
<EOS>
Von 1633,1875,57,21
M. 1704,1875,35,20
<EOS>
Wegenstein 1758,1873,164,24
(12 1942,1871,42,25
Abb.) 2001,1870,78,25
<EOS>
834 1300,1909,47,21
Die 1361,1908,50,21
Zürcher 1430,1907,113,21
Sport- 1561,1904,91,27
und 1671,1904,54,21
Grünanlagen 1742,1902,184,26
im 1952,1901,38,20
Sihl- 2014,1899,67,22
<EOS>
<EOP>
hölzli 1363,1938,77,21
(25 1459,1936,42,25
Abb.) 1516,1935,78,24
<EOS>
1932 1223,1985,61,22
— 1317,1996,30,3
50 1364,1984,30,21
Jahre 1416,1982,79,22
«Schweiz. 1516,1981,137,21
<EOS>
Bauzeitung» 1673,1979,176,23
und 1877,1976,52,21
Technik- 1957,1974,124,22
<EOS>
<EOP>
Entwicklung. 1364,2013,190,24
<EOS>
Mit 1589,2010,49,21
Beiträgen 1665,2008,140,27
von 1833,2012,51,16
L. 1911,2006,29,21
<EOS>
Zehnder, 1959,2006,122,24
Peter 1365,2044,77,21
Meyer, 1471,2043,95,25
R. 1597,2041,30,21
<EOS>
Maillart, 1650,2039,121,24
W. 1802,2038,39,20
<EOS>
Kummer 1870,2037,124,20
und 2031,2035,52,21
C. 1365,2074,28,22
<EOS>
Jegher 1411,2073,97,25
(24 1526,2071,42,25
S. 1583,2071,26,21
<EOS>
78 1627,2070,30,21
Abb.) 1672,2068,79,25
<EOS>
829 1300,2105,48,21
Elektrische 1363,2103,164,22
Schmalspur-Lokomotiven 1551,2098,364,28
der 1941,2097,44,21
Mon¬ 2010,2096,72,20
<EOS>
<EOP>
treux 1365,2134,75,21
- 1449,2143,10,5
Berner 1468,2133,97,20
Oberlandbahn. 1591,2129,204,22
<EOS>
Von 1826,2128,57,21
R. 1913,2127,30,20
<EOS>
Zehnder 1969,2126,115,21
(9 1370,2164,26,25
Abb.) 1413,2162,78,25
<EOS>
828 1302,2195,47,21
Experimentelle 1364,2192,218,28
Bestimmung 1599,2190,182,25
der 1801,2189,45,19
Beanspruchung 1863,2185,222,27
<EOS>
<EOP>
von 1365,2229,51,16
Bauwerken, 1431,2221,168,26
die 1617,2220,40,21
einer 1671,2221,69,20
zeitlich 1758,2217,103,22
veränderlichen 1875,2216,210,22
Strömung 1367,2254,142,25
ausgesetzt 1528,2250,150,28
sind. 1698,2250,62,21
<EOS>
Von 1781,2249,56,21
E. 1858,2249,29,20
<EOS>
Meyer-Peter 1908,2246,176,26
und 1366,2284,55,21
H. 1433,2284,33,21
<EOS>
Favre 1483,2283,87,21
(18 1587,2281,44,25
Abb.) 1645,2280,80,23
<EOS>
824 1305,2316,45,21
Die 1367,2315,48,20
Privatklinik 1430,2311,173,23
Hirslanden 1620,2309,155,23
Zürich 1789,2308,92,21
(40 1900,2306,42,26
Abb.) 1958,2305,78,26
<EOS>
818 1305,2345,45,21
Die 1366,2345,49,21
Geschiebequellen 1432,2341,239,27
der 1687,2341,44,20
Bäche 1747,2339,86,21
und 1848,2338,53,21
Flüsse. 1917,2337,97,20
<EOS>
Von 2029,2336,56,21
<EOS>
<EOP>
G. 1368,2374,30,21
<EOS>
Strele 1415,2373,85,21
(24 1518,2372,44,24
Abb.) 1576,2371,81,24
<EOS>
806 1306,2405,45,22
Ueber 1367,2405,85,20
die 1471,2403,40,21
Eigenschaften 1526,2399,205,29
von 1748,2404,51,16
Schwallen 1815,2397,145,22
und 1976,2395,53,22
die 2047,2395,39,21
<EOS>
<EOP>
Berechnung 1368,2432,170,26
von 1559,2438,51,15
Unterwasserstollen. 1632,2427,281,25
<EOS>
Von 1936,2427,57,21
Prof. 2016,2426,70,21
<EOS>
E. 1367,2465,31,20
<EOS>
Meyer-Peter 1411,2463,180,26
(24 1607,2460,45,26
Abb.) 1664,2459,79,24
<EOS>
805 1307,2495,45,21
Quelques 1370,2494,127,27
propriétés 1510,2491,144,28
du 1670,2491,33,20
ciment 1716,2489,96,21
et 1826,2488,27,21
du 1869,2489,33,20
béton: 1914,2487,87,21
Dila¬ 2017,2486,70,21
<EOS>
<EOP>
tation, 1369,2524,90,24
Retrait, 1468,2521,109,26
Elasticité. 1588,2520,141,23
<EOS>
Von 1749,2520,57,20
H. 1814,2519,32,20
<EOS>
Juillard 1855,2517,110,22
(9 1977,2516,26,26
Abb.) 2012,2515,78,25
<EOS>
804 1306,2555,47,22
Ueber 1367,2554,87,22
die 1472,2554,40,21
dynamische 1530,2551,168,27
Beanspruchung 1714,2548,221,28
von 1952,2552,52,16
Bau¬ 2020,2546,68,21
<EOS>
<EOP>
werken 1369,2584,105,22
und 1494,2583,53,21
ihre 1565,2582,57,22
messtechnische 1641,2578,217,24
Untersuchung. 1880,2576,207,26
<EOS>
Von 1370,2615,57,21
A. 1443,2615,32,20
<EOS>
Meyer 1491,2614,89,24
(12 1601,2612,42,25
Abb.) 1659,2609,79,25
<EOS>
800 1308,2646,46,21
Das 1370,2646,56,20
Rheinkraftwerk 1444,2642,229,22
Ryburg-Schwörstadt 1693,2637,297,28
<EOS>
<EOP>
(68 1375,2675,42,25
Abb.) 1433,2673,78,25
<EOS>
799 1309,2706,45,20
50 1372,2705,29,20
Jahre 1415,2703,79,22
Gotthardbahn 1508,2701,195,23
(mit 1720,2699,61,25
ihren 1793,2699,74,20
Vor- 1880,2697,63,22
und 1957,2697,52,20
Bau- 2022,2696,67,20
<EOS>
<EOP>
Projekten) 1372,2732,152,28
(53 1545,2731,43,26
Abb.) 1601,2731,79,24
<EOS>
<EOP>
2.— 2102,573,54,22
<EOS>
—.50 2088,638,69,21
<EOS>
—.50 2088,702,69,20
<EOS>
<EOP>
1.— 2106,825,52,22
<EOS>
1.— 2106,888,52,22
<EOS>
—.50 2090,964,70,22
<EOS>
1.— 2108,1028,52,21
<EOS>
1.— 2108,1091,52,22
<EOS>
<EOP>
1.— 2109,1185,53,22
<EOS>
1.— 2109,1250,53,21
<EOS>
<EOP>
1.50 2110,1344,54,21
<EOS>
<EOP>
1.— 2110,1434,53,21
<EOS>
1.— 2112,1510,53,20
<EOS>
1.— 2112,1570,52,20
<EOS>
1.— 2112,1630,54,20
<EOS>
—.50 2097,1689,69,20
<EOS>
1.— 2113,1749,53,21
<EOS>
—.50 2097,1809,70,21
<EOS>
—.50 2098,1869,69,22
<EOS>
—.50 2098,1929,69,21
<EOS>
<EOP>
.50 2134,2155,35,20
<EOS>
<EOP>
1.— 2118,2275,52,20
<EOS>
1.50 2119,2305,53,21
<EOS>
—.50 2107,2364,66,21
<EOS>
<EOP>
1.— 2119,2455,54,21
<EOS>
1.— 2121,2515,52,21
<EOS>
<EOP>
—.50 2105,2605,69,21
<EOS>
3.50 2122,2664,53,22
<EOS>
—.50 2107,2723,69,21
<EOS>
Aus 1293,2801,57,20
früheren 1365,2798,123,21
Jahrgängen 1508,2795,168,28
Wissenswertes 1693,2791,210,24
in 1921,2790,26,22
Sonderdrucken 1966,2789,211,24
enthält 1232,2830,99,22
das 1347,2830,47,20
kostenlos 1408,2828,133,22
erhältliche 1557,2824,150,23
vollständige 1721,2823,173,26
Verzeichni*. 1910,2819,172,23
<EOS>
<EOS>
<EOP>
