2254,2981
16. 72,76,38,23
<EOS>
März 125,76,74,22
1940 213,76,61,22
SCHWEIZEMSCHÉffiAUZEITUNG 776,69,533,26
123 1967,69,45,22
<EOS>
<EOP>
«*/« 395,305,38,17
<EOS>
<EOP>
/ 439,318,41,44
9 571,329,46,52
»< 333,395,25,13
<EOS>
<EOP>
m 407,410,39,23
<EOS>
<EOP>
4t 648,505,28,17
<EOS>
<EOP>
"^ 603,585,51,28
<EOS>
<EOP>
SS* 1003,807,51,22
"% 937,845,26,18
<EOS>
<EOP>
Abb. 73,986,58,17
<EOS>
6. 143,985,18,18
<EOS>
Abriegelung 185,985,156,21
des 353,984,41,18
Plomotales 406,983,139,19
durch 558,983,71,18
den 641,982,44,18
vorgestossenen 696,981,190,22
Nevadoglet 898,980,143,22
dahinter 75,1014,105,19
der 193,1014,40,19
Stauraum 240,1014,122,19
des 375,1013,42,18
am 428,1018,36,13
10./11. 475,1013,69,22
<EOS>
Jan. 550,1013,52,17
<EOS>
1934 610,1013,47,17
entleerten 665,1013,127,17
Stausees 800,1012,108,18
(vgl. 919,1012,53,21
<EOS>
Abb 980,1011,51,18
<EOS>
<EOP>
hängig 74,1087,100,27
von 187,1092,52,16
den 260,1086,50,21
übrigen 329,1086,110,27
Gletscherschwankungen, 461,1085,354,26
raschem 835,1084,120,21
Ab¬ 970,1083,53,21
schmelzen 74,1121,147,22
anheim. 232,1120,109,20
<EOS>
Falls 358,1120,73,21
sie 440,1119,39,21
sich 489,1118,57,22
regelmässig 556,1118,173,28
wiederholen, 738,1118,181,24
folgen 934,1117,90,27
sie 74,1156,39,21
eigenen 128,1155,110,26
Perioden. 252,1154,132,20
<EOS>
<EOP>
Die 135,1188,47,21
täglichen 202,1188,134,26
und 356,1187,53,21
jahreszeitlichen 429,1186,228,27
Eisbewegungen 675,1186,223,26
und 913,1184,52,22
die 981,1184,42,21
normalen 75,1223,136,21
periodischen 232,1221,179,27
Schwankungen 436,1221,217,25
sind 678,1220,58,21
schon 762,1219,80,21
längst 867,1218,90,27
ein 981,1218,43,21
Forschungsgebiet 75,1256,256,26
der 354,1256,46,20
speziellen 422,1255,138,26
Gletscherkunde, 583,1254,230,24
während 837,1252,122,21
die 983,1252,41,21
eiszeitlichen 75,1289,177,22
Gletscherschwankungen 262,1289,348,26
in 625,1288,28,20
den 668,1288,49,20
Bereich 727,1288,108,19
geologischer 847,1286,177,26
Untersuchung 75,1323,204,26
gehören. 289,1322,120,27
<EOS>
Die 420,1322,48,21
aussergewöhnlichen 477,1322,287,27
Gletscherschwan¬ 771,1320,253,22
kungen 75,1358,106,26
sind 196,1357,60,21
als 278,1357,40,21
solche 340,1356,89,22
erst 451,1356,57,21
spät 527,1356,62,26
erkannt 609,1356,114,21
worden, 737,1355,112,24
im 864,1354,37,20
Kara- 920,1354,104,20
korum, 75,1393,127,23
in 217,1391,28,20
Alaska 260,1390,126,21
und 400,1389,54,22
in 468,1390,27,20
Grönland. 511,1389,180,21
<EOS>
Sie 710,1389,43,22
Sindbis 767,1388,110,22
jetzt 892,1387,66,27
fast 968,1388,57,20
ausschliesslich 75,1425,211,22
aus 301,1430,49,15
unbewohnten 360,1424,189,21
Gebirgen 561,1423,131,26
gemeldet. 701,1422,135,27
<EOS>
Selbst 853,1422,87,21
wenn 949,1426,76,16
sie 75,1460,39,21
dort 130,1460,59,20
mit 205,1459,48,21
einer 268,1459,71,20
gewissen 349,1458,129,27
Häufigkeit 489,1457,158,26
und 656,1457,53,20
Regelmässigkeit 719,1455,239,28
auf¬ 967,1455,57,21
treten 75,1494,88,21
sollten, 185,1494,100,23
so 309,1497,29,16
ergibt 364,1492,87,26
die 477,1491,40,21
Zufälligkeit 544,1491,170,26
ihrer 738,1490,71,21
tatsächlichen 834,1489,191,21
Notierung 75,1527,147,27
durch 237,1527,82,21
einen 334,1526,76,21
Beobachter 420,1524,163,22
doch 599,1525,66,20
eine 681,1525,56,20
relative 753,1524,109,21
Seltenheit, 874,1523,150,24
und 75,1561,54,21
erst 143,1561,55,21
recht 213,1560,74,22
selten 296,1560,84,22
ist 395,1560,37,21
das 447,1560,47,21
Zusammentreffen 505,1559,255,21
des 776,1559,45,20
kurzfristigen 837,1557,188,26
Ereignens 75,1595,144,26
selbst 237,1594,84,21
mit 340,1594,49,21
dessen 409,1594,94,21
Beobachtung. 522,1593,195,26
<EOS>
Es 742,1593,37,20
ist 798,1592,37,20
daher 855,1592,81,20
ganz 957,1596,68,21
natürlich, 75,1629,138,25
dass 229,1629,61,20
wohl 300,1628,68,21
die 384,1628,41,20
Tatsache 435,1627,130,21
aussergewöhnlicher 581,1626,284,27
Gletscher- 879,1625,146,21
vorstösse 75,1663,132,22
bekannt 223,1663,117,20
ist, 359,1662,42,25
ihre 417,1662,56,21
Ursachen 489,1660,136,22
und 644,1660,54,21
die 719,1659,41,22
Einzelheiten 781,1659,177,21
der 980,1659,46,20
Vorgänge 75,1697,143,26
aber 233,1696,62,21
nur 310,1700,51,17
ungenügend. 374,1694,181,28
<EOS>
<EOP>
Welcher 135,1731,119,21
Art 274,1729,50,22
war 344,1735,56,16
nun 420,1735,54,16
die 493,1729,41,21
Gletscherschwankung, 557,1728,322,25
d. 900,1726,24,22
<EOS>
h. 935,1726,24,21
<EOS>
der 980,1726,45,21
Vorstoss 75,1764,159,22
des 265,1764,56,20
Nevadogletschers 351,1762,330,27
<EOS>
Die 738,1762,49,20
Beantwortung 817,1760,207,26
dieser 76,1798,84,21
Frage 176,1798,85,25
hat 277,1797,48,21
wissenschaftliches, 339,1796,274,23
vor 629,1801,47,14
allem 688,1796,77,20
aber 781,1796,63,20
auch 77,1831,69,22
praktisches 159,1830,166,28
Interesse. 340,1830,141,21
<EOS>
<EOP>
Bei 122,1872,47,21
einem 184,1872,84,20
normalen 284,1871,135,21
Vorstoss 429,1871,124,21
ist 568,1870,37,21
die 619,1872,41,21
Dauer 676,1872,89,20
einer 775,1871,70,20
Gefährdung 78,1906,171,25
erst 272,1905,57,21
mit 347,1905,49,20
dem 417,1905,58,20
Abschluss 491,1905,143,21
der 650,1906,45,20
Vorstoss- 710,1904,135,21
periode 77,1940,104,28
und 195,1940,53,20
mit 262,1939,50,21
dem 327,1939,58,21
Einsetzen 401,1939,140,20
kräftigen 552,1939,135,26
Abschmel- 696,1939,149,19
zens 77,1980,62,16
beendet, 163,1974,115,24
während 300,1973,123,21
ein 446,1972,43,21
rascher 511,1973,106,20
Vorstoss 640,1974,124,19
sich 789,1971,58,20
eher 77,2007,62,22
in 161,2007,28,22
einmaligem 212,2007,166,27
Ereignen 395,2006,131,27
erschöpft. 549,2007,142,26
<EOS>
Ein 721,2006,50,20
nor¬ 786,2010,58,15
maler 77,2041,83,21
Vorstoss 174,2041,125,21
erfolgt 320,2040,98,27
meistens 433,2040,124,22
langsam 577,2040,123,27
und 718,2040,52,20
fast 791,2039,56,21
stetig. 78,2075,88,27
<EOS>
Der 191,2076,55,20
Moment 260,2075,118,21
einer 398,2074,71,22
Gefährdung 485,2073,172,28
durch 672,2073,82,22
Stau¬ 770,2073,75,21
ung 77,2115,54,21
eines 155,2109,70,21
Gletschersees 246,2109,193,21
(nicht 469,2107,86,25
dessen 577,2108,93,21
Ausbruch) 693,2107,150,24
kann 79,2143,72,21
lange 168,2143,79,25
Zeit 266,2142,57,21
vorausgesehen 342,2142,211,25
werden. 573,2141,110,21
<EOS>
Es 715,2141,36,21
bleibt 766,2140,81,22
<EOS>
<EOP>
somit 1319,133,79,20
genügend 1407,132,138,27
Zeit 1557,131,56,21
für 1629,131,43,21
die 1687,131,42,21
Durchführung 1739,130,207,27
von 1961,135,51,15
Abwehrmassnahmen 1319,166,298,21
gegen 1643,170,86,21
einen 1752,165,75,20
eventuellen 1850,164,163,21
Seeausbruch 1318,200,180,21
(Verstärkung 1514,200,196,25
oder 1726,199,61,20
Verlegung 1803,198,148,26
der 1967,197,46,21
ufernahen 1317,235,146,20
Bauten 1473,234,103,22
in 1591,234,28,20
den 1634,234,49,20
gefährdeten 1693,232,174,27
Gebieten, 1880,232,133,23
Auffangen 1317,268,155,27
der 1494,268,47,21
ausbrechenden 1563,267,212,21
Wassermengen 1794,266,218,25
durch 1317,302,83,21
Dammbauten, 1414,301,199,25
Umleitung 1629,301,154,26
des 1797,301,47,20
Talflusses, 1858,300,153,23
Zerstörung 1317,336,160,26
des 1492,336,46,20
Eisdammes 1552,335,165,21
usw.). 1727,334,87,24
<EOS>
Ein 1840,334,51,21
rascher, 1899,334,113,22
aussergewöhnlicher 1317,370,286,26
Vorstoss 1611,369,124,20
kann 1742,368,73,21
nicht 1825,367,73,22
voraus- 1905,373,108,16
gesehen 1318,405,114,25
werden, 1446,404,111,24
es 1573,408,28,16
sei 1612,403,38,21
denn, 1661,403,74,25
dass 1748,403,60,19
dessen 1822,402,93,20
Perio¬ 1926,402,86,20
dizität 1318,438,93,20
genau 1427,443,87,21
bekannt 1528,437,117,21
wäre, 1659,437,79,24
was 1756,441,56,16
bis 1826,436,41,21
jetzt 1882,436,66,25
nur 1963,440,50,16
selten 1318,472,85,21
zutrifft. 1413,471,114,22
<EOS>
Für 1543,471,54,20
wirksame 1607,471,140,21
Abwehrmassnah¬ 1762,469,251,22
men 1318,511,60,16
ist 1394,506,36,21
es 1444,511,29,16
daher 1488,505,83,21
meistens 1585,505,126,21
zu 1726,510,33,16
spät. 1774,504,69,26
<EOS>
<EOP>
Es 1362,541,38,19
liegen 1414,540,88,26
also 1516,540,57,20
recht 1588,539,75,21
triftige 1676,538,105,26
Gründe 1793,538,104,21
vor, 1907,543,55,19
die 1972,538,41,20
Frage 1318,575,87,25
nach 1419,574,69,20
der 1499,574,44,20
Art 1555,573,51,21
des 1621,573,46,21
Gletschervorstosses 1678,572,285,22
im 1977,572,37,20
Plomotale 1319,608,145,20
mit 1489,607,49,21
aller 1559,607,66,21
Gründlichkeit 1645,606,199,21
zu 1866,610,34,17
behan¬ 1917,605,96,21
deln. 1321,642,66,20
<EOS>
Wir 1411,641,55,21
müssen 1475,642,106,20
dabei 1592,641,74,21
ausgehen 1677,640,132,26
von 1825,645,51,15
den 1892,640,49,20
all¬ 1957,640,56,20
gemeinen 1322,675,173,27
Eigenschaften 1531,674,268,26
der 1840,674,52,20
Glet¬ 1929,673,84,20
scher 1322,710,94,20
dieser 1438,710,84,20
Breite 1544,709,88,20
[R. 1652,709,42,23
<EOS>
Helbling, 1704,708,131,26
6]. 1851,707,37,25
<EOS>
<EOP>
Auffallend 1364,743,154,21
ist 1543,743,36,21
zunächst 1603,743,128,21
die 1760,742,43,20
starke 1828,742,93,21
oro- 1946,746,67,15
graphische 1321,777,203,26
Begünstigung 1549,776,256,27
in 1830,776,28,20
der 1883,776,46,20
Ver¬ 1951,776,63,20
gletscherung 1320,810,187,27
unseres 1530,814,107,17
Gebietes. 1660,809,129,22
<EOS>
Die 1830,809,49,21
weitaus 1903,809,111,22
vorherrschende 1321,843,221,22
Windrichtung 1571,843,202,27
ist 1808,843,35,21
West-Ost, 1873,843,140,23
hegt 1321,878,65,25
also 1406,878,56,20
angenähert 1482,876,161,28
rechtwinklig 1659,877,184,26
zum 1858,882,61,15
Strei¬ 1934,876,80,21
chen 1322,912,66,20
der 1398,912,45,20
Bergketten. 1454,911,167,26
<EOS>
Die 1644,911,48,21
Folge 1703,911,80,26
davon 1795,912,85,20
ist, 1895,910,42,26
dass 1953,911,62,20
der 1322,946,45,20
Schnee 1384,946,98,20
bei 1502,946,42,20
der 1565,946,45,20
im 1629,945,36,21
allgemeinen 1681,944,171,27
sehr 1866,945,61,21
gros¬ 1941,949,72,22
sen 1324,985,47,15
und 1394,980,54,20
regelmässigen 1481,978,206,27
Windstärke 1709,979,168,21
nur 1904,984,51,15
im 1979,979,36,19
Windschatten, 1324,1013,204,25
d. 1560,1013,22,21
<EOS>
h. 1594,1013,23,20
<EOS>
an 1647,1018,34,16
den 1706,1013,50,20
Osthängen 1781,1013,153,26
sich 1958,1012,58,21
ansammelt 1324,1047,158,21
und 1502,1046,54,22
von 1581,1052,51,16
dort 1657,1047,59,21
aus 1741,1052,48,16
die 1814,1046,41,21
Gletscher 1880,1046,135,21
speist. 1068,1083,89,26
<EOS>
Die 1173,1083,48,20
Westflanken 1236,1081,183,22
bleiben 1434,1081,102,21
fast 1550,1081,57,21
firn- 1621,1080,64,21
und 1701,1081,53,21
eisfrei. 1770,1080,96,21
<EOS>
<EOP>
Die 1128,1117,48,20
Formen 1197,1117,137,20
der 1356,1116,55,19
Gletscher 1432,1115,177,21
gleichen 1629,1114,119,27
den 1764,1115,50,20
alpinen. 1829,1114,111,26
<EOS>
Wir 1961,1113,55,22
finden 1067,1151,91,20
Talgletscher, 1167,1150,186,27
die 1370,1150,41,20
ihren 1426,1149,75,20
Anfang 1515,1149,110,25
nehmen 1638,1149,112,20
in 1764,1148,28,20
hochgelegenen 1806,1148,210,26
Firnmulden 1068,1184,168,21
nach 1251,1184,68,21
dem 1334,1184,59,19
Typus 1409,1184,87,25
des 1510,1183,47,20
Aletschgletschers, 1566,1182,263,27
des 1844,1182,46,20
Gorner¬ 1905,1182,111,20
gletschers 1068,1218,145,27
usw. 1228,1223,63,16
<EOS>
Andere 1317,1218,103,20
Gletscher 1438,1217,136,21
haben 1593,1217,86,20
viel 1693,1216,51,21
steueren 1764,1216,122,21
Verlauf, 1900,1216,116,24
bilden 1068,1252,86,21
Eiskaskaden 1169,1251,183,22
nach 1367,1251,68,21
dem 1450,1251,59,20
Typus 1517,1251,89,26
der 1616,1251,47,20
Gletscher 1673,1251,135,21
am 1819,1255,44,16
Nordhang 1873,1250,144,25
der 1068,1286,45,20
Jungfrau, 1128,1286,139,26
andere 1283,1285,95,21
sind 1394,1284,59,22
Hängegletscher, 1468,1284,233,27
die 1715,1284,40,21
typisch 1770,1284,105,27
vertreten 1884,1284,133,20
sind 1068,1320,59,20
in 1142,1320,27,20
der 1190,1320,45,19
Gegend 1256,1319,105,26
von 1380,1323,53,16
Chamonix. 1454,1318,150,21
<EOS>
Schliesslich 1632,1318,164,20
ist 1816,1317,37,22
noch 1871,1317,68,21
eine 1958,1317,59,21
Gletscherart 1068,1353,179,22
vertreten, 1261,1353,139,23
der 1411,1352,47,20
hochgelegene 1469,1352,193,26
Mulden 1676,1351,107,21
fehlen, 1797,1351,96,25
die 1908,1350,43,22
sog. 1960,1356,56,20
<EOS>
Firnkessel-Gletscher. 1068,1387,304,20
<EOS>
Bei 1398,1386,48,20
Gletschern 1466,1386,154,21
dieser 1639,1385,86,21
Art 1742,1385,52,20
sammeln 1812,1385,129,20
sich 1959,1384,58,21
der 1069,1422,46,20
im 1129,1422,37,20
Windschatten 1175,1421,199,22
fallende 1389,1420,114,21
Schnee, 1520,1420,106,24
Schnee 1637,1419,100,22
von 1747,1424,51,16
Lawinen, 1812,1419,132,25
Firn 1954,1418,63,21
und 1069,1455,53,21
Eis 1137,1455,46,21
von 1198,1460,51,16
Abbruchen 1259,1454,156,21
der 1430,1454,45,20
Hängefirne 1486,1453,162,27
usw. 1658,1458,62,16
<EOS>
in 1731,1453,28,21
tiefen 1773,1453,82,21
Talkesseln 1865,1452,152,21
und 1069,1489,53,21
Talabschlüssen, 1137,1488,224,23
aus 1378,1493,47,16
denen 1442,1488,81,20
sich 1538,1488,57,20
Gletscher 1605,1488,136,21
normaler 1753,1487,132,21
Art 1899,1486,51,21
ent¬ 1960,1486,55,20
wickeln. 1070,1523,117,20
<EOS>
<EOP>
Das 1130,1557,55,20
trockene 1192,1556,125,21
Klima 1327,1555,89,21
und 1425,1555,53,21
die 1489,1554,41,22
damit 1541,1554,82,22
verbundene 1630,1554,163,22
starke 1803,1554,91,21
Sonnen¬ 1903,1554,113,21
bestrahlung 1069,1589,174,27
sind 1262,1590,59,21
wohl 1335,1589,69,21
auch 1422,1589,68,21
die 1510,1589,41,21
hauptsächlichen 1569,1588,233,27
Ursachen 1815,1588,137,21
der 1971,1588,47,20
merkwürdigen 1070,1623,267,27
Schmelzformen 1353,1623,284,21
von 1651,1626,63,17
Schnee 1730,1621,125,22
und 1869,1621,64,21
Eis. 1948,1621,69,21
<EOS>
Das 1070,1659,54,20
Abschmelzen 1140,1658,188,20
der 1350,1658,45,20
winterlichen 1409,1656,179,21
Schneedecke 1609,1655,180,22
geschieht, 1808,1655,143,26
von 1967,1660,51,16
einem 1071,1692,84,21
Höhengürtel 1175,1691,180,27
zwischen 1374,1691,130,21
3000 1525,1690,59,21
bis 1604,1690,41,21
3200 1665,1690,60,20
m 1740,1695,26,15
Meereshöhe 1787,1689,168,21
an, 1975,1694,42,19
nicht 1070,1726,73,21
in 1162,1726,27,20
zur 1210,1731,46,15
Unterlage 1272,1725,144,26
mehr 1437,1725,73,20
oder 1531,1725,63,20
weniger 1608,1724,114,26
parallelen 1741,1723,143,27
Flächen 1903,1723,115,21
wie 1070,1759,49,22
bei 1135,1759,42,21
uns, 1195,1764,56,20
sondern 1268,1759,112,21
in 1395,1759,27,20
länglichen 1438,1759,148,26
Hohlformen 1604,1758,173,20
mit 1792,1757,50,21
angenähert 1856,1756,162,27
<EOS>
<EOP>
scher, 1040,980,73,22
3). 1047,1011,28,22
<EOS>
Phot, 1095,1011,65,18
A. 1168,1012,25,17
<EOS>
T. 1201,1011,24,18
<EOS>
R 1233,1011,20,18
<EOS>
<EOP>
»N 462,2264,39,22
<EOS>
<EOP>
S^ 686,2297,32,22
m 703,2306,62,41
<EOS>
<EOP>
us 259,2454,30,19
«s 243,2493,25,24
<EOS>
<EOP>
«C-aV 729,2524,73,21
^m 668,2537,125,38
rö 448,2581,63,25
; 648,2589,5,31
^ 675,2585,32,31
(VU 407,2595,31,18
<EOS>
<EOP>
o\o 139,2732,44,24
tf 85,2772,30,33
KURVEN 369,2785,64,13
ABSTAND 438,2785,71,12
200 519,2783,30,15
m 557,2787,10,11
ni. 577,2783,19,16
<EOS>
Abb. 78,2841,58,18
<EOS>
3. 148,2841,19,18
<EOS>
Wie 190,2841,50,18
Abb. 251,2841,58,18
<EOS>
2, 321,2841,19,20
aber 351,2840,57,18
Gletscherstand 419,2838,190,20
1934 620,2838,46,19
: 673,2843,6,14
Nevadogletscher 77,2871,211,21
vorgestossen 298,2871,163,21
auf 472,2869,41,19
seinen 525,2869,80,18
alten 612,2869,63,18
Moränen¬ 683,2869,120,18
rand, 77,2901,65,21
Juncal- 156,2902,92,17
und 259,2900,48,19
Plomogletscher 320,2900,196,23
stark 527,2899,66,19
zurückgezogen 604,2898,185,23
<EOS>
<EOP>
Cerro 1775,1841,75,23
Juncal 1860,1838,87,28
6no 1967,1847,41,19
LAGESKIZZE 1118,1849,164,26
rd. 1299,1852,40,24
<EOS>
1:125"000 1352,1852,145,25
'•-, 1732,1866,24,22
m%m 1722,1880,117,35
5 1509,1910,7,13
km 1526,1909,23,13
>U 1345,1935,39,23
Nevado 1217,1995,100,26
de 1328,1995,30,26
Plomo 1378,1994,81,29
"S>&> 1218,2033,49,29
605TWc-3&' 1281,2035,151,27
f 1449,2040,10,22
<EOS>
<EOP>
¦C-?fl 1664,2054,61,19
<EOS>
o>&» 1162,2091,44,16
> 1222,2091,5,16
<EOS>
<EOP>
<i 1569,2139,34,25
"^ 1633,2151,39,26
m 1254,2162,71,44
iKÌ-S 902,2179,71,27
I 1620,2183,1,15
CD 1644,2183,20,16
-Ki 1152,2225,26,11
<EOS>
<EOP>
*sV/,'*y) 1510,2289,97,27
- 1618,2304,4,6
°T 1138,2316,25,31
Ji®~, 1074,2346,81,29
Nc 1038,2370,32,25
3>$>' 1070,2375,71,32
Li 1081,2404,41,39
XX 1416,2408,45,24
<EOS>
<EOP>
\ 1682,2462,10,31
e 1718,2467,16,21
t 1756,2463,14,30
afe 1791,2461,51,38
h 1862,2471,17,30
*> 1076,2468,18,16
*/ 1057,2492,34,25
r/ 1935,2504,37,18
<EOS>
<EOP>
^ 1582,2537,28,27
-* 1454,2559,34,16
r1 1317,2564,33,23
U\ 1469,2571,71,35
S 1256,2574,13,9
3165 1287,2574,26,10
ni 1212,2576,33,27
<EOS>
<EOP>
<Ò? 965,2712,54,39
<EOS>
% 899,2765,26,39
KURVENABSTAND 898,2836,127,14
200 1037,2835,30,17
» 1074,2839,11,12
rd 1091,2835,16,15
<EOS>
<EOP>
Gletscher 1330,2761,78,16
u 1417,2766,8,11
Firn 1438,2760,34,18
^Hy 1489,2758,43,24
\ 1549,2764,13,13
Stand 1186,2797,44,17
der 1237,2797,25,17
Gletscher 1266,2797,68,17
1912 1339,2797,30,17
\j 1378,2790,27,27
Stand 1446,2795,44,19
der 1499,2796,25,17
Gletscher 1530,2796,71,18
1934 1610,2797,33,17
V 1654,2794,21,20
Nevadogletscher 1186,2832,120,23
Moratte 1314,2833,50,16
(_J 1377,2824,34,30
Abb. 899,2898,58,18
<EOS>
2. 969,2898,18,18
<EOS>
Lageskizze 1012,2897,138,22
der 1162,2896,41,19
Juncalgletscher-Gruppe. 1215,2896,307,22
<EOS>
Aufnahme 1546,2896,130,17
Dr. 1687,2896,40,18
<EOS>
R. 1737,2896,26,17
<EOS>
Helbling 1770,2895,111,22
1912 1891,2895,47,19
<EOS>
<EOP>
