2280,3100
14. 156,133,40,23
<EOS>
Dezember 218,127,154,23
1895. 396,128,76,27
<EOS>
SCHWEIZERISCHE 803,130,305,23
BAUZEITUNG 1129,130,221,25
156 1963,130,48,28
INHALT: 170,189,132,19
Die 327,191,37,16
Wasserwerks- 378,191,154,16
und 550,192,37,16
elektrische 605,192,119,17
Kraftanlage 738,192,131,25
„La 886,194,40,21
Goule- 941,193,74,17
im 1034,194,24,16
Berner 115,218,73,15
Jura. 200,217,52,21
<EOS>
III. 269,217,30,17
<EOS>
(Schluss.) 319,218,101,21
<EOS>
— 433,227,22,2
Ueber 470,217,62,18
neuere 546,224,70,11
elektrische 629,218,118,17
Strassenbahnen 761,218,172,19
mit 947,221,35,15
unter¬ 996,224,63,12
irdischer 115,243,98,17
Stromzuführung. 225,243,183,23
<EOS>
— 422,253,19,3
Die 456,244,38,16
neue 506,250,49,11
Tonhalle 568,246,96,16
in 678,246,17,16
Zürich. 710,246,75,17
<EOS>
XL 800,246,29,16
— 841,257,18,2
.Miscellanea: 870,246,138,17
<EOS>
Die 1023,246,36,16
Pariser 114,270,78,16
Stadtbahn. 206,269,116,18
<EOS>
Die 347,271,37,16
elektrischen 403,270,130,17
Centralen 552,271,105,18
in 676,272,17,17
Paris, 710,272,59,18
Neuer 794,273,65,17
Gasmotorwagen. 878,273,179,22
<EOS>
Versuche 115,295,99,17
über 227,295,48,17
die 288,295,30,17
Angreifbarkeit 332,295,162,24
des 507,297,34,17
Aluminiums 550,298,131,17
und 695,298,38,17
seiner 748,299,62,16
Legierungen. 820,299,142,23
<EOS>
Die 980,300,38,16
be¬ 1028,300,30,16
deutendste 114,322,117,17
Aktien-Gesellschaft. 244,322,221,18
<EOS>
Schweizer 483,323,108,18
Landesausstellung 605,325,204,21
Genf 822,325,53,17
1896. 887,325,48,23
<EOS>
Argon. 956,325,72,23
<EOS>
— 1039,336,18,2
<EOS>
<EOP>
Preisausschreiben 115,348,197,18
: 322,356,3,10
Verband 346,350,89,17
deutscher 453,350,103,17
Elektrotechniker. 570,351,192,17
<EOS>
— 782,362,19,1
Konkurrenzen 822,351,153,19
: 984,359,4,9
Zwei 1007,352,50,17
<EOS>
<EOP>
eherne 1108,195,71,16
Thürflügel 1193,194,112,22
für 1320,195,28,16
das 1361,195,36,16
neue 1407,201,48,10
Hauptportal 1465,194,135,22
des 1610,195,33,17
Mailänder 1654,194,110,19
Domes. 1774,196,79,17
<EOS>
Nordböhmisches 1868,195,183,18
Gewerbemuseum 1107,221,186,17
in 1307,221,16,15
Reich 1340,220,58,18
en 1401,227,21,10
berg. 1426,222,53,20
<EOS>
Regulierung 1500,221,134,23
des 1643,223,34,15
Xeugebäudeterrains 1687,222,221,21
in 1917,223,18,15
Budapest, 1946,222,105,21
Provinzialmuseum 1107,247,199,17
in 1320,247,17,16
Hannover. 1349,246,113,18
<EOS>
Stadthalle 1483,246,108,18
in 1605,248,16,16
Elberfeld. 1636,247,106,18
<EOS>
— 1753,257,19,3
Nekrologie: 1784,248,135,23
f 1932,250,9,20
F. 1952,249,19,15
<EOS>
Georg 1983,248,68,21
Thomas 1107,274,84,16
LoramèL 1206,273,94,17
f 1325,275,9,20
Patrick 1349,273,78,17
Stirling. 1444,273,88,22
<EOS>
— 1549,284,21,2
Statistik 1590,273,90,18
der 1697,274,34,17
eidg. 1751,274,50,22
<EOS>
polytcchn. 1815,275,113,22
<EOS>
Schule 1942,275,71,17
in 2033,275,17,15
Ziirich. 1107,301,76,17
<EOS>
— 1197,310,19,2
Vereinsnachrichten 1230,299,210,19
: 1449,307,4,10
Stellenvermittelung. 1467,299,221,25
<EOS>
<EOP>
Hier/u 1174,327,72,16
eine 1267,327,41,15
Tafel: 1325,326,65,19
Neue 1416,328,53,16
Tonhalle 1491,327,95,17
in 1605,328,18,16
Zürich. 1643,329,77,16
<EOS>
Innen-Ansicht 1746,328,153,17
des 1917,329,34,16
grossen 1968,333,81,18
Konzertsaales. 1107,354,156,16
<EOS>
<EOP>
Die 114,450,66,28
Wasserwerks- 191,450,292,31
und 494,453,72,29
elektrische 578,452,210,30
Kraft-Anlage 800,453,256,37
<EOS>
<EOP>
„La 295,497,72,36
Goule" 383,496,139,31
im 547,497,48,30
Berner 621,499,135,28
Jura. 780,498,96,36
<EOS>
<EOP>
III. 505,545,39,20
<EOS>
(Schluss.) 561,544,112,28
<EOS>
Auf 206,610,52,23
die 279,611,42,23
Isolation 347,612,129,23
aller 505,612,70,23
Teile 603,614,73,21
der 706,612,48,23
Anlage 782,612,103,31
ist 908,612,32,25
grosse 964,619,93,23
Sorgfalt 115,648,120,28
verwendet 257,649,155,23
worden. 434,648,121,25
<EOS>
So 590,650,35,24
sind 647,649,58,23
die 731,649,41,23
Wickelungen 796,650,191,28
der 1010,650,47,22
<EOS>
<EOP>
Miccascheiben 1107,426,215,23
isoliert. 1353,426,113,23
<EOS>
Sogar 1508,426,85,30
die 1621,427,43,23
Kabel 1701,428,85,22
der 1814,428,49,22
Bahnunter¬ 1889,428,160,24
führungen 1107,463,150,30
sind 1278,463,60,22
gegen 1360,471,85,23
Erde 1468,463,68,23
durch 1563,464,83,24
Marmor 1672,467,120,21
oder 1817,465,66,23
Porzellan 1910,465,139,24
isoliert. 1107,501,111,23
<EOS>
<EOP>
Die 1197,538,49,22
Kosten 1282,538,100,23
der 1422,539,48,22
ganzen 1504,545,98,21
Anlage 1642,540,103,29
waren 1778,546,90,16
total 1903,541,67,22
auf 2006,540,46,22
1410000 1111,583,135,22
Er. 1278,576,42,23
<EOS>
veranschlagt. 1353,577,197,28
<EOS>
Die 1593,577,50,22
wirklichen 1680,577,156,23
Erstellungs¬ 1870,578,179,28
kosten 1107,613,92,24
betragen 1229,614,130,29
1423000 1389,620,138,24
Fr., 1554,615,49,22
<EOS>
die 1631,615,42,23
sich 1699,615,55,23
auf 1783,615,46,23
die 1848,615,43,23
verschie¬ 1918,616,131,22
denen 1107,651,85,22
Positionen 1215,651,155,23
wie 1393,652,48,22
folgt 1464,651,68,27
verteilen: 1554,653,141,23
Fig 662,730,34,22
Wechselstrom-Motor 793,730,309,20
mit 1118,731,49,19
Voll- 1184,730,69,20
und 1270,730,54,20
Leer-Rolle. 1340,730,162,21
<EOS>
<EOP>
Jf<?^. 1297,883,108,36
<EOS>
0 1108,970,67,60
w 1186,994,56,30
<EOS>
<EOP>
XLLvtX, 1326,963,146,28
<EOS>
<EOP>
P 1083,1212,35,60
w 1157,1219,45,53
¦Is» 1096,1378,55,38
-TS* 1182,1391,51,22
<EOS>
<EOP>
• 1138,1449,2,3
<EOS>
<EOP>
Generatoren 109,1786,185,24
nicht 318,1787,71,22
nur 410,1793,49,15
durch 480,1786,82,23
ihre 579,1788,57,22
Umspinnung 659,1787,187,30
und 868,1788,51,22
die 943,1787,43,23
ge¬ 1008,1794,44,23
wöhnlichen 108,1823,171,24
isolierenden 301,1824,179,23
Unterlagen 511,1825,165,29
geschützt, 699,1825,143,29
sondern 864,1825,115,23
der 1006,1825,47,23
ganze 108,1867,81,24
Eisenkranz 211,1860,159,25
der 400,1861,47,23
Armaturen 469,1863,161,22
ist 660,1863,32,22
nochmals 720,1863,139,23
durch 889,1863,83,23
eine 996,1864,56,22
isolierende 108,1898,163,24
Schicht 294,1898,107,24
vom 422,1906,65,16
Gestell 509,1899,104,24
getrennt. 635,1903,130,27
<EOS>
Die 788,1900,50,23
Transforma¬ 864,1900,187,24
toren 107,1939,76,20
in 206,1936,24,22
den 253,1935,51,24
Sekundärstationen 324,1936,273,25
sind 614,1936,58,24
alle 695,1938,53,22
auf 771,1938,47,22
Porzellanfüsse 837,1938,215,23
gestellt. 108,1974,114,29
<EOS>
Alle 264,1974,60,22
Messinstrumente 356,1974,249,24
und 641,1974,54,24
Apparate 726,1974,139,31
für 896,1977,42,22
Hoch¬ 964,1976,88,22
spannung 108,2017,140,24
sind 269,2012,60,23
auf 351,2013,46,22
Marmor 416,2013,118,22
montiert 555,2013,128,22
und 704,2013,53,22
von 779,2019,52,17
diesem 848,2013,101,23
durch 968,2013,82,22
<EOS>
<EOP>
Grunderwerb, 1140,1796,210,28
Vorarbeiten 1372,1797,179,24
etc. 1574,1803,47,17
<EOS>
etwa 1639,1802,68,20
<EOS>
<EOP>
Erstellung 1138,1833,157,31
der 1326,1834,48,24
Wasserkraftanlage 1405,1835,283,31
ink! 1721,1836,51,23
<EOS>
<EOP>
Turbinen 1176,1871,135,23
Erstellung 1138,1909,151,29
cler 1312,1909,48,24
elektrischen 1383,1910,177,24
Anlage 1582,1912,103,29
Diverse 1138,1946,113,23
Anlagen 1273,1947,123,28
<EOS>
<EOP>
30S 1827,1800,50,29
700 1891,1807,50,21
Fr. 1964,1801,43,23
<EOS>
5 1828,1880,11,21
5 1847,1880,11,21
1 1869,1882,6,15
000 1891,1883,51,15
<EOS>
<EOP>
507 1825,1918,50,22
000 1888,1920,53,16
<EOS>
<EOP>
<EOS>
56 1842,1951,33,27
300 1887,1957,52,23
<EOS>
<EOP>
Total 1703,2018,78,22
1423 1803,2024,72,23
000 1888,2026,53,16
Fr. 1963,2018,42,25
<EOS>
Fig. 636,2101,46,24
<EOS>
22. 699,2106,35,13
<EOS>
Bahn-Unterführung' 767,2100,293,27
mit 1076,2102,48,20
Hoehspannungs-Leitung. 1141,2101,372,28
<EOS>
<EOP>
S 1814,2372,36,27
<EOS>
<EOP>
