2280,3100
14- 135,105,39,23
Dezember 198,98,153,23
i8qs. 375,98,78,27
<EOS>
SCHWEIZERISCHE 791,98,303,24
BAUZEITCXG 1115,98,221,24
1 1940,107,6,16
02 1957,106,26,17
<EOS>
<EOP>
Nordböhmisches 185,153,202,24
Gewerbemuseum 415,153,208,23
in 652,154,19,21
Reichenberg. 700,154,156,28
<EOS>
Ausser 890,157,77,19
den 994,157,41,18
vom 92,192,49,13
Preisgerichte 159,186,154,25
zum 330,193,45,11
Ankauf 392,185,88,19
empfohlenen 495,185,150,27
fünf 664,185,46,20
Entwürfen 723,185,124,22
bat 866,186,34,20
das 917,186,37,19
Kura¬ 966,187,69,19
torium 93,216,75,19
noch 191,216,55,21
ein 268,217,31,18
sechstes 322,216,91,19
Projekt 431,215,84,25
zum 538,222,44,13
Betrage 602,216,91,24
von 715,221,40,14
looo 781,221,55,14
Kr. 853,218,39,18
<EOS>
erworben. 915,218,118,17
<EOS>
Der 92,246,44,19
Verfasser 155,246,107,19
des 284,246,36,18
in 344,246,18,18
erster 384,251,67,13
Linie 469,240,60,26
in 552,246,20,18
Betracht 591,246,97,18
kommenden 710,246,144,19
Entwurfes 871,246,118,19
ist 1009,247,25,19
Arch. 93,276,65,20
<EOS>
Ferdinand 178,276,119,19
Obmann, 315,274,107,27
Professor 445,275,109,20
an 576,282,26,13
der 620,276,37,18
Kunstgewerbeschule 673,274,243,27
in 934,277,19,18
Prag. 972,277,61,24
<EOS>
<EOP>
Regulierung 184,303,145,29
des 358,304,40,22
Neugebäudeterrains 428,304,248,27
in 705,303,18,22
Budapest. 753,305,121,28
<EOS>
Die 914,306,39,19
Bau- 982,307,51,19
kommission 92,335,137,20
der 251,334,38,20
Stadt 305,335,59,20
Budapest 384,333,105,29
hat 511,336,35,19
beschlossen, 569,335,141,20
für 733,334,32,20
die 786,336,33,19
Regulierung 839,336,141,25
des 997,337,36,18
Neugebäudeterrains 92,366,239,24
einen 358,366,61,18
internationalen 448,365,173,21
Wettbewerb 649,366,142,18
mil 820,372,33,13
drei 880,367,43,18
Preisen 947,367,86,18
<EOS>
<EOP>
— 93,406,26,3
4000. 138,401,64,18
<EOS>
2000. 220,400,64,15
<EOS>
1200 306,400,55,14
Kronen 377,396,89,19
— 484,408,26,1
auszuschreiben. 527,395,183,20
<EOS>
<EOP>
Provinzialmuseum 181,423,226,23
in 427,424,19,22
Hannover. 466,425,122,21
<EOS>
Unserer 621,427,90,18
Mitteilung 731,425,121,25
über 872,427,52,18
das 941,427,37,18
Er¬ 996,427,37,18
gebnis 92,455,77,25
dieses 186,456,68,18
Wettbewerbes 272,453,167,23
ist 453,456,23,19
berichtigend 494,456,146,24
nachzutragen, 653,456,163,25
dass 830,456,47,18
der 889,455,37,20
Entwurf 938,456,95,20
von 91,491,41,13
Arch. 141,485,65,20
<EOS>
Hagberg 217,486,102,25
in 337,486,19,19
Berlin 368,485,70,20
(siali 453,486,57,25
Hartmann) 523,487,126,21
zum 665,492,45,13
Ankauf 721,485,87,20
empfohlen 822,485,123,26
wurde. 952,486,79,21
<EOS>
<EOP>
Stadthalle 182,514,124,23
in 325,515,19,21
Elberfeld. 363,514,118,22
<EOS>
(Bd. 506,516,49,22
<EOS>
XXVI 575,515,73,21
S. 658,515,23,20
<EOS>
9.) 693,514,30,28
<EOS>
Bis 748,516,32,19
zum 797,522,45,12
30. 855,522,33,18
<EOS>
November, 903,516,130,27
dem 92,545,49,19
Schlusstermin 157,544,162,22
dieses 338,545,67,20
Wettbewerbs, 422,546,163,20
sind 603,545,47,20
34 669,551,26,19
Entwürfe 713,544,107,22
eingegangen. 838,547,157,25
<EOS>
<EOP>
Nekrologie. 454,640,229,36
<EOS>
j- 180,706,13,22
F. 207,704,19,21
<EOS>
Georg 241,702,71,29
Thomas 323,704,95,22
Lommei. 433,704,100,22
<EOS>
In 550,706,24,18
der 593,706,37,18
Nähe 646,705,60,20
von 725,710,38,14
Spiez 778,704,59,28
am 854,711,33,14
Thunersee, 902,705,131,24
wohin 91,734,69,20
er 177,742,23,12
sich 216,735,43,19
krankheitshalber 276,734,199,22
zurückgezogen 491,736,174,24
halte, 683,736,65,24
starb 759,736,56,18
am 828,742,32,12
5. 875,740,18,20
<EOS>
d. 907,735,19,19
<EOS>
Mts. 940,737,46,19
<EOS>
In¬ 1001,737,31,18
genieur 89,765,88,24
G. 194,765,24,20
<EOS>
F. 234,765,20,18
<EOS>
Lommei, 269,765,103,26
dessen 394,765,77,20
Name 489,766,66,18
mit 580,766,34,18
den 633,766,39,18
schweizerischen 689,765,187,21
Alpenbabn- 895,765,137,27
beslrebungeu 91,795,155,25
eng 272,802,41,18
verknüpft 331,795,112,25
ist. 468,796,30,19
<EOS>
Schon 531,796,70,18
1S64 630,795,55,25
gab 710,796,42,24
er 776,803,22,11
unter 821,799,60,15
dem 897,796,49,18
'l'ilei: 964,797,66,18
«Etude 91,824,88,20
critique 201,823,87,29
des 312,826,36,18
divers 370,826,69,18
systèmes 461,825,99,25
proposés 583,826,101,26
pour 700,831,54,20
le 770,826,19,18
passage 806,831,89,21
des 913,826,36,18
Alpes 966,826,66,27
suisses 90,855,74,18
par 181,862,38,18
un 236,861,26,13
chemin 280,856,82,18
de 381,855,25,19
fer» 424,855,47,20
eine 489,863,46,11
Denkschrift 547,856,138,19
heraus, 704,856,82,19
die 804,856,33,19
in 857,856,18,19
technischen 895,856,136,20
und 91,885,41,18
finanziellen 150,884,131,19
Kreisen 294,886,90,18
grosse 401,892,73,19
Beachtung 491,886,124,24
fand, 632,886,58,26
und 706,885,43,19
der 765,886,38,18
im 814,886,28,18
nächsten 854,885,102,22
Jahre 966,886,65,26
linier 90,919,60,15
dem 167,914,46,19
'l'ilei: 227,914,65,20
« 307,923,9,9
Simplon. 323,915,105,26
<EOS>
St. 439,916,29,19
<EOS>
Golhard 479,915,96,20
et 590,922,18,13
Lukmanier—Elude 621,916,231,19
comparative:» 870,917,160,24
eine 90,945,46,19
weitere 161,944,83,20
Schrift 268,945,77,19
folgte, 373,945,70,26
welche 470,945,79,20
ohne 574,946,55,18
Zweifel 652,945,85,19
seine 761,946,59,19
Berufung 843,946,110,25
nach 976,947,55,19
St. 89,974,30,21
<EOS>
Gallen 126,975,75,19
und 224,975,42,19
seine 287,975,58,18
Bestrebungen 364,975,157,26
für 545,975,33,19
den 600,976,41,19
Bau 665,977,43,18
eines 731,976,56,19
ostschweizerischen 809,976,221,21
Alpenüberganges 89,1004,207,27
veranlasste. 307,1005,135,19
<EOS>
Die 474,1006,41,18
folgenden 532,1005,113,25
Jahre 657,1006,64,24
führten 738,1004,84,22
ihn 840,1006,34,20
wieder 887,1006,78,20
nach 977,1008,53,18
der 89,1035,38,18
Westschweiz, 145,1035,154,26
wo 321,1041,32,13
er 377,1042,21,12
als. 419,1035,37,23
<EOS>
Direktor 470,1035,102,19
der 594,1035,38,20
Simplon-Bahn-Gesellschaft 654,1035,317,28
das 994,1037,37,19
schöne, 88,1064,86,26
in 195,1065,19,18
grossem 237,1071,94,20
Masstab 350,1065,92,19
ausgeführte 459,1065,136,26
Simplon-Projekt 612,1066,193,25
ausarbeitete, 823,1067,146,19
das 994,1068,37,18
an 88,1102,25,11
der 131,1095,37,18
Pariser 187,1095,81,18
Weltausstellung 282,1095,184,25
von 483,1102,40,12
187S 544,1096,55,24
so 616,1102,24,13
berechtigtes 659,1096,140,26
Aufsehen 815,1096,107,20
erregte, 940,1101,91,22
und 88,1124,42,20
den 148,1125,39,18
damaligen 206,1124,121,26
Simplon-Bestrebungen 340,1125,270,26
sehr 626,1126,49,19
forderlich 693,1125,112,21
war. 824,1133,48,13
<EOS>
Nach 905,1128,59,18
dem 983,1128,47,18
Uebergang 88,1154,129,25
der 241,1154,38,19
Simplon-Bahn 300,1155,167,26
an 492,1162,25,12
die 543,1156,34,19
Suisse-Occidentale 599,1156,219,20
fand 842,1157,50,19
Ingenieur 917,1157,115,26
Lommei 87,1184,98,20
hinreichend 207,1184,140,20
Zeit, 372,1185,51,25
seine 447,1185,58,20
Arbeiten 530,1185,102,20
über 655,1187,53,19
den 732,1186,39,20
Bau 797,1188,42,18
des 863,1187,37,19
Snnplon- 926,1188,106,24
Tunnels 89,1215,95,19
wieder 206,1214,78,20
aufzunehmen. 308,1215,159,20
<EOS>
Eine 500,1216,54,18
Anzahl 571,1216,81,18
von 673,1223,41,12
Veröffentlichungen 736,1217,222,25
über 979,1218,53,20
diesen 87,1245,72,18
Gegenstand 174,1245,139,25
legt 326,1245,43,25
Zeugnis 382,1245,91,26
ab 489,1246,27,18
von 533,1252,39,13
dem 586,1245,46,20
bedeutenden 652,1246,146,21
schriftstellerischen 813,1246,217,21
Geschick, 87,1274,114,26
mit 225,1274,37,20
dem 286,1275,48,19
er 359,1282,22,12
verstand, 406,1276,105,24
seine 533,1276,58,19
Ideen 614,1277,64,18
zu 704,1284,24,11
verfechten. 752,1276,129,22
<EOS>
Nach 915,1278,61,18
der 994,1278,38,18
Pulsion 86,1304,78,19
der 182,1305,37,18
Jura-Bahn 228,1306,120,24
mit 366,1305,35,19
der 419,1306,37,18
Suisse-Occidentale 471,1306,218,19
wurde 706,1307,71,19
er 795,1313,23,13
in 833,1307,20,19
die 872,1307,33,19
Direktion 921,1308,109,19
der 88,1334,38,19
neuen 152,1342,66,12
Jura-Simplon-ßalm 231,1335,228,26
gewählt, 484,1336,99,25
in 609,1337,18,18
welcher 651,1337,91,19
Stellung 758,1337,96,25
er 879,1344,21,12
sicli 924,1338,43,18
vor¬ 986,1345,45,12
nehmlich 88,1365,107,19
mit 213,1366,37,17
dem 268,1365,47,19
Bau 334,1367,43,17
der 394,1366,37,18
Brünigbahn 448,1366,140,25
befasste. 605,1366,96,21
<EOS>
Sein 727,1367,49,20
Rücktritt 789,1367,103,20
aus 909,1374,37,12
dieser 963,1367,69,20
Stellung 88,1394,97,26
erfolgte 202,1394,88,26
nach 308,1395,54,19
der 378,1395,39,19
Vollendung 430,1395,136,27
der 583,1396,38,19
Brünig-Balin. 634,1397,158,25
<EOS>
Er 826,1398,28,18
behielt 869,1397,79,20
seinen 959,1399,71,18
Wohnsitz 87,1424,112,20
in 222,1425,19,19
fieni 262,1427,53,17
bei 339,1426,33,18
und 396,1426,43,18
beschäftigte 460,1425,139,28
sich 616,1427,44,18
in 677,1427,21,18
den 715,1427,40,19
letzten 772,1427,75,19
Jahren 861,1428,79,26
haupt¬ 958,1427,73,28
sächlich 86,1454,94,21
mit 206,1455,35,19
technischen 268,1455,135,20
Expertisen, 428,1455,133,27
Eine 594,1457,55,18
bei 672,1457,34,19
Technikern 732,1456,136,21
selten 893,1458,65,19
vor¬ 986,1464,45,14
kommende 86,1484,130,21
Beherrschung 239,1484,163,28
der 426,1486,38,19
modernen 488,1486,117,20
Sprachen 630,1488,109,24
im 765,1488,27,18
schriftlichen 818,1487,146,20
und 989,1488,42,19
mündlichen 86,1515,137,19
Ausdruck, 247,1516,120,22
grosse 395,1521,72,20
Schlagfertigkeit 492,1516,189,26
und 710,1517,42,19
gewandte 776,1518,112,25
Umgangs¬ 913,1519,118,24
formen 86,1543,81,21
zeichneten 184,1545,122,19
den 323,1546,40,18
Verstorbenen 384,1545,158,21
in 560,1553,19,12
hervorragendem 599,1546,193,27
Masse 810,1549,69,17
aus. 896,1554,42,13
<EOS>
<EOP>
f 174,1576,13,23
Patrick 205,1574,88,22
Stirling, 306,1573,99,28
seit 422,1576,39,18
1866 480,1576,54,19
Oberingenieur 553,1576,170,26
des 740,1577,37,19
Betriebs 795,1578,94,19
der 906,1578,36,19
Loko¬ 960,1579,70,19
motiven 86,1605,93,18
und 196,1605,42,19
des 258,1605,37,19
rollenden 318,1604,110,22
Materials 450,1606,108,20
der 581,1607,37,19
Greath-Norlhern-Railway, 641,1607,309,27
einer 973,1609,57,18
der 86,1633,37,21
hervorragendsten 146,1635,209,25
Eisenbahn-Fachmänner 378,1636,282,20
Englands 682,1637,111,25
ist 816,1643,24,14
am 860,1645,33,12
II. 914,1643,31,14
<EOS>
V. 964,1644,17,14
<EOS>
M. 1001,1639,28,20
<EOS>
in 86,1664,20,19
Doncaster 123,1665,119,21
im 259,1666,27,18
Alter 304,1665,59,19
von 380,1671,41,14
75 439,1670,26,21
Jahren 476,1666,79,26
gestorben. 568,1667,121,25
<EOS>
Der 716,1669,46,18
Verstorbene 775,1669,142,19
hat 935,1670,34,17
sich 986,1670,44,18
besonders 84,1694,116,20
um 218,1701,33,14
die 267,1695,34,20
Vervollkommnung 313,1696,224,25
des 554,1697,36,19
rollenden 605,1698,111,18
Materials 729,1697,108,21
der 854,1698,38,20
genannten 908,1704,122,20
Bahn 84,1725,59,18
u. 163,1731,17,12
<EOS>
a. 204,1732,17,12
<EOS>
durch 244,1725,66,19
die 333,1726,33,18
Konstruktion 388,1726,156,20
der 566,1726,38,20
zwischen 626,1727,104,21
London 752,1728,90,20
und 865,1728,43,20
Glasgow 930,1729,100,25
verkehrenden 83,1754,163,21
ausgezeichneten 263,1755,189,26
Restaurationswagen 469,1757,234,25
ersier 720,1763,66,14
und 803,1759,42,18
dritter 861,1759,75,19
Klasse, 947,1759,82,24
sowie 82,1785,64,18
vornehmlich 163,1785,146,23
durch 326,1786,66,19
die 410,1786,34,19
Schaffung 456,1786,116,27
eines 588,1787,56,19
neuen 661,1794,69,13
Typs 748,1789,57,25
für 822,1788,31,20
ungekuppelte 871,1789,158,26
Courierzugs-Lokomotiven 83,1814,309,27
verdient 415,1816,96,20
gemacht, 532,1817,105,28
dessen 660,1817,73,20
grossartige 757,1819,129,25
Leistungs¬ 906,1819,123,26
fähigkeit 81,1843,105,27
die 196,1846,34,18
letzthin 240,1846,85,19
erwähnten 334,1847,124,19
Wettfahrten 469,1847,141,20
zwischen 620,1848,104,20
London 733,1848,92,20
und 835,1849,42,19
Aberdeen*) 886,1848,142,27
erwiesen 84,1875,101,19
haben. 202,1875,77,20
<EOS>
<EOP>
Statistik 445,1955,221,30
der 128,2002,46,27
eidgenössischen 196,2002,239,36
polytechnischen 460,2006,235,34
Schule 718,2007,101,28
in 840,2007,23,28
Zürich 886,2007,96,29
<EOS>
<EOP>
(Wintersemester 391,2051,196,26
1895/96). 605,2053,114,26
<EOS>
Abteilungen 275,2089,160,34
der 458,2090,41,24
polytechnischen 516,2090,205,34
Schule. 745,2093,90,25
<EOS>
I. 102,2132,17,19
<EOS>
Bauschule 152,2133,116,19
umfasst 554,2135,87,20
gegenwärtig 657,2137,149,25
3l/ä 823,2136,42,27
Jahreskurse, 879,2138,147,27
IL 93,2170,28,19
Ingenieurschule 153,2171,189,24
» 584,2180,10,10
» 719,2182,10,10
31/g 825,2175,42,25
;¦> 945,2184,11,11
III. 81,2207,40,20
<EOS>
Mechanisch-technische 154,2207,272,22
Schule 436,2209,77,24
» 586,2217,10,11
» 721,2219,10,11
3 825,2219,12,20
Va 842,2211,25,23
» 946,2221,10,11
IV. 83,2245,37,20
<EOS>
Chemisch-technische 152,2246,248,20
Schule: 426,2247,89,20
<EOS>
<EOP>
a) 152,2283,22,24
Technische 191,2283,135,21
Sektion 342,2285,88,20
<EOS>
<EOS>
:¦> 583,2293,11,11
» 720,2294,9,11
31/2 825,2288,41,26
» 945,2297,11,10
b) 153,2321,22,27
Pharmaz. 194,2322,110,19
<EOS>
Sektion 322,2322,89,21
...» 437,2331,159,12
<EOS>
i> 721,2333,10,10
2 826,2333,11,13
11 945,2334,11,11
Va: 92,2360,37,20
F'orstschule 150,2360,134,20
» 585,2369,10,11
» 721,2371,10,10
3 825,2371,11,19
» 945,2372,10,11
V11. 91,2395,39,21
<EOS>
Landwirtschaftliche 149,2397,236,20
Scinde 402,2398,76,20
» 586,2406,10,11
» 721,2408,10,10
2V2 824,2400,42,24
» 945,2410,10,11
Ve. 91,2436,36,18
<EOS>
Kulturingenieurschule 148,2435,265,27
» 584,2444,11,10
» 720,2445,10,11
3X2 825,2439,42,26
» 946,2448,10,12
VI. 82,2487,36,19
<EOS>
Fachlehrer-Abteilung 151,2488,259,25
11 585,2497,10,11
11 720,2498,10,11
<EOS>
<EOP>
* 824,2488,13,14
' 1019,2494,5,10
\ 790,2504,8,30
3 826,2514,11,18
» 945,2515,11,11
J 1009,2509,15,26
I. 452,2534,17,20
<EOS>
Lehrkörper. 488,2534,163,26
<EOS>
Professoren 81,2570,137,20
........'. 267,2576,305,17
<EOS>
55 997,2582,25,21
Honorarprofessoren 81,2607,236,26
und 334,2610,43,19
Privatdocenten 393,2610,181,21
49 997,2620,27,21
Hülfslehrer 83,2644,135,20
und 233,2647,43,18
Assistenten 293,2648,131,19
36 997,2654,27,24
<EOS>
<EOP>
140 984,2711,40,20
Von 80,2728,47,19
den 151,2728,41,19
Honorarprofessoren 207,2729,238,26
und 468,2732,43,19
Privatdocenten 532,2732,178,21
sind 732,2733,48,20
zugleich 802,2735,96,24
als 919,2736,31,18
<EOS>
<EOP>
Hülfslehrer 141,2766,133,21
und 291,2768,43,18
Assistenten 351,2769,132,20
thätig 500,2770,68,26
<EOS>
S 1011,2775,12,18
<EOS>
<EOP>
Gesamtzahl 507,2823,156,21
des 676,2824,41,21
Lelirerpersonals 733,2824,216,27
132 982,2832,40,20
*) 169,2873,23,26
Vide 210,2873,53,20
Bd. 280,2874,38,20
<EOS>
XXVI, 337,2875,80,24
S. 435,2876,20,19
<EOS>
87. 474,2876,34,26
<EOS>
') 172,2902,14,27
Mathematische 205,2904,177,20
Richtung. 399,2904,113,28
<EOS>
-) 556,2907,17,27
Naturwissenschaftliche 592,2908,270,21
Richtung. 879,2910,113,26
<EOS>
<EOP>
Abteilung 1697,184,128,25
II. 1177,244,29,19
<EOS>
Studierende. 1224,243,165,20
<EOS>
Jahreskurs 1123,297,123,23
<EOS>
<EOP>
1 1509,237,9,19
11 1558,237,17,19
in 1603,238,29,18
tv* 1651,237,40,20
i\'b 1704,235,41,21
v 1762,238,30,19
v* 1817,235,29,21
v» 1869,237,28,20
vi 1921,237,28,21
Summa 1968,232,58,24
<EOS>
<EOP>
Summa 1385,463,87,19
Für 1084,537,40,18
das 1148,537,36,18
Wintersemester 1207,538,184,19
resp. 1416,544,54,20
<EOS>
ilas 1113,574,37,19
Schuljahr 1168,574,110,25
1895/96 1301,572,94,30
wur¬ 1419,583,53,11
den 1114,611,41,19
neu 1173,619,39,12
aufgenommen 1230,611,164,27
Studier., 1083,649,99,25
<EOS>
welche 1199,649,80,20
die 1293,649,34,20
Fachschule 1340,649,130,20
bereits 1112,687,78,18
absolv. 1206,686,80,20
<EOS>
hatten, 1300,687,80,25
liessen 1394,687,76,19
sich 1112,724,44,19
neuerdings 1173,724,129,26
einschreiben 1322,725,146,21
Studierende 1082,761,141,20
früherer 1240,761,97,20
Jahrgänge 1348,763,121,25
<EOS>
<EOP>
Summa 1383,837,87,21
Von 1081,904,46,19
d. 1135,904,20,19
<EOS>
273Neu-Aufgenommenen 1164,903,306,27
hatten, 1111,941,79,20
gestützt 1208,944,88,23
auf 1313,942,37,20
ihre 1366,943,45,19
vor¬ 1422,950,48,13
gelegten 1112,980,100,25
Ausweise 1230,980,108,19
über 1355,981,52,19
ihre 1423,981,46,19
Vorstudien, 1112,1017,135,28
Priifungserl'ass 1264,1017,172,27
: 1442,1024,5,15
<EOS>
<EOP>
Von 1080,1091,47,21
d. 1136,1092,19,19
<EOS>
regni. 1163,1091,67,27
<EOS>
Studierend, 1237,1093,134,20
sind 1377,1093,47,20
aus 1432,1102,36,11
der 1110,1129,38,19
Scliweiz 1165,1130,94,19
Oesterreich-Ungarn 1110,1167,233,27
Deutschland 1108,1206,148,18
<EOS>
<EOP>
<EOS>
Russland 1109,1243,103,19
Rumänien 1109,1281,118,19
Italien 1108,1317,75,20
Skandinavien 1108,1356,159,20
Nord- 1109,1394,69,18
und 1196,1394,44,19
Südamerika 1256,1394,142,21
<EOS>
<EOP>
Grossbritannien 1109,1431,187,20
Holland 1109,1469,94,19
Griechenland 1110,1506,157,21
Luxemburg 1108,1544,138,27
Türkei 1108,1582,81,19
Frankreich 1111,1620,129,20
Indien 1109,1657,76,19
Serbien 1108,1695,89,20
<EOS>
<EOP>
23 1497,302,26,21
10 1499,340,25,13
6 1511,372,13,19
<EOS>
<EOP>
45 1557,303,27,20
103 1599,302,38,21
35 1558,340,25,20
76 1612,335,25,25
41 1556,416,26,18
<EOS>
<EOP>
47 1663,302,27,21
27 1665,340,26,21
4 1725,342,12,18
2S 1665,373,26,19
— 1711,384,25,3
<EOS>
<EOP>
6b 1610,410,27,19
25 1664,416,25,20
— 1710,422,26,2
— 1764,422,27,2
— 1817,422,27,2
2 1877,416,11,13
<EOS>
<EOP>
245 1976,303,41,20
187 1978,335,39,26
1S1 1978,374,36,18
152 1978,416,39,20
48 1496,463,28,25
171 1543,467,38,22
318 1594,462,43,27
127 1648,467,40,22
7 1726,469,9,19
25 1763,468,23,21
21 1815,469,25,14
j 1854,463,2,30
9 1875,468,12,20
; 1908,458,0,28
391765 1921,459,92,35
<EOS>
<EOP>
26 1494,764,27,18
121 1543,769,35,13
<EOS>
<EOP>
48171 1494,838,85,26
<EOS>
<EOP>
15 1610,618,25,22
54 1663,620,26,20
2 1723,621,11,13
6 1776,615,12,18
10 1817,620,25,13
3 1884,621,11,18
L3 1925,622,22,18
273 1974,620,43,19
<EOS>
<EOP>
7 1625,732,9,19
6 1676,727,12,19
_ 1709,738,26,4
1 1779,733,7,14
_ 1814,738,26,5
1 1886,734,5,14
4 1935,735,13,19
21 1990,733,23,14
96 1609,765,26,24
67 1662,765,25,24
5 1723,770,10,21
iS 1763,766,24,19
11 1817,770,19,14
5 1875,770,10,22
22 1921,772,26,14
471 1973,770,39,20
18 1611,840,24,19
127 1649,846,38,18
7 1723,846,10,19
25 1761,846,25,20
2, 1814,847,23,13
9 1875,846,11,18
39 1920,848,26,19
765 1974,846,41,23
<EOS>
<EOP>
18 1495,1020,26,20
3« 1548,1021,25,24
78 1600,1021,26,24
34 1654,1026,27,20
<EOS>
<EOP>
11 1610,1252,22,14
18 1663,1250,25,17
— 1707,1259,25,3
<EOS>
<EOP>
— 1494,1371,26,2
S 1569,1361,11,18
<EOS>
<EOP>
Spanien 1107,1733,93,26
Belgien 1109,1770,88,26
Bulgarien 1107,1808,114,25
Portugal 1106,1847,101,22
<EOS>
<EOP>
17 1664,1176,23,20
— 1707,1184,27,3
1 1777,1179,7,12
2 1829,1179,11,14
— 1866,1184,26,6
<EOS>
<EOP>
12 1662,1215,25,14
— 1707,1221,26,4
— 1760,1222,26,2
1 1830,1217,7,13
— 1866,1223,27,4
<EOS>
<EOP>
IS 1663,1248,25,19
— 1707,1259,25,3
1 1778,1254,5,13
6 1829,1249,11,18
— 1866,1262,26,4
<EOS>
<EOP>
3 1676,1328,11,20
- 1709,1334,22,4
- 1761,1334,24,3
<EOS>
<EOP>
— 1865,1336,27,4
<EOS>
<EOP>
198 1975,1024,40,23
<EOS>
<EOP>
435 1972,1143,41,20
82 1987,1176,26,19
51 1989,1219,23,20
44 1986,1256,26,18
27 1987,1293,27,19
25 1987,1330,26,20
21 1988,1368,22,14
17 1989,1405,24,20
16 1989,1438,24,19
II 1988,1481,21,13
7 2002,1519,10,19
7 2002,1556,10,20
6 2001,1589,12,20
5 2002,1632,10,20
3 2001,1670,11,20
2 2000,1709,12,12
2 2001,1747,10,12
2 1999,1784,12,13
1 2002,1821,7,14
1 2001,1859,7,14
<EOS>
<EOP>
Als 1165,1952,36,20
Ziiiwrei- 1219,1952,106,22
hauptsächlich 1075,1989,162,26
aber 1260,1991,51,19
einschreiben 1074,2028,148,19
lassen 1236,2028,70,20
<EOS>
<EOP>
48 1489,1902,27,25
171 1538,1908,36,20
31S 1588,1904,40,24
127, 1643,1908,45,20
7 1716,1908,10,21
25 1754,1908,25,22
21 1806,1910,24,13
9 1881,1910,12,20
39 1913,1911,26,19
| 1952,1905,0,36
765 1968,1908,39,24
haben 1345,1954,67,20
sich 1431,1955,43,19
für 1492,1955,32,19
einzelne 1547,1956,96,19
Fächer 1660,1957,82,19
an 1763,1963,26,12
den 1807,1957,39,19
Fachschulen, 1867,1957,151,29
ür 1344,1994,21,16
philosophische 1388,1992,172,26
und 1584,1994,43,19
naturwissenschaftliche 1649,1994,263,22
Fächer 1935,1997,83,20
<EOS>
<EOP>
284 1847,2034,43,23
wovon 1078,2072,75,12
75 1177,2070,24,21
Studierende 1228,2067,140,19
der 1394,2068,38,19
Universität 1457,2068,129,20
sind. 1609,2069,53,19
<EOS>
Dazu 1693,2070,60,20
reguläre 1077,2102,97,26
Studierende, 1195,2104,148,26
ergiebt 1365,2106,83,24
als 1470,2106,30,18
Gesamtfrequenz 1517,2107,188,26
im 1726,2107,28,19
Wintersemester 1074,2141,185,20
1895/96 1278,2141,95,28
<EOS>
<EOP>
Zürich, 1167,2186,96,25
den 1281,2187,41,19
1. 1342,2193,17,13
<EOS>
Dezember 1376,2188,118,20
1895. 1515,2189,61,25
<EOS>
<EOP>
Der 1477,2234,45,19
Direktor 1538,2234,102,21
des 1657,2235,36,20
eidg. 1711,2236,57,25
<EOS>
<EOP>
Herzog. 1674,2272,102,27
<EOS>
<EOP>
765 1846,2071,40,25
1049 1835,2151,54,20
<EOS>
<EOP>
Polytechnikums 1786,2236,187,24
: 1980,2244,5,13
<EOS>
<EOP>
Redaktion 1372,2340,120,20
: 1499,2345,5,14
32 1313,2381,20,15
Brandschenke 1353,2376,151,17
<EOS>
<EOP>
A. 1527,2343,25,18
<EOS>
WALDNER 1570,2342,150,19
itrasse 1512,2379,66,14
(Selnau) 1592,2377,88,22
Zürich. 1693,2378,76,17
<EOS>
Gesellschaft 1257,2438,177,28
ehemaliger 1456,2439,163,34
Studierender 1640,2440,190,29
der 1169,2485,40,24
eidgenössischen 1230,2486,200,32
polytechnischen 1450,2486,202,34
Schule 1675,2488,82,25
in 1778,2489,23,24
Zürich. 1824,2489,93,26
<EOS>
<EOP>
Stellenvermittelung. 1402,2538,274,27
<EOS>
Gesucht 1168,2574,102,21
ein 1285,2576,33,19
jüngerer 1334,2576,101,27
Architekt 1451,2576,123,20
(flotter 1588,2576,79,27
Zeichner) 1683,2578,114,26
mit 1813,2580,37,18
etwas 1867,2583,63,16
Praxis 1941,2581,74,19
als 1074,2604,30,19
Assistent 1121,2604,104,20
zu 1241,2612,25,12
einem 1283,2607,68,18
Architekten 1369,2606,138,20
nach 1525,2607,56,19
Süddeutschland. 1599,2608,193,20
<EOS>
(IOI5) 1907,2609,75,27
<EOS>
<EOP>
Gesucht 1167,2634,101,21
in 1282,2637,21,17
eine 1322,2637,46,18
grössere 1384,2638,98,23
Maschinenfabrik 1498,2637,197,20
der 1716,2638,38,20
Rheinpfalz 1770,2639,125,25
zur 1916,2648,36,11
Lei¬ 1968,2642,47,17
tung 1074,2670,51,19
der 1142,2664,38,19
technischen 1203,2665,136,20
Bureaux 1361,2667,97,19
einen 1480,2667,61,19
tüchtigen, 1565,2668,116,25
besonders 1703,2669,116,19
im 1842,2670,27,18
Dampfma¬ 1891,2670,124,26
schinen- 1073,2695,98,19
und 1197,2696,43,18
Pumpenbau 1265,2697,140,26
theoretisch 1431,2697,127,20
und 1585,2697,41,20
praktisch 1654,2698,108,26
erfahrenen 1789,2699,125,20
Ober¬ 1945,2700,69,21
ingenieur. 1074,2725,131,26
<EOS>
(1016J 1906,2731,79,25
<EOS>
<EOP>
Gesucht 1166,2754,102,21
ein 1276,2756,34,19
junger 1317,2756,77,26
Ingenieur 1402,2757,133,26
in 1543,2758,20,18
ein 1576,2758,34,19
Tiefbauamt 1618,2758,137,21
im 1764,2760,28,18
Elsass. 1802,2759,78,20
<EOS>
(1017) 1908,2759,77,27
On 1166,2785,35,20
cherche 1210,2784,93,22
pour 1311,2792,54,20
une 1373,2793,40,13
usine 1424,2788,59,18
en 1494,2794,25,12
Alsace 1528,2787,76,20
un 1615,2795,28,12
jeune 1652,2788,63,25
ingénieur-mécanicien 1725,2787,288,29
qui 1072,2814,35,26
a 1124,2822,12,12
déjà 1153,2814,48,27
travaillé 1219,2816,95,19
dans 1332,2817,52,18
un 1401,2824,26,11
bureau 1445,2818,79,18
ou 1541,2823,26,14
dans 1585,2819,52,18
un 1654,2825,27,12
atelier 1698,2819,72,20
de 1786,2820,28,19
construction 1828,2822,142,19
de 1988,2822,26,19
machines. 1072,2845,116,19
<EOS>
fioiS) 1905,2851,79,26
<EOS>
<EOP>
Auskunft 1161,2885,107,18
erteilt 1285,2885,69,19
Der 1550,2887,44,19
Sekretär: 1612,2888,111,19
H. 1749,2889,31,18
<EOS>
Paur, 1799,2889,76,27
Ingenieur, 1891,2890,123,27
<EOS>
<EOP>
Bahnhofstrasse-Münzplatz 1559,2918,306,27
4, 1880,2926,22,20
Zürich. 1919,2920,83,20
<EOS>
<EOS>
<EOP>
