2280,3100
LOI 294,106,43,24
SCHWEIZERISCHE 931,100,303,26
BAUZEITUNG 1256,98,220,26
[Bd. 1853,93,55,34
<EOS>
XXVI 1931,95,85,24
Nr. 2036,95,46,23
<EOS>
24. 2102,100,42,24
<EOS>
tricité», 251,165,90,24
deren 358,165,65,18
Werke 441,164,81,19
St. 543,164,29,19
<EOS>
Ouen, 589,164,70,24
le 681,163,19,19
Nord, 721,162,68,21
Bondis 810,162,80,18
Barbis, 908,162,81,24
les 1011,160,30,19
Filles-Dieu, 1057,159,137,26
la 251,202,19,19
Villette 289,202,84,20
und 390,202,43,18
der 450,202,38,18
Schlachthof 505,200,139,22
eine 659,201,46,18
Gesamtleistungsfälligkeit 721,198,294,26
vun 1032,205,40,12
2523 1090,202,54,21
km 1158,196,35,21
besitzen; 251,239,105,25
die 373,240,33,18
'Société 427,240,95,18
du 540,239,27,18
Secteur 585,239,86,18
de 688,238,27,19
Clichy 732,237,74,25
>. 815,246,13,10
<EOS>
welche 850,236,79,20
die 947,236,33,19
Verteilung 999,235,124,25
nach 1140,235,52,18
dem 252,278,49,18
Füntleitersytcm 318,278,182,23
bewirkt 518,275,90,21
und 626,275,42,20
2470 685,280,57,20
km 759,275,35,19
leistet: 814,275,79,18
die 916,274,35,19
«Compagnie 976,272,148,28
pari¬ 1140,273,55,23
sienne 251,315,72,19
de 341,315,26,19
l'air 383,314,46,19
comprimé 446,314,116,26
et 579,319,19,14
de 616,314,26,18
l'électricité 659,312,128,21
>, 796,321,15,13
welche 827,312,81,20
gegenwärtig 925,311,147,25
am 1088,317,35,12
Quai 1140,310,54,24
Jemappes 251,353,113,25
eine 388,353,46,18
neue 456,359,53,12
Station 527,352,80,18
mit 630,351,35,18
Siemens-Dynamos, 683,351,222,25
nach 929,349,53,18
dem 1005,349,49,18
Fünfleiter¬ 1072,346,123,21
system 251,392,77,25
und 347,389,42,19
einer 406,389,56,19
Leistungsfähigkeit 481,389,218,26
von 721,395,40,12
2400 780,393,57,19
kzu 853,388,36,18
liei 912,388,32,18
400 969,393,43,18
Volt 1031,385,47,20
eröffnet, 1101,384,94,20
um 253,434,32,12
die 304,428,34,18
2200 356,433,56,13
kzv 429,427,36,19
betragende 483,428,130,24
Leistung 631,426,101,25
der 749,425,39,20
Werke 795,425,81,21
Boulevard 884,423,121,22
Richard-Lenoir 1012,422,183,21
und 252,466,43,18
Saint-Fargeau 312,465,166,26
zu 494,472,23,11
verstärken 536,464,122,20
und 671,464,42,19
die 725,464,34,19
Unterstationen 771,463,171,20
der 959,461,37,19
Rue 1009,461,43,18
Saint-Koch 1066,460,129,19
und 254,504,41,18
Mauconseil 309,503,130,19
mit 457,503,35,19
Strom 509,504,70,18
zu 597,509,22,12
versehen; 638,500,114,27
die 770,500,34,22
«Société 816,500,99,21
du 925,500,30,19
secteur 964,502,82,17
des 1054,496,39,22
Champs 1101,498,94,25
Elisées» 254,540,93,20
mit 377,541,36,18
einer 434,541,60,19
Leistungsfähigkeit 516,539,217,26
von 763,544,40,14
1200 829,544,55,13
hm 907,537,34,20
Wechselstrom 964,536,165,21
bei 1161,535,34,19
3000 254,583,58,21
Volt, 329,578,55,24
die 403,577,33,20
nächstens 454,577,111,21
noch 583,577,54,19
eine 654,577,47,18
weitere 719,577,84,18
Wechselstrommaschine 820,573,273,22
(System 1106,572,90,27
Farcot) 255,616,85,25
von 357,622,41,13
400 413,621,45,18
kzu 474,615,37,19
installieren 528,615,128,19
wird 674,615,51,18
: 733,621,5,13
die 764,613,34,19
«Société 816,613,98,19
du 930,612,28,19
secteur 975,615,82,16
de 1074,611,26,18
la 1117,610,20,19
rive 1153,610,45,19
gauche», 253,654,104,26
welche 383,653,81,19
in 486,654,20,17
ihrem 528,652,67,19
kleinen 614,652,85,19
Werk 717,651,65,20
am 805,658,34,12
Pantheon 860,650,109,19
Ioo 996,654,41,14
kzo 1053,649,37,19
erzeugt 1112,651,85,21
und 255,691,41,19
gegenwärtig 313,691,148,25
in 478,691,19,19
Issy 516,690,42,26
hei 577,691,32,18
Paris 627,690,58,19
ein 709,690,33,19
Werk 761,689,67,19
von 849,694,40,13
4000 907,694,58,18
kzo 982,687,36,19
für 1041,686,32,19
die 1094,686,34,18
Ver¬ 1147,685,50,20
teilung 254,728,81,27
von 351,734,43,14
Wechselstrom 403,727,166,21
bei 587,728,32,18
3000 639,733,56,18
Volt 710,726,46,20
Spannung 769,726,117,26
errichtet; 903,726,110,22
das 1030,724,38,19
städtische 1084,722,113,21
Verteilungsnetz, 257,765,190,27
das 463,766,38,19
eine 517,765,48,19
Leistungsfähigkeit 583,764,216,28
von 817,770,40,14
570 875,768,42,21
kzu 933,762,36,21
(240 991,763,54,24
kzo 1060,761,36,20
Gleich¬ 1114,760,85,20
strom 254,809,64,14
und 344,804,43,19
330 411,809,42,20
kzu 478,803,35,20
Wechselstrom) 538,801,175,27
besitzt. 737,802,79,20
<EOS>
Somit 854,803,66,18
wird 947,801,53,18
am 1024,807,33,12
Ende 1080,798,60,22
des 1161,798,37,19
Jahres 252,842,76,26
1S95 340,842,52,25
'D 405,847,18,13
den 438,841,39,20
Pariser 490,841,81,18
elektrischen 583,840,142,19
Centralstationen 737,840,192,19
eine 941,839,46,19
Gesamtkapacität 1000,837,197,24
von 257,886,39,12
1S945 318,881,71,24
kzo 408,878,36,20
verfügbar 465,878,115,25
sein, 602,879,51,23
welche 675,877,78,20
zur 776,884,35,13
Speisung 832,876,106,27
von 960,883,41,12
454567 1022,875,95,26
zchn- 1137,874,61,18
kerzigeu 257,918,99,24
Glühlampen 373,916,143,26
und 534,917,42,19
154 597,920,39,21
Motoren 655,916,98,19
von 770,922,40,12
331 830,920,38,20
kzo 888,914,35,20
dient. 941,914,65,19
<EOS>
Die 1034,914,39,18
von 1096,919,40,12
den 1157,912,40,18
Stationen 256,955,107,20
gelieferte 389,953,109,27
Energiemenge 523,955,171,25
ist 721,954,24,18
von 771,959,40,13
480 836,953,44,24
7S4 888,953,42,23
Kilowattstunden 954,950,192,21
im 1172,950,26,18
Jahre 254,992,64,27
1SS9 338,992,55,24
auf 410,992,36,19
7SS3434 461,992,113,25
Kilowattstunden 592,991,191,20
im 803,991,25,18
Jahre 844,991,64,25
1S94 929,991,54,22
gestiegen. 1001,989,116,24
<EOS>
Zum 1149,988,52,18
Schluss 257,1030,83,19
berührte 358,1029,99,21
Herr 475,1030,56,19
Lafargue 549,1029,105,28
auch 671,1030,53,18
noch 748,1029,54,19
die 820,1029,33,17
l'ariser 873,1029,80,17
Privatinstallatiünen 971,1024,228,22
für 257,1068,32,19
elektrische 303,1067,126,21
Beleuchtung, 448,1068,151,25
deren 616,1067,66,18
Gesamtkraft 695,1065,143,22
25 852,1070,24,21
760 886,1065,43,25
P. 941,1066,21,18
<EOS>
S. 971,1065,20,20
<EOS>
beträgt. 1008,1064,90,25
<EOS>
Davon 1124,1063,76,18
werden 257,1106,86,18
230O) 362,1111,76,19
P.S. 455,1106,51,18
<EOS>
durch 523,1105,66,19
Dampfmaschinen, 606,1104,213,26
2260 836,1104,58,19
P. 905,1103,22,20
<EOS>
S. 936,1104,20,18
<EOS>
durch 974,1101,68,21
Gasmotoren, 1052,1101,149,24
500 259,1148,41,21
P. 318,1144,22,18
<EOS>
S. 351,1145,20,18
<EOS>
durch 389,1144,67,18
Druckluftmotoren 472,1142,211,20
geliefert. 700,1142,105,26
<EOS>
<EOP>
Neuer 348,1180,74,22
Gasmotorwagen. 435,1179,207,28
<EOS>
Der 671,1180,43,20
Mascbinenbauanstalt 721,1179,247,21
und 981,1178,42,20
Eisengiesserei 1034,1179,166,25
A. 259,1221,25,19
<EOS>
Borsig 301,1219,77,26
in 400,1220,20,18
Berlin 439,1219,71,20
ist. 531,1223,31,14
<EOS>
wie 585,1218,39,20
die 641,1218,34,19
Zig. 692,1218,45,24
<EOS>
d. 754,1218,21,18
<EOS>
V. 789,1218,24,18
<EOS>
d. 829,1218,20,18
<EOS>
Eisenbahn.verwaltun.gen 862,1216,287,27
<EOS>
be¬ 1167,1216,34,20
richtet, 258,1256,82,28
ein 363,1258,33,18
neuer 414,1263,64,13
Gasmotorwagen 495,1257,190,23
patentiert 706,1254,113,28
worden, 837,1255,93,23
der 954,1255,38,18
denjenigen 1013,1254,128,25
der 1164,1254,39,19
Dessauer 257,1294,107,21
Gasbahngesellschaft, 381,1293,246,26
System 649,1294,80,24
I.übrig, 748,1292,87,25
<EOS>
an 859,1300,26,11
Leistungsfähigkeit 903,1291,221,26
über¬ 1140,1292,61,19
treffen 260,1334,73,19
soll. 345,1333,45,19
<EOS>
Als 423,1332,37,19
Vorzug 473,1333,86,23
der 569,1331,38,19
Borsig'schen 621,1330,149,26
Konstruktion 782,1329,154,21
wird 951,1330,51,19
hervorgehoben, 1015,1328,187,28
dass 260,1372,48,19
vorhandene 324,1370,139,20
Strassenbahnwagen 473,1369,232,25
mit 724,1369,35,19
dem 776,1368,49,19
Gasmotor 838,1368,115,20
ausgerüstet 968,1369,132,23
werden 1116,1367,86,18
können, 260,1411,93,23
ferner 371,1409,69,18
das 456,1408,38,19
um 511,1414,33,13
i1 565,1406,19,20
a—2 597,1411,53,22
/ 669,1409,9,17
leichtere 693,1406,100,19
Eigengewicht 807,1405,161,27
und 986,1405,42,19
der 1046,1405,39,19
ruhigere 1103,1403,100,28
Gang 260,1448,63,24
des 345,1447,38,19
Wagens, 400,1447,102,24
welcher 526,1444,90,21
nicht 638,1443,59,21
durch 718,1444,65,18
Hindernisse 803,1443,139,19
in 965,1444,20,18
schaukelnde 1002,1441,146,22
Be¬ 1168,1443,35,18
wegung 261,1491,92,19
versetzt 374,1487,89,16
wird; 483,1483,65,19
ausserdem 570,1483,121,18
fällt 714,1481,43,20
der 779,1481,38,18
komplizierte, 835,1480,151,25
schwer 1008,1481,83,18
zugäng¬ 1111,1482,94,23
liche 259,1521,55,22
Steuermechanismus 330,1521,232,20
liei 583,1521,33,17
dem 639,1520,48,18
Borsig'schen 707,1518,146,25
Gasmotor 870,1519,114,19
fort. 1007,1518,45,19
<EOS>
Der 1085,1519,44,18
Preis 1146,1517,58,20
der 259,1561,38,19
kompletten 314,1560,131,25
Ausrüstung 462,1560,134,22
eines 613,1558,57,18
derartigen 687,1557,122,24
Strassenbahnwagens 826,1555,244,26
stellt 1086,1555,55,19
sich 1159,1555,45,19
auf 262,1597,36,21
nur 312,1604,39,13
etwa 367,1603,54,13
4375 436,1601,58,20
— 499,1608,25,2
5600 529,1596,57,25
Fr. 598,1595,34,20
<EOS>
Die 665,1595,40,19
Gasbehälter 719,1594,140,21
sind 876,1594,48,19
unterhalb 936,1592,112,22
des 1060,1593,37,19
Wagens 1112,1593,94,26
angeordnet, 260,1635,140,26
werden 422,1634,86,19
zum 531,1639,45,13
Zweck 594,1632,76,20
des 692,1632,36,20
Füllens 748,1632,82,20
kurze 851,1632,63,19
Zeit 932,1632,43,19
mit 997,1632,36,18
den 1050,1632,41,18
Vorrats- 1108,1631,98,20
behältern 261,1674,110,19
an 394,1679,25,12
den 443,1672,40,19
Endstationen 501,1670,153,21
durch 677,1670,67,20
eine 766,1670,47,19
Schlauchkuppelung 830,1670,233,25
verbunden 1080,1669,125,19
und 262,1711,43,20
nach 321,1711,55,19
erfolgter 394,1709,100,26
Füllung 509,1709,92,25
wieder 612,1708,80,22
abgekuppelt. 708,1708,151,25
<EOS>
Das 892,1708,44,18
Press-Gas 948,1707,115,19
tritt 1080,1707,42,19
durch 1138,1706,68,20
einen 262,1750,61,19
Gasdruckregulator 342,1747,223,25
in 588,1748,20,17
einen 631,1747,60,17
Gasbeutel 710,1746,113,19
und 845,1745,44,19
gelangt 909,1745,88,25
von 1019,1751,40,13
dort 1082,1745,47,19
nach 1151,1744,55,19
Massgabe 262,1787,114,25
des 399,1786,36,18
Kraftbedarfs 452,1784,150,20
zum 622,1791,45,12
Motor, 686,1784,78,21
welcher 785,1783,91,20
vor 893,1789,37,13
der 948,1783,38,19
Fahrt 1002,1783,65,19
in 1084,1783,19,18
Betrieb 1123,1782,83,19
gesetzt 262,1829,80,22
wird 358,1824,54,20
und 428,1823,44,19
seine 487,1824,59,18
Kraft 561,1822,65,20
durch 642,1822,67,19
Keilräder 726,1821,114,20
auf 856,1820,38,20
die 907,1821,35,19
gekuppelten 958,1820,145,26
Achsen 1121,1819,86,20
des 262,1864,37,18
Motorgestelles 315,1861,173,26
überträgt. 504,1860,116,26
<EOS>
Rückwärts- 654,1859,133,20
und 803,1859,43,19
Vorwärtsfahrt, 863,1858,172,21
sowie 1055,1858,65,19
Lang¬ 1137,1858,70,25
sam- 262,1908,52,12
und 332,1901,43,18
Schnellfahrt 391,1898,143,21
werden 550,1898,87,19
durch 654,1897,66,20
entsprechende 737,1897,169,26
Stellung 919,1897,97,23
des 1033,1897,36,18
Regulators 1081,1895,126,26
bewirkt; 262,1939,101,23
es 385,1945,21,12
ist 428,1938,25,19
kein 477,1937,49,19
besonderer 543,1936,130,19
Steuermechanismus 690,1935,231,20
dazu 938,1935,53,18
nötig. 1008,1935,66,23
<EOS>
Die 1106,1934,40,18
Ab¬ 1164,1933,42,19
gase 263,1982,51,20
des 329,1976,38,19
Motors 383,1976,83,19
werden 482,1974,85,19
zur 585,1980,36,12
Heizung 637,1974,98,24
des 752,1973,36,18
Wagens 805,1974,94,24
benutzt, 915,1971,93,28
können 1030,1972,85,19
jedoch 1129,1970,78,26
auch 262,2014,54,20
nach 334,2013,55,20
oben 405,2013,55,19
geleitet, 478,2013,93,25
werden. 582,2011,93,20
<EOS>
Ebenso 707,2011,85,18
kann 808,2011,57,18
das 882,2010,38,19
mitgeführte 936,2009,138,26
Leuchtgas 1086,2008,121,26
zur 264,2059,34,12
Beleuchtung 321,2050,146,27
des 491,2050,36,18
Wagens 544,2050,95,23
verwendet 664,2048,122,20
werden. 810,2048,93,19
<EOS>
Die 935,2048,41,18
Regulierung 1002,2047,143,25
der 1170,2046,37,19
Langsam- 263,2090,117,25
und 405,2089,43,18
Schnellfahrt 464,2086,143,22
ist 632,2087,25,18
von 682,2092,39,13
beiden 748,2085,75,19
Plattformen 842,2084,138,20
des 1005,2084,36,18
Wagens 1058,2084,96,25
aus 1171,2090,36,12
möglich, 264,2127,102,25
obgleich 383,2126,98,25
es 499,2132,22,12
vorteilhafter 537,2124,146,20
ist, 700,2124,32,26
den 748,2123,42,19
Wagen 803,2124,83,24
stets 903,2126,50,15
so 969,2129,22,12
laufen 1009,2121,71,19
zu 1096,2128,23,12
lassen, 1131,2121,77,25
dass 264,2166,48,18
die 329,2165,34,19
Maschine 380,2163,110,21
vorn 508,2169,53,12
steht. 577,2162,61,19
<EOS>
<EOP>
Versuche 356,2200,113,23
über 496,2199,53,22
die 577,2198,34,22
Angreifbarkeit 636,2197,178,29
des 836,2196,39,22
Aluminiums 895,2195,142,23
und 1065,2195,42,22
seiner 1135,2196,76,22
Legierungen 266,2239,151,28
sind 435,2239,47,19
neuerdings 500,2238,130,25
nach 646,2237,54,19
« 719,2243,10,13
Prometheus 737,2237,137,19
> 886,2244,6,9
von 914,2241,41,13
der 973,2235,37,19
amerikanischen 1026,2236,183,19
Marine 265,2278,83,20
angestellt 365,2277,111,25
worden. 496,2276,94,18
<EOS>
Bisher 620,2274,73,20
war 710,2281,44,12
man 770,2281,49,12
der 837,2274,37,19
Ansicht, 892,2272,95,25
dass 1012,2273,47,19
die 1082,2273,34,19
Legie¬ 1133,2273,76,26
rungen 266,2322,83,19
von 369,2322,40,11
Aluminium 428,2314,130,19
mit 579,2313,37,19
Kupfer, 632,2311,91,27
die 749,2312,36,19
sogenannten 805,2315,148,21
Aluminiumbronzen, 976,2311,234,26
ebenso 265,2355,80,18
widerstandsfähig 367,2351,200,25
gegen 598,2356,68,19
äussere 695,2352,83,16
Einflüsse 809,2349,104,19
seien 939,2349,58,18
wie 1024,2349,38,18
das 1089,2349,37,18
reine 1153,2350,58,18
Aluminiummetall, 266,2389,213,26
oder 501,2389,52,19
dass 575,2388,47,19
sie 639,2388,30,19
dieses 687,2387,67,19
sogar 770,2393,65,19
noch 852,2385,54,20
überträfen. 919,2386,129,19
<EOS>
Die 1077,2387,41,18
ameri¬ 1135,2385,76,21
kanische 266,2428,102,21
Marineverwaltung 387,2426,216,25
hat 621,2426,34,18
nun 678,2432,43,11
zwei 738,2424,51,19
Platten, 804,2425,92,18
von 913,2431,43,12
denen 972,2425,69,18
die 1058,2425,35,18
eine 1110,2425,47,18
aus 1174,2432,37,11
reinem 266,2466,81,21
Aluminium, 363,2465,137,24
die 518,2464,35,18
andere 570,2464,80,18
aber 671,2463,53,19
aus 743,2469,36,13
Aluminium 795,2463,130,19
mit 942,2463,37,18
einem 995,2463,69,19
Zusatz 1080,2463,74,19
von 1171,2470,40,12
6° 267,2504,26,20
0 305,2512,8,14
Kupfer 330,2504,83,25
gefertigt 431,2502,100,26
war. 553,2508,49,13
<EOS>
längere 624,2501,88,25
Zeit 730,2501,44,19
dem 793,2500,48,19
Seewasser 858,2500,119,20
ausgesetzt. 993,2504,124,22
<EOS>
Nach 1151,2501,61,20
45 266,2547,29,20
Tagen 312,2543,77,24
zeigte 406,2541,68,24
sich 490,2540,45,19
die 558,2539,34,19
reine 611,2539,60,19
Aluminiumplatte 687,2537,199,27
noch 903,2538,55,19
vollkommen 977,2537,143,21
intakt, 1137,2538,75,21
während 266,2579,104,20
die 386,2579,36,19
aus 438,2585,37,12
der 491,2578,39,19
Legierung 541,2577,124,26
bestehende 676,2576,132,19
schon 818,2576,67,19
merklich 895,2576,104,19
angegriffen 1010,2576,135,25
war. 1161,2583,50,14
<EOS>
Nach 267,2618,62,19
drei 346,2617,45,19
Monaten 407,2617,104,19
hatte 527,2615,57,19
die 602,2615,34,18
Aluminiumplatte 652,2614,197,25
nur 870,2620,38,12
ihre 925,2614,45,18
blanke 987,2614,78,18
Oberfläche 1083,2614,129,19
verloren, 267,2655,106,25
während 389,2653,101,20
die 514,2653,33,18
andere 570,2653,79,18
stark 674,2652,58,19
angefressen 753,2651,138,25
und 913,2652,44,18
ausserdem 973,2652,120,18
mit 1111,2653,36,17
See¬ 1165,2653,48,18
muscheln 268,2692,109,21
inkrustiert 389,2692,124,19
war. 525,2697,50,12
<EOS>
Die 599,2690,42,19
Thatsache. 653,2689,128,19
<EOS>
dass 799,2689,48,19
die 859,2689,33,19
Muscheln 906,2689,109,19
nur 1028,2696,39,12
die 1080,2690,33,18
lederte 1125,2690,89,18
Platte 268,2731,66,19
aufsuchten, 351,2730,131,23
ist 500,2730,24,17
um 542,2735,34,12
so 594,2735,22,12
auffallender, 627,2727,145,24
wenn 785,2733,60,13
man 858,2734,49,12
in 919,2728,22,18
Erwägung 953,2728,122,25
zieht, 1087,2728,62,24
dass 1165,2728,48,19
Kupferoxyd 268,2768,141,27
für 427,2767,31,19
giftig 476,2766,62,26
gilt, 554,2766,44,25
während 620,2765,102,20
die 739,2764,34,20
Oxyde 790,2765,76,25
und 882,2764,44,20
Salze 942,2764,60,21
des 1019,2764,37,20
Aluminiums 1072,2765,141,20
bekanntlich 268,2806,138,19
ganz 424,2811,54,19
harmlos 494,2804,94,20
sind. 605,2803,52,19
<EOS>
Die 691,2803,41,19
stärkere 747,2803,95,19
Angreifbarkeit 859,2802,176,25
der 1053,2803,38,19
legierten 1110,2803,104,26
Platte 268,2844,68,19
entspricht 361,2843,117,26
übrigens 500,2842,100,25
den 628,2841,40,19
mit 693,2841,38,18
andern 754,2841,83,18
Metallen 861,2841,100,18
wie 986,2841,39,19
beispielsweise 1050,2841,163,26
Nickel 269,2881,79,20
und 364,2881,44,19
Zink 425,2881,53,19
gemachten 494,2880,127,26
Erfahrungen, 632,2878,158,27
die 809,2879,33,19
sich 859,2879,44,19
in 921,2880,20,18
reinem 958,2880,82,18
Zustande 1057,2880,105,18
am 1179,2886,34,12
widerstandfähigsten 268,2918,238,23
gezeigt 522,2918,84,22
haben. 622,2917,77,20
<EOS>
<EOP>
Die 1332,156,38,22
bedeutendste 1389,155,157,23
Aktien-Gesellschaft, 1560,153,244,24
welche 1824,152,80,23
das 1920,154,38,19
industrielle 1969,152,131,20
Leben 2110,152,74,19
der 1240,196,38,18
Gegenwart 1295,196,127,24
aufzuweisen 1441,194,137,19
hat, 1596,193,41,26
ist 1655,195,23,18
die 1696,194,33,18
London 1748,193,88,20
und 1855,192,43,20
North-Western 1916,191,175,20
Eisen¬ 2113,190,71,20
bahn. 1240,232,64,21
<EOS>
In 1345,233,23,18
.'Pearsons 1393,233,121,18
<EOS>
Magazin 1539,231,98,25
¦ 1654,242,1,3
wird 1687,231,52,18
von 1770,236,40,15
einem 1841,229,68,20
volkswirtschaftlichen 1935,226,248,22
Schriftsteller 1241,269,151,21
eine 1409,270,46,18
Statistik 1473,269,94,19
veröffentlicht, 1585,268,161,26
die 1762,268,34,18
diese 1814,268,56,19
Thatsache 1883,265,121,22
durch 2021,266,66,18
Zahlen 2105,264,79,20
nachweist.*') 1240,306,147,25
<EOS>
Aus 1420,309,43,17
diesen 1478,306,73,19
Angaben 1570,306,105,24
geht 1698,306,48,24
hervor, 1770,306,83,24
dass 1875,306,47,17
die 1945,305,34,18
Gesellschaft 1996,302,138,21
ein 2151,302,33,19
Kapital 1240,345,88,26
von 1346,351,40,12
2.975 1404,350,62,19
<EOS>
Millionen 1483,344,110,18
Fr. 1607,344,31,18
<EOS>
(119 1654,342,53,26
Mill. 1722,342,52,20
<EOS>
£) 1786,342,28,27
besiizt 1827,343,71,18
und 1916,343,41,19
pro 1970,349,38,18
Stunde 2020,341,81,20
gegen 2114,346,69,19
32500 1243,387,75,21
Fr. 1333,383,33,18
<EOS>
einnimmt. 1383,383,116,18
<EOS>
Ihre 1534,382,47,18
2750 1599,384,57,22
Lokomotiven 1673,381,156,18
legen 1847,380,61,25
im 1926,380,26,19
fahr 1968,378,47,27
41 2031,384,25,19
Millionen 2072,378,112,20
engl. 1242,420,55,25
<EOS>
Meilen 1317,420,77,19
(etwa 1411,422,64,22
6h 1497,418,26,19
Millionen 1543,419,108,19
km) 1670,418,47,22
zurück, 1740,418,84,19
sie 1846,417,29,19
beschäftigt 1891,416,128,28
über 2037,417,51,18
60000 2105,416,79,19
Beamte 1243,459,85,18
und 1350,456,43,20
befördert 1414,456,109,22
täglich 1543,456,78,26
durchschnittlich 1640,456,187,19
15600J 1852,455,89,24
Passagiere. 1959,455,128,26
<EOS>
Alles, 2120,454,63,24
was 1242,501,43,13
dieser 1301,495,69,19
grossartige 1387,496,130,25
Betrieb 1535,494,84,20
benötigt, 1636,494,104,26
selbst 1755,493,65,19
die 1836,493,35,18
Kohlenwagen 1888,492,161,25
und 2068,492,41,19
llolz- 2124,492,61,19
schwellen, 1241,532,121,28
wird 1387,533,53,18
von 1466,538,39,13
der 1531,533,37,18
Gesellschaft 1586,531,140,19
selbst 1750,531,64,18
hergestellt. 1836,530,129,25
<EOS>
Um 1999,530,37,19
die 2060,529,33,19
ganze 2119,536,65,18
Strecke 1243,572,86,17
in 1354,571,19,18
geordnetem 1394,571,138,24
Zustand 1551,569,91,19
zu 1664,576,23,12
halten, 1704,568,79,20
bedarf 1806,566,72,22
es 1897,574,22,11
einer 1935,567,58,19
täglichen 2009,566,107,25
Aus¬ 2134,567,51,18
gabe 1243,610,56,23
von 1317,616,41,12
62501 1376,607,76,26
Fr., 1469,608,41,19
<EOS>
für 1527,607,32,19
die 1576,607,34,19
Instandhaltung 1621,605,178,26
der 1815,605,40,20
Viadukte, 1864,605,117,26
Brücken 1991,604,97,21
u. 2106,610,19,12
<EOS>
s. 2135,610,16,14
<EOS>
w. 2161,610,25,13
<EOS>
der 1243,647,39,18
verschiedenen 1293,646,166,19
Linien 1472,645,76,19
werden 1560,644,87,19
jährlich 1656,643,92,26
durchschnittlich 1760,642,190,20
etwa 1962,646,53,14
4250000 2025,646,113,20
Fr. 2154,641,32,19
<EOS>
verausgabt. 1243,684,133,26
<EOS>
2500000 1409,688,110,21
Fr. 1532,682,33,20
<EOS>
kosten 1582,683,75,18
jene 1672,682,48,25
Reparaturen, 1737,681,154,25
die 1908,680,33,19
Maler 1959,680,68,19
und 2043,679,43,20
Maurer 2102,679,85,19
übernehmen, 1244,721,153,25
der 1424,721,37,19
Lohnetal 1483,721,103,18
beläuft 1615,720,78,18
sieli 1720,719,44,18
für 1793,717,30,21
alle 1850,717,41,20
Linien 1907,718,76,19
monatlich 2011,716,112,20
auf" 2151,716,36,19
650000 1245,759,92,24
Fr. 1350,759,32,19
<EOS>
<EOP>
Schweizer 1334,794,129,23
Landesausstellung 1481,792,230,28
Genf 1731,792,53,22
1896. 1803,792,62,22
<EOS>
Das 1904,793,45,19
Unternehmen 1970,792,158,20
des 2151,792,36,19
für 1245,834,31,19
die 1293,834,33,19
Landesausstellung 1338,832,216,27
in 1570,833,21,19
Genf 1608,831,57,21
geplanten 1680,831,116,27
Pavillons 1812,830,105,20
Raoul 1931,831,78,19
Pictet, 2018,830,82,25
dessen 2112,830,74,19
Ausführung 1244,871,138,25
eine 1394,872,45,18
Zeit 1453,871,44,19
lang 1509,870,50,26
in 1570,870,20,19
Frage 1603,870,68,25
stand, 1683,870,70,23
ist 1765,870,24,18
nunmehr, 1801,869,112,19
dank 1925,869,57,18
dem 1995,869,47,18
Zusammen¬ 2055,864,134,24
wirken 1244,908,81,22
von 1343,916,41,12
Genfer 1402,908,80,22
Kapitalisten 1494,908,142,26
und 1653,908,43,18
Finanzmännern 1707,907,184,19
gesichert. 1910,906,112,24
<EOS>
Es 2055,906,28,19
hat 2095,906,34,19
sieh 2142,906,43,19
zu 1245,953,22,12
diesem 1285,947,78,19
Zwecke 1376,947,90,18
eine 1482,946,46,19
Gesellschaft 1541,945,140,20
gebildet, 1692,942,103,28
an 1812,951,25,12
deren 1851,944,66,19
Spilze 1929,944,68,25
die 2011,943,34,19
fill. 2059,944,48,18
<EOS>
Henri 2121,943,66,19
Auliert, 1245,986,89,25
Marc 1350,986,61,17
Jaquet, 1424,985,84,25
Alfred 1524,983,75,19
Cartier 1615,983,83,18
und 1717,981,42,20
Paul 1776,982,51,18
Galopin 1843,981,93,26
stellen. 1952,980,81,20
<EOS>
<EOP>
Argon. 1337,1021,79,26
<EOS>
Die 1449,1021,40,25
in 1511,1022,19,18
letzter 1553,1021,71,19
Zeit 1642,1020,43,19
vielgenannten 1703,1019,164,26
englischen 1885,1019,122,25
Naturforscher 2025,1016,164,21
Lord 1246,1059,58,21
Rayleigh 1322,1059,102,26
und 1441,1060,41,19
Prof. 1501,1057,56,22
<EOS>
William 1569,1057,94,22
Ramsay 1681,1057,89,27
haben 1788,1057,68,20
vom 1874,1063,47,13
Smil/io/iiau 1934,1057,146,19
Institut 2088,1056,101,19
in 1246,1099,21,18
Washington, 1279,1097,149,27
im 1447,1097,26,19
Zusammenhang 1486,1096,184,28
mit 1687,1096,36,18
einer 1740,1096,58,18
von 1810,1102,43,11
letzterem 1864,1094,106,19
ausgeschriebenen 1982,1093,207,27
Preisaufgabe, 1246,1135,159,25
den 1430,1135,40,18
ersten 1494,1139,69,13
Preis 1581,1134,57,18
von 1664,1140,39,12
50000 1727,1137,76,20
Fr. 1820,1133,33,18
<EOS>
für 1876,1132,32,19
ihre 1930,1133,45,18
Entdeckung 1993,1132,141,24
des 2151,1131,37,20
Argon 1247,1174,73,24
erhalten: 1339,1172,100,23
<EOS>
<EOP>
Preisausschreiben. 1538,1247,364,31
<EOS>
Der 1340,1331,44,22
Verband 1400,1329,104,23
deutscher 1522,1328,121,23
Elektrotechniker 1665,1328,205,22
schreibt 1891,1329,92,19
einen 2002,1329,61,19
Preis 2080,1329,59,19
aus 2155,1334,35,13
in 1248,1371,24,18
Höhe 1287,1370,64,19
von 1373,1375,41,13
300 1438,1375,42,19
Mark 1498,1369,62,19
für 1583,1368,32,19
die 1638,1368,35,19
beste 1694,1368,59,18
Lösung 1774,1368,89,24
folgender 1884,1367,113,25
Konstruktions¬ 2018,1366,173,19
aufgabe: 1249,1408,101,25
<EOS>
<EOP>
« 1341,1452,9,12
Es 1360,1446,27,17
wird 1400,1445,51,19
die 1464,1444,35,19
Forderung 1512,1444,125,24
gestellt, 1646,1443,90,26
dass 1748,1443,48,19
ßleiscbaltungen, 1809,1443,190,24
deren 2011,1442,64,19
Schmelz¬ 2088,1441,104,20
streifen 1250,1483,85,20
durch 1352,1483,68,20
Klemmschrauben 1430,1481,209,22
.gehalten 1643,1480,107,27
<EOS>
werden, 1765,1481,94,24
eine 1875,1481,49,18
Vorrichtung 1935,1480,144,25
erhalten, 2090,1478,102,27
welche 1250,1521,79,19
bei 1345,1520,34,19
gleichbleibender 1397,1519,197,27
Entfernung 1611,1519,134,24
der 1762,1519,38,19
Klemmschrauben 1811,1519,207,19
so 2033,1524,23,13
eingestellt 2073,1517,119,26
werden 1251,1559,85,19
kann, 1353,1559,64,24
dass 1434,1558,49,18
das 1499,1556,37,20
Einsetzen 1553,1557,111,19
von 1682,1563,39,13
Streifen 1741,1555,89,21
für 1848,1556,32,19
höhere 1897,1556,80,20
Stromstärken 1988,1554,157,21
als 2162,1554,30,20
diejenige, 1251,1597,113,26
für 1380,1595,32,20
welche 1428,1595,81,20
die 1526,1595,34,19
Sicherung 1577,1594,120,26
durch 1717,1593,66,20
jene 1797,1594,49,26
Vorrichtung 1869,1593,143,26
gerade 2031,1593,79,25
fixiert 2127,1593,67,22
ist, 1250,1635,33,25
ausgeschlossen 1304,1633,173,26
ist. 1499,1632,32,20
<EOS>
Die 1563,1633,41,19
Verstellung 1626,1632,135,25
der 1781,1632,38,18
Fixierung 1837,1632,114,25
soll 1967,1630,38,20
nur 2024,1637,38,13
von 2079,1637,39,12
sach¬ 2135,1630,59,19
kundiger 1251,1672,106,26
Hand 1369,1671,64,19
erfolgen 1446,1670,96,25
können. 1558,1670,93,19
<EOS>
Die 1676,1670,40,19
Bleischaltungen 1730,1668,184,27
sollen 1924,1669,66,18
nach 2004,1669,53,18
deutschem 2070,1669,124,18
Normal 1251,1709,90,20
laut 1361,1709,44,19
Beschluss 1426,1709,112,19
der 1559,1708,39,18
Jahresversammlung 1615,1707,237,25
des 1873,1707,38,19
Verbandes 1934,1706,126,20
deutscher 2081,1705,114,21
Elektrotechniker, 1251,1747,209,25
München 1472,1746,108,19
1S95. 1595,1745,62,25
<EOS>
'" 1675,1752,18,12
folgenden 1713,1744,115,26
Hauptabstufungen 1844,1743,213,27
hergestellt 2071,1743,122,26
werden 1252,1785,85,19
: 1345,1791,4,12
für 1251,1823,34,19
50. 1310,1827,35,21
<EOS>
Ioo. 1364,1827,47,14
<EOS>
400 1428,1827,44,18
und 1489,1821,44,19
1000 1552,1826,56,13
Amp. 1626,1821,62,25
<EOS>
bei 1252,1861,35,18
70, 1312,1865,34,21
So. 1378,1859,34,19
<EOS>
95 1445,1863,27,21
und 1490,1858,43,19
ito 1567,1863,41,14
mm 1625,1864,47,13
Mittelentfernung 1692,1858,199,24
der 1911,1857,38,19
Sicherung 1965,1856,119,25
Klemm¬ 2100,1856,94,19
<EOS>
<EOP>
schrauben, 1693,1896,126,23
und 1253,1935,42,19
'/<" 1309,1935,40,26
5/iu" 1364,1934,52,27
'/«" 1435,1931,40,31
und 1494,1933,42,19
Vi" 1560,1931,39,23
engl. 1625,1933,55,24
<EOS>
Durchmesser 1698,1933,153,19
dieser 1867,1931,69,20
Klemmschrauben. 1952,1931,213,21
<EOS>
<EOP>
Für 1343,1972,42,19
die 1401,1972,35,19
beste, 1450,1969,66,27
den 1534,1971,42,19
Bedürfnissen 1594,1969,152,21
der 1766,1970,39,19
Praxis 1826,1970,74,19
und 1916,1969,44,20
Fabrikationsfähig- 1976,1969,219,26
keit 1253,2011,44,18
entsprechende 1315,2008,168,27
Lösung 1499,2008,86,25
der 1602,2007,37,19
Aufgabe 1656,2007,97,26
wird 1770,2007,54,19
dem 1841,2007,47,19
Konstrukteur 1911,2008,157,19
ein 2085,2008,34,18
Preis 2136,2007,59,20
von 1254,2055,41,12
300 1312,2053,43,20
Mark 1372,2047,62,19
nebst 1451,2046,62,19
einem 1530,2046,69,18
Diplom 1615,2045,88,25
erteilt. 1720,2045,76,21
<EOS>
<EOP>
Das 1344,2085,44,19
Preisgericht 1400,2083,142,26
wurde 1554,2083,72,19
der 1643,2083,38,18
Kommission 1698,2083,145,19
für 1860,2083,32,18
Einführung 1904,2082,136,27
einheitlicher 2051,2082,146,21
Kontaktgrössen 1254,2123,184,25
und 1463,2121,44,19
Schrauben 1529,2121,124,19
übertragen. 1676,2121,135,24
<EOS>
Falls 1848,2120,55,20
das 1925,2121,38,19
Preisgericht 1983,2120,142,26
zwei 2147,2120,49,20
Arbeiten 1254,2161,102,19
als 1373,2159,30,19
gleichwertig 1419,2159,147,26
erachtet, 1583,2159,102,25
ist 1702,2159,24,18
es 1743,2164,21,13
befugt, 1781,2158,80,26
zwei 1879,2159,49,19
Diplome 1941,2157,99,26
auszustellen 2058,2158,139,19
und 1256,2198,42,19
den 1317,2198,40,19
Preis 1380,2198,58,18
zu 1460,2204,23,12
teilen. 1509,2197,70,19
<EOS>
Die 1610,2197,41,19
Konstruktionen 1673,2196,184,20
bleiben 1880,2196,85,20
in 1983,2195,19,20
jeder 2018,2196,61,26
Hinsicht, 2095,2196,104,26
auch 1255,2236,53,19
patentrechtlich. 1325,2235,184,26
<EOS>
Eigentum 1527,2235,113,25
des 1659,2234,37,19
Erfinders. 1713,2234,114,19
<EOS>
Die 1860,2234,41,19
Arbeiten 1917,2234,104,19
sind 2040,2234,47,19
bis 2107,2234,30,19
zum 2152,2240,46,13
I. 1258,2278,16,16
<EOS>
April 1293,2273,60,26
1S96 1373,2272,54,25
der 1445,2272,38,19
Geschäftsstelle 1495,2272,172,19
des 1678,2272,37,18
Verbandes 1730,2272,123,19
deutscher 1869,2272,112,19
Elektrotechniker, 1993,2272,206,26
Berlin, 1257,2311,78,25
Monbijouplatz 1352,2311,169,25
3. 1536,2316,20,19
<EOS>
einzureichen. 1577,2310,154,19
<EOS>
Die 1764,2310,41,18
Bekanntgabe 1824,2310,156,25
der 1996,2310,39,18
besten 2051,2310,73,19
Kon¬ 2140,2311,59,18
struktion 1256,2349,105,18
und 1377,2348,44,18
Erteilung 1437,2348,112,24
des 1565,2347,36,19
Preises 1624,2347,79,19
findet 1726,2347,65,19
gelegentlich 1808,2347,143,25
der 1971,2348,37,18
nächstjährigen 2025,2348,173,24
Jahresversammlung 1253,2385,235,26
des 1500,2384,37,20
Verbandes 1549,2385,125,19
deutscher 1687,2385,111,19
Elektrotechniker 1814,2385,202,20
in 2028,2386,20,18
Berlin 2062,2384,69,21
statt. 2144,2388,54,16
<EOS>
<EOP>
Konkurrenzen. 1576,2482,300,28
<EOS>
Zwei 1350,2567,56,23
eherne 1426,2567,83,22
Thürflügel 1526,2566,128,28
für 1672,2567,37,22
das 1726,2566,42,22
neue 1785,2572,57,16
Hauptportal 1860,2565,145,29
des 2023,2565,40,23
Mailänder 2076,2565,126,24
Domes 1259,2598,80,22
waren 1360,2605,70,13
im 1453,2599,28,18
Mai 1498,2598,45,19
v. 1559,2604,19,14
<EOS>
J. 1593,2599,17,26
<EOS>
von 1629,2604,41,13
der 1694,2598,37,19
Dombauverwaltung 1753,2598,233,24
zur 2008,2604,36,13
öffentlichen 2066,2598,137,20
Konkurrenz 1257,2631,143,18
ausgeschrieben 1420,2628,178,26
worden. 1615,2629,94,19
<EOS>
Vor 1744,2628,42,20
Kurzem 1803,2629,92,19
ist 1918,2628,25,19
dieser 1964,2628,70,20
interesssante 2055,2629,148,19
Wettbewerb, 1259,2659,151,21
der 1434,2659,38,19
seltsamerweise 1487,2658,173,20
nicht 1679,2659,57,18
mehr 1753,2659,61,18
als 1830,2658,29,18
zehn 1876,2659,52,18
Arbeiten 1946,2659,104,19
veranlasste, 2065,2659,137,25
zum 1259,2697,46,12
Abschluss 1322,2690,116,19
gelaugt. 1453,2689,94,25
<EOS>
Die 1580,2689,41,19
Ausführung 1632,2688,138,26
des 1786,2688,38,19
Werkes 1835,2688,90,19
wurde 1936,2688,73,20
auf 2019,2688,39,22
den 2067,2689,41,19
Spruch 2119,2689,83,25
der 1258,2719,38,21
Jury 1310,2721,51,26
dem 1378,2720,48,19
Bildhauer 1443,2719,115,20
Professor 1574,2719,109,19
Pogliaghi, 1694,2718,122,26
Lehrer 1829,2719,80,18
an 1926,2725,26,12
der 1969,2719,38,19
Kunstakademie 2019,2719,184,19
in 1258,2751,21,18
Mailand 1297,2749,95,20
übertragen. 1409,2750,134,24
<EOS>
Mit 1576,2749,39,19
Preisen 1632,2749,87,19
ausgezeichnet 1736,2749,161,26
wurden 1913,2749,88,20
ferner 2017,2749,71,19
die 2106,2748,34,20
Ent¬ 2154,2750,50,18
würfe 1258,2780,66,20
der 1346,2781,38,19
gemeinsam 1407,2780,129,26
konkurrierenden 1554,2779,200,19
Künstler 1770,2779,103,19
Muzio 1890,2779,69,19
und 1977,2780,43,18
Sozzi 2036,2780,57,19
in 2112,2779,21,19
Mai¬ 2151,2780,53,18
land, 1258,2812,59,25
Giuseppe 1334,2811,107,25
Cassioli 1459,2809,86,21
in 1565,2810,18,19
Florenz, 1599,2809,93,25
Quattrini 1709,2809,106,25
in 1834,2809,19,19
Rom. 1866,2808,60,22
<EOS>
Ein 1956,2810,40,18
«Idea» 2009,2808,86,21
bezeich¬ 2107,2808,99,21
neter 1259,2846,58,15
Vorschlag 1328,2841,119,25
des 1460,2841,36,18
Dombaumeisters 1505,2840,195,19
Cesare 1713,2840,76,18
Bianchi 1803,2839,88,20
wurde 1903,2840,71,18
lobend 1986,2839,79,21
anerkannt. 2078,2840,126,19
<EOS>
<EOP>
X 1357,2918,16,22
Vgl. 1389,2917,50,24
<EOS>
Bd. 1455,2917,39,20
<EOS>
XXVI. 1512,2917,81,19
<EOS>
S. 1610,2917,21,18
<EOS>
20. 1649,2922,35,13
<EOS>
<EOS>
<EOP>
