2280,3100
150 279,136,50,21
SCHWEIZERISCHE 929,128,304,23
BAUZEITUNG 1255,126,220,26
[Bd. 1839,124,57,34
<EOS>
XXVI 1919,128,84,23
Kr. 2026,127,44,23
<EOS>
24. 2095,134,41,23
<EOS>
<EOP>
Bei 329,190,44,24
Wh. 396,191,60,22
<EOS>
befinden 481,190,124,23
sich 634,191,53,22
die 718,190,41,22
isolierten 787,190,135,22
Stromabnahme¬ 945,188,237,23
platten 240,229,100,28
unmittelbar 373,228,176,23
auf 580,227,47,23
den 655,227,49,22
Deckeln 737,226,119,23
von 889,233,51,15
Gussgehäusen, 969,225,213,30
welche 240,266,100,22
zwischen 371,266,129,21
den 532,265,50,22
Laufschienen 614,265,191,22
à 835,262,13,25
niveau 876,264,96,21
in 1002,263,24,21
die 1051,262,42,23
Erde 1118,262,66,23
eingegraben 240,303,180,28
sind. 450,302,66,23
<EOS>
Beim 560,303,72,21
System 661,301,105,30
Ws. 790,301,53,23
<EOS>
dagegen 875,301,121,28
bilden 1025,300,93,23
sie 1146,300,37,23
flache 238,340,85,23
tellerförmig 345,340,182,28
gewölbte 556,340,137,28
Scheiben, 721,339,138,23
welche 889,339,102,21
auf 1013,338,45,22
Metall¬ 1079,337,104,24
stiften 237,378,91,23
sitzen, 350,378,88,27
die 461,378,42,22
ihrerseits 527,378,135,22
durch 689,376,83,23
Formstücke 796,375,173,24
aus 991,381,47,16
Steingut 1060,374,123,29
vom 238,422,62,17
umgebenden 324,415,187,30
Erdreich 529,415,126,22
isoliert 680,414,104,22
und 808,413,50,22
mittelst 883,413,113,22
Kabeln 1014,413,103,21
mit 1135,411,48,24
den 239,454,49,22
ausserhalb 311,453,159,23
cler 500,452,47,22
Geleise 570,452,106,23
in 706,452,24,21
Schächten 759,450,149,24
untergebrachten 937,450,245,28
Schalterkasten 238,490,214,25
verbunden 467,489,157,23
sind. 640,489,69,22
<EOS>
Die 745,489,48,22
in 811,489,23,22
den 848,488,50,22
gut 914,490,46,26
abgedichteten 973,487,209,28
Gussgehäusen 240,528,205,29
montierten 468,528,161,21
Schaltapparate 652,527,224,28
haben 905,526,86,22
den 1018,524,48,23
Zweck 1091,524,92,22
die 240,566,42,22
Kontaktplatten 315,565,223,29
mit 570,566,48,21
dem. 650,564,69,23
<EOS>
von 750,570,53,17
der 835,563,47,22
Kraftstation 916,560,176,25
her¬ 1124,562,59,22
kommenden, 239,603,188,24
unterirdisch 450,602,178,23
verlegten 652,602,138,29
Speisckabel. 814,600,183,29
<EOS>
in 1020,600,24,21
leitende 1068,599,115,22
Verbindung 240,641,178,29
zu 439,647,30,15
setzen, 498,643,93,20
sobald 620,639,97,22
und 746,638,52,23
solange 821,638,111,28
als 955,638,39,22
cler 1016,637,47,22
Motor¬ 1085,638,99,22
wagen 241,685,93,23
sich 357,679,55,21
über 434,678,66,22
den 523,677,48,22
betreffenden 594,676,186,23
Platten 803,676,104,23
befindet. 930,675,126,23
<EOS>
<EOP>
Während 331,715,136,23
beim 501,715,70,22
System 604,714,106,30
C. 741,713,26,24
<EOS>
die 798,714,42,22
Stromverteilung 868,713,247,28
für 1143,711,42,23
16—20 246,754,104,22
Schienensektionen 385,753,272,23
von 692,759,51,16
einem 780,752,85,21
gemeinschaftlichen 901,749,283,30
Schaltapparat 240,792,210,28
aus 481,798,46,15
erfolgt, 559,790,106,29
kommt 693,789,105,23
bei 830,788,43,22
den 905,787,48,23
Anordnungen 983,787,201,28
Wh. 243,830,59,22
<EOS>
und 318,829,52,22
Ws. 389,829,56,22
<EOS>
auf 465,828,46,22
jede 523,827,61,31
einzelne 608,828,117,22
Kontaktplatte 742,826,204,29
ein 963,826,40,22
besonderer 1019,825,166,23
Schaltapparat, 241,867,218,29
so 481,872,29,16
dass 533,865,61,22
für 616,864,42,24
eine 680,865,57,21
Bahnlänge 754,864,154,28
von 925,870,50,16
1 996,870,7,15
km 1018,860,34,26
(je 1070,862,33,30
nach 1118,863,66,21
der 243,905,47,22
Wagengrösse) 316,899,211,34
nicht 555,903,73,22
weniger 658,903,119,27
als 806,902,39,22
170—250 877,908,143,20
derselben 1043,900,141,22
notwendig 242,941,155,29
sind. 419,941,67,23
<EOS>
<EOP>
Die 332,980,50,22
Konstruktion 403,978,196,24
cler 627,978,48,22
Schaltapparate 697,977,226,29
zeigt 952,975,68,29
den 1042,975,49,22
prin- 1114,975,71,28
cipiellen 242,1017,126,30
Lntcrschied. 385,1016,183,24
<EOS>
dass 585,1016,62,22
die 662,1015,42,22
Vor- 720,1016,67,22
und 809,1014,51,22
Rückwärtsbewegung 877,1013,309,28
der 242,1055,48,22
Schallhebel 305,1055,173,23
bei 494,1054,44,22
C. 553,1054,27,22
<EOS>
durch 598,1053,83,22
Uhrwerke 700,1052,148,24
geschieht, 864,1051,144,29
welche 1024,1050,101,22
auf 1142,1050,47,21
elektromagnetischem 242,1092,318,29
Wege 583,1091,85,29
ausgelöst 685,1091,135,27
oder 842,1089,66,23
arretiert 930,1089,122,22
werden. 1068,1087,116,22
<EOS>
<EOP>
Wh. 334,1129,58,24
<EOS>
und 425,1129,52,23
Ws. 511,1129,54,22
<EOS>
bewerkstelligen 599,1128,237,29
das 871,1127,47,21
Schliessen 950,1126,152,22
und 1135,1124,49,22
Oeffnen 243,1168,111,22
der 377,1167,46,23
Schalter 445,1168,122,22
direkt 596,1166,89,23
durch 712,1166,83,22
Elektromagnete. 818,1163,245,28
<EOS>
Diese 1106,1161,80,24
letzteren 242,1207,128,21
arbeiten 399,1205,119,23
bei 549,1204,44,22
C. 622,1203,27,24
<EOS>
unter 679,1207,77,19
cler 782,1202,47,22
Einwirkung 851,1201,174,28
eines 1048,1201,70,21
un¬ 1142,1207,45,15
mittelbar 242,1243,142,23
vor 404,1250,50,15
dem 476,1242,61,23
Wagen-Elektromotor 556,1240,321,31
abgezweigten 898,1238,203,29
Teil¬ 1116,1236,70,24
stromes 242,1283,115,22
von 386,1287,52,16
500 468,1286,52,20
Volt 549,1279,64,22
Spannung. 635,1278,154,30
<EOS>
Bei 831,1277,46,23
Ws. 906,1277,53,21
<EOS>
und 982,1275,53,23
Wh. 1059,1275,59,21
<EOS>
da¬ 1142,1274,45,22
gegen 243,1325,86,23
werden 361,1317,106,23
sie 501,1317,38,22
durch 574,1317,84,22
den 689,1317,51,22
Strom 774,1316,89,23
aus 896,1320,45,16
einer 975,1313,72,22
kleinen 1081,1311,106,23
Accumulatoren-Batterie 245,1355,359,24
bethatigt. 627,1355,138,28
<EOS>
mit 788,1353,47,22
welcher 857,1352,116,21
jeder 993,1350,75,30
Motor¬ 1090,1350,96,22
wagen 246,1400,92,23
ausgerüstet 361,1394,168,28
wird. 551,1392,75,23
<EOS>
Um 671,1392,49,23
den 743,1391,50,22
Accumulatorcn-Strom 814,1387,332,25
in 1164,1387,24,22
die 245,1432,42,22
Schaltapparate 302,1431,223,30
leiten 542,1430,79,22
zu 637,1437,28,15
können, 681,1429,111,22
ist 816,1429,32,20
die 864,1427,42,22
Anbringung 923,1425,176,29
einer 1116,1424,73,22
zweiten 244,1469,111,23
Gleitschiene 373,1467,179,26
und 568,1467,53,22
einer 642,1468,72,21
weiteren 728,1466,127,22
Reihe 872,1464,82,22
aequidistanter 978,1461,211,31
Kontaktplatten 245,1505,222,31
nötig, 496,1505,84,29
welche 609,1505,102,22
in 738,1504,24,22
gleicher 793,1503,119,29
Weise 940,1500,87,22
montiert 1059,1502,129,19
und 245,1543,51,24
mit 327,1544,48,22
dem 403,1543,61,22
Schalterkasten 494,1543,216,23
verbunden 739,1539,157,24
werden, 924,1538,116,22
wie 1069,1537,50,22
die 1146,1537,41,21
Arbcitsstromplatten. 246,1582,310,28
<EOS>
Die 602,1581,50,22
Rückleitung 681,1578,178,28
des 887,1576,46,23
Arbeitsstromes 964,1575,225,23
für 246,1620,41,22
die 318,1619,43,23
Elektromotoren 393,1618,234,24
sowohl 660,1616,105,24
als 799,1616,39,21
für 870,1614,41,23
die 942,1613,44,22
temporären 1018,1613,171,28
Magnetisierungsströme 246,1657,346,30
zur 608,1662,45,16
Ingangsetzung 671,1655,215,28
der 902,1651,47,22
Schaltapparate 964,1650,226,29
erfolgt 246,1695,100,28
bei 368,1695,44,21
allen 428,1692,72,25
drei 516,1693,56,23
Systemen 592,1693,138,29
durch 747,1691,84,23
die 850,1689,42,22
Erde. 908,1688,78,23
<EOS>
bezw. 1008,1687,80,22
<EOS>
durch 1107,1687,82,22
die 246,1732,43,22
Laufschienen. 312,1731,199,23
<EOS>
<EOP>
Obschon 336,1770,125,22
über 483,1769,67,23
die 572,1768,42,23
beiden 636,1767,96,23
amerikanischen 752,1764,231,25
Systeme 1006,1762,120,29
bis 1149,1761,40,22
jetzt 244,1807,62,30
noch 328,1808,67,22
keine 417,1807,76,22
detaillierten 522,1806,181,23
Angaben 732,1803,129,30
vorliegen, 889,1801,146,28
gestattet 1063,1801,127,27
die 243,1845,47,23
vorstehende 318,1844,179,23
allgemeine 530,1844,162,29
Beschreibung 721,1840,200,27
dennoch 954,1837,120,23
einige 1103,1836,87,28
Schlüsse 246,1882,125,23
über 392,1882,69,22
die 478,1881,42,23
Vor- 535,1881,66,24
und 618,1880,53,23
Nachteile 688,1880,139,22
der 844,1877,46,22
drei 906,1876,58,22
Anordnungen. 980,1874,207,28
<EOS>
<EOP>
Die 337,1920,50,22
Konstruktion 403,1919,194,23
der 620,1919,46,22
Weichen 688,1918,130,22
und 839,1914,53,23
Kreuzungen, 909,1914,185,27
einer 1117,1917,73,16
der 248,1958,47,22
schwächsten 311,1957,183,23
Punkte 511,1956,100,24
beim 624,1957,72,22
System 710,1955,106,28
Ciaret 837,1953,90,23
und 943,1950,54,24
Vuilleumier 1010,1950,180,23
gestaltet 247,1996,126,28
sich 400,1995,56,22
beim 486,1995,73,22
System 588,1994,105,28
von 721,1999,52,16
Ws. 803,1992,54,21
<EOS>
und 886,1989,55,23
Wh. 967,1988,57,23
<EOS>
einfacher 1056,1986,135,23
und 247,2033,54,22
sicherer; 323,2033,131,26
desgleichen 476,2032,172,28
wird 671,2030,67,23
die 761,2029,43,22
Isolierung 824,2028,151,29
der 997,2025,47,22
Kontakt¬ 1061,2023,129,23
platten 249,2071,104,29
wegen 375,2076,92,23
ihrer 491,2070,72,22
geringeren 585,2069,162,30
Ausdehnung 758,2066,183,28
leichter 961,2063,113,23
zu 1094,2068,30,16
be¬ 1146,2062,45,21
werkstelligen 248,2107,202,29
sein, 464,2107,63,24
als 551,2107,38,22
diejenige 605,2106,132,30
der 754,2106,46,22
Kontaktschienen. 817,2101,252,27
<EOS>
Diese 1111,2099,80,23
letzteren 250,2146,127,22
werden 411,2145,109,22
für 556,2145,43,22
den 636,2144,50,22
Wagenverkehr 722,2140,221,33
ein 978,2139,41,22
grösseres 1054,2139,138,27
Hindernis 251,2183,143,23
bilden, 416,2182,100,28
als 539,2183,38,21
einzelne 600,2182,118,22
kleine 741,2181,87,22
Platten. 851,2178,113,23
<EOS>
Ferner 1003,2176,101,22
wird 1125,2173,67,23
das 251,2221,46,22
Versagen 320,2221,136,28
eines 479,2220,70,22
einzelnen 572,2220,136,21
Schaltapparates 729,2218,239,29
bei 989,2213,44,23
Wh. 1057,2212,59,23
<EOS>
und 1140,2211,51,23
Ws. 249,2258,56,23
<EOS>
nur 335,2264,49,16
eine 416,2258,56,21
ganz 505,2263,64,23
kurze 601,2256,78,23
Teilstrecke 711,2255,164,23
beeinflussen, 908,2250,185,28
über 1126,2250,67,22
welche 251,2295,101,22
ein 376,2294,41,22
m 439,2302,24,15
Bewegung 486,2295,152,28
befindlicher 668,2294,176,22
Wagen 867,2293,102,27
vermöge 992,2289,131,27
der 1146,2287,47,22
ihm 251,2333,53,22
innewohnenden 327,2332,228,23
Inertie 572,2332,95,23
leicht 684,2332,81,22
hinwegkommt, 780,2329,220,30
bezw. 1023,2327,80,22
<EOS>
über 1127,2325,67,22
die 251,2371,42,23
er 326,2377,28,16
im 385,2370,36,22
Notfall 453,2370,103,22
auch 588,2369,67,22
noch 685,2369,69,22
hinweggeschoben 788,2365,265,32
werden 1085,2362,109,23
könnte, 251,2409,104,22
während 378,2407,127,22
ein 527,2408,40,21
Fehler 589,2407,99,22
m 710,2414,25,14
einem 762,2406,86,22
Verteilkasten 870,2402,198,26
von 1090,2407,52,16
C. 1166,2399,26,23
<EOS>
eine 251,2447,57,22
Strecke 334,2445,111,23
bis 473,2445,41,22
zu 542,2451,30,15
100 604,2451,48,15
m 673,2450,20,16
stromlos 722,2443,130,23
machen 879,2442,113,23
kann. 1020,2438,76,23
<EOS>
Die 1145,2438,49,22
Verwendung 250,2482,190,31
von 472,2489,51,15
Uhrwerken 559,2481,164,24
als 755,2482,38,22
Bewegungsmechanismen 823,2477,371,32
für 250,2521,43,23
die 324,2521,43,22
Schalthebel 394,2520,174,23
schliesst 599,2518,123,25
naturgemäss 758,2520,185,27
eine 975,2522,57,15
grössere 1067,2515,126,28
.Wahrscheinlichkeit 244,2556,296,32
<EOS>
für 556,2557,42,22
das 621,2556,46,23
Eintreten 684,2557,136,22
von 842,2562,51,16
Störungen 909,2554,151,28
m 1083,2559,24,14
sich, 1129,2551,65,27
als 251,2598,39,21
diejenige 312,2595,133,31
von 468,2602,51,15
einfachen 542,2593,140,24
Elektromagneten. 704,2593,264,29
<EOS>
<EOP>
Dafür 341,2634,85,22
erscheint 455,2632,132,23
die 616,2632,42,22
Art 681,2632,47,21
cler 758,2631,47,22
Erregung 830,2631,139,28
der 991,2628,47,23
Schalter- 1060,2627,134,24
Elektromagnete 250,2671,236,29
bei 503,2670,42,22
Wh. 562,2670,59,22
<EOS>
und 638,2669,52,23
Ws. 710,2669,54,23
<EOS>
entschieden 788,2668,171,23
als 975,2667,38,22
der 1031,2666,46,22
wunde 1099,2664,96,22
Punkt 250,2709,85,24
dieser 357,2709,89,22
beiden 467,2708,98,23
Systeme: 588,2707,133,29
denn 754,2706,67,23
abgesehen 841,2705,153,30
davon, 1017,2704,96,22
dass 1135,2702,60,23
die 251,2747,43,23
zweite 316,2752,93,17
Reihe 437,2746,84,23
von 551,2752,49,16
IIülfs-Kontaktplatten 624,2743,317,30
und 970,2742,53,22
die 1049,2742,43,22
Accu- 1114,2741,83,22
mulatoren-Batterie'n 252,2777,306,31
m 583,2790,25,15
jedem 632,2781,92,31
Wagen 750,2782,103,28
die 881,2781,41,22
Anlage 947,2780,101,28
und 1071,2778,53,23
den 1146,2778,49,22
Betrieb 251,2823,110,23
erheblich 384,2821,138,23
complicieren. 551,2820,202,29
<EOS>
ist 776,2819,33,22
daran 830,2819,83,22
zu 932,2824,29,16
erinnern, 981,2818,132,22
dass 1136,2816,60,22
die 252,2861,43,22
anziehende 321,2859,161,23
Kraft, 507,2858,86,23
mit 620,2858,47,22
welcher 690,2858,117,22
die 830,2856,41,23
Elektromagnete 894,2855,237,28
auf 1154,2853,45,23
die 252,2898,43,22
Schalter 312,2897,121,23
wirken, 450,2896,107,23
in 576,2896,23,22
erster 617,2898,85,20
Linie 715,2895,73,23
von 805,2901,50,16
dem 873,2894,61,22
Strome 948,2892,106,24
abhängt, 1071,2892,126,28
durch 252,2936,84,22
welchen 367,2935,120,22
sie 516,2935,37,21
erregt 583,2937,88,24
werden. 697,2932,116,23
<EOS>
Die 857,2932,49,22
Stärke 935,2930,94,24
desselben 1055,2929,141,23
<EOS>
<EOP>
bleibt 1232,187,86,23
jedoch 1338,186,95,32
nicht 1455,188,72,22
konstant, 1543,188,129,23
sie 1696,189,36,22
wird 1755,189,67,22
sich 1844,190,55,22
vielmehr 1917,189,130,23
bei 2069,190,43,21
cler 2129,188,47,23
vorgesehenen 1233,225,200,28
Batterie-Spannung 1466,225,275,30
von 1772,233,52,16
nur 1858,235,48,14
3—6 1935,226,70,30
Volt 2035,227,63,22
mit 2127,227,49,21
dem 1233,262,61,22
jeweiligen 1306,262,151,29
Zustand 1471,262,115,23
der 1600,262,47,23
Kuntaktllächen 1657,263,220,24
innerhalb 1891,263,141,25
weitester 2040,262,136,25
Grenzen 1233,299,119,23
ändern 1376,300,99,22
und 1505,300,51,23
bei 1588,301,41,22
zufälligen 1654,301,143,28
Verunreinigungen 1819,301,268,32
der¬ 2117,301,58,22
selben 1231,341,93,22
durch 1346,340,83,22
Oel. 1445,340,57,22
<EOS>
Schnee, 1525,339,109,24
etc. 1658,344,47,18
<EOS>
praktisch 1724,339,137,28
bis 1883,340,41,22
auf 1946,340,48,22
o 2006,347,15,15
herunter¬ 2037,340,138,22
sinken, 1231,378,100,22
was 1364,384,53,16
natürlich 1449,377,132,23
eine 1614,377,56,22
Lnterbrechung 1703,377,221,29
der 1960,377,47,23
Stromzu¬ 2039,378,136,22
führung 1233,416,116,27
zur 1371,422,45,15
Folge 1439,415,84,28
hätte. 1547,415,79,21
<EOS>
<EOP>
Beim 1322,453,72,22
System 1412,452,105,28
C. 1542,450,28,25
<EOS>
muss 1593,458,72,15
mit 1687,452,48,22
dieser 1759,451,88,22
Schwierigkeit 1868,451,205,29
aller¬ 2096,453,79,21
dings 1233,490,77,30
auch 1342,490,66,22
gerechnet 1438,490,144,29
werden, 1610,489,117,22
doch 1757,489,68,22
macht 1855,489,89,22
sich 1972,489,54,22
dieselbe 2056,489,119,22
dort 1233,528,60,22
in 1316,528,24,22
viel 1363,527,52,22
geringerem 1432,527,172,29
Masse 1621,527,85,22
geltend, 1729,526,115,29
weil 1869,527,60,22
die 1952,527,42,22
verfügbare 2013,527,162,28
Spannung 1232,566,146,29
des 1410,565,46,22
Erregerstromes 1485,566,232,28
von 1750,571,51,15
500 1835,570,51,20
Volt 1919,565,62,22
erlaubt, 2013,565,112,27
so 2146,571,29,16
grosse 1232,610,93,22
Magnetspulenwiderstände 1348,601,389,31
anzuwenden, 1759,601,187,28
dass 1974,601,61,23
dadurch 2057,601,120,23
der 1234,641,47,22
Einfiuss 1304,640,110,23
des 1432,640,46,23
variabelen-Uebergangwiderstandes 1496,639,534,30
zwischen 2046,639,131,22
Gleitschiene 1234,678,181,24
und 1450,677,52,23
Kontaktflächen 1538,676,219,23
bedeutend 1787,676,153,23
abgeschwächt 1970,676,208,29
werden 1235,716,107,22
kann. 1365,715,76,22
<EOS>
<EOP>
Was 1325,754,64,22
die 1411,753,43,23
Baukosten 1470,752,151,24
anbelangt, 1643,753,154,29
so 1819,759,29,16
ist 1871,753,32,22
über 1926,752,68,23
die 2015,753,42,22
ameri¬ 2080,753,98,22
kanischen 1233,791,145,23
Systeme 1400,790,121,30
noch 1552,790,67,22
nichts 1648,790,85,22
zuverlässiges 1763,790,196,29
bekannt: 1982,790,127,23
sie 2140,790,38,22
werden 1234,829,108,23
sich 1365,829,54,22
aber 1443,829,65,22
voraussichtlich 1524,828,223,23
eher 1770,829,63,21
höher 1853,828,84,22
stellen 1959,828,94,22
als 2077,828,38,22
für 2138,827,41,23
das 1234,867,48,22
System 1304,867,105,29
C. 1433,865,27,25
<EOS>
<EOP>
Berücksichtigt 1326,903,211,29
man. 1552,910,69,17
<EOS>
dass 1643,903,61,22
trotz 1720,906,67,20
der 1806,903,47,22
erwähnten 1869,903,153,22
konstruk¬ 2038,903,141,22
tiven 1234,943,71,22
Mängel, 1322,942,112,29
die 1458,941,41,23
den 1521,941,50,23
drei 1593,941,58,23
Systemen 1667,941,140,28
noch 1829,941,68,23
anhaften, 1913,941,133,26
bei 2071,941,42,22
den 2129,940,49,23
Proben, 1234,980,113,23
welche 1372,980,100,22
mit 1495,980,48,22
dem 1559,979,61,23
System 1634,980,105,28
Ciaret 1753,980,90,22
X 1857,980,17,21
Vuilleumier 1890,977,179,29
an 2084,985,32,15
der 2132,977,47,24
letztjährigen 1234,1017,187,31
Ausstellung 1434,1018,174,28
in 1625,1018,23,21
Lyon 1664,1016,71,30
gemacht 1753,1017,125,28
wurden, 1898,1016,119,27
im 2040,1016,35,22
regel¬ 2092,1015,87,30
mässigen 1234,1056,135,29
mehrmonatlichen 1389,1054,260,23
Dauerbetrieb 1672,1054,197,22
sehr 1891,1054,62,22
befriedigende 1974,1052,204,30
Resultate 1234,1094,138,22
erzielt 1396,1093,90,22
worden 1508,1091,110,23
sind, 1635,1091,67,23
dass 1726,1092,60,22
dieses 1802,1091,88,22
auch 1906,1091,66,22
bei 1991,1091,42,22
den 2049,1091,50,22
Ver¬ 2114,1090,64,24
suchen 1235,1131,98,23
mit 1356,1131,49,21
dem 1427,1130,61,22
System 1505,1129,103,33
Wheless 1626,1129,123,22
in 1766,1129,25,22
Washington 1803,1129,180,28
der 1999,1128,47,23
Fall 2059,1129,59,22
ge¬ 2133,1135,45,22
wesen 1235,1175,87,16
sein 1333,1168,55,22
soll 1399,1168,50,22
und 1460,1168,51,22
class 1523,1168,61,22
endlich 1594,1167,106,23
die 1711,1167,42,22
Westinghouse 1759,1167,211,28
Co. 1982,1167,45,22
<EOS>
laut 2040,1167,56,21
einer 2106,1166,72,22
Xotiz 1235,1207,77,22
cler 1329,1206,48,22
Berliner 1393,1206,117,22
Eiektr. 1527,1205,99,23
<EOS>
Zeitschrift 1643,1204,152,23
die 1811,1204,42,22
sämtlichen 1869,1204,158,22
Material- 2045,1203,133,22
Transporte 1234,1244,165,29
innerhalb 1416,1243,139,22
ihrer 1570,1243,70,22
ausgedehnten 1657,1241,198,30
Werke 1869,1241,99,22
in 1990,1241,25,22
Pittsburg, 2033,1240,146,30
sowie 1235,1282,82,22
den 1334,1281,50,22
Güterverkehr 1399,1280,200,23
derselben 1614,1279,142,23
mit 1774,1279,48,22
der 1837,1278,49,23
Bahn 1898,1279,71,22
seit 1982,1278,49,22
mehr 2048,1278,75,22
als 2140,1278,40,22
einem 1237,1319,86,22
Jahr 1336,1319,61,28
mit 1410,1319,47,21
dem 1471,1318,61,22
neuen 1545,1324,84,16
Tractions-System 1639,1317,260,28
bewältigt, 1913,1316,150,29
so 2079,1322,28,17
darf 2122,1315,62,24
mit 1238,1357,47,22
ziemlicher 1306,1356,156,23
Bestimmtheit 1487,1356,196,22
angenommen 1704,1361,197,22
werden, 1924,1354,116,27
dass. 2071,1353,70,26
<EOS>
es 2154,1360,27,16
in 1238,1394,24,22
absehbarer 1285,1394,166,22
Zeit 1473,1394,55,22
gelingen 1557,1393,125,29
wird, 1705,1393,75,26
das 1811,1392,47,22
System 1880,1391,105,29
der 2009,1391,47,22
Strom¬ 2077,1391,104,23
zuführung 1236,1432,150,29
mit 1399,1432,48,22
einem 1465,1431,86,22
Mittelleiter 1565,1429,164,25
in 1746,1430,24,21
den 1786,1429,50,22
angegebenen 1853,1429,192,29
Punkten 2062,1427,119,24
noch 1237,1470,68,22
zu 1333,1477,29,15
vervollkommnen 1389,1468,254,23
und 1668,1467,55,22
lebensfähig 1751,1466,169,29
zu 1942,1473,28,15
machen 1994,1466,111,22
und 2128,1466,54,22
damit 1237,1506,84,23
eine 1344,1507,56,22
wirkliche 1423,1505,140,23
Lücke 1589,1505,87,22
im 1698,1505,35,22
elektrischen 1758,1505,177,22
Strassen-Bahn- 1958,1503,224,24
wesen 1238,1551,88,16
auszufüllen. 1354,1543,170,23
<EOS>
Am 1575,1544,47,21
einfachsten 1654,1543,161,22
und 1849,1541,52,23
zweckmässigsten 1930,1541,251,30
dürfte 1238,1582,88,22
dies 1348,1582,56,22
durch 1427,1581,81,23
eine 1532,1581,56,22
geeignete 1618,1581,139,29
Kombination 1781,1579,192,23
der 1996,1578,47,23
drei 2065,1578,57,23
im 2145,1579,35,21
Vorstehenden 1238,1619,205,23
besprochenen 1464,1618,203,30
Systeme 1689,1617,122,29
zu 1834,1624,30,15
erreichen 1886,1616,138,23
sein. 2047,1616,63,22
<EOS>
<EOP>
Dr. 1914,1654,44,22
<EOS>
A. 1981,1654,29,22
<EOS>
DenJer. 2035,1652,108,30
<EOS>
Die 1402,1746,63,28
neue 1489,1753,93,22
Tonhalle 1606,1744,176,30
in 1806,1745,38,28
Zürich. 1869,1743,141,30
<EOS>
Erbaut 1342,1797,81,19
von 1447,1803,39,13
Fcl/ner 1510,1797,97,19
& 1628,1794,20,22
Helmet-^ 1670,1796,107,25
Architekten 1798,1795,142,19
in 1962,1796,21,18
Wien. 2007,1794,70,20
<EOS>
<EOP>
(Mit 1615,1840,43,20
einer 1670,1840,54,16
Tafel.) 1736,1839,71,21
<EOS>
<EOP>
AT. 1690,1913,42,22
<EOS>
<EOP>
3- 1279,2221,23,24
<EOS>
<EOP>
Um 1330,1952,50,23
den 1403,1951,49,22
Bau 1471,1952,50,22
zur 1543,1957,45,16
Ausführung 1605,1950,172,29
zu 1798,1957,30,15
bringen, 1846,1949,123,30
stunden 1992,1948,113,23
dem 2121,1947,63,24
Vorstand 1240,1989,133,24
der 1397,1988,47,23
Neuen 1466,1989,90,22
Tonhalle-Gesellschaft 1579,1986,328,25
drei 1928,1986,59,23
Wege 2003,1987,84,28
offen, 2104,1985,79,29
nämlich 1239,2027,117,24
: 1367,2033,4,15
<EOS>
<EOP>
1. 1282,2072,18,15
<EOS>
Lebertragung 1317,2064,204,28
des 1538,2062,46,23
Baues 1601,2063,83,22
an 1707,2068,30,16
den 1762,2062,49,22
Sieger 1827,2062,95,29
im 1945,2062,35,22
Wettbewerb 1999,2061,185,23
von 1316,2108,51,16
1SS7. 1394,2101,76,28
<EOS>
Herrn 1494,2101,85,22
Bruno 1602,2101,86,22
Schmitz 1711,2100,116,23
in 1850,2100,25,23
Berlin. 1899,2100,95,23
<EOS>
2. 1281,2147,21,15
<EOS>
Uebertragung 1317,2140,209,27
des 1544,2138,47,23
Baues 1607,2138,84,22
an 1707,2145,31,15
einen 1762,2138,75,22
oder 1855,2137,64,23
mehrere 1935,2137,123,23
schwei¬ 2074,2135,112,23
zerische 1316,2177,119,23
Architekten. 1459,2175,181,23
<EOS>
Ausschreibung 1317,2213,220,30
eines 1559,2214,71,21
neuen 1652,2219,85,16
Wettbewerbes. 1761,2213,224,22
<EOS>
Da 1334,2253,38,22
der 1396,2251,48,22
Bau 1466,2251,53,22
des 1541,2250,46,23
Stadttheaters, 1605,2250,203,23
vornehmlich 1833,2250,186,23
mit 2035,2250,49,22
Rück¬ 2100,2248,86,24
sicht 1242,2290,67,23
auf 1324,2290,46,22
die 1383,2289,43,23
ausserordentlich 1449,2289,245,22
beschränkte 1717,2288,175,23
Bauzeit 1909,2288,108,23
einer 2039,2287,73,22
aus¬ 2127,2293,59,16
wärtigen, 1243,2328,136,29
durchaus 1402,2327,134,23
leistungsfähigen 1558,2326,239,29
und 1813,2326,53,22
in 1882,2327,24,21
dieser 1924,2326,89,22
Specialität 2029,2323,159,31
besonders 1242,2366,147,22
erfahrenen 1412,2364,158,23
Architekten-Firma 1594,2363,279,23
übergeben 1897,2363,156,29
worden 2076,2361,112,23
war. 1243,2410,62,16
<EOS>
so 1326,2410,29,16
ist 1382,2403,34,22
es 1444,2409,26,15
begreiflich, 1502,2401,165,30
dass 1697,2401,60,22
die 1789,2401,42,22
schweizerischen 1864,2400,238,23
und 2134,2399,54,22
namentlich 1244,2441,162,23
die 1430,2439,42,23
zürcherischen 1494,2439,201,22
Architekten 1720,2438,171,23
ein 1915,2438,41,22
gewisses 1985,2438,127,28
An¬ 2134,2438,55,21
recht 1243,2479,75,23
auf 1334,2478,46,23
die 1394,2478,42,23
Ausführung 1453,2477,172,28
der 1641,2476,47,23
Tonhalle 1703,2477,131,22
für 1850,2477,41,22
sich 1906,2476,56,23
beanspruchen 1981,2474,207,30
durften, 1244,2516,113,23
um 1381,2522,44,16
so 1447,2522,28,15
mehr, 1499,2515,83,27
als 1605,2515,39,21
hinsichtlich 1666,2514,171,22
der 1861,2513,48,23
Bauzeit 1928,2513,105,23
die 2056,2512,42,23
Ver¬ 2121,2513,68,22
hältnisse 1243,2554,127,23
günstiger 1393,2553,139,30
waren. 1553,2559,97,16
<EOS>
<EOP>
Der 1334,2592,55,23
Vorstand 1404,2590,133,24
schlug 1560,2590,94,29
den 1676,2589,49,22
letztgenannten 1747,2589,216,29
Weg 1979,2588,70,29
ein 2072,2588,41,22
und 2134,2587,55,23
schritt 1243,2630,94,23
zur 1357,2636,45,16
Ausschreibung 1424,2629,219,28
eines 1666,2627,71,22
neuen 1765,2633,85,16
Wettbewerbes. 1873,2626,223,22
<EOS>
Ur¬ 2140,2626,51,23
sprünglich 1244,2667,157,30
sollte 1422,2667,79,22
derselbe 1525,2666,124,22
auf 1679,2664,46,23
wenige 1751,2664,102,29
Zürcher 1877,2664,117,22
Architekten 2016,2663,175,23
beschränkt 1244,2704,161,24
werden. 1427,2704,115,23
<EOS>
Wäre 1579,2703,80,23
an 1676,2709,32,16
diesem 1725,2702,101,23
Grundsatz 1843,2702,152,23
festgehalten 2011,2702,179,29
worden, 1246,2742,119,24
so 1388,2749,28,15
hätte 1438,2742,72,22
sich 1533,2742,55,22
der 1610,2741,48,23
Vorstand 1673,2739,135,24
eine 1830,2741,58,21
ganze 1910,2746,83,23
Reihe 2008,2739,84,24
nach¬ 2113,2739,81,23
folgender 1245,2780,144,30
Unannehmlichkeiten 1411,2779,304,24
ersparen 1738,2784,127,23
können. 1889,2777,113,23
<EOS>
<EOP>
Die 1337,2819,50,22
Ausschreibung 1411,2817,217,29
erfolgte 1658,2815,115,30
anfangs 1803,2815,111,30
Dezember 1936,2815,153,23
1891. 2113,2814,79,30
<EOS>
Der 1247,2857,54,22
Einlieferungstermin 1329,2855,298,29
war 1656,2860,56,16
auf 1740,2853,46,23
den 1812,2853,51,23
1. 1889,2860,19,15
<EOS>
März 1933,2854,69,22
1892 2034,2853,65,28
fest¬ 2129,2852,64,22
gesetzt. 1246,2896,109,27
<EOS>
Aus 1389,2895,54,20
dem 1463,2892,61,23
engeren 1548,2899,115,22
Wettbewerb 1680,2892,186,22
wurde 1890,2891,91,22
jedoch 1996,2890,96,30
sofort 2107,2890,87,23
ein 1248,2931,41,22
weiterer, 1311,2931,133,31
indem 1466,2930,88,23
sich 1578,2930,55,22
schon 1655,2930,82,22
am 1753,2936,42,15
9. 1813,2936,22,23
<EOS>
Dezember 1853,2929,150,22
ergab, 2025,2928,91,29
dass 2132,2927,63,23
<EOS>
<EOP>
