2280,3100
166 272,106,48,24
SCHWEIZERISCHE 913,104,304,24
BAUZEITUXXG 1240,102,221,24
[Bd. 1832,98,56,33
<EOS>
XXVI 1911,101,85,22
XX-, 2018,101,44,22
<EOS>
<EOP>
Hiebei 322,168,95,23
ist 441,168,31,23
P 494,168,19,23
- 529,184,9,1
- 556,183,3,2
Kraft, 578,167,86,23
die 687,167,42,22
den 752,167,49,22
zu 824,173,29,16
berechnenden 876,166,204,22
einen 1100,165,73,22
Balken 230,205,99,24
beansprucht, 353,207,189,27
f 562,203,13,32
dessen 594,205,93,22
Querschnitt 704,203,171,32
und 892,204,51,22
I; 959,202,12,23
dessen 986,203,94,22
Träg¬ 1094,203,81,28
heitsradius. 231,242,170,24
<EOS>
<EOP>
Ist 321,289,35,23
g 376,295,16,25
o, 460,296,18,21
so 500,295,29,15
wird 553,287,64,23
natürlich 643,287,131,23
<EOS>
<EOP>
L 836,329,18,19
1„ 548,346,18,29
L 632,345,19,25
und 673,347,51,22
v 748,354,13,16
Gl. 323,408,39,23
<EOS>
; 389,416,9,19
<EOS>
<EOP>
also 233,545,57,22
muss 312,551,73,16
<EOS>
<EOP>
also 233,621,57,22
also 232,697,56,22
<EOS>
<EOP>
ergiebt 426,409,106,29
dasselbe, 555,408,130,23
nämlich: 709,407,128,23
<EOS>
<EOP>
,/ 640,457,14,12
<EOS>
V 681,457,13,12
lo 660,489,19,23
<EOS>
<EOP>
' 699,481,5,1
0 527,476,11,15
te 575,471,30,21
— 734,481,35,1
i 787,474,5,15
— 818,476,28,2
o. 865,474,18,18
<EOS>
<EOP>
T' 516,700,18,16
<EOS>
<EOP>
t£ 592,546,20,20
<EOS>
<EOP>
I, 605,675,18,24
<EOS>
<EOP>
X) 657,527,58,61
co 781,548,29,16
sein. 831,549,64,17
<EOS>
<EOP>
lo 646,638,19,26
<EOS>
<EOP>
' 697,634,2,3
" 720,634,6,2
<EOS>
<EOP>
2 751,643,12,15
<EOS>
<EOP>
<EOS>
so 660,701,28,15
dass 712,694,61,22
l„ 796,693,18,27
L. 880,693,26,23
<EOS>
Für 323,756,52,22
g 396,763,13,17
— 427,765,30,2
L 476,755,18,23
muss 516,762,72,15
v 612,762,13,16
l 690,753,8,24
o 775,761,10,16
werden. 809,754,115,22
<EOS>
<EOP>
<s 395,777,11,10
o 699,776,9,9
Hiebei 322,801,98,24
ist 442,801,33,23
zu 496,808,29,15
bemerken, 549,799,155,25
dass, 727,800,70,24
je 814,798,23,28
mehr 855,799,76,22
der 947,798,48,22
Wert 1007,798,74,22
g 1092,804,15,25
sich 1124,798,55,22
demjenigen 233,838,168,29
von 426,845,50,16
L 504,837,15,24
nähert, 541,839,102,21
die 673,837,42,23
Strebe, 743,837,102,23
insbesondere 875,835,192,24
deren 1096,836,82,21
geradliniger 233,877,184,29
Teil 445,875,56,24
von 530,882,51,15
der 612,875,48,22
Länge 687,875,88,27
g, 799,881,22,25
der 851,874,47,22
Vertikalen 926,872,156,25
AGB 1106,871,73,25
immer 234,915,95,22
näher 351,914,82,22
kommt. 456,912,111,24
<EOS>
Das 610,914,55,21
Uebergangsstück 690,910,252,31
CF, 966,910,48,27
d. 1038,911,24,22
<EOS>
h. 1085,910,22,23
<EOS>
der 1132,909,47,23
Bogen 233,953,90,28
v, 340,958,21,22
wird 384,952,67,22
daher 475,951,84,22
sehr 581,951,61,22
kurz 665,950,61,23
im 745,950,34,23
Vergleich 798,948,142,31
zum 956,956,57,15
Bogen 1031,949,90,27
FB 1139,946,41,24
und 233,990,52,22
im 319,991,35,21
Grenzfalle, 388,989,161,28
wo 582,994,42,17
g 654,995,17,24
L, 734,986,27,30
ist 793,987,33,22
daher 856,986,85,22
der 972,986,49,22
Quotient 1051,985,128,30
<EOS>
<EOP>
und 1129,1037,50,23
CF 242,1024,47,21
"FF 232,1057,55,26
o, 355,1050,18,21
also 396,1043,57,21
auch 476,1041,65,22
o. 656,1048,18,15
<EOS>
obgleich 706,1039,126,29
sowohl 861,1039,104,22
v 995,1046,13,14
o 1085,1045,10,16
/„ 234,1094,17,31
o. 318,1102,17,17
<EOS>
wie 358,1095,51,23
sich 431,1094,55,23
nun 510,1101,50,15
zeigen 583,1093,91,26
wird. 700,1091,73,24
<EOS>
<EOP>
Gl. 324,1140,41,23
<EOS>
5 390,1147,11,21
lautet 425,1140,85,22
in 532,1140,23,22
diesem 580,1139,101,22
Falle 708,1137,73,24
<EOS>
<EOP>
g 549,1206,16,25
y 582,1211,24,28
'S 625,1201,27,27
(o) 668,1195,31,34
— 718,1210,29,3
1 770,1203,7,17
daher 235,1269,83,23
muss 340,1275,72,16
<EOS>
<EOP>
lt 585,1286,17,22
<EOS>
<EOP>
ce 676,1270,28,15
also 735,1266,56,22
l, 814,1262,18,25
— 852,1279,27,3
p 898,1271,10,15
sein. 930,1264,63,22
<EOS>
Daher 235,1330,90,24
wird 346,1328,66,23
erst 439,1331,51,19
recht 512,1328,74,22
v 610,1334,12,16
o. 687,1334,19,15
<EOS>
<EOP>
Gestützt 325,1383,120,22
auf 477,1381,45,22
obige 552,1380,80,29
Grenzlalle 663,1378,150,23
liegt 842,1378,66,28
die 939,1377,42,22
Vermutung 1013,1376,170,29
nahe, 235,1421,74,23
dass 349,1420,60,22
die 448,1419,42,22
im 530,1418,35,22
Uebrigen 599,1416,136,29
willkürlich 768,1415,164,23
angenommene 968,1420,216,24
Formel 235,1458,109,24
<EOS>
<EOP>
'o 522,1506,19,32
[l 605,1488,36,65
- 657,1519,30,3
g][l 703,1487,73,66
+-f] 793,1488,96,64
• 936,1523,3,4
• 984,1524,4,4
¦ 1031,1524,4,3
(Gl- 1080,1499,53,37
7) 1161,1500,23,35
keine 235,1578,77,24
sehr 343,1577,62,23
abweichenden 436,1576,210,23
Resultate 670,1575,139,22
ergeben 842,1574,117,29
werde. 992,1572,99,22
<EOS>
Die 1134,1571,50,22
nachstehende 235,1615,199,25
Tabelle 456,1614,113,23
giebt 596,1613,74,29
hierüber 693,1612,127,22
Aufschluss. 842,1610,167,24
<EOS>
Um 1053,1610,50,23
den 1135,1610,49,21
genauen 237,1660,120,24
Verlauf 383,1651,115,25
von 523,1658,51,15
la 605,1648,17,33
darzustellen, 651,1649,188,23
wurden 869,1648,111,22
für 1009,1648,40,22
g 1076,1654,15,25
auch 1119,1647,65,22
solche 236,1692,90,23
Werte 351,1691,90,24
angenommen, 470,1694,205,24
die 703,1687,42,22
eine 774,1687,57,22
praktische 854,1686,152,29
Bedeutung 1030,1685,156,27
nicht 236,1731,73,22
mehr 331,1729,77,22
haben. 430,1727,94,23
<EOS>
<EOP>
o-: 284,1830,27,14
I 325,1825,19,20
o,05 399,1830,40,18
o.i 474,1829,29,16
<EOS>
0.2 540,1829,30,14
<EOS>
o,s 601,1828,31,21
o.t 661,1827,29,15
<EOS>
i 707,1831,1,9
o.r, 722,1827,30,15
<EOS>
o,e 787,1827,31,20
; 837,1825,1,20
0.7 858,1825,29,15
<EOS>
1 908,1827,0,13
o.s 927,1826,31,15
<EOS>
1 978,1830,1,11
0,9 998,1825,30,20
0,95 1068,1825,39,19
1.00 1144,1823,36,16
<EOS>
<EOP>
V 284,1916,13,13
: 309,1914,4,13
I 327,1909,19,19
0,4503 391,1913,59,21
O.tolti 461,1913,59,15
<EOS>
0,311 531,1912,49,21
0,238 591,1912,52,18
0,166 653,1910,51,20
0,112 714,1911,50,16
O.OTO] 774,1910,57,14
<EOS>
0,0387 844,1908,59,22
O.0170 914,1908,61,15
<EOS>
0,0042 985,1908,60,19
0,00051 1055,1908,69,21
O 1154,1908,14,12
<EOS>
<EOP>
nach 316,1977,54,19
X., 301,1993,39,20
<EOS>
0.999J 390,1998,60,15
<EOS>
0,9914 460,1997,61,16
0,9-,s:0,924 530,1996,113,17
0,8680,776,0,0598 653,1993,181,19
0,5226.0,3660.0,1918 844,1991,202,20
<EOS>
0,0990 1056,1991,61,19
O 1154,1991,13,13
/ 263,2009,7,23
bl. 316,2007,32,20
<EOS>
5 359,2011,10,21
L 262,2056,19,23
nach 318,2060,52,19
<EOS>
I 978,2061,1,14
<EOS>
<EOP>
0,9975 390,2080,60,21
0,990 459,2080,52,21
0,960 530,2079,53,17
0,910 591,2080,52,17
O.S10 652,2079,52,14
<EOS>
O.750 713,2077,52,15
<EOS>
O.oiO 774,2077,51,15
<EOS>
0,510 843,2076,52,20
0,300 914,2076,50,19
0,190 984,2075,51,20
0,0975 1054,2075,60,20
O 1155,2075,13,12
bl. 317,2093,33,16
<EOS>
7 362,2094,10,20
<EOS>
<EOP>
-\XXKXX 347,2198,82,27
^\B 348,2220,60,25
1 444,2224,6,17
<EOS>
<EOP>
L__.V 413,2535,41,14
<EOS>
<EOP>
Tier 635,2167,55,22
in 722,2167,24,21
Fig. 777,2165,57,28
<EOS>
5 865,2169,11,21
dargestellte 916,2163,175,29
Fall, 1124,2162,66,27
wo 559,2212,41,16
das 631,2205,46,22
Ende 708,2203,72,23
des 809,2202,45,22
geradlinigen 886,2200,187,30
Teiles 1102,2200,88,23
frei 560,2244,49,22
drehbar 626,2242,117,23
befestigt, 755,2239,135,29
das 908,2239,45,22
andere 970,2237,99,24
Balken- 1078,2237,113,24
Ende 560,2279,72,26
festgeklemmt 668,2278,202,29
ist, 899,2277,40,24
lässt 975,2276,66,23
sich 1075,2276,56,22
in 1167,2276,23,21
ähnlicher 559,2318,138,23
Weise 720,2316,89,22
erledigen. 837,2314,145,29
<EOS>
Der 1025,2314,56,22
Span¬ 1107,2312,83,30
nungszustand 559,2354,196,31
in 787,2354,25,21
dem 841,2353,60,22
am 925,2358,42,15
stärksten 991,2351,130,22
be¬ 1145,2351,45,21
anspruchten, 560,2393,187,30
weil 761,2391,60,22
am 836,2397,40,15
stärksten 892,2388,130,24
gekrümm¬ 1036,2388,154,29
ten 560,2434,41,20
Teil 619,2431,56,22
CF 690,2428,47,25
stimmt 748,2429,104,23
überein 868,2427,111,22
mit 996,2427,47,22
demjeni¬ 1060,2425,130,29
gen 560,2477,50,21
des 633,2469,47,22
Stückes 702,2466,112,24
CF 834,2465,46,23
des 897,2465,48,22
Stabes 969,2464,95,23
GCFH 1088,2462,106,25
Von 560,2508,57,23
letzterem 640,2506,138,23
Stabe 803,2504,80,23
ist 914,2503,31,22
bekannt, 974,2501,123,24
dass 1129,2501,61,23
<EOS>
<EOP>
1 897,2590,6,19
2 918,2596,10,13
Gleichung 636,2635,153,28
5 817,2639,13,21
ist 866,2632,33,22
auch 932,2631,67,22
hier 1029,2631,59,22
ohne 1122,2630,68,23
weiteres 561,2674,123,22
wieder 721,2671,100,22
anwendbar, 853,2669,179,23
dagegen 1068,2668,122,29
ist 560,2712,33,22
an 634,2718,31,15
Stelle 704,2709,83,23
von 828,2715,53,16
Gleichung 917,2707,151,29
6 1105,2705,13,23
zu 1162,2712,29,15
setzen: 560,2752,99,20
<EOS>
<EOP>
/. 653,2807,18,32
<EOS>
D 685,2789,24,54
- 727,2815,12,16
- 758,2821,33,3
: 814,2795,12,43
L 913,2805,21,24
(Gl. 1088,2804,52,26
<EOS>
S) 1166,2801,24,26
Für 334,2878,52,24
den 409,2878,49,22
aus 481,2885,46,15
Fig. 544,2877,56,29
<EOS>
5 620,2883,12,20
ersichtlichen 658,2875,190,24
Fall 862,2875,57,22
ergiebt 944,2874,103,29
sich 1071,2873,54,22
aus 1145,2879,45,16
Gl. 244,2916,40,24
<EOS>
5 309,2922,11,21
und 346,2916,50,22
Gl, 421,2915,40,24
S 489,2916,11,22
folgende 524,2914,127,30
Tabelle: 675,2913,127,24
<EOS>
<EOP>
g 1262,206,19,21
: 1290,204,5,14
I 1309,199,19,19
1 1371,203,1,14
0.0 1381,205,30,14
<EOS>
O,. 1455,205,27,16
<EOS>
0,2 1530,204,30,20
0.3 1604,204,31,14
<EOS>
O.I 1682,204,30,14
<EOS>
0,6 1757,203,29,21
O.G 1833,204,31,14
<EOS>
0.7 1908,203,30,15
<EOS>
; 1958,210,1,11
O.s 1985,203,31,14
<EOS>
' 2036,202,1,8
0,9 2062,202,31,19
I 2137,201,6,13
<EOS>
<EOP>
0 1266,289,13,13
: 1291,288,4,13
I 1311,283,18,18
0,85 1376,287,38,19
1 1421,291,2,11
O.3110 1440,288,61,14
<EOS>
0,2715 1516,287,60,19
0.2S25 1591,286,60,16
<EOS>
<EOP>
• 1532,304,3,2
<EOS>
<EOP>
0,1062 1668,287,59,18
O.16O1 1742,286,60,15
<EOS>
O.12011 1819,287,60,14
<EOS>
O.0930 1894,286,60,15
<EOS>
O.OOIO 1970,287,61,14
<EOS>
O.0300 2046,286,62,15
<EOS>
O 2134,286,12,12
<EOS>
<EOP>
/„ 1250,383,17,30
L 1251,428,18,23
<EOS>
<EOP>
n. 1298,358,19,13
<EOS>
Gl. 1327,351,33,20
<EOS>
5 1300,386,10,20
11. 1321,388,18,12
<EOS>
8 1349,381,12,20
nach 1305,434,54,19
Gl. 1300,464,34,20
<EOS>
9 1346,469,11,19
<EOS>
<EOP>
0,707 1376,371,50,20
<EOS>
<EOP>
0,707 1377,456,50,16
<EOS>
<EOP>
0,045 1442,371,50,21
0,579 1517,371,50,21
' 1582,373,1,3
O.511 1593,371,49,14
<EOS>
<EOP>
1 1582,388,2,25
<EOS>
<EOP>
O.lll 1669,371,48,15
<EOS>
0,372 1746,371,50,18
0,300 1821,370,51,17
O.2203 1897,370,59,14
<EOS>
0,1320 1973,370,60,18
0,077 2048,369,50,19
O 2134,369,13,11
<EOS>
<EOP>
0,043 1443,455,49,19
O.377 1518,456,49,13
<EOS>
O.5IO 1594,453,50,17
<EOS>
O.110 1670,454,50,14
<EOS>
0,371 1746,454,47,15
O.300 1822,453,51,14
<EOS>
0,227 1897,453,50,14
0,1327 1973,452,59,15
0,0771 2049,452,58,15
O 2134,452,13,12
<EOS>
<EOP>
Die 1316,544,49,21
in 1396,543,24,23
der 1446,543,48,22
letzten 1519,543,94,21
Zeile 1643,541,71,22
stehenden 1741,539,146,24
Werte 1919,539,88,21
sind 2037,538,56,22
be¬ 2124,539,46,21
rechnet 1225,581,109,22
nach 1363,582,64,21
der. 1451,580,54,23
<EOS>
die 1535,578,42,25
Grenzfälle 1600,578,151,24
berücksichtigenden, 1779,576,295,29
sonst 2098,578,73,20
aber 1226,618,66,24
willkürlich 1314,617,163,23
angenommenen 1500,623,231,20
Gleichung 1753,616,152,26
<EOS>
<EOP>
L 1451,685,19,28
] 1533,676,10,38
0.5 1560,693,38,20
<EOS>
(I 1618,682,30,34
— 1662,696,34,4
g)(i 1709,667,66,51
10 1857,709,24,13
L 1893,704,18,18
I 1928,695,5,23
(Gl. 2067,679,53,32
<EOS>
9) 2145,678,26,34
Zum 1316,754,62,22
Schlüsse 1402,754,124,22
sei 1555,754,36,22
noch 1614,754,67,22
bemerkt, 1704,752,130,28
dass 1864,752,60,22
selbstvcrständ- 1947,748,223,25
<EOS>
<EOP>
k 2152,821,14,21
lieh 1227,807,51,24
auch 1302,808,68,21
hier 1393,808,57,21
jeweilen 1471,806,123,31
zu 1616,813,30,15
untersuchen 1669,805,178,23
ist. 1870,804,39,22
<EOS>
ob 1933,804,34,22
der 1990,803,48,22
Wert 2053,802,74,24
grösser 1227,862,108,26
oder 1364,860,65,22
kleiner 1457,859,103,22
ist. 1583,860,39,22
<EOS>
als 1652,859,38,22
jene 1712,858,58,30
Zahl, 1792,858,72,23
die 1896,857,41,22
sich 1961,856,52,22
z. 2037,863,19,15
<EOS>
B. 2081,854,25,25
<EOS>
für 2131,854,41,24
Schweisseisen 1227,898,206,22
zu 1461,904,29,15
1 1524,904,5,15
1 1543,904,4,15
2.5, 1560,903,47,21
<EOS>
für 1639,897,40,22
Flusseisen 1709,896,149,22
zu 1887,902,28,15
105.0 1949,900,75,19
<EOS>
ergeben 2054,893,117,27
hat 1227,936,43,22
und 1293,936,52,22
die 1370,935,41,23
bestimmend 1435,935,178,23
für 1638,933,42,24
die 1702,933,43,22
Berechnung 1765,933,172,27
der 1957,931,48,22
zulässigen 2020,930,152,29
Knick- 1229,973,95,22
resp. 1348,980,69,22
<EOS>
Druckspannung 1439,972,234,28
ist. 1696,971,40,23
<EOS>
<EOP>
Auf 1317,1010,55,24
jenen 1399,1010,72,27
allgemeinen 1504,1010,178,27
Fall, 1707,1008,64,23
wo 1803,1014,39,16
das 1871,1007,47,22
versteifte, 1941,1005,144,27
also 2115,1006,56,21
geradlinige 1228,1048,169,29
Stück 1420,1047,79,22
eine 1529,1048,56,21
beliebige 1615,1046,135,29
Lage 1773,1046,71,28
in 1874,1045,22,22
der 1926,1044,47,22
Strebe 1995,1044,95,21
hat. 2119,1043,54,22
<EOS>
sich 1228,1086,54,21
also 1306,1086,55,21
nicht 1385,1085,70,22
bis 1478,1085,40,22
ans 1542,1091,45,16
eine 1610,1085,57,21
Finde 1691,1084,70,22
derselben 1785,1083,141,22
erstreckt, 1958,1080,138,28
be¬ 2128,1080,44,22
halten 1228,1124,89,22
wir 1344,1122,46,24
uns 1411,1130,47,15
vor, 1483,1129,55,21
später 1561,1124,91,27
zurückzukommen. 1673,1120,267,23
<EOS>
<EOP>
Der 1369,1237,72,27
Kongress 1466,1235,180,36
der 1679,1234,59,28
französischen 1764,1231,271,31
Sanitäts-Ingenieure 1313,1288,396,35
und 1749,1286,71,28
Architekten 1858,1284,234,29
<EOS>
<EOP>
in 1565,1341,35,27
Paris 1626,1339,100,29
1895. 1750,1339,86,36
<EOS>
Im 1322,1427,37,23
Zusammenhang 1379,1427,234,27
mit 1635,1424,48,24
einer 1705,1424,72,22
internationalen 1799,1422,222,23
hygieini- 2046,1418,130,31
schen 1232,1466,79,22
Ausstellung 1337,1465,173,28
veranstaltete 1532,1463,189,22
die 1752,1461,41,22
junge 1822,1460,79,30
Vereinigung 1925,1457,182,30
der 2129,1455,48,25
französischen 1233,1503,196,23
Sanitäts-Ingenieure 1446,1501,286,26
und 1748,1499,51,22
-Architekten 1818,1496,185,25
unter 2021,1500,75,17
dem 2115,1494,59,22
Patronat 1234,1542,127,21
mehrerer 1389,1539,141,23
Ministerien 1557,1538,163,22
und 1749,1536,52,23
cler 1832,1536,48,21
Stadt 1907,1534,78,23
Paris 2010,1532,75,23
vom 2115,1538,61,16
7. 1236,1585,20,21
<EOS>
—13. 1264,1585,79,22
<EOS>
Juli 1366,1577,50,29
d. 1438,1576,24,24
<EOS>
]. 1483,1577,16,27
<EOS>
daselbst 1523,1576,120,23
einen 1666,1576,75,21
Special-Kongress. 1764,1573,268,30
<EOS>
auf 2056,1570,44,23
dem 2116,1570,59,21
wichtige, 1234,1616,133,28
die 1399,1615,41,22
Hygieine 1472,1614,132,29
der 1637,1613,48,22
Wohnungen 1718,1612,177,27
und 1927,1609,51,23
Städte 2010,1608,91,23
be¬ 2135,1606,43,24
treffende 1234,1653,130,24
Fragen 1381,1653,105,29
zur 1508,1659,46,15
Behandlung 1574,1650,176,28
kamen. 1772,1648,103,24
<EOS>
Da 1919,1647,39,23
die 1983,1646,41,22
Arbeiten 2048,1645,128,23
dieses 1235,1692,86,22
Kongresses 1343,1692,168,27
teilweise 1541,1688,128,24
ein 1697,1688,40,21
über 1767,1687,66,22
die 1859,1686,43,23
lokalen 1924,1685,108,22
Verhält¬ 2056,1681,120,26
nisse 1234,1730,71,23
hinausgehendes 1321,1727,232,28
allgemeines 1569,1726,176,29
Interesse 1761,1726,130,22
bieten, 1907,1723,95,22
so 2025,1727,29,17
scheint 2075,1720,103,22
es 1236,1774,26,16
angezeigt, 1285,1767,148,29
auch 1462,1765,65,22
im 1558,1764,34,23
.Auslände 1617,1763,136,23
<EOS>
den 1783,1762,50,23
Beratungen 1857,1762,167,25
und 2053,1758,50,23
Be¬ 2132,1758,46,22
schlüssen 1235,1805,137,23
desselben 1395,1803,141,22
Beachtung 1560,1802,153,26
zu 1738,1807,28,15
schenken. 1790,1798,140,24
<EOS>
In 1973,1797,25,23
folgendem 2023,1795,154,30
geben 1236,1843,85,29
wir 1335,1842,48,22
mit 1396,1841,47,23
Benutzung 1457,1842,153,27
eines 1623,1840,70,21
Referates 1707,1838,137,23
der 1858,1836,47,22
„Oesterr. 1917,1835,132,29
<EOS>
Monats¬ 2064,1835,116,21
schrift 1236,1880,93,22
für 1358,1879,42,22
den 1428,1878,49,22
öffentl. 1507,1877,102,25
<EOS>
Baudienst" 1633,1874,159,26
eine 1825,1875,57,22
gedrängte 1908,1873,147,28
Ueber¬ 2077,1871,102,23
sicht 1237,1919,68,22
der 1326,1917,46,22
dort 1394,1916,61,22
gepflogenen 1477,1914,177,32
Verhandlungen. 1677,1912,234,29
<EOS>
<EOP>
Was 1327,1969,50,19
zunächst 1402,1967,100,18
die 1527,1966,33,18
Hygieine 1577,1964,106,26
der 1709,1963,36,19
Wohnungen 1767,1962,143,25
betrifft, 1935,1959,87,26
so 2046,1966,23,12
wurden 2095,1957,88,21
besprochen: 1236,2006,145,26
<EOS>
<EOP>
1. 1330,2049,17,13
<EOS>
Die 1365,2043,40,19
Bedingungen 1429,2042,155,26
der 1609,2040,36,19
Anwendung 1670,2039,143,24
von 1836,2044,40,13
Siphonverscblüssen 1898,2034,229,28
bei 2150,2033,33,20
Hausinstallationen. 1239,2080,224,22
<EOS>
Von 1496,2080,47,18
M. 1561,2079,29,20
<EOS>
L. 1608,2078,26,20
<EOS>
George. 1654,2077,97,26
<EOS>
Architekt. 1767,2075,119,21
<EOS>
<EOP>
Angenommene 1328,2120,179,22
Resolution: 1523,2116,133,20
a) 1262,2157,21,26
Jedes 1300,2156,61,24
mit 1378,2155,37,20
der 1432,2156,37,17
Kanalisation 1488,2153,148,20
in 1657,2153,21,20
Verbindung 1697,2151,142,25
gebrachte 1862,2149,117,27
Gefäss 1996,2149,76,19
soll, 2089,2147,45,26
ob 2156,2148,28,19
<EOS>
<EOP>
cs 1299,2201,21,11
Abwasser 1332,2195,113,17
empfangt 1463,2192,112,25
oder 1592,2191,51,20
nicht, 1660,2190,65,19
mit 1737,2189,37,20
einem 1792,2189,67,18
vollständig 1878,2187,130,25
cylin(Irischen, 2020,2185,164,27
ohne 1298,2233,56,17
jeden 1369,2231,64,25
Mechanismus 1445,2230,157,19
funktionierenden 1619,2227,199,20
Siphon 1832,2226,81,25
verschen 1930,2225,102,19
sein, 2049,2224,52,25
durch 2117,2223,67,20
welchen 1300,2269,95,19
ein 1412,2269,33,18
permanenter 1463,2272,150,21
Wasserverschluss 1629,2264,208,22
gebildet 1853,2262,94,27
wird. 1963,2262,61,20
<EOS>
b) 1262,2306,23,27
Zur 1301,2307,40,19
Herstellung 1358,2305,138,25
der 1513,2305,37,18
Abfallrolire 1568,2303,137,20
soll 1721,2302,39,19
ein 1783,2302,33,19
nicht 1840,2301,57,20
oxydierbares 1919,2300,151,26
Material 2087,2298,99,20
<EOS>
<EOP>
gewählt 1299,2344,93,26
werden; 1408,2344,97,23
dieselben 1527,2343,109,18
sollen 1659,2342,67,19
innen 1749,2341,64,19
glatt 1837,2340,51,25
sein 1911,2339,45,19
und 1979,2338,42,19
mit 2044,2338,35,19
grosser 2101,2343,85,19
Sorgfalt 1299,2381,94,26
versetzt 1416,2384,88,16
werden. 1526,2380,95,19
<EOS>
Vor 1654,2380,44,19
Gehrauchnahme 1720,2378,194,21
derselben 1937,2377,112,19
sollen 2072,2376,66,18
sie 2156,2376,28,18
auf 1299,2419,35,20
ihre 1350,2420,45,18
Dichtheit 1412,2418,109,20
erprobt 1540,2418,86,26
werden. 1644,2417,93,20
<EOS>
c) 1262,2457,19,27
Alle 1300,2458,47,19
Rohrleitungen 1362,2457,168,25
sollen 1548,2455,67,20
ebenso 1633,2455,78,20
wie 1728,2455,39,18
alle 1784,2454,41,19
Siphonabzweigungen 1841,2452,249,28
richtig 2108,2450,78,25
<EOS>
<EOP>
ventiliert 1298,2495,105,20
werden. 1419,2494,94,21
<EOS>
d) 1261,2533,23,27
Rohrleitungen. 1298,2533,176,25
<EOS>
Reservoirs 1492,2532,123,19
und 1632,2532,43,18
Siphons 1692,2532,92,25
sollen 1801,2531,65,18
durch 1885,2529,66,19
eigene, 1969,2529,82,24
als 2068,2526,29,20
defini¬ 2113,2527,73,19
<EOS>
<EOP>
tive 1298,2576,41,14
Konstruktionen 1356,2570,185,20
auszuführende 1559,2569,168,20
Einrichtungen 1745,2569,168,23
gegen 1933,2573,69,19
das 2015,2565,38,19
Einfrieren 2065,2565,120,20
geschützt 1298,2609,110,25
werden. 1425,2608,93,19
<EOS>
e) 1261,2648,18,25
Es 1300,2648,29,18
ist 1340,2647,26,18
notwendig, 1382,2646,133,25
auch 1532,2646,53,18
weiterhin 1598,2646,109,18
jene 1718,2645,49,25
Massnahmen 1779,2643,154,20
zu 1944,2649,25,13
studieren, 1979,2642,117,19
welche 2107,2642,81,19
erforderlich 1300,2684,138,20
sind, 1455,2684,55,20
um 1527,2691,35,12
das 1579,2683,37,19
Einfrieren 1633,2682,120,20
von 1771,2689,43,12
Hilfs-Reservoirs 1830,2681,190,19
(sei 2035,2680,38,25
es 2087,2687,21,12
durch 2121,2681,66,18
Anwendung 1300,2722,142,25
von 1459,2728,42,13
Salzlösungen 1518,2721,152,25
oder 1687,2720,51,19
durch 1756,2719,65,20
andere 1840,2719,79,19
Mittel) 1931,2719,79,23
auf 2023,2718,36,19
jeden 2067,2719,63,25
Fall 2143,2718,43,19
zu 1300,2767,24,13
verhindern. 1341,2758,137,22
<EOS>
Zusatz: 1512,2759,86,20
Es 1616,2759,27,18
sjnd 1661,2758,47,19
auch 1726,2758,53,19
Vorkehrungen 1797,2758,172,24
zu 1982,2764,24,11
treffen, 2024,2756,80,19
damit 2122,2756,66,19
zur 1300,2806,34,12
Frostzeit 1352,2798,102,19
weder 1476,2797,71,20
Rohre 1568,2797,70,19
einfrieren, 1662,2796,120,19
noch 1805,2796,54,19
Ventile 1884,2795,83,20
in 1988,2795,19,18
den 2032,2794,41,19
Wasser- 2093,2794,96,19
Ciosets 1300,2837,83,19
versagen. 1398,2842,112,19
<EOS>
2, 1331,2880,18,15
Die 1368,2874,41,19
Notwendigkeit 1426,2873,176,24
einer 1619,2873,58,18
wirksamen 1695,2872,127,19
Kontrolle 1835,2870,112,21
der 1966,2871,37,20
sanitären 2020,2870,108,20
Ein¬ 2140,2870,49,19
richtungen 1240,2913,128,22
in 1391,2913,20,18
den 1430,2912,41,18
Wohnhäusern. 1488,2910,173,21
<EOS>
Von 1695,2911,46,19
Ab 1759,2911,29,18
Morin-Gausliaiix. 1808,2908,244,21
<EOS>
Architekt, 2069,2907,120,24
<EOS>
<EOP>
