2246,3079
Bd. 251,86,46,23
<EOS>
XXVI 321,86,85,25
Xr. 427,87,45,23
<EOS>
23.] 498,86,50,32
<EOS>
SCHWEIZERISCHE 919,91,306,26
BAUZEITUXG 1246,93,220,24
[7. 1805,91,32,31
<EOS>
Dezember 1863,95,150,23
1895. 2040,96,76,28
<EOS>
<EOP>
¦ 401,851,5,3
<EOS>
<EOP>
iirtit-Jijf- 726,206,434,108
<EOS>
<EOP>
UÏ1CL 925,337,40,12
iwlÉilip 765,372,359,108
erstellt 728,498,103,23
unter 859,500,77,22
mehrjähriger 964,500,197,30
Garantie 727,534,129,24
in 899,537,24,22
eigener 965,538,109,28
pa¬ 1113,544,46,22
tentierter 728,573,137,23
Konstruktion 893,574,194,25
auf 1117,575,45,23
Grundlage 727,610,158,32
vieljähriger 916,611,172,32
Er¬ 1115,614,44,22
fahrung 726,648,115,30
die 863,649,42,23
Maschinenfabrik 728,698,346,47
und 1089,700,70,45
Kesselschmiede 781,758,329,48
<EOS>
<EOP>
von 922,834,42,13
Heinrich 756,863,158,51
Berclitold 948,864,181,50
<EOS>
<EOP>
in 843,933,31,46
Thalweil 905,934,141,46
bei 858,1002,47,24
Zürich. 917,1002,112,26
<EOS>
<EOP>
Die 286,1092,41,19
für 334,1092,33,19
den 376,1092,42,21
Bau 428,1092,63,21
und 502,1094,43,19
Betrieb 555,1093,119,22
von 687,1102,40,13
Gasanstalten, 738,1094,221,28
Chemischen 968,1096,190,23
Fabriken, 211,1119,157,29
Cementfabriken, 392,1122,267,29
Cellnlosefabriken, 682,1124,292,26
Schweiss- 997,1126,160,24
und 213,1151,41,21
Puddelwerken, 271,1151,243,29
Eisengiessereien, 523,1153,280,29
sowie 820,1158,65,19
für 897,1157,31,19
Dampf 937,1157,109,28
kessel- 1051,1158,106,22
und 211,1182,44,19
sonstige 271,1184,93,24
Feuerungsanlagen 380,1184,303,28
notwendigen 699,1187,153,25
<EOS>
<EOP>
feuerfesten 321,1221,229,46
und 583,1223,69,44
säurebeständigen 684,1223,366,61
Retorten, 212,1287,132,35
Form- 371,1289,88,28
und 482,1289,49,28
Normalsteine, 554,1290,200,34
Gloverringe, 783,1290,176,37
Mörtel 990,1294,92,28
etc. 1106,1297,50,26
<EOS>
<EOP>
THONWERK 251,1366,375,48
BIEBRICH, 671,1370,288,58
A.-G. 1000,1376,113,39
<EOS>
<EOP>
JMebricll 549,1425,160,24
a/Rhein 726,1425,92,30
<EOS>
<EOP>
vereinigt 611,1460,96,22
mit 720,1461,34,16
Clia 277,1486,103,25
mottcfabriken 390,1488,402,26
<T\ 814,1489,50,26
Kiiimix 886,1490,204,27
in 322,1525,21,18
Saaraa 361,1522,134,24
(Schlesien) 511,1525,131,27
und 658,1526,44,19
Halbstadt 718,1525,185,24
(Böhmen). 919,1528,125,29
<EOS>
<EOP>
Reste 367,1556,62,19
Referenzen 446,1555,131,21
und 594,1557,44,19
Zeugnisse 654,1557,116,25
aus 787,1564,36,12
der 841,1558,38,19
Scliweiz. 896,1560,101,18
<EOS>
<EOP>
F. 784,1618,29,73
<EOS>
Bormann 830,1618,166,75
£ 1013,1619,27,77
Cie., 1055,1620,83,86
<EOS>
40 767,1720,27,19
Stadelhofer 822,1716,154,21
- 985,1730,8,3
Strasse 1004,1719,93,20
40 1129,1726,27,19
<EOS>
<EOP>
Zürich 874,1761,126,29
I, 1021,1763,25,34
erstellen 765,1825,100,20
als 888,1827,30,19
Specialität 937,1825,137,29
unter 1096,1832,61,16
langjähriger 766,1861,153,30
Garantie 931,1863,106,25
nach 1049,1867,55,19
be¬ 1118,1865,37,23
währtesten 785,1900,136,24
Konstruktionen: 939,1902,201,23
<EOS>
<EOP>
Abdampf- 842,1952,177,31
und 1036,1957,44,19
Niederdruck 765,1989,232,25
- 1004,2005,8,3
Dampf- 1019,1991,135,30
(Dampf-Ofen 297,2030,142,21
mit 452,2032,35,15
Warmschrank.) 500,2031,171,22
<EOS>
Heizungen, 854,2028,210,30
Warmwasser- 292,2056,256,25
und 566,2062,42,18
Heisswasser-Heizungen 626,2060,441,32
in 207,2089,21,18
Verbindung 237,2089,142,26
mit 390,2090,38,19
Warmwasserieituiig 437,2088,245,30
für 697,2093,32,19
Wasch-und 738,2092,146,23
Bade-Einrichtungen. 898,2093,254,30
<EOS>
<EOP>
té 531,1906,77,72
Filze 576,2129,211,64
fü.3? 304,2209,91,30
<EOS>
technische 433,2211,324,31
Z~wreols:e3 798,2214,256,39
zur 207,2267,45,16
Einpackung 274,2260,175,31
von 470,2269,51,16
Dampfleitungen, 551,2262,249,31
Kessel 829,2265,96,24
und 953,2265,54,23
Röhren. 1034,2266,118,23
<EOS>
Isolierplatten 207,2297,199,30
etc. 433,2302,48,20
<EOS>
geeignet, 511,2300,133,29
sind 673,2300,57,24
in 760,2301,26,23
diversen 814,2302,127,24
Dicken 969,2303,101,24
und 1102,2304,51,22
Qualitäten 207,2334,152,31
vorrätig 382,2338,121,28
und 527,2337,54,24
empfiehlt 603,2338,140,29
zu 765,2346,30,15
gefl. 817,2339,58,30
<EOS>
Abnahme 900,2341,141,23
<EOS>
<EOP>
A. 779,2377,47,34
<EOS>
Schlump 852,2378,203,43
f, 1060,2379,25,41
<EOS>
<EOP>
Zürich 843,2426,109,24
V 966,2427,26,22
R. 1010,2428,29,23
<EOS>
<EOP>
AEG: 1586,156,207,99
s 1517,265,10,13
a 1543,266,12,13
GLÜHLAMPE 1367,285,635,110
m 1252,339,31,28
<EOS>
<EOP>
WL 1900,445,80,48
m 1251,527,44,28
I 1398,527,33,46
<EOS>
<EOP>
WÊ& 1606,580,114,52
¦rsr:.-': 1610,622,48,13
<EOS>
¦ 1672,624,1,1
<EOS>
<EOP>
:.-- 1687,625,22,11
<EOS>
<EOP>
m 1295,599,50,29
<EOS>
<EOP>
à 2078,959,37,63
1 2092,1090,28,62
: 1883,1124,3,13
Qejdtecwfc 1814,1150,269,66
XX; 1413,1167,39,23
^'temdneEleKtr'1^ 1256,1180,505,84
<EOS>
<EOP>
<EOS>
<EOP>
^^H 1835,1308,51,16
iS"*II<l 1902,1309,46,11
M(,»C««(, 1964,1309,58,13
^V(§ 2038,1310,47,16
•FfcST 1835,1340,30,13
.-OCKHDLM. 1878,1344,70,13
<EOS>
«-tRacftaw 1963,1344,65,17
fl**c 2040,1340,31,18
SOP* 1835,1359,29,13
<EOS>
<EOP>
' 1886,1356,3,3
<EOS>
<EOP>
UHJL'Jfti'IflLUll— 1925,1366,110,12
'""«U 2040,1359,30,16
.- 2074,1369,11,6
<EOS>
X^ 1469,1335,32,39
*K 1378,1370,86,41
BE 1307,1387,68,35
<EOS>
<EOP>
:¦*- 1561,1459,26,13
SS! 2019,1449,44,33
<EOS>
Dynamit-Nobel 1257,1521,349,71
Aktiengesellschaft 1650,1522,452,71
<EOS>
<EOP>
Fabrik 1464,1597,167,37
in 1659,1597,46,37
Isleten 1734,1596,163,40
<EOS>
<EOP>
Kanton 1584,1654,106,23
Uri. 1712,1654,55,23
<EOS>
-Äff 1350,1700,69,24
Gegründet 1442,1696,195,32
im 1658,1698,45,25
Jahr 1726,1697,83,25
1873. 1830,1697,85,27
<EOS>
-f.-^.- 1937,1704,88,19
<EOS>
Liefert 1296,1747,81,20
die 1403,1748,35,19
besten 1465,1748,74,20
Sorten 1566,1749,76,19
von 1675,1756,41,13
Sprenggelatine, 1740,1750,188,25
Gelatin-Dynamit 1953,1749,198,24
und 1204,1778,44,19
Dynamit 1269,1779,101,24
Nr. 1387,1778,37,19
<EOS>
i, 1445,1783,17,21
2 1481,1784,12,13
und 1510,1779,42,19
3, 1569,1784,19,19
garantiert 1606,1779,124,26
in 1751,1780,19,18
Nytroglyceringehalt 1795,1778,244,29
zu 2062,1787,24,12
den 2108,1781,42,18
billigsten 1203,1808,108,25
jeder 1326,1808,61,25
Konkurrenz 1403,1809,143,19
unerreichbaren 1563,1807,192,23
Preisen. 1773,1810,94,20
<EOS>
<EOP>
Sich 1414,1846,50,19
zu 1482,1853,23,11
wenden 1521,1846,91,20
an 1628,1853,27,12
die 1672,1847,34,20
Herren 1723,1847,85,19
Agenten: 1825,1847,111,26
Roetschi 1205,1882,101,23
& 1326,1881,20,23
Meier, 1364,1882,77,26
Zürich; 1458,1882,90,29
Früh 1568,1882,54,22
& 1643,1881,20,24
Loser, 1676,1883,75,28
Bischofszeil; 1769,1883,161,29
Arnold 1948,1883,80,23
von 2040,1890,45,16
Arx, 2100,1884,50,28
Ölten; 1204,1912,75,29
Ernst 1294,1912,65,23
Raeuber, 1372,1913,111,27
interlaken; 1496,1912,132,29
Fritz 1643,1913,55,22
Marti, 1709,1913,71,28
Matt 1794,1913,53,23
(Sernfthal); 1858,1914,139,28
Huder-Valt, 2010,1913,141,30
Chur, 1205,1942,65,28
oder 1288,1944,51,19
direkt 1356,1944,71,19
an 1444,1951,27,12
<EOS>
<EOP>
die 1402,1973,63,28
Fabrik 1486,1973,143,28
in 1650,1974,40,27
Isleten 1709,1974,144,28
(Uri). 1874,1974,78,35
<EOS>
Nach 1294,2012,62,19
Bedarf 1373,2011,80,20
der 1467,2012,38,18
Herren 1524,2013,82,18
Unternehmer 1623,2013,157,19
werden 1792,2013,87,20
die 1891,2013,33,19
Patronen 1938,2014,108,19
in 2058,2013,21,19
jeder 2089,2013,60,26
gewünschten 1204,2041,150,27
Grösse 1373,2042,78,20
und 1468,2041,44,20
Stärke 1529,2043,76,19
fabriziert. 1622,2042,113,20
<EOS>
<EOP>
Die 1251,2078,87,78
TIionwarenfaMk 1377,2079,496,80
Lausen 1908,2081,197,77
<EOS>
<EOP>
(Baselland) 1569,2187,214,46
empfiehlt 1204,2240,141,30
ihre 1366,2241,56,22
anerkannt 1445,2239,146,25
guten 1612,2245,80,25
<EOS>
<EOP>
Feuerfesten 1379,2272,229,31
Produkte 1628,2274,182,29
aller 1832,2278,67,25
Art. 1920,2276,49,26
<EOS>
Spezialität: 1261,2311,229,36
Ausgezeichnete 1532,2313,219,34
Chamottensteine 1773,2311,326,30
<EOS>
<EOP>
aller 1341,2351,67,26
Art 1429,2350,43,27
Modelle, 1495,2350,117,33
und 1634,2351,46,26
feuerfeste 1702,2349,191,30
Erde. 1914,2350,102,29
<EOS>
-«^- 1203,2394,88,22
Mehrere 1312,2388,158,28
Diplome, 1491,2389,162,33
-vh— 1676,2394,89,23
<EOS>
<EOP>
Die 1874,2427,54,23
Direktion. 1952,2427,159,26
<EOS>
Submissions-Anzeiger. 821,2489,709,60
<EOS>
Termin 235,2588,121,28
Stelle 527,2589,93,30
Ort 870,2592,55,29
Gegenstand 1516,2594,190,34
9. 235,2671,20,20
<EOS>
Dez. 283,2667,51,19
<EOS>
9. 235,2732,20,19
<EOS>
» 303,2734,11,10
<EOS>
<EOP>
10. 223,2793,32,14
<EOS>
» 303,2793,11,11
<EOS>
<EOP>
12. 223,2852,32,14
<EOS>
» 303,2853,12,11
li. 222,2880,33,16
<EOS>
» 302,2884,12,11
<EOS>
<EOP>
Eidg. 470,2667,63,25
<EOS>
Baubureau 551,2667,127,20
Gemeinderatskanzlei 450,2727,248,20
Liner, 424,2788,72,25
Gemeindeammann 511,2788,221,21
<EOS>
<EOP>
im 505,2818,28,18
Schluch 550,2818,93,20
Hochbauamt 484,2847,151,21
I. 651,2849,16,20
<EOS>
Gemeinderatskanzlei 449,2878,248,21
<EOS>
<EOP>
Thun. 865,2671,71,20
<EOS>
Adlisweil, 783,2730,117,26
(Zürich) 917,2731,97,26
St. 780,2790,29,18
<EOS>
Othmar-Andwii, 827,2791,193,26
<EOS>
<EOP>
(St. 825,2819,39,27
<EOS>
Gallen) 887,2820,88,26
<EOS>
<EOP>
Zürich 864,2851,75,19
<EOS>
<EOP>
<EOS>
<EOP>
Thal 796,2880,55,19
(St. 868,2880,39,27
<EOS>
Gallen) 919,2880,88,27
<EOS>
<EOP>
Parquet-, 1068,2672,107,25
Verputz-, 1190,2673,110,24
Gipser-, 1317,2672,94,26
Maler- 1429,2672,77,19
und 1527,2672,45,20
Tapeziererarbeiten 1589,2672,229,25
für 1839,2672,33,20
das 1894,2672,37,20
neue 1953,2679,55,13
Munitions- 2029,2673,125,19
Kontrollgebäude 1097,2702,201,26
in 1315,2702,21,18
Thun. 1354,2703,70,18
<EOS>
Anlage 1068,2731,84,26
der 1177,2731,38,21
Kanalisation 1236,2731,150,21
in 1409,2732,21,19
der 1453,2732,38,19
Albisstrasse 1508,2732,139,21
in 1670,2731,22,22
Adlisweil 1709,2732,110,19
von 1836,2739,42,14
der 1901,2732,37,19
Mühle 1955,2733,74,20
his 2050,2732,34,20
zum 2105,2740,47,12
Schulhaus, 1098,2761,125,25
in 1240,2762,22,18
einer 1278,2762,59,19
Länge 1355,2763,74,24
von 1446,2769,42,12
430 1505,2768,44,19
»2, 1565,2769,34,18
nebst 1616,2763,60,18
den 1693,2763,43,19
verschiedenen 1752,2763,168,19
Zuleitungen. 1938,2762,147,27
<EOS>
Bau 1070,2791,43,19
einer 1129,2791,60,19
Schweinestallung 1206,2792,206,25
für 1429,2791,33,20
die 1478,2792,36,19
Käsereigesellschaft 1530,2792,229,25
in 1775,2793,22,18
St. 1814,2793,29,19
<EOS>
Othmar-Andwii. 1862,2792,194,21
<EOS>
Schreiner- 1068,2851,125,19
und 1209,2851,44,20
Glaserarbeiten 1270,2851,173,20
zum 1461,2858,46,12
Neubau 1524,2852,91,19
der 1632,2852,38,18
Materialverwaltung 1687,2852,234,26
in 1937,2852,21,19
Zürich. 1976,2852,84,20
<EOS>
Verbauungsarbeiten 1068,2880,242,27
am 1337,2888,34,14
Gstaldenbach 1395,2881,159,21
bei 1579,2882,35,20
der 1639,2881,37,20
Thalmüble 1702,2882,129,20
in 1854,2883,23,19
Thal. 1904,2882,61,20
<EOS>
Voranschlag 2002,2882,150,26
rund 1099,2912,55,18
7600 1171,2912,58,23
Fr, 1249,2912,35,19
Druck 948,2948,70,16
von 1031,2954,39,11
Zürcher 1084,2948,84,16
& 1181,2949,16,16
Furrer 1211,2949,71,15
in 1295,2948,19,15
Zürich 1328,2948,68,17
<EOS>
<EOP>
