2280,3100
2 150,120,10,15
i. 173,121,17,14
<EOS>
Dezember 216,113,151,23
i 394,120,4,15
895.] 410,111,70,34
<EOS>
SCHWEIZERISCHE 809,116,304,26
BAUZEITUNG 1135,118,220,26
1 1963,131,5,15
69 1978,124,32,30
<EOS>
<EOP>
Eine 200,169,50,22
neue 268,176,56,16
Verwendung 340,170,150,28
von 509,178,39,15
Elektromotoren. 568,172,197,23
<EOS>
Auf 798,174,44,21
dem 856,175,48,19
der 922,175,38,21
Aktien¬ 968,175,88,21
gesellschaft 108,207,135,27
Lauchhammer 256,208,170,21
gehörigen 442,210,118,25
Eisenwerke 577,211,133,20
in 727,213,20,17
Gröba 760,212,73,21
bei 847,213,31,19
Riesa 894,213,59,20
kommt. 968,215,87,18
<EOS>
wie 108,245,38,21
in 164,246,19,19
Glasers 202,246,84,20
Ann. 295,248,56,19
<EOS>
berichtet 359,246,102,21
wird, 476,247,59,26
neuerdings 553,249,129,25
eine 699,251,47,18
maschinelle 765,250,136,19
Einrichtung 914,251,141,26
zur 108,290,34,12
Verwendung, 161,283,156,27
die 340,284,34,18
allen 396,284,54,21
Fachmännern 476,284,160,22
lebhaftes 659,286,105,21
Interesse 787,287,103,20
al 912,289,17,18
»gewinnen 936,288,117,26
wird. 109,322,57,18
<EOS>
Das 199,321,43,19
Beschicken 266,321,130,20
der 423,323,38,18
auf 486,323,36,19
genanntem 544,328,128,22
Werke 696,324,79,19
befindlichen 798,324,142,21
Martin- 967,325,86,21
Oefen 108,357,67,21
mit 199,359,35,19
etwa 256,364,54,14
250 327,364,42,20
Zentner 388,361,91,19
Eisen, 498,361,68,26
welches 592,362,89,19
sich 699,363,43,19
achtmal 760,362,90,21
taglich 870,363,77,25
wieder¬ 967,363,87,20
holt, 107,395,49,20
ist 179,401,26,14
eine 223,403,46,12
ausserordentlich 287,397,191,21
/. 497,406,8,11
<EOS>
¦; 515,407,8,10
tra 530,404,30,14
1 569,406,4,12
bend 577,400,55,17
e 636,406,9,11
und 665,400,39,19
anstrengende 723,400,158,28
Arbeit, 900,401,84,27
weil 1008,400,45,21
die 106,433,34,19
betreffenden 157,433,144,22
Leute 320,436,65,18
dicht 404,437,54,19
an 478,442,25,14
die 521,436,35,20
Tbür 567,436,60,21
des 645,436,37,21
Ofens 694,437,67,20
treten 780,442,65,16
müssen, 863,440,90,26
indem 972,439,80,19
eine 106,472,46,17
Temperatur 166,472,140,25
von 325,478,39,14
etwa 382,478,53,15
20000 453,472,69,22
herrscht. 536,475,102,19
<EOS>
Vier 668,476,49,19
Mann 731,476,63,19
brauchen 809,477,106,19
im 930,478,27,18
Durch¬ 972,477,81,19
schnitt 105,509,76,19
drei 207,510,44,18
Stunden 277,511,94,19
zu 397,517,22,14
einer 445,518,57,12
Beschickung 522,512,147,26
und 695,514,42,18
müssen 764,515,80,18
namentlich 871,515,127,18
im 1024,521,28,12
Sommer 105,547,97,19
sehr 224,549,49,18
stark 294,549,57,19
unter 376,554,58,15
der 457,549,37,20
Hitze 514,549,58,21
leiden, 595,550,76,20
die 695,550,33,21
den 753,551,39,20
)f 826,551,14,19
-nthüren. 848,552,103,19
<EOS>
gleich¬ 973,551,79,26
zeitig 105,584,62,26
zum 184,590,45,15
Nachteile 247,585,111,20
des 376,587,36,18
Ofens 430,586,64,21
selbsl 512,588,61,19
bezw. 594,588,64,19
<EOS>
des 676,588,37,19
Betriebes, 732,589,114,19
entströmt. 864,592,115,17
<EOS>
Mit 1014,590,36,18
der 105,621,37,19
oben 158,623,55,20
erwähnten 231,624,122,19
Beschickungsmaschine 374,624,266,26
bewirkt 658,626,89,19
ein 765,626,33,20
Mann 812,627,63,18
durch 895,627,66,19
mühe¬ 980,627,71,19
lose 104,659,43,21
Bewegung 166,662,122,24
von 312,669,39,11
vier 374,661,43,21
liebeln 435,662,82,20
die 541,664,33,18
ganze 597,670,66,17
Arbeit 681,665,73,17
in 776,665,19,18
kaum 814,665,62,18
dem 895,664,47,19
zehnten 960,665,90,18
'Fede 104,698,60,18
der 182,699,38,18
Zeit, 238,699,50,19
so 309,707,22,11
dass 350,699,47,18
man 416,706,46,14
durch 480,700,66,20
diese 565,701,57,19
Maschine 640,701,110,19
nicht 769,703,55,18
nur 842,708,39,13
eme 898,708,47,13
wesent¬ 964,707,86,13
liche, 105,735,60,20
für 189,735,30,21
die 241,736,34,21
Gesundheit 299,737,131,21
wertvolle 454,738,107,19
Ersparnis 579,738,111,26
an 712,745,25,14
Arbeitskräften, 757,738,178,21
sondern 958,740,91,18
auch 103,775,53,17
eine 180,774,47,18
erhöhte 245,775,88,19
Leistungsfähigkeit 352,774,218,28
des 588,776,37,18
Ofens 643,776,65,19
erzielt. 726,776,75,21
<EOS>
Anstatt, 836,779,88,24
das- 948,779,48,18
das 1013,777,36,19
Material, 103,810,105,23
welches 231,812,89,19
aus 343,820,35,11
altem 400,814,61,18
Eisen 483,813,61,20
in 567,814,19,19
den 610,814,40,19
verschiedensten, 669,814,194,24
oft 886,814,27,21
sperrigen 938,815,110,26
Formen 103,848,90,21
and 214,849,40,18
von 268,856,39,14
allen 325,850,53,18
möglichen 399,851,119,24
Grössen 533,851,92,20
besteht, 643,852,89,19
nach 750,853,53,18
der 820,853,36,18
Hütte 870,853,64,19
gefahren 945,852,102,26
und 104,886,41,20
ein 168,886,33,21
zweites 224,887,83,21
Mal 327,888,41,19
in 394,889,19,19
einzelnen 434,889,110,19
Stachen 563,890,91,18
in 673,890,19,18
die 710,889,34,19
Hand 763,890,63,19
genommen 844,897,127,18
wird, 988,892,59,17
um 103,930,32,12
in 157,925,20,19
den 196,925,39,18
Ofen 254,925,54,21
geworfen 327,925,106,26
zu 452,932,22,14
werden, 492,926,92,27
ladet 608,926,55,20
man 682,934,47,12
dasselbe 747,927,97,20
gleich 861,928,70,24
aul 949,930,32,17
dent 1000,928,47,19
Hofe 104,960,53,22
m 179,970,19,11
eiserne 224,970,81,12
Mulden, 323,964,94,18
deren 442,964,65,18
drei 530,964,44,19
oder 593,964,51,18
vier 662,965,43,19
aut 723,968,33,15
einem 775,973,67,12
kleinen 860,965,85,21
Wagen 964,966,82,25
liegen. 101,999,78,25
<EOS>
Die 214,998,38,22
Wagen 272,1002,80,23
fahren 376,1001,71,19
als 471,1000,29,20
ein 518,1002,31,18
Zug 569,1002,45,24
mittelst 631,1002,84,20
eines 732,1002,57,19
elektrischen 807,1003,140,20
Motors 965,1003,82,21
vor 101,1043,38,14
den 162,1038,40,19
Ofen; 219,1036,63,27
aui 307,1038,33,19
einem 365,1038,68,19
zweiten, 451,1038,95,28
parallel 564,1038,88,28
1 669,1041,4,17
aul 677,1043,32,15
enden 714,1040,68,18
Geleise 801,1041,83,20
1 903,1041,3,17
»ewegt 913,1045,73,23
sich 1003,1041,44,19
die 101,1074,34,21
eigentliche 157,1075,127,25
1 309,1078,3,17
teschickungsmaschine, 319,1075,266,28
ein 614,1076,33,20
grosser 671,1084,85,20
Wagen, 776,1080,89,24
aut 888,1080,32,18
dem 942,1080,49,19
ein 1013,1080,33,18
grösserer 100,1114,109,25
und 231,1113,40,20
drei 295,1114,44,19
kleinere 362,1113,94,20
Elektromotoren 482,1114,185,21
durch 691,1116,66,19
einen 780,1118,60,17
Mann 860,1117,63,19
gesteuert 942,1122,105,21
werden, 99,1151,93,28
der 211,1151,36,18
in 266,1151,18,20
etwa 302,1157,54,14
6 373,1151,11,20
m 399,1159,21,12
Entfernung 440,1151,133,27
vom 591,1160,48,12
Ofen 653,1154,55,19
durch 726,1154,66,19
die 811,1156,33,17
Hitze 859,1155,58,18
in 936,1156,19,19
keiner 973,1155,74,20
Weise 99,1188,71,20
belästigt, 192,1189,108,25
alle 323,1190,39,18
Handgriffe 382,1190,124,26
ausführen 524,1190,114,20
kann, 656,1191,64,26
durch 743,1192,65,20
weicht- 826,1193,80,19
der 924,1194,36,18
Inhalt 977,1194,69,18
der 100,1226,37,19
Mulden 157,1227,85,18
in 266,1234,19,12
den 310,1228,40,18
Ofen 368,1227,54,19
beiordert 445,1228,109,19
wird. 572,1229,58,19
<EOS>
Der 663,1229,44,19
Beschickungswagen 726,1229,235,28
fährt, 984,1230,62,26
durch 99,1263,65,20
einen 191,1272,60,11
Hebel 272,1264,66,20
in 365,1265,18,18
Gang 402,1267,64,23
gesetzt, 490,1270,85,24
schnell 599,1267,81,18
vor 704,1273,37,12
eme 765,1274,46,12
der 834,1268,37,18
Mulden," 889,1268,98,25
ein 1013,1269,33,19
langer 99,1301,74,26
eiserner 196,1309,93,12
Schwengel 306,1303,126,25
tritt 456,1302,42,20
heraus, 522,1303,82,27
erfasst 627,1304,73,20
die 718,1304,34,19
Mulde, 770,1306,80,22
hebt 873,1306,51,19
sie 946,1313,29,12
vom 998,1313,48,12
Wagen, 99,1339,91,27
fährt 215,1339,53,21
damit 295,1339,65,21
vor 384,1347,38,13
die 445,1341,33,19
'Fluir 496,1341,59,20
ties 573,1342,36,19
Ofens, 627,1340,72,28
schiebt 721,1342,81,20
die 825,1344,33,18
Mulde 878,1344,70,19
hinein, 967,1345,79,18
schüttet 97,1377,89,20
durch 211,1378,66,19
eine 299,1379,46,18
Umdrehung 362,1378,141,25
den 521,1379,39,19
Inhalt 581,1379,68,20
aus, 666,1387,44,20
zieht 732,1380,53,19
sich 807,1382,44,18
ebenso 870,1381,77,20
schnell 965,1382,81,18
wieder 97,1415,80,18
zurück 202,1416,77,18
und 305,1415,42,20
legt 372,1415,43,27
die 438,1416,34,19
leere 490,1416,55,20
Mulde 565,1416,71,20
an 659,1424,26,13
ihren 710,1417,59,20
früheren 792,1418,96,20
Blau. 908,1420,61,19
<EOS>
Der 1002,1419,44,19
erforderliche 97,1452,153,20
Mechanismus 275,1454,155,19
ist 456,1454,23,18
sehr 504,1455,48,18
einlach, 577,1455,90,19
da 693,1455,28,20
jede 743,1455,49,25
der 817,1457,37,19
einzelnen 876,1458,110,19
Be¬ 1008,1458,37,19
wegungen 97,1496,118,21
durch 240,1491,67,19
einen 330,1498,61,12
besonderen 415,1492,132,19
Elektromotor, 565,1492,168,27
der 757,1494,36,19
rückwärts 812,1494,114,20
wie 943,1495,38,21
vor¬ 1000,1501,45,14
wärts 97,1529,62,20
laufen 177,1528,69,19
kann, 264,1529,64,19
bewirkt 346,1529,88,20
wirtl. 449,1529,58,19
<EOS>
Line 538,1532,52,17
Dynamo 602,1531,99,23
bewegt 715,1531,82,26
den 809,1532,40,19
Wagen 866,1532,80,26
parallel 958,1533,87,27
y.nr 96,1572,36,12
<EOS>
Front 144,1567,65,18
der 227,1566,38,18
Oefen 277,1566,68,22
nach 360,1568,51,18
beiden 429,1567,77,20
Seiten, 519,1568,79,20
eine 616,1569,46,18
zweite 680,1569,71,19
streckt 768,1571,78,18
dew 864,1570,40,18
Schwengel 919,1571,125,26
heraus 97,1604,76,19
und 190,1604,42,18
zieht 250,1603,53,22
ihn 323,1604,34,20
zurück, 375,1606,85,24
eine 478,1606,47,18
dritte, 542,1605,71,27
ganz 632,1613,52,17
kleine, 696,1607,78,19
bewirkt 793,1608,89,18
die 895,1608,34,19
Drehung 941,1608,103,27
der 96,1641,38,18
Mulde, 153,1641,79,27
und 253,1643,42,17
eine 313,1643,47,18
vierte, 377,1643,72,24
wesentlich 472,1644,122,19
stärkere 611,1644,94,20
Dynamomaschine, 725,1645,214,24
besorgt 957,1648,87,24
das 96,1679,37,19
lieben 151,1681,73,17
und 244,1680,41,18
Senken 303,1680,86,18
ties 407,1681,37,19
Schwengels 460,1681,137,27
mit 615,1687,35,13
tier 670,1682,37,20
am 725,1688,33,13
Ende 770,1682,61,21
befmdlich.cn 848,1683,143,20
<EOS>
ge¬ 1009,1692,36,17
ladenen 95,1717,90,20
Mulde, 206,1717,78,20
deren 302,1718,65,19
Inhalt 386,1719,68,18
bis 472,1719,32,18
20 522,1725,27,13
Zentner 566,1720,93,19
wiegen 676,1721,83,24
kann. 777,1720,63,20
<EOS>
Die 875,1721,39,19
Maschine 934,1722,109,20
ist 96,1755,23,18
nach 141,1756,54,18
einer 217,1755,58,19
in 298,1756,19,18
Amerika 337,1757,102,18
gemachten 456,1758,126,23
Skizze 599,1758,73,18
auf 689,1757,37,20
dem 741,1758,48,19
Eisenwerke 807,1759,138,19
Lauch¬ 963,1760,80,20
hammer 95,1792,95,20
konstruiert 207,1792,128,20
worden 352,1794,87,19
und 458,1794,42,19
ist 518,1795,24,19
die 560,1796,34,18
Zweite 611,1795,78,19
der 707,1796,39,19
Art. 763,1797,46,19
<EOS>
welche 826,1797,80,18
überhaupt 924,1797,118,26
existiert; 96,1830,103,20
die 223,1830,34,18
elektrischen 280,1831,142,20
Einrichtungen 445,1832,170,26
wurden 638,1834,88,19
von 749,1840,40,13
der 814,1835,36,18
Firma 870,1835,67,19
Aktien¬ 956,1836,87,19
gesellschaft 94,1868,135,24
Elektricitätswerke 248,1868,214,21
(vorm. 480,1874,75,20
<EOS>
('. 574,1873,25,16
<EOS>
L. 615,1871,22,19
<EOS>
Kummer 654,1871,105,19
cm 776,1879,17,12
Cie. 805,1873,44,18
<EOS>
Dresden, 877,1873,104,24
ge¬ 1008,1880,34,19
liefert, 93,1905,75,19
lede 202,1906,48,20
Bewegung 270,1908,121,23
der 412,1908,38,19
Maschine 468,1908,110,20
wirtl 595,1908,54,19
durch 670,1909,66,20
Vor- 754,1909,52,21
oder 824,1910,51,20
Zurücklegen 894,1911,147,25
eines 94,1950,58,13
Hebels 169,1943,79,20
eingeleitet 270,1945,123,24
und 414,1946,43,18
unierbrochen; 474,1946,168,20
beim 663,1948,56,18
Einschalten 737,1946,137,22
der 892,1948,37,20
grössten 946,1951,96,25
Dynamo 92,1980,99,25
tritt 215,1981,42,18
ausserdem 279,1981,121,21
selbstthätig 422,1982,134,28
noch 578,1984,54,19
die 651,1984,33,19
elektrische 703,1985,126,20
Auslosung 848,1986,119,26
einer 985,1994,57,12
Bremse 93,2019,86,18
ein, 197,2018,40,27
die 255,2018,34,19
ein 306,2019,33,20
Herabgehen 357,2019,143,27
tier 520,2022,37,18
bedeutenden 575,2021,149,20
Last 743,2024,49,18
verhindert, 809,2024,132,22
welche 963,2024,78,20
in 92,2056,21,18
dem 136,2056,49,20
Schwengel 203,2055,126,28
selbst 351,2057,62,19
und 437,2058,43,19
tier 503,2058,36,20
daran 557,2060,66,18
hängenden 641,2060,128,26
Last 788,2061,50,20
von 855,2068,40,11
Mulde 914,2062,72,19
mit 1004,2067,37,14
Inhalt 94,2094,69,18
bestellt. 186,2094,88,20
<EOS>
Diese 308,2095,64,18
elektrische 389,2096,127,18
Beschickungsmaschine 535,2096,268,27
zeichnet 820,2099,96,19
sich 933,2101,43,18
vor¬ 994,2107,47,12
teilhaft 92,2131,81,20
dadurch 196,2131,94,20
vor 309,2139,38,12
anderen 364,2132,94,20
vorzugsweise 477,2134,152,25
in 647,2135,19,19
Amerika 683,2136,104,20
angewendeten, 804,2137,177,25
mit 1004,2139,37,17
Dampf, 91,2169,87,26
l'ressw 198,2170,74,18
asser 279,2176,57,13
oder 358,2170,53,19
Pressluft 433,2170,101,21
angetriebenen, 556,2173,176,24
aus. 754,2180,44,13
<EOS>
dass 821,2175,48,19
sie 891,2176,30,19
nicht 943,2177,58,18
so 1017,2184,23,11
viel 92,2206,40,20
Kaum 159,2208,65,18
beansprucht 249,2207,143,27
und 417,2208,43,19
den 485,2208,41,20
Ueberblick 550,2210,131,20
der 705,2211,37,19
ganzen 767,2218,81,18
Anlage 874,2213,83,26
nicht 982,2215,59,19
hindert; 91,2245,95,20
das 211,2245,37,18
Wesentliche 265,2245,143,20
in 433,2247,18,19
der 476,2246,38,19
praktischen 530,2248,135,24
Verwendbarkeit 685,2249,190,21
ist 893,2251,24,19
aber 934,2252,50,19
der 1002,2251,39,21
Umstand, 91,2283,111,19
dass 219,2283,49,18
die 285,2284,34,19
Mulde, 333,2282,78,27
durch 430,2284,66,19
welche 515,2285,78,19
das 610,2285,38,19
Material 660,2287,100,18
in 777,2286,20,20
den 810,2289,42,18
Ofen 864,2288,56,20
befördert 932,2289,108,21
wird, 91,2320,59,28
nicht 173,2321,56,19
am 249,2326,31,14
Schwengel 299,2321,126,26
befestigt 443,2321,98,27
ist. 559,2323,30,19
<EOS>
sondern 613,2323,91,20
dass 723,2324,47,19
der 788,2326,38,18
letztere 842,2326,85,20
einzelne 944,2327,95,20
Mulden 91,2358,87,21
erfasst. 204,2358,80,20
<EOS>
die 310,2360,34,18
irgendwo 370,2360,110,25
im 503,2359,28,20
Werke 549,2361,79,19
geladen 646,2362,91,24
und 755,2363,43,19
der 815,2363,38,20
Beschickungs¬ 870,2364,169,27
vorrichtung 91,2396,138,26
zugeführt 246,2397,110,25
werden 374,2398,84,19
können. 477,2398,95,20
<EOS>
<EOP>
TherniO-elektriscIie 179,2433,246,23
Oefen. 450,2433,73,23
<EOS>
An 563,2438,32,17
der 624,2436,37,19
bekanntlich 690,2438,137,20
sehr 857,2439,47,18
geringen 933,2442,104,23
Leistungsfähigkeit 90,2472,220,27
der 327,2473,38,19
Thermosäulen 383,2473,170,20
sind 570,2474,46,19
alle 634,2474,40,19
Experimente, 691,2476,159,26
welche 868,2477,79,20
bisher 966,2478,72,19
zum 89,2516,46,12
Zweck 157,2510,77,19
der 255,2510,38,20
direkten 316,2510,98,20
Umwandlung 433,2510,156,27
der 610,2511,37,19
Wärme 671,2514,87,18
in 780,2514,20,18
Elektricität 819,2515,133,20
ange¬ 974,2522,63,18
stellt 89,2546,55,20
wurden, 156,2548,94,18
gescheitert. 262,2548,136,24
<EOS>
Die 416,2549,40,19
mit 469,2548,36,20
den 517,2548,41,21
besten 572,2550,73,18
Thermosäulen 659,2551,167,20
vorgenommenen 840,2558,197,19
Versuche 90,2585,106,19
haben 222,2586,68,19
ergeben, 316,2587,102,23
dass 444,2587,46,19
man 516,2593,48,13
von 589,2593,40,12
der 653,2587,37,20
Warme 708,2589,86,19
des 817,2590,36,19
zur 870,2596,36,12
Erregung 923,2591,114,25
.dieser 86,2621,72,21
<EOS>
Elektricitälserzeuger 167,2622,246,27
benutzten 431,2625,113,19
Leuchtgases 555,2624,147,28
nur 718,2632,39,12
etwa 775,2633,52,13
0.5 844,2631,34,22
<EOS>
°o 897,2627,28,22
in 943,2630,19,18
elek¬ 981,2628,55,20
trische 90,2660,75,20
Energie 189,2661,93,25
umzuwandeln 307,2664,160,18
vermag. 490,2670,95,19
<EOS>
Dieser 617,2664,76,19
geringe 715,2664,92,27
Nutzeffekt 824,2664,120,22
macht 966,2666,70,20
die 89,2697,35,19
Thermosäulen 141,2698,168,21
für 334,2699,32,20
den 391,2701,42,18
Fall, 457,2701,54,19
wo 535,2708,32,12
die 593,2701,33,18
Wurme 652,2702,85,19
nur 763,2708,38,13
zar 825,2709,35,12
Eiektr 883,2703,73,20
i 958,2704,6,19
ci 966,2703,18,21
täts- 986,2705,51,19
erzeugung 89,2742,121,20
benutzt 232,2736,85,20
wird, 334,2737,60,21
zu 415,2746,24,12
sehr 460,2739,49,19
kostspieligen 525,2739,155,25
Apparaten. 697,2742,131,23
<EOS>
Dem 861,2741,55,19
Physiker 933,2742,102,26
Dr. 88,2773,37,18
<EOS>
Girand 146,2773,96,20
zu 263,2781,23,12
Chantilly 305,2775,106,26
soll 434,2776,39,20
es, 495,2784,28,19
wie 548,2778,40,19
«Der 606,2777,62,20
Techniker» 686,2777,139,20
berichtet, 849,2778,112,20
nun¬ 984,2786,51,12
mehr 87,2811,60,19
gelungen 169,2811,106,25
sein, 300,2813,51,19
eine 373,2813,47,19
erfolgreiche 443,2813,141,27
Lösung 602,2815,87,26
dieses 712,2815,69,19
Problems 798,2815,111,20
herbeizu¬ 926,2817,109,19
führen, 87,2847,81,22
indem 191,2849,71,20
er 285,2858,23,11
einen 330,2850,62,19
Oie.x 411,2852,55,19
<EOS>
konstruiert 488,2852,129,20
hat. 635,2853,41,20
<EOS>
welcher 694,2853,92,20
ermöglicht, 803,2853,133,27
die 960,2855,33,19
zu 1011,2862,24,12
Heizzwecken 86,2886,154,21
erzeugte 257,2891,99,23
Wärme 372,2890,86,19
gleichzeitig 476,2890,134,26
mittels 627,2891,77,20
Benützung 717,2892,127,26
einer 861,2892,58,20
Thermo- 931,2893,104,19
säule 86,2924,57,20
für 167,2924,31,20
die 221,2925,34,19
Elektricitätserzeugung 272,2926,267,26
zu 556,2935,25,12
verwerten. 599,2935,122,14
<EOS>
Der 754,2929,44,19
thermo-elektrische 814,2929,221,22
<EOS>
<EOP>
Ofen 1104,176,57,20
des 1183,177,36,19
Herrn 1238,178,68,18
Girand 1327,178,96,20
erscheint 1442,179,107,19
von 1570,185,40,15
aussen 1632,185,76,15
als 1730,181,30,20
ein 1776,181,32,19
' 1855,182,2,6
di 1886,181,19,20
-,'. 1923,183,31,17
<EOS>
r. 1973,190,15,13
<EOS>
mit 2012,183,37,19
Rippen 1104,214,81,26
versehener 1203,215,129,20
Heizofen. 1349,215,109,22
<EOS>
Die 1477,217,39,18
Rippen 1531,217,79,26
dienen 1630,217,76,21
zur 1725,226,34,12
reich! 1774,218,62,20
<EOS>
'¦'¦ 1917,221,15,14
rm 1959,226,26,14
aus- 2004,226,43,14
strahlung 1102,251,110,28
und 1234,253,43,19
zur 1300,260,34,13
Beförderung 1358,253,147,27
tier 1527,255,38,18
Luftcirkulation 1584,255,175,21
tm 1778,262,24,13
?imm 1825,257,62,20
<EOS>
r. 1905,264,14,11
<EOS>
Fi 1954,258,20,19
dem 1999,258,48,20
Hohlraum 1102,290,119,19
der 1247,290,37,19
durch 1302,291,65,20
den 1386,291,39,19
inneren 1445,293,87,19
nnd 1551,294,42,18
äusseren 1610,295,99,18
Ofen 1721,294,54,20
mai 1780,301,39,12
luldel 1905,295,62,20
wird, 1987,295,59,24
belinden 1102,327,98,19
sich 1218,328,44,18
die 1279,328,35,19
Elemente 1333,329,109,19
der 1460,330,38,19
thermo-elektrischen 1515,329,233,22
Säule 1768,331,61,20
in 1849,333,16,18
Ringen 1888,333,78,25
über¬ 1986,334,61,18
einander 1102,364,101,20
angebracht, 1224,366,141,24
sodass 1387,367,74,18
sie 1482,374,29,12
den 1528,367,40,19
Ofen 1588,368,53,19
in 1659,369,20,18
der 1698,369,37,19
gan 1753,375,40,20
Höhe 1853,369,60,20
umgeben, 1933,372,113,25
jedes 1097,401,64,27
dieser 1179,402,67,20
Elemente 1264,403,109,20
besteht 1392,404,80,20
aus 1490,411,37,12
einem 1544,405,68,21
flachen 1632,406,79,20
Much 1731,408,62,18
Nicl 1810,407,45,21
', 1881,410,4,17
fL\ 1904,409,51,18
Wei-s- 1972,411,74,17
blech 1101,439,60,20
und 1179,441,42,18
einer 1239,441,58,19
Legierung, 1316,443,128,24
tlie 1462,443,33,18
in 1514,443,18,18
der 1551,443,37,20
Hauptsache 1607,444,135,25
aus 1759,451,37,13
Antimon 1816,445,97,21
and 1934,446,40,20
Zink 1991,447,55,19
unter 1100,483,60,13
1 1179,478,2,18
lin/ufugung 1190,478,139,27
einer 1347,480,58,18
geringen 1422,481,105,24
Menge 1541,481,78,25
anderer 1636,481,90,21
Metal!« 1742,482,84,20
<EOS>
<EOS>
i 1863,490,4,13
sa 1869,490,22,13
m 1894,489,18,14
mengesetzt 1917,487,129,24
ist. 1100,516,31,17
<EOS>
Die 1163,516,40,18
Mischung 1222,516,113,25
ist 1358,517,23,18
su 1405,526,22,8
gewählt, 1450,518,99,24
dass 1572,519,49,20
die 1643,519,33,19
Stücke 1694,521,77,18
di 1788,520,20,19
' 1820,527,2,6
n 1842,529,9,11
>i 1864,527,9,13
ge 1886,527,25,20
Festigkeil 1931,521,113,28
uml 1100,552,40,19
Haltbarkeit 1160,554,133,18
erhalten. 1317,554,101,20
<EOS>
Auf 1452,555,43,19
die 1515,555,34,19
rieh;ige 1571,557,88,24
Zusammens 1683,556,136,22
-tzung 1829,563,68,22
dieser 1921,560,67,18
Le¬ 2007,561,39,18
gierung 1099,597,91,18
wird 1213,590,51,20
besonderer 1288,591,128,20
Wert 1436,594,58,18
gelegt, 1518,594,77,24
[edes 1632,594,57,25
Element 1708,594,93,21
At 1826,597,22,19
mi; 1868,602,34,14
einer 1921,598,59,18
Um¬ 1997,599,48,17
hüllung 1099,627,89,26
von 1211,635,38,12
Asbest 1268,629,75,20
verseilen 1367,631,101,18
und 1496,632,41,17
m 1561,638,20,12
ein 1604,638,33,12
aus 1660,638,35,13
Eisenblech 1715,632,123,21
g 1858,641,12,19
stanzles 1886,638,88,16
vier¬ 1992,636,53,18
eckiges 1098,665,86,23
Kästchen 1202,665,108,21
eingesetzt. 1328,667,120,26
<EOS>
Die 1483,667,38,21
Kiemente 1541,669,108,19
sind 1667,669,45,20
in 1731,671,19,18
Reih 1774,670,48,20
n 1841,678,8,12
geschaltet, 1875,671,116,28
um 2010,679,34,12
tlie 1098,702,34,19
notig- 1150,704,72,23
elektrische 1240,703,125,21
Spannung 1378,704,119,28
zu 1515,712,22,13
erhallen 1554,708,94,18
unti 1668,708,40,18
die 1726,708,33,20
Cr! 1772,709,42,17
<EOS>
lai 1841,709,25,19
un 1880,716,25,10
der 1918,708,37,20
1 1969,711,5,17
eiier- 1986,717,60,12
gase 1097,745,50,21
ist 1170,741,24,18
>o 1212,748,22,12
geregell, 1252,743,103,24
dass 1379,743,47,18
die 1444,744,33,18
inneren 1497,743,85,21
Seilen 1601,747,69,17
der 1689,745,38,20
Elemei 1745,745,79,20
te 1836,749,18,16
-ich 1872,747,41,18
möglichst 1934,748,110,24
gleichmässig 1096,777,150,28
erwärmen, 1268,781,124,25
während 1416,781,100,20
tlie 1539,782,34,19
äusseren 1597,785,97,18
Seiten 1713,785,70,18
durch 1801,783,65,21
the 1886,784,33,19
am 1936,791,33,14
Ofen 1988,785,55,20
emporstreichende 1096,816,208,26
/am 1324,820,42,17
mer 1371,826,41,11
lab 1416,819,35,19
eine 1476,820,45,18
niedere 1545,821,84,19
Temperatur 1648,820,142,28
erhalten, 1814,822,101,26
wodurch 1943,822,98,21
der 1096,853,39,19
zur 1157,860,34,14
Erregung 1211,856,111,24
»les 1345,857,37,18
elektrischen 1405,856,141,21
Stromes 1565,858,93,21
nötige 1675,860,73,24
Temp 1765,859,67,27
raturunterschied 1852,859,192,22
herbeigeführt 1097,891,159,27
wirtl. 1282,894,59,18
<EOS>
Ein 1383,894,39,20
solch 1449,895,58,19
r 1524,902,8,11
thermo-elektrischer 1560,895,231,22
Ofen 1817,897,52,20
mit 1897,897,32,20
Nickel¬ 1957,898,87,20
elementen 1096,928,117,20
produciert 1232,930,121,26
angeblich 1363,931,115,26
eine 1494,932,45,20
elektromotorische 1555,932,212,22
Kraft 1778,934,61,21
von 1860,941,39,14
[60 1922,934,38,21
Watt. 1980,937,60,20
<EOS>
Diese 1094,968,64,18
Leistung 1176,967,102,26
entspricht 1295,969,116,27
dem 1427,969,47,21
normalen 1493,971,109,19
Betrieb; 1618,972,95,25
bei 1734,973,33,18
schwächerer 1787,972,148,21
Heizung 1944,974,99,25
w 1096,1012,12,12
irti 1117,1004,30,19
dieselbe 1167,1004,93,21
auch 1278,1008,53,18
entsprechend 1349,1008,155,25
reduciert. 1522,1008,112,21
<EOS>
<EOP>
Augenblicksheinmütig 1185,1042,267,30
von 1478,1051,39,16
Maschinenbetrieben. 1544,1045,256,23
<EOS>
Zur 1840,1049,40,19
augenblick¬ 1905,1050,136,24
lichen, 1096,1080,76,19
auch 1190,1083,53,18
aus 1261,1088,35,12
der 1314,1083,38,18
Entfernung 1370,1082,134,27
von 1534,1091,39,12
tien 1597,1085,40,19
äussersten 1654,1087,117,18
Punkten 1791,1085,95,22
der 1910,1086,36,20
Werk¬ 1965,1087,76,20
stätte 1094,1119,62,19
aus 1173,1125,37,13
zu 1218,1125,24,14
erzielenden 1251,1119,132,21
Hemmung 1397,1121,120,25
der 1535,1121,38,20
Maschinen 1582,1122,125,21
ist 1726,1129,22,14
von 1768,1130,38,12
Ingeni 1822,1124,72,24
air 1906,1131,27,11
Lucien 1946,1124,94,22
Meyer 1096,1157,78,24
ein 1195,1157,33,19
Apparat 1247,1157,94,26
konstruiert 1360,1158,128,21
worden, 1505,1159,96,25
welcher 1619,1160,90,19
nach 1727,1161,53,19
«Genie 1800,1161,80,21
Cavil» 1899,1162,69,18
allen 1985,1163,56,19
bisher 1096,1194,70,18
gebräuchlichen, 1183,1195,189,24
diesem 1394,1196,79,21
Zweck 1492,1198,75,19
dienenden 1592,1198,120,20
Finne! 1732,1200,77,18
<EOS>
hingen 1822,1202,77,24
Überlegen 1925,1200,114,28
sein 1096,1239,43,12
soll. 1157,1233,44,18
<EOS>
Der 1235,1234,43,17
Apparat 1296,1234,95,26
besteht 1410,1234,81,21
aus 1509,1240,36,14
zwei 1563,1237,48,18
miteinander 1630,1234,142,22
kombinierten 1790,1236,156,21
Teilen, 1957,1238,83,26
unti 1095,1269,43,20
zwar 1156,1276,53,13
einem 1226,1269,68,20
Verschluss-Mechanismus, 1315,1270,298,29
welcher, 1636,1273,98,20
durcli 1759,1273,65,20
dai 1850,1275,38,19
Druck 1908,1275,72,20
auf 2003,1276,37,19
einen 1096,1307,61,19
der 1169,1307,38,20
an 1217,1315,25,12
beliebigen 1253,1308,121,26
Stellen 1385,1309,78,19
der 1478,1311,38,17
Werkstatt 1526,1311,116,18
angebrachten 1654,1311,158,24
Knöpfe 1828,1311,82,28
elektrisch 1924,1311,112,23
ausgelost, 1094,1345,113,24
den 1225,1346,41,19
Eintritt 1284,1346,85,20
der 1387,1347,36,18
bewegenden 1441,1348,145,24
Krall 1606,1349,61,18
[Dampf, 1693,1347,93,29
Gas, 1805,1349,48,25
Druckluft) 1874,1350,121,27
in 2018,1352,19,19
tlie 1094,1383,34,18
Maschine 1146,1383,109,20
verhindert 1280,1383,123,21
unti 1427,1386,40,18
zugleich 1492,1385,95,25
eine 1610,1387,47,18
Bremse 1675,1387,84,19
zur 1783,1394,33,11
Punktion 1836,1387,104,21
bringt, 1960,1389,79,26
welche 1093,1420,80,19
durch 1191,1421,65,19
das 1274,1422,37,18
Zusammenpressen 1329,1422,211,27
eines 1560,1424,56,19
Kautschuckballens 1633,1424,220,21
wirkt. 1871,1426,68,18
<EOS>
Durch 1967,1427,71,19
den 1094,1457,40,20
VerschlussArcchanismus 1154,1459,290,20
allein 1470,1461,62,19
kann 1555,1461,55,19
tier 1635,1461,37,20
Stillstand 1690,1462,107,20
der 1823,1462,37,21
Maschine, 1879,1464,114,19
in 2018,1465,19,18
welcher 1092,1495,92,21
schon 1196,1498,65,18
motorische 1274,1498,127,19
Kraft 1414,1499,62,19
aufgespeichert 1494,1498,170,28
ist. 1676,1500,31,19
<EOS>
nicht 1729,1499,57,21
rasch 1798,1502,59,19
genug 1871,1507,72,20
herbei¬ 1957,1501,81,21
geführt 1092,1532,85,28
werden 1195,1534,84,20
und 1298,1537,42,17
erst 1358,1540,40,14
der 1416,1536,38,19
Hinzutritt 1471,1536,112,21
der 1609,1538,37,18
durch 1664,1538,64,19
die 1748,1538,33,20
eigenartige 1800,1538,133,27
Bremse 1951,1540,85,20
ausgeübten 1091,1571,132,23
Wirkung 1242,1571,106,28
macht 1365,1573,69,19
tlie 1457,1574,35,19
Hemmung 1509,1574,123,26
zu 1654,1582,23,11
einer 1695,1576,58,18
bein 1772,1576,47,19
he 1837,1577,25,18
momentanen. 1881,1582,154,17
<EOS>
Die 1091,1610,40,18
Bremse 1151,1610,85,19
kann 1258,1610,57,20
auch 1332,1611,53,19
unbenutzt 1410,1612,111,19
bleiben 1545,1611,86,21
oder 1653,1612,51,20
für 1726,1614,33,18
sich 1780,1615,43,17
allein, 1847,1615,71,27
unti 1942,1617,44,18
auf 2002,1615,38,20
grössere 1091,1648,97,24
Entfernung, 1207,1647,143,26
beispielsweise 1367,1648,163,26
von 1548,1656,40,13
ausserhalb 1606,1651,123,19
des 1742,1652,37,18
Werks 1791,1652,77,20
tat 1870,1656,28,16
trau 1901,1657,45,15
mes, 1948,1659,49,20
in 2016,1654,19,19
Funktion 1091,1685,108,19
gesetzt 1217,1690,78,21
werden, 1311,1687,93,18
wozu 1422,1693,56,13
dann 1493,1687,56,19
ein 1561,1688,33,19
spezieller 1605,1688,108,26
Mechanismus 1724,1689,157,21
erforderlich 1898,1691,139,20
ist. 1091,1724,31,18
<EOS>
In 1156,1723,23,19
diesem 1197,1724,79,18
Falle 1288,1724,59,19
wird 1364,1724,53,19
the 1436,1726,33,18
elektrische 1487,1725,125,20
Auslosung 1626,1726,120,27
durch 1764,1726,65,21
einen 1846,1729,61,19
Umschalt- 1920,1729,117,20
Apparat 1091,1762,96,24
bewirkt, 1200,1762,95,19
weicherden 1314,1762,141,19
Strom 1470,1764,68,18
zuer.-t 1557,1768,67,15
<EOS>
nach 1639,1764,52,18
der 1705,1765,37,19
Verschluss-Vorrichtung 1755,1764,282,29
und 1091,1798,43,20
unmittelbar 1151,1799,137,20
darauf 1306,1799,75,20
nach 1397,1802,54,17
der 1470,1801,37,18
Bremse 1526,1801,84,20
sendet. 1633,1802,81,20
<EOS>
Bei 1753,1803,36,19
Versuchen, 1808,1803,129,27
welche 1957,1806,78,19
an 1091,1842,25,13
einer 1134,1836,58,20
2opferdigen. 1209,1836,151,27
<EOS>
mit 1378,1838,36,19
dem 1432,1838,47,20
Drucke 1492,1839,86,19
von 1595,1846,40,12
7 1656,1845,10,19
kg 1678,1839,31,28
und 1725,1841,41,18
der 1784,1840,37,20
Geschwindigkeit 1839,1841,196,28
von 1090,1881,39,12
30 1140,1880,28,19
Umdrehungen 1181,1875,168,26
arbeitenden 1366,1875,139,21
Maschine 1517,1876,109,20
angestellt 1642,1879,111,23
warden, 1771,1879,95,19
erzielte 1884,1880,82,18
mau 1987,1887,47,13
Hemmungen 1091,1913,149,24
in 1258,1913,19,18
2 1297,1919,10,13
Sekunden 1322,1913,113,19
mit 1454,1919,37,14
dem 1508,1913,48,19
Yer>chluss-Mecbani-me^ 1571,1914,288,21
alleai 1877,1917,62,19
und 1958,1919,43,18
in 2013,1919,20,18
weniger 1089,1950,94,24
als 1199,1951,30,18
zwei 1246,1951,49,18
Drittel 1305,1950,76,20
Sekunden 1399,1952,115,19
durch 1532,1952,66,20
das 1616,1952,37,19
kombiniert 1670,1953,128,20
1 1809,1960,2,12
Z 1825,1954,12,19
isammenwirken 1849,1956,183,19
des 1089,1988,36,19
Verschlusses 1138,1988,146,19
mit 1301,1990,37,17
der 1354,1990,39,17
Bremse. 1405,1991,92,18
<EOS>
Der 1525,1991,44,18
beschriebene 1586,1991,153,19
Hemmungsapparat 1756,1991,224,27
hat 2001,1995,32,18
den 1089,2026,40,18
Vorteil, 1149,2025,86,27
dass 1254,2026,47,19
er 1318,2034,22,12
die 1358,2027,33,19
Organe 1410,2027,86,25
der 1514,2028,37,18
Maschinen 1564,2028,126,19
verschiedener 1709,2029,163,20
Systeme 1883,2031,96,24
gar 1997,2038,39,19
nicht 1090,2063,56,19
anstrengt, 1163,2069,117,20
so 1303,2071,23,13
da^s 1343,2065,47,19
man 1408,2072,49,12
denselben 1477,2065,115,20
nicht 1608,2066,55,19
nur 1677,2073,38,12
in 1727,2068,19,18
Momenten 1759,2068,123,20
de-r 1901,2068,38,19
Gefahr, 1948,2069,88,26
sondern 1087,2101,92,20
regelmässig 1203,2101,140,28
zur 1366,2109,34,13
Mittagszeit 1417,2103,130,26
oder 1571,2104,51,19
beim 1644,2104,56,19
Schluss 1724,2104,85,20
der 1835,2106,37,18
Arbeit 1893,2106,76,19
zum 1990,2113,45,13
Abstellen 1087,2139,110,19
der 1214,2140,38,19
Maschinen 1269,2140,126,19
verwenden 1416,2140,126,20
kann. 1560,2141,65,20
<EOS>
<EOP>
Das 1178,2176,44,22
tiefste 1247,2175,75,24
Bohrloch 1349,2176,109,24
der 1483,2177,39,22
Erde 1545,2177,57,23
ist 1629,2178,25,20
jenes 1680,2179,59,25
von 1761,2186,40,13
Paruschowitz 1819,2180,156,21
bei 2000,2183,35,18
Rybnik 1086,2214,86,25
in 1195,2217,19,17
Oberschlesien. 1234,2215,170,20
<EOS>
Dasselbe 1437,2217,103,18
wurde, 1561,2218,80,18
wie 1659,2224,38,12
Bergrat 1715,2220,88,23
Köbrich 1817,2217,99,22
auf 1934,2220,37,19
dem 1985,2221,49,18
im 1087,2253,27,18
Monat 1141,2253,73,19
September 1239,2254,124,24
in 1389,2254,18,18
Halle 1433,2255,62,18
a. 1511,2261,18,11
<EOS>
S. 1543,2255,20,18
<EOS>
abgehaltenen 1588,2255,154,26
Kongress 1770,2256,111,27
der 1907,2256,37,20
Bohr¬ 1969,2259,66,19
ingenieure 1087,2291,124,24
berichtete, 1229,2290,124,28
in 1367,2291,19,19
der 1400,2291,38,20
Zeit 1447,2293,45,18
vom 1504,2299,48,12
26. 1566,2293,34,19
<EOS>
Januar 1613,2294,77,21
iSçj2 1701,2294,56,24
bis 1770,2293,31,20
zum 1814,2300,44,14
17. 1875,2299,30,19
<EOS>
Mai 1921,2295,42,20
1S93 1979,2296,54,25
auf 1087,2327,37,20
eine 1144,2328,46,20
Tiefe 1208,2328,60,20
von 1291,2335,40,13
2003.34 1350,2334,95,20
<EOS>
111 1461,2337,22,12
niedergebracht. 1500,2329,186,27
<EOS>
In 1720,2332,23,18
Bezug 1766,2332,72,26
aut 1860,2335,34,16
die 1918,2333,34,18
Tiefe 1974,2333,62,20
steht 1085,2366,56,18
es 1164,2373,21,12
anderen 1215,2366,95,20
Bohrlöchern, 1335,2366,153,27
wie 1518,2367,40,19
folgende. 1584,2368,108,26
<EOS>
-.Stahl 1716,2369,76,19
<EOS>
und 1817,2371,41,18
Eisen» 1884,2369,80,20
ent¬ 1991,2374,45,16
nommene 1086,2410,111,13
Zusammenstellung 1216,2405,218,25
zeigt, 1450,2406,61,24
weit 1530,2410,46,15
voran. 1595,2412,72,14
<EOS>
<EOP>
Paruschowitz 1343,2443,156,19
<EOS>
20^3.347;/ 1659,2449,126,20
<EOS>
Schladebach 1344,2480,148,20
<EOS>
I 1660,2487,6,13
74S.40 1674,2482,79,24
<EOS>
-> 1768,2492,9,7
West-Virginien 1344,2518,181,25
<EOS>
<EOP>
<EOS>
<EOS>
1600.00 1659,2520,95,20
<EOS>
> 1772,2528,6,9
Licth 1342,2556,63,19
(Holstein) 1422,2555,119,26
<EOS>
<EOS>
<EOS>
133S.00 1659,2559,94,24
<EOS>
» 1767,2565,10,10
Sperenberg 1341,2594,139,26
<EOS>
1273.01 1660,2600,92,20
<EOS>
<EOS>
Sennewitz 1342,2632,119,20
<EOS>
1111.45 1659,2638,92,21
<EOS>
' 1773,2646,2,3
<EOS>
<EOP>
Die 1174,2669,41,18
Bohrung 1226,2670,104,25
fand 1347,2670,50,19
nicht 1415,2670,57,19
allein 1490,2670,64,19
ans 1571,2677,36,13
wissenschaftlichem 1619,2670,223,22
Interesse 1856,2674,104,19
statt, 1977,2677,55,23
sondern 1083,2706,93,19
auch 1201,2707,54,19
zu 1283,2714,23,12
Muthungszwecken. 1328,2708,226,24
<EOS>
Von 1595,2709,47,19
Kohlenflötzcn 1666,2709,165,21
wurden 1855,2710,87,20
nicht 1974,2713,60,18
weniger 1082,2743,97,26
als 1201,2745,29,19
So 1248,2745,28,19
mit 1301,2746,38,18
einer 1363,2746,59,18
Gesamtmächtigkeit 1438,2746,230,26
von 1692,2753,40,14
89.5 1759,2747,48,26
<EOS>
m 1819,2754,23,14
Kohle 1859,2748,70,20
durch¬ 1955,2749,77,20
teuft. 1082,2780,58,21
<EOS>
Die 1181,2783,40,19
sorgfältig 1251,2782,113,26
ausgeführten 1388,2784,150,25
Temperaturmessungen 1564,2785,271,26
ergaben 1865,2787,93,25
eine 1984,2788,47,19
Wärmetiefenstufe 1083,2819,208,21
von 1317,2828,40,12
34.1 1383,2826,48,20
<EOS>
m. 1448,2829,29,12
<EOS>
Das 1510,2822,44,19
"Bohrgestänge, 1567,2823,175,26
dessen 1768,2824,75,19
man 1869,2831,47,12
sich 1941,2825,44,19
in 2010,2826,22,19
Paruschowitz 1083,2857,157,19
bediente, 1262,2858,105,20
"wog 1391,2864,48,21
insgesamt 1456,2859,117,26
13S75 1592,2860,69,25
kg. 1675,2859,36,28
<EOS>
Da 1743,2862,34,18
die 1794,2862,34,19
Bohrdauer 1847,2863,124,19
399 1989,2869,41,20
Tage 1083,2895,60,23
betrug, 1161,2894,80,27
so 1260,2902,23,11
entfallt 1300,2896,81,18
auf 1398,2896,36,18
jeden 1447,2896,64,26
Tag 1530,2897,46,26
im 1595,2898,27,19
Durchschnitt 1639,2898,152,20
ein 1808,2900,34,19
Bohrfortschritt 1857,2900,175,21
von 1082,2937,40,14
5.01 1141,2936,47,21
<EOS>
m. 1204,2940,28,12
<EOS>
Ohne 1267,2932,62,20
Amortisation 1354,2934,151,20
der 1531,2935,38,19
Anlagekusten 1585,2936,161,25
und 1772,2937,43,19
ohne 1840,2938,57,19
Gestänge- 1914,2938,118,28
<EOS>
<EOP>
