2280,3100
21. 156,112,40,17
<EOS>
Dezember 220,105,153,23
1805.] 400,102,84,33
<EOS>
SCHWEIZERISCHE 806,104,304,25
BAL'ZKITUXG 1132,105,221,24
163 1967,102,47,31
<EOS>
<EOP>
INHALT: 207,171,150,20
Die 382,170,40,20
neue 439,177,53,12
Tonhalle 510,170,106,19
in 633,170,20,19
Zürich. 672,169,82,21
<EOS>
VII. 774,170,46,21
<EOS>
— 845,182,26,3
Ein 894,171,40,18
specieller 952,169,111,27
kurrenzen: 1111,171,129,18
Nordböhm. 1270,169,134,22
<EOS>
Gewerbemuseum 1423,169,200,21
in 1641,170,20,18
Reichenberg. 1681,169,155,26
<EOS>
Bau 1870,171,43,17
eines 1932,170,57,18
Rat¬ 2006,169,47,19
Fall 119,201,44,19
von 180,207,40,12
Knickfestigkeit. 238,201,188,24
<EOS>
— 450,212,25,1
Der 495,201,43,17
Kongress 555,201,110,24
der 688,202,38,17
Iran/. 749,202,64,18
<EOS>
Sanitäts-Iogenieure 832,200,230,26
hauses 1111,201,74,18
in 1202,201,21,18
Duisburg. 1240,201,115,23
<EOS>
Erlangung 1389,200,124,24
von 1531,207,40,11
Entwürfen 1590,199,124,20
für 1738,199,31,20
den 1792,200,40,18
Bau 1851,200,44,19
eines 1913,200,56,18
neuen 1987,206,68,12
und 118,231,42,19
Architekten 177,230,139,21
in 340,238,18,11
Paris 382,230,57,19
1S95. 459,230,62,26
<EOS>
— 545,242,24,2
Miscellanea: 596,230,147,19
Die 767,231,41,18
maximale 831,230,113,19
Windge¬ 964,229,99,27
Friedhofes 1112,229,123,21
in 1261,230,19,20
Lugano. 1304,231,95,23
<EOS>
Rathaus 1433,230,92,19
in 1552,230,19,18
Grosswardein. 1594,229,170,21
<EOS>
ProYinzialmuseum 1796,229,215,21
in 2035,230,19,18
schwindigkeit. 117,260,170,27
<EOS>
Eine 315,260,51,20
neue 384,267,52,12
Verwendung 457,260,151,25
von 626,267,39,12
Elektromotoren. 685,260,191,20
<EOS>
Thermo-elek- 903,260,160,19
Hannover. 1112,262,122,17
<EOS>
— 1245,273,24,0
Vereinsnachrichten: 1280,260,241,19
Zürcher 1532,260,92,19
Ingenieur-und 1635,260,173,24
Architekten-Verein, 1818,258,237,21
trische 119,291,77,20
Üefen. 213,290,75,22
<EOS>
Augenblickshemmung 317,290,267,27
von 604,297,39,13
Maschinenbetrieben. 661,291,246,19
<EOS>
Das 934,291,44,19
tiefste 997,290,66,19
Basler 1113,290,71,20
Ingenieur- 1201,291,123,24
und 1342,290,42,19
Architekten-Verein. 1404,290,235,20
<EOS>
Stellenvermittelung. 1673,290,239,24
<EOS>
liolirloch 119,321,105,19
(Irr 243,321,37,18
Erde. 299,321,63,19
<EOS>
Die 394,322,40,18
erste 452,326,55,14
elektrische 520,321,126,19
Strassenbahn 660,320,154,20
m 832,328,20,12
Berlin. 866,320,76,21
<EOS>
— 962,332,25,2
Kon¬ 1006,322,57,18
<EOS>
<EOP>
Alpen-Quai 918,410,167,26
in 1104,411,28,19
Zürich. 1149,410,101,20
<EOS>
<EOP>
TL 1590,578,24,35
<EOS>
<EOP>
' 1582,626,3,1
<EOS>
<EOP>
: 1596,628,1,6
<EOS>
<EOP>
- 1613,623,3,2
<EOS>
<EOP>
Xr; 1383,674,39,25
<EOS>
<EOP>
i 472,789,5,23
<EOS>
<EOP>
« 1306,806,25,56
m.;« 759,827,67,19
<EOS>
32BÏ 842,819,84,29
s- 1463,827,27,19
F. 1418,827,26,18
<EOS>
L 549,840,34,28
m 595,841,41,26
ISS 986,843,32,13
mmü 552,878,110,34
x. 449,908,30,26
<EOS>
<EOP>
¦-¦ 186,1046,14,3
<EOS>
<EOP>
<EOS>
¦.. 220,1048,9,7
<EOS>
<EOP>
«sr 1543,1052,50,17
<EOS>
<EOP>
^nB^BBBBBJBI 1115,1127,117,17
Weisses 210,1188,87,18
Haus. 312,1188,61,18
<EOS>
<EOP>
Kirche 324,1211,72,17
Enge. 411,1212,61,22
<EOS>
<EOP>
Rotes 726,1188,60,16
St 800,1188,20,15
hloss, 827,1187,58,19
<EOS>
<EOP>
Die 282,1283,62,27
neue 369,1290,92,20
Tonhalle 487,1280,173,31
in 687,1283,35,27
Zürich. 747,1282,141,29
<EOS>
Erbaut 223,1340,80,20
von 327,1347,40,12
Fellner 391,1339,97,22
& 509,1338,20,23
Helmer, 552,1340,106,26
Architekten 680,1340,140,20
in 843,1341,20,20
Wien. 888,1340,69,21
<EOS>
<EOP>
VII. 566,1418,54,24
<EOS>
Am 208,1464,49,23
4. 275,1471,22,23
<EOS>
April 314,1463,75,31
1893 407,1463,65,31
genehmigte 490,1464,170,29
die 677,1463,42,23
Generalversammlung 733,1463,329,31
der 118,1502,49,22
Neuen 202,1501,88,23
Tonhalle-Gesellschaft 326,1499,323,25
die 695,1501,42,22
von 780,1508,50,17
den 870,1502,49,22
Herren 958,1503,102,21
Fellner 118,1537,94,26
& 234,1535,22,26
Usinier 278,1538,95,22
noch 401,1539,66,22
weiter 490,1539,94,22
umgearbeiteten 605,1539,234,30
Ausführungs¬ 864,1538,199,32
pläne 118,1576,78,31
und 221,1576,50,23
ermächtigte 295,1576,177,28
den 495,1576,50,23
Ausschluss 563,1576,148,23
zur 730,1584,45,15
Uebertragung 793,1576,206,31
des 1016,1577,46,22
Baues 119,1614,82,23
an 224,1620,32,17
die 279,1614,42,22
genannte 344,1617,131,25
Firma. 494,1613,98,24
<EOS>
Als 635,1615,45,22
eine 704,1615,55,22
Konzession 778,1615,162,22
an 964,1621,31,16
die 1019,1615,42,22
Wünsche 118,1652,134,23
der 288,1651,47,23
zürcherischen 362,1652,204,22
Architekten 596,1652,172,22
darf 802,1652,61,22
die 889,1652,42,23
Ueber¬ 963,1653,100,23
tragung 120,1693,114,25
der 261,1689,47,22
Bauleitung 332,1688,158,31
an 512,1696,31,15
unseren 566,1696,112,16
Kollegen. 703,1690,138,28
<EOS>
Herrn 872,1691,86,22
Arch. 981,1691,78,22
<EOS>
Frill 118,1726,65,29
Wehrli 199,1725,89,25
beti 311,1727,51,21
achtel 372,1727,88,22
werden: 478,1727,119,23
denn 621,1726,66,23
wahrend 705,1727,123,22
beim 847,1728,71,22
Theater¬ 936,1728,126,22
bau 119,1765,50,22
auch 199,1765,65,21
die 293,1764,41,22
Leitung 360,1764,112,30
desselben 500,1764,142,22
in 671,1764,24,22
ausländischen 724,1764,202,23
Händen 951,1765,110,23
lag, 118,1803,51,28
wurde 206,1802,92,23
wenigstens 335,1802,163,28
in 534,1803,23,21
dieser 590,1802,87,23
Richtung 709,1802,133,30
die 873,1803,42,22
Landes¬ 949,1803,113,23
angehörigkeit 119,1839,210,30
berücksichtigt. 351,1839,221,30
<EOS>
Auch 614,1840,73,22
«ollen 711,1841,97,22
wir 832,1840,48,23
hier 903,1842,56,21
gerne 981,1848,81,22
feststellen, 118,1877,157,26
dass 306,1877,61,22
bei 391,1878,42,21
der 456,1877,46,22
späteren 523,1879,124,27
Vergebung 671,1878,163,30
der 857,1878,47,22
Arbeiten, 928,1879,134,23
soviel 119,1915,84,22
als 228,1915,38,23
dies 289,1914,56,23
überhaupt 369,1915,151,29
möglich 540,1915,117,29
war, 675,1921,62,23
schweizerische 760,1916,220,23
Bau¬ 998,1917,65,22
geschäfte 119,1952,136,30
Berücksichtigung 279,1952,257,30
fanden. 559,1952,104,23
<EOS>
<EOP>
Die 210,1989,48,24
Kosten 282,1991,98,22
für 411,1989,40,24
die 480,1990,42,23
Ausführung 544,1990,174,30
des 741,1991,45,22
neuen 809,1997,83,16
Entwurfes 915,1992,148,22
wurden 119,2028,108,22
wie 252,2028,49,22
folgt 326,2028,67,27
veranschlagt: 417,2028,199,29
Hauptgebäude 147,2077,173,27
1350000 870,2084,111,21
Fr. 998,2080,34,19
<EOS>
Umgebungsarbeiten, 146,2115,247,27
Terrasse 411,2117,100,17
40000 903,2124,78,18
» 1012,2124,9,12
Garten 146,2153,80,20
und 244,2154,42,19
Einfriedigung 305,2152,165,26
70000 905,2161,76,18
» 1010,2163,10,10
Umbau 146,2191,83,20
der 247,2190,37,21
)rgel 315,2190,54,27
15 906,2198,24,20
00o 938,2200,43,12
> 1014,2202,6,9
Beleuchtung 148,2228,147,27
70000 904,2236,76,20
1 1013,2239,6,11
Versch, 149,2267,86,20
Einrichtungen. 254,2267,177,24
<EOS>
Bestuhlung 457,2267,131,25
etc 605,2272,31,14
52 903,2274,26,20
000 938,2276,43,13
> 1014,2278,6,9
Vorarbeiten, 148,2303,147,27
Konkurrenzen 313,2305,169,17
ere 500,2311,30,11
107000 890,2311,90,20
> 1013,2316,6,8
Architektenhonorar 147,2341,236,20
und 400,2341,43,20
Bauleitung 461,2341,128,27
70000 903,2350,78,18
» 1011,2354,8,7
Unvorherzusehendes 146,2379,244,21
70 902,2387,26,18
000 937,2388,43,13
<EOS>
<EOP>
Total 780,2435,62,19
1 874,2441,6,13
850000 891,2436,93,24
Fr. 1002,2436,33,18
<EOS>
Am 207,2498,50,21
15. 291,2502,38,22
<EOS>
Juli 349,2495,54,35
1893 438,2495,65,31
wurde 527,2495,93,24
das 651,2497,47,22
Baugespann 721,2498,175,29
errichtet. 925,2499,133,23
<EOS>
Einem 116,2534,91,22
Wunsche 226,2534,131,23
des 381,2534,46,22
Stadtrates 443,2534,148,23
entsprechend 614,2536,195,27
wurde 827,2536,93,22
der 943,2537,48,22
Bau 1007,2537,53,22
um 115,2578,43,15
einige 191,2572,85,29
.Meter 299,2573,85,21
<EOS>
gegen 406,2578,85,23
den 515,2571,49,23
See 588,2571,48,23
hin 659,2572,42,22
verschoben, 726,2574,173,23
wodurch 930,2574,130,23
für 115,2609,42,22
die 180,2609,42,22
Aufstellung 238,2609,172,30
der 432,2609,48,23
Wagen 497,2610,102,28
an 619,2616,30,16
der 669,2609,47,23
Gotthardstrasse 732,2609,236,26
mehr 984,2613,76,23
Raum 116,2646,84,24
geschaffen, 224,2648,162,28
dagegen 409,2648,122,29
allerdings 554,2648,150,28
der 727,2648,46,22
Garten 797,2648,99,23
im 919,2657,35,14
Süden 971,2649,88,24
entsprechend 117,2684,195,30
kleiner 341,2685,104,23
wurde. 467,2686,99,22
<EOS>
Nachdem 610,2685,136,23
am 770,2692,41,16
12. 838,2693,39,16
<EOS>
September 900,2686,162,30
die 116,2722,42,22
Ramm-und 176,2723,167,22
.Maurerarbeiten 355,2724,228,22
<EOS>
an 600,2730,32,16
die 649,2723,41,23
Firma 707,2723,90,24
Fietz 816,2725,69,22
& 899,2724,20,23
Leuthold 930,2725,129,23
vergeben 115,2760,137,28
worden 274,2760,111,23
waren, 409,2768,96,16
erfolgte 535,2761,115,29
am 681,2768,43,16
14. 751,2769,38,22
<EOS>
gleichen 813,2763,122,28
Monats 957,2764,103,22
der 116,2798,47,22
erste 185,2802,68,18
Spatenstich. 276,2797,179,30
<EOS>
Die 498,2799,48,22
stark 568,2799,72,23
ansteigenden 663,2800,192,29
Anlagen 874,2801,119,28
auf 1017,2800,46,24
der 116,2835,47,23
Südseite 179,2835,123,23
erforderten 325,2835,169,24
erhebliche 518,2837,154,22
Erdaufschüttungen. 693,2837,289,31
<EOS>
Das 1008,2839,51,22
hiezu 114,2874,75,22
notwendige 212,2874,171,29
Material 406,2874,121,22
wurde 549,2874,92,23
zum 663,2882,58,15
Teil 744,2875,57,23
auf 825,2875,45,23
einer 891,2876,73,22
Roll¬ 986,2876,73,23
bahn 115,2912,69,22
vom 202,2918,62,16
See 280,2911,49,24
her 351,2912,47,22
zugeführt. 420,2912,148,28
<EOS>
Am 612,2914,49,21
10. 689,2919,37,16
<EOS>
Oktober 745,2913,120,23
begann 887,2914,104,26
die 1018,2914,41,23
<EOS>
<EOP>
Pfahlfundation. 1112,1260,227,24
<EOS>
die 1362,1259,43,25
mit 1427,1259,48,25
Rücksicht 1492,1259,143,25
auf 1657,1260,46,24
den 1723,1261,49,22
ungünstigen 1795,1262,177,29
Ban¬ 1991,1263,63,22
gt 1113,1306,24,21
und 1146,1298,49,22
besondere 1223,1298,148,22
Sorgfalt 1394,1298,120,28
erforderte. 1537,1298,157,22
<EOS>
<EOP>
Die 1202,1335,49,23
Zahl 1268,1335,62,22
der 1355,1336,47,21
Pfähle 1421,1336,90,22
betrug 1535,1336,96,27
2120; 1655,1343,82,16
dieselbe 1759,1336,121,23
ergab 1898,1338,83,28
sich 1998,1338,54,23
aus 1112,1379,45,16
der 1179,1373,50,22
Bestimmung, 1251,1373,191,29
dass 1473,1372,60,23
in 1557,1373,22,22
durchgehenden 1605,1373,223,29
Fundamenten 1852,1375,201,23
eine 1113,1411,56,22
Höchstbelastung 1195,1411,246,28
von 1463,1417,50,16
15 1548,1416,26,21
/ 1599,1412,6,21
und 1636,1410,49,23
bei 1715,1411,44,22
einzelnen 1786,1412,133,22
Pfeiler¬ 1946,1411,107,26
fundamenten 1113,1447,188,24
eine 1326,1448,57,23
solche 1402,1449,91,22
von 1511,1454,48,18
10/ 1582,1450,49,21
auf 1648,1449,45,22
jeden 1704,1448,77,30
Pfahl 1801,1449,74,23
zu 1891,1457,28,15
rechnen 1939,1451,113,22
sei. 1111,1486,44,22
<EOS>
Bei 1204,1485,41,24
Verwendung 1277,1485,189,31
eines 1496,1486,71,22
800 1599,1486,50,23
kg 1671,1484,28,34
schweren 1727,1488,137,22
Rammbärs 1893,1488,161,24
und 1111,1523,51,22
einer 1187,1524,74,21
Hubhöhe 1279,1524,133,21
von 1429,1530,50,15
1,20 1508,1529,56,23
m 1578,1530,22,16
durften 1624,1524,105,22
die 1753,1523,43,25
Pfähle 1819,1525,91,22
mit 1933,1526,47,23
den 2003,1526,49,23
letzten 1113,1561,92,21
10 1237,1567,29,16
Schlägen 1289,1561,131,29
nicht 1449,1561,72,22
mehr 1550,1561,76,22
als 1655,1561,38,23
45 1723,1567,31,25
nun 1777,1570,45,14
in 1846,1563,23,21
den 1893,1563,48,22
Boden 1966,1564,87,22
eindringen. 1112,1599,163,28
<EOS>
Die 1328,1598,47,23
Länge 1405,1599,86,27
der 1527,1599,45,22
Pfähle 1609,1598,90,24
schwankte 1735,1599,153,23
zwischen 1923,1601,131,23
5 1113,1642,11,20
und 1155,1636,51,23
12 1234,1643,28,15
in, 1280,1643,30,19
ihr 1339,1637,40,22
mittlerer 1408,1636,132,23
Durchmesser 1568,1637,196,22
zwischen 1791,1638,131,22
2t 1954,1646,26,14
bis 2016,1640,38,22
25 1113,1679,29,20
cm: 1161,1681,45,16
die 1229,1673,42,22
mittlere 1295,1674,116,22
Länge 1430,1674,89,29
sämtlicher 1541,1675,157,22
Pfähle 1715,1675,91,23
betrug 1829,1676,96,28
S.67 1950,1676,57,27
<EOS>
in. 2024,1685,29,14
<EOS>
die 1112,1709,41,24
kleinste 1176,1711,112,22
Entfernung 1311,1710,167,31
von 1493,1718,50,16
Pfahl 1567,1712,74,22
zu 1664,1719,28,15
Pfahl 1710,1712,76,24
60. 1808,1712,41,24
<EOS>
die 1873,1713,42,23
mittlere 1938,1715,117,22
Xo. 1113,1750,39,20
<EOS>
die 1177,1748,42,23
grösste 1241,1750,107,27
100 1369,1756,48,14
cm. 1434,1755,40,16
<EOS>
Unter 1520,1750,81,22
jedem 1618,1749,87,30
'Furme, 1724,1750,106,27
deren 1853,1750,80,24
Funda¬ 1952,1752,102,22
mente 1112,1791,88,17
eine 1223,1786,57,22
Grundfläche 1293,1786,182,23
von 1489,1792,52,17
je 1563,1786,23,31
31,32 1610,1792,78,25
ws 1705,1783,37,27
einnehmen, 1765,1788,165,23
wurden 1945,1790,109,23
64 1112,1823,34,31
Pfähle 1170,1823,90,24
von 1283,1830,51,16
9—10 1363,1830,90,24
in 1475,1831,19,15
Länge 1517,1825,89,27
eingeschlagen. 1637,1825,216,30
<EOS>
Die 1897,1826,48,22
Breite 1968,1827,87,23
der 1113,1861,46,22
Betonsohle 1177,1861,159,24
bestimmte 1361,1862,155,22
sich 1538,1863,55,21
aus 1617,1869,46,16
der 1686,1862,48,24
Forderung, 1745,1862,165,31
dass 1935,1864,59,23
die 2013,1865,42,22
Höchstbelastung 1113,1899,247,30
des 1388,1899,46,22
Grundes 1457,1898,124,25
nicht 1606,1901,73,22
mehr 1701,1901,77,22
als 1801,1902,37,21
3 1863,1907,12,24
kg 1892,1899,27,35
auf 1941,1902,46,23
den 2007,1902,48,23
cm2 1113,1933,45,26
betragen 1183,1937,128,28
durfte. 1336,1936,96,23
<EOS>
Es 1475,1937,31,22
beträgt 1527,1937,105,30
die 1648,1938,42,22
Gesamtgrundfläche 1707,1938,285,31
des 2010,1941,45,22
überbauten 1113,1974,165,22
Raumes 1295,1974,115,23
einschliesslich 1427,1974,209,23
der 1654,1975,46,23
Treppen 1713,1975,124,31
und 1851,1976,52,24
Terrassen 1913,1977,140,24
3820 1113,2012,71,28
;;;2 1200,2008,34,26
und 1256,2012,52,22
die 1326,2012,42,23
durch 1384,2012,83,23
die 1484,2012,42,23
Fundamente 1543,2013,183,22
beanspruchte 1742,2014,199,29
Fläche 1960,2016,94,22
1054///". 1116,2046,123,33
<EOS>
a'so 1262,2050,57,22
27!(2 1345,2046,67,33
<EOS>
°'o 1432,2047,33,26
der 1488,2050,47,23
Gesamlgrundfläche. 1557,2050,293,31
<EOS>
<EOP>
Der 1202,2087,55,22
milde 1287,2087,82,22
Winter 1394,2088,103,21
1893/94 1523,2084,117,34
war 1664,2095,54,17
c^em 1742,2089,60,22
Fortschi 1825,2090,121,22
itt 1957,2090,28,22
der 2008,2090,47,23
Bauarbeiten 1112,2124,177,23
günstig: 1307,2126,119,28
erst 1448,2129,54,18
anfangs 1517,2126,111,29
Januar 1646,2127,95,27
wurden 1755,2127,109,23
die 1880,2127,42,23
Maurer¬ 1936,2129,118,22
arbeiten 1111,2162,121,22
eingestellt, 1250,2163,160,27
sie 1427,2163,36,21
konnten 1480,2162,116,23
jedoch 1609,2163,94,30
schon 1721,2165,82,22
am 1819,2170,41,17
27. 1877,2172,40,20
<EOS>
Februar 1933,2166,121,22
in 1112,2200,23,22
vollem 1165,2200,102,23
Umfang 1291,2200,115,29
wieder 1429,2200,99,23
aufgenommen 1557,2201,208,29
werden. 1791,2202,115,23
<EOS>
In 1949,2204,25,22
den 2005,2203,50,23
Abendstunden 1111,2237,211,23
wurde 1354,2238,92,22
bei 1483,2238,44,23
elektrischem 1558,2239,186,22
Licht 1779,2239,74,24
gearbeitet. 1891,2241,162,28
<EOS>
<EOP>
Inzwischen 1201,2276,160,21
beschäftigte 1390,2276,177,29
sich 1597,2277,53,22
der 1681,2277,46,23
Vorstand 1749,2277,135,23
mit 1914,2278,49,22
dem 1992,2278,59,24
Detailstudium 1113,2312,208,23
der 1345,2313,48,22
Pläne: 1414,2314,92,22
ein 1529,2314,42,22
Modell 1593,2314,99,23
des 1717,2315,45,22
Baues 1786,2315,83,23
verschaffte 1891,2316,163,23
auch 1111,2351,66,21
den 1206,2350,48,22
Laien 1276,2350,80,23
einen 1384,2351,76,22
übersichtlichen 1488,2351,227,24
Einblick 1737,2353,124,22
in 1891,2355,22,21
die 1938,2354,42,23
An¬ 2003,2355,51,22
lage 1111,2388,60,29
desselben: 1201,2388,153,22
verschiedene 1384,2388,189,23
Aenderungen. 1599,2389,202,30
<EOS>
so 1833,2398,28,15
namentlich 1890,2392,161,22
eine 1111,2426,57,21
Vergrösserung 1186,2426,219,29
des 1427,2426,46,22
grossen 1496,2433,112,21
Konzertsaales 1625,2427,204,23
wurden 1853,2429,109,22
noch 1985,2430,68,22
beschlossen. 1111,2463,182,24
<EOS>
Für 1336,2464,53,22
das 1421,2464,46,22
Podium 1497,2465,113,22
des 1641,2465,46,22
Pavillons 1716,2465,138,23
war 1885,2473,55,16
zuerst 1968,2471,86,19
eine 1111,2501,57,21
ähnliche 1181,2500,123,23
Anlage, 1317,2501,112,29
wie 1446,2502,50,22
bei 1514,2502,42,22
der 1572,2502,48,22
alten 1637,2504,69,21
Tonhalle, 1720,2503,138,30
vorgesehen: 1876,2505,177,27
die 1110,2537,41,22
musikalischen 1176,2538,207,23
Experten 1400,2540,132,29
verlangten 1550,2540,158,28
aber 1732,2542,65,21
eine 1819,2542,57,22
eigentliche 1893,2543,160,28
Orchesternische, 1110,2575,243,29
welche 1384,2577,101,22
angenommen 1513,2583,197,23
wurde, 1741,2579,98,24
obschon 1869,2580,116,23
sie 2016,2581,37,22
einen 1109,2614,75,22
Teil 1207,2614,57,22
der 1287,2614,46,23
Aussicht 1356,2615,123,22
nach 1502,2615,65,22
dem 1591,2615,61,22
See 1676,2615,47,24
verdeckt. 1746,2617,134,22
<EOS>
Eine 1924,2618,61,23
be¬ 2008,2618,45,23
sondere 1109,2651,114,23
Kommission 1246,2652,183,23
studierte 1453,2653,128,22
die 1604,2653,41,22
Bestimmungen 1668,2653,217,31
des 1910,2655,46,22
Wirt¬ 1972,2655,80,24
schafts-Kontraktes 1109,2688,276,24
und 1408,2690,50,22
veranlasste 1484,2691,165,23
einige 1673,2692,86,27
Veränderungen 1779,2692,226,30
in 2029,2694,22,22
der 1110,2725,47,23
Anlage 1180,2727,103,29
der 1313,2727,47,22
bezüglichen 1388,2727,172,29
Räume, 1585,2729,107,23
wie 1723,2731,49,21
die 1801,2731,41,22
Vermehrung 1868,2731,185,31
cler 1110,2764,47,22
Dienstbotenzimmer, 1179,2764,303,24
die 1514,2765,41,23
Verlegung 1581,2766,154,31
der 1764,2768,46,22
Wohnung 1832,2768,145,30
des 2007,2769,45,22
Wirtes 1110,2802,100,22
in 1234,2802,22,22
das 1280,2802,47,23
Hauptgeschoss 1350,2803,221,29
u. 1595,2811,22,15
<EOS>
a. 1637,2811,22,16
<EOS>
m. 1678,2812,34,16
<EOS>
<EOP>
Für 1201,2841,50,22
die 1262,2840,40,23
Fassaden 1314,2841,133,22
w 1458,2847,15,16
urde 1484,2841,66,22
dieVerwendung 1561,2841,235,32
von 1806,2850,49,15
Savonnières- 1864,2842,189,25
ttnd 1110,2877,52,22
ledergelben 1191,2877,176,30
Frankfurter 1399,2878,173,24
Verblendsteinen 1599,2880,242,24
beschlossen. 1870,2881,181,25
<EOS>
Die 1111,2915,48,22
Steinhauerarbeiten 1182,2915,284,24
hatte 1489,2917,71,23
Herr 1583,2918,70,22
Huber 1668,2918,93,23
übernommen 1784,2919,193,23
und 2002,2920,51,22
<EOS>
<EOP>
