2246,3079
Bd. 149,86,45,24
<EOS>
XXVI 218,88,85,25
Nr. 323,89,45,23
<EOS>
24. 394,96,40,23
<EOS>
SCHWEIZERISCHE 814,94,305,26
BAUZEITUNG 1140,97,221,26
[14. 1678,96,53,34
<EOS>
Dezember 1754,100,153,24
1895. 1932,101,76,29
<EOS>
Bauteclmiker, 111,136,444,75
theoretisch 110,213,132,21
u. 251,222,18,13
<EOS>
praktisch 282,216,111,25
gebildet, 405,218,103,28
die 525,218,35,20
letzten 108,243,78,21
z'/s 203,244,43,29
Jahre 256,246,67,26
in 340,246,22,20
einem 374,247,70,20
grössern 456,250,101,23
Architektur- 109,275,146,20
u. 273,283,19,12
<EOS>
Baugeschäft 315,278,144,24
thätig, 483,279,75,27
sucht 109,306,60,19
auf 185,306,38,19
I.Januar 235,307,105,26
<EOS>
Stellung 348,307,99,27
in 456,308,22,20
einem 490,310,70,19
Architekturbureau 108,336,222,20
oder 342,338,53,20
Baugeschäfte 403,339,156,25
in 109,366,21,18
der 155,366,38,20
franz. 215,366,66,21
<EOS>
Schweiz, 300,367,100,27
am 417,376,34,12
liebsten 468,369,90,20
nach 108,397,55,19
Genf. 170,396,62,21
<EOS>
Zeugnisse 256,398,117,25
u. 379,406,20,12
<EOS>
Zeichnungen 406,400,152,26
stehen 108,427,73,19
gerne 198,434,69,18
zu 284,434,24,13
Diensten. 327,429,109,20
<EOS>
Gef. 138,456,47,21
<EOS>
Offerten 204,457,96,21
unter 311,462,60,16
Chiffre 380,460,80,19
F 472,460,15,18
5956 500,461,57,25
der 108,486,38,20
Annoncen-Expedition 162,487,260,27
von 440,496,43,13
Rudolf 130,516,114,22
Mosse 257,516,98,23
in 373,517,30,23
Zürich. 422,518,113,23
<EOS>
log, 110,574,78,76
Augusto 199,574,177,77
Stigier, 392,574,162,78
Hydraulische 160,660,145,44
und 322,663,40,36
elektrische 379,663,122,37
Personen-Aufzüge. 124,718,416,82
<EOS>
700 123,809,41,20
Anlagen 182,805,108,26
in 307,807,26,19
Europa, 348,807,106,26
28 137,843,26,21
Anlagen 180,845,110,25
in 307,846,24,18
der 350,846,42,20
Schweiz. 408,846,117,20
<EOS>
<EOP>
m 91,982,67,38
<EOS>
<EOP>
«lr 168,891,111,37
<EOS>
<EOP>
: 323,931,1,7
¦i-F:sm:Fs[-''-'-FFsFFSF 111,953,309,24
i%. 439,955,51,28
<EOS>
<EOP>
J 335,1090,38,59
<EOS>
LS 413,1120,32,12
<EOS>
<EOP>
L 92,1197,35,37
I- 429,1201,16,11
<EOS>
<EOP>
w 118,1353,50,36
<EOS>
<EOP>
s 171,1444,10,15
<EOS>
<EOP>
<EOS>
<EOP>
p 494,1566,33,49
p, 386,1687,41,50
Alleinvertretung 185,1803,242,30
: 434,1812,7,16
Geo. 119,1842,115,62
<EOS>
F. 251,1842,50,63
<EOS>
Ramel, 319,1844,192,75
Maschinen-Ingenieur, 183,1919,263,26
Seefeld 107,1952,139,30
41, 265,1954,53,36
ZÜRICH. 340,1948,178,37
<EOS>
Telegramme: 98,1998,180,29
Ramelio 302,2001,112,22
Zürich. 431,2002,96,22
<EOS>
<EOP>
Telephon 184,2034,124,26
Nr. 325,2035,42,21
<EOS>
1829. 384,2035,60,26
<EOS>
Prima 193,2068,72,20
Referenzen. 287,2069,145,21
<EOS>
Ausarbeitung 117,2104,164,30
von 299,2112,39,17
Projekten 357,2107,120,28
und 494,2108,42,23
Kostenvoranschlägen 87,2135,263,29
gratis. 369,2138,77,28
<EOS>
System 116,2173,88,27
der 223,2175,39,20
Personenaufzüge 278,2176,210,27
für 504,2178,33,20
bestehende 86,2204,134,21
und 237,2206,42,20
Neubauten. 297,2206,138,21
<EOS>
Tüchtiger 97,2240,182,88
Bautechniker 298,2243,251,76
gewandt 97,2333,100,26
im 218,2334,28,19
Anfertigen 264,2334,126,27
von 412,2342,42,13
Werk¬ 472,2337,76,19
plänen, 95,2363,86,27
Kostenberechnungen 221,2365,251,27
etc. 508,2370,38,18
<EOS>
sucht 95,2394,61,19
für 187,2394,33,20
Bureau 251,2396,85,19
und 367,2396,43,20
Baustelle 443,2397,104,20
Stellung. 95,2424,106,25
<EOS>
Beste 239,2426,61,19
Zeugnisse, 328,2426,122,25
sowie 483,2428,64,19
Referenzen 96,2454,128,19
zu 243,2461,25,13
Diensten. 284,2456,111,21
<EOS>
Offert, 127,2484,75,20
befördert 208,2484,110,20
unt. 326,2489,41,15
<EOS>
Chiffre 376,2486,80,20
R 463,2487,17,18
6042 489,2486,57,25
an 96,2520,26,12
Rudolf 146,2512,111,23
Mosse, 271,2513,104,28
Zürich. 392,2515,115,22
<EOS>
Architektur. 144,2559,347,78
<EOS>
Aus 124,2666,44,19
einer 183,2665,61,20
Privatbibliothek 260,2666,192,21
<EOS>
<EOP>
zu 190,2703,40,28
verkaufen: 253,2695,196,37
Vorzüglich 95,2740,129,25
erhaltene 241,2741,108,20
meist 362,2740,66,24
franzÖS. 444,2741,100,23
<EOS>
architekt. 95,2769,118,22
<EOS>
Werke 230,2769,78,23
und 327,2770,40,22
Zeitschriften, 380,2770,164,30
von 94,2806,41,13
Daly, 173,2799,62,29
Viollet-Ie-Duc, 268,2799,177,30
Leta- 482,2801,62,23
rouilly 93,2828,79,30
etc. 189,2834,40,17
<EOS>
<EOP>
Verzeichnis 126,2860,136,20
mit 286,2861,37,19
Preisen 349,2862,85,20
franko. 458,2862,86,21
<EOS>
Anfragen 123,2891,112,26
sub 251,2892,38,19
X 306,2892,20,19
6048 343,2892,57,26
an 417,2899,28,13
Rudolf 133,2919,113,23
Blosse, 258,2920,107,28
Zürich. 384,2921,113,25
<EOS>
<EOP>
Für 804,145,58,46
Fabrikanten. 610,209,443,109
<EOS>
pï 605,343,27,25
Ein 645,344,43,28
in 711,345,22,28
Zürich 757,345,138,28
V 903,346,30,27
liegen¬ 957,345,97,38
des 605,381,49,29
Fabrikgebäude 676,383,312,36
mit 1011,386,44,27
bestehendem 605,419,267,29
Wasser- 894,423,160,27
recht 605,458,109,26
u. 729,467,23,20
<EOS>
vorhandener 765,459,188,30
Tur¬ 967,461,88,27
binen 604,494,114,28
(Escher-Wyss) 751,495,224,38
und 1004,499,49,28
Wasserrad-Anlage,eine 605,533,449,39
gut 605,573,44,33
erhaltene 679,572,136,28
Dampfma¬ 850,573,205,36
schine, 605,609,140,34
Wohnhaus 767,610,216,28
mit 1012,612,44,28
3 605,647,16,28
Wohnungen, 635,647,174,35
Bureau 820,650,103,27
u. 937,658,23,20
<EOS>
Oeko- 970,649,82,29
nomiegebäude, 605,685,218,36
ferner 852,687,92,28
einem 969,687,84,28
grossen 605,730,112,28
Garten, 733,723,104,35
welcher 859,725,116,29
sich 997,726,56,28
zu 603,768,32,19
Bauplätzen 658,760,162,37
eignet, 842,762,94,36
ist 968,763,32,28
zu 1020,771,33,20
günstigem 604,798,146,35
Preise 780,799,93,29
zu 902,809,45,18
ver¬ 975,809,79,19
kaufen. 602,835,152,29
<EOS>
St 601,873,31,31
Offerten 642,873,115,30
nur 792,883,48,20
von 870,883,46,20
soliden 951,876,103,29
Käufern 603,911,112,28
unter 738,915,74,26
Chiffre 833,912,97,29
K5685 948,914,107,28
an 602,956,33,20
die 643,948,39,28
Annoncen-Expedition 691,950,306,36
von 1005,960,49,20
Rudolf 624,994,113,37
Mosse, 759,995,117,45
Zürich. 907,997,125,37
<EOS>
Verlag 608,1076,81,30
von 700,1084,40,18
B. 749,1079,22,22
<EOS>
F. 781,1079,20,23
<EOS>
Voigt 809,1079,62,27
in 883,1080,20,22
Weimar. 912,1080,101,23
<EOS>
z 606,1129,75,122
Das 733,1137,54,22
A-ß-C 811,1137,87,24
des 920,1138,46,23
<EOS>
<EOP>
immermanns 688,1193,327,63
<EOS>
<EOP>
oder 794,1267,48,18
die 608,1298,35,20
ersten 660,1302,70,17
Begriffe 748,1300,94,25
der 859,1301,37,20
Zimmer¬ 914,1302,101,20
kunst 606,1329,64,20
fürLehrlinge 676,1329,155,27
und 839,1332,42,19
angehende 887,1333,127,25
Gesellen 647,1360,98,20
dieses 763,1361,68,19
Gewerbes. 848,1362,123,20
<EOS>
<EOP>
Zweite 699,1398,92,20
gänzlich 811,1400,112,24
neu 651,1433,47,15
bearbeitete 715,1427,145,22
Auflage 876,1430,98,27
von 606,1468,39,12
Hertels 653,1463,78,17
A-B-C 738,1464,67,17
des 813,1464,34,18
Zimmermanns 857,1466,156,18
<EOS>
<EOP>
herausgegebenvon 703,1486,199,23
O. 661,1516,32,22
<EOS>
Keller, 709,1516,109,30
Architekt, 835,1521,118,28
Direktor 605,1554,97,17
der 709,1554,34,17
städtischen 751,1555,122,18
Raugewerk- 881,1557,130,23
schule 639,1576,68,17
zu 720,1583,22,10
Rosswein 755,1578,103,18
(Sachsen). 872,1580,105,20
<EOS>
<EOP>
Mit 672,1610,41,19
12 732,1615,25,15
Figurentafeln. 774,1610,168,27
<EOS>
1895. 655,1645,55,19
<EOS>
kl. 724,1646,28,19
<EOS>
4. 765,1647,17,18
<EOS>
Geh. 798,1647,48,18
<EOS>
3,35 860,1648,46,22
Fr. 919,1649,31,17
<EOS>
Vorrätig 606,1677,100,26
in 713,1679,19,19
der 745,1679,39,19
Buchhandlung 791,1680,172,29
von 969,1689,42,13
albert 605,1718,58,32
Baustein. 672,1719,92,31
<EOS>
lever 776,1720,57,31
if 843,1721,12,31
Zellers 870,1721,66,31
lac-M. 947,1721,61,33
<EOS>
in 623,1765,22,19
Zürich, 663,1764,116,28
Rathausquai 797,1767,141,27
20. 956,1775,34,15
<EOS>
<EOP>
Reâiernnâsbanfiibrer 647,1864,344,50
d. 596,1924,20,22
<EOS>
Bauingenieurfachs, 628,1924,240,30
nahezu 879,1928,80,20
3 967,1935,12,19
Jahre 984,1930,65,25
i. 595,1954,15,20
<EOS>
hess. 626,1955,54,19
<EOS>
Staatsdienst, 698,1956,147,29
z. 866,1964,17,13
<EOS>
Z. 901,1958,21,19
<EOS>
Sektions¬ 940,1958,108,21
ingenieur 595,1985,114,25
beim 732,1986,56,20
Bahnbau, 811,1987,111,27
im 944,1989,28,18
Ver¬ 997,1991,51,18
waltungsdienstbewandert, 596,2015,312,30
sucht 915,2017,64,23
feste. 986,2018,60,22
<EOS>
mogi, 595,2046,66,24
selbst. 679,2046,71,21
<EOS>
Stellung. 764,2045,108,29
<EOS>
Lehrerstelle 905,2049,141,20
an 596,2081,26,14
baugewerbl. 638,2076,147,25
<EOS>
Bildungsanstalt, 798,2078,187,28
(am 1002,2079,44,27
liebsten 594,2105,91,20
für 705,2106,33,21
Mechanik, 762,2107,122,27
Festigkeits¬ 911,2109,136,26
lehre, 595,2135,65,27
Statik 671,2136,69,20
und 749,2138,43,18
Eisenbahnbau) 799,2139,178,27
nicht 989,2141,57,19
ausgeschlossen. 595,2167,181,25
<EOS>
Zeugnisse 626,2197,116,26
auf 764,2198,37,19
Wunsch 823,2200,95,19
zur 941,2206,35,13
Ver¬ 993,2201,51,19
fügung. 595,2225,89,27
<EOS>
Gefl. 717,2228,53,20
<EOS>
Offerten 792,2228,96,21
sub 909,2230,38,19
Chiffre 964,2231,80,19
N 596,2255,15,22
4113 629,2255,50,23
an 699,2264,25,13
Rudolf 626,2285,76,23
Mosse, 719,2285,83,30
Frankfurt 820,2287,116,24
a. 953,2295,19,17
<EOS>
M. 986,2289,27,22
<EOS>
<EOP>
Cresuclit 712,2343,202,34
: 922,2358,9,23
von 594,2398,52,18
einer 675,2393,73,23
elektrotechnischen 770,2389,273,32
Fabrik 595,2426,97,28
der 704,2430,46,24
Schweiz 759,2427,122,30
ein 894,2433,40,22
durch¬ 948,2432,94,24
aus 594,2473,47,17
befähigter, 669,2468,161,30
im 859,2470,35,22
Verkehr 922,2471,120,23
mit 594,2504,48,23
der 652,2504,47,23
Kundschaft 708,2505,167,25
gewandter 886,2508,156,29
Ingenieur, 621,2546,398,74
der 594,2625,48,24
womöglich 650,2626,164,30
in 831,2628,26,23
der 866,2627,49,24
Schweiz 923,2628,118,25
bekannt 593,2663,117,23
ist. 743,2664,41,23
<EOS>
Beherrschung 837,2665,204,32
der 593,2701,47,23
deutschen 675,2701,145,24
und 854,2703,53,22
franzö¬ 937,2703,104,24
sischen 592,2738,103,24
Sprache 716,2739,121,30
erforderlich. 853,2741,186,24
<EOS>
Eintritt 592,2776,107,24
nach 725,2777,68,23
Uebereinkunft. 819,2778,219,24
<EOS>
Off. 593,2813,49,24
<EOS>
mit 671,2814,50,22
Gehaltsansprüchen, 749,2814,290,32
Lebenslauf 592,2852,164,23
etc. 776,2855,47,21
<EOS>
unter 846,2856,77,21
E 937,2854,19,24
6055 969,2854,67,28
an 591,2896,33,17
die 653,2889,42,23
Annoncen-Expedition 722,2891,319,31
von 605,2930,42,15
Rudolf 664,2923,113,23
Mosse, 789,2924,105,28
Zürich. 910,2925,114,24
<EOS>
<EOP>
S 1120,176,29,39
ï 1473,196,7,14
I 1497,202,3,8
o 1120,220,29,31
Fp 1288,238,40,21
kk 1107,247,41,33
<EOS>
<EOP>
¦ 1317,282,0,1
<EOS>
<EOP>
¦ 1331,281,1,1
<EOS>
<EOP>
"¦ 1356,277,1,4
¦•es 1105,284,43,33
iî 1345,286,81,60
m 1465,293,35,24
iSS 1107,369,41,33
% 1107,417,40,42
<EOS>
<EOP>
«5 1472,472,32,22
fl 1119,485,28,35
x-% 1407,490,26,15
tâ 1106,523,42,37
s. 1473,540,12,12
<EOS>
<EOP>
as 1473,557,32,20
s 1526,557,23,20
F. 1477,616,23,15
<EOS>
m 1118,608,29,18
m 1311,630,38,35
© 1118,640,29,31
L 1118,684,41,33
5tf 1106,723,41,38
ix 1106,768,42,36
Prospecte 1119,841,122,29
mit 1253,842,36,22
etwa 1302,844,58,20
100 1372,842,40,23
Attesten. 1426,842,108,23
<EOS>
Je 1122,904,24,26
ein 1163,904,35,20
Anzug 1124,936,76,22
Lo 1322,920,112,72
<EOS>
<EOP>
25 1316,1019,122,94
40 1306,1141,132,93
60 1311,1262,127,93
total 1134,1404,51,20
4 1099,1449,14,18
Anzüge 1130,1444,88,24
140 1247,1399,186,92
Fr. 1466,1411,80,79
<EOS>
gratis 1173,1519,299,114
den 1214,1638,42,20
4 1273,1644,13,19
Gewinnern 1303,1638,130,20
von 1129,1676,41,12
Martin 1188,1667,80,23
Hubers 1287,1666,87,23
Verlosung. 1391,1668,127,26
<EOS>
<EOP>
(Ziehung 1178,1699,106,27
am 1301,1705,33,12
24. 1352,1703,35,19
<EOS>
dies.) 1405,1698,61,26
<EOS>
Für 1097,1730,43,18
je 1154,1730,20,24
20 1193,1735,27,13
Fr. 1236,1729,34,19
<EOS>
Einkauf 1288,1728,95,20
erhalten 1400,1729,97,19
Sie 1513,1729,36,20
<EOS>
<EOP>
ein 1218,1760,35,18
Los 1268,1759,43,21
umsonst. 1328,1762,99,16
<EOS>
Leistungsfähigste 1097,1789,206,25
u. 1317,1796,20,13
<EOS>
billigste 1352,1788,92,27
Bezugs¬ 1459,1790,89,25
quelle 1096,1819,70,28
für 1182,1819,32,21
alle 1231,1819,40,20
Herren- 1284,1819,92,21
und 1388,1819,43,20
Knaben¬ 1444,1819,102,20
<EOS>
<EOP>
kleider. 1200,1850,91,20
<EOS>
Mäntel 1308,1850,81,19
etc. 1405,1853,39,16
<EOS>
Grösst 1096,1880,75,20
assortiertes 1190,1880,133,21
Lager 1345,1880,70,26
in 1434,1880,20,19
Unter¬ 1472,1880,75,20
kleidern, 1111,1911,104,26
Sport-Hemden, 1237,1910,180,26
Damen-- 1439,1911,93,19
halstücher, 1096,1941,127,25
Kopfhüllen, 1243,1940,143,28
Unterröcke, 1404,1941,140,26
Lismer. 1120,1971,89,20
<EOS>
Pelzwaren, 1226,1970,128,26
Blousen 1372,1970,91,20
etc. 1479,1974,41,16
<EOS>
<EOP>
Seit 1195,2007,57,31
35 1274,2007,34,31
Jahren: 1329,2006,115,31
In 1094,2047,53,26
Gassen 1164,2045,183,27
Zürich. 1361,2042,184,31
<EOS>
<EOP>
Diplomiert 1210,2084,130,26
1894. 1360,2084,62,24
<EOS>
<EOP>
Eine 1265,2137,107,35
<EOS>
<EOP>
mit 1118,2302,49,41
automat. 1198,2303,129,41
<EOS>
Schaltung, 1356,2303,155,58
aus 1091,2362,37,13
der 1149,2356,39,20
Maschinenfabrik 1206,2355,207,24
Oerlikon 1438,2355,103,25
stammend, 1091,2387,125,27
nur 1232,2394,40,13
wenig 1288,2388,70,25
gebraucht, 1374,2388,126,26
ist 1517,2390,26,18
nebst 1091,2417,61,19
zugehörigen 1168,2417,146,26
Vorgelegen 1327,2418,138,25
billig 1480,2418,63,26
zu 1091,2453,24,12
verkaufen. 1131,2447,124,19
<EOS>
Gefl. 1120,2477,54,19
<EOS>
Offerten 1192,2477,96,19
sind 1310,2478,47,19
unter 1381,2482,62,16
Chiffre 1461,2478,81,20
D 1090,2506,19,20
6104 1121,2506,58,26
an 1191,2514,27,12
die 1234,2507,36,19
Annoncen-Expedi'ion 1283,2509,256,25
von 1090,2543,41,12
Rudolf 1144,2535,76,23
Mosse 1232,2536,76,23
Zürich, 1320,2537,86,28
zu 1416,2545,25,13
richten. 1450,2539,90,20
<EOS>
Maschinentechniken 1113,2596,401,86
(Schweizer) 1088,2687,140,27
erfahrener 1244,2689,123,20
Konstrukteur 1383,2691,159,19
mit 1089,2719,36,18
mehrjähriger 1148,2719,157,26
Werkstättenpraxis 1324,2720,218,27
im 1087,2748,30,19
Werkzeugmaschinen- 1139,2749,255,26
und 1422,2751,45,18
allg. 1488,2750,52,27
<EOS>
Maschinenbau, 1088,2779,174,26
gegenwärtig 1280,2781,147,25
in 1436,2780,22,20
leiten¬ 1466,2780,74,21
der 1087,2808,39,19
Stellung 1142,2808,98,27
im 1256,2810,28,19
Ausland, 1301,2810,104,25
mit 1421,2811,37,19
guten 1474,2814,66,21
Zeugnissen 1088,2838,130,25
erster 1236,2843,67,17
Firmen 1319,2840,86,20
versehen, 1427,2841,112,26
sucht 1087,2869,60,19
sich 1159,2869,45,20
gelegentlich 1212,2869,145,27
zu 1374,2877,25,13
verändern. 1411,2871,127,20
<EOS>
Offerten 1118,2899,95,20
unter 1230,2903,61,17
Chiffre 1308,2901,80,19
J 1400,2902,13,26
6084 1430,2902,58,25
an 1511,2908,27,14
<EOS>
<EOP>
Rudolf 1181,2928,76,23
Mosse 1270,2929,76,24
Zürich. 1358,2929,88,24
<EOS>
<EOP>
Gesucht 1690,148,249,58
: 1954,168,14,36
Bautechniker, 1627,225,400,95
theoretisch 1600,339,129,20
und 1746,340,43,20
praktisch 1804,341,109,25
tüchtig, 1925,341,90,26
in 2032,342,21,19
ein 1600,370,32,19
Baugeschäft. 1643,370,145,25
<EOS>
EintrittnachNeujahr. 1801,372,251,25
<EOS>
Anmeldungen, 1630,400,173,27
mit 1830,402,38,19
Angabe 1895,403,91,25
der 2014,402,39,20
gemachten 1601,430,128,26
Studien 1746,431,89,19
und 1852,432,43,19
der 1919,432,38,19
prakt. 1979,433,70,25
<EOS>
Thätigkeit, 1603,461,133,26
sowie 1742,462,65,19
d. 1814,461,20,22
<EOS>
Gchaltsansprüche 1843,461,208,28
zu 1599,497,25,12
richten 1640,491,81,19
an 1739,498,26,13
<EOS>
<EOP>
Joh. 1685,520,53,28
<EOS>
Kästli, 1761,521,90,33
Baumeister. 1875,525,174,24
<EOS>
<EOP>
Münchenbuchsee. 1750,559,238,22
<EOS>
n 1648,632,22,65
fenili 1692,610,140,89
indi 1858,610,169,94
Ca.300Laufmeter 1631,724,226,23
<EOS>
ausgebrauchte 1867,725,181,28
schmiedeiserne 1600,761,195,24
Rollbahnschienen. 1814,762,222,24
<EOS>
Offerten 1631,799,95,21
per 1753,807,39,19
Laufmeter 1818,801,123,20
franko 1973,802,76,20
Station 1601,834,83,20
Burgdorf 1698,835,112,26
geliefert, 1823,836,107,27
an 1949,843,28,13
J. 1626,866,26,23
<EOS>
Ogi, 1670,866,63,29
Buchhalter, 1756,870,135,25
Burgdorf. 1908,868,116,29
<EOS>
Für 1632,912,40,24
die 1686,913,33,23
Vorarbeiten 1729,914,149,23
und 1891,914,41,22
den 1946,914,41,23
Bau 2002,915,46,22
elektrischer 1601,942,150,24
Bahnen 1764,944,90,22
suchen 1864,947,79,17
wir 1955,947,38,18
zum 2003,953,47,12
baldigen 1601,975,101,25
Eintritt 1719,975,87,20
einen 1824,974,63,23
jüngeren 1904,975,107,27
Bauingenieur, 1624,1019,400,99
welcher 1601,1131,99,23
der 1733,1131,39,23
französischen 1803,1133,169,23
und 2007,1134,40,22
deutschen 1601,1162,122,22
Sprache 1740,1161,104,29
und 1856,1162,42,23
Korrespon¬ 1913,1163,134,30
denz 1600,1191,56,23
mächtig 1683,1193,93,27
und 1808,1193,41,21
Erfahrung 1877,1193,124,29
in 2029,1195,19,22
ähnlichen 1600,1222,119,23
Projekt- 1731,1223,98,28
und 1843,1223,40,22
Bauarbeiten 1897,1223,150,24
besitzt. 1600,1251,86,24
<EOS>
Bewerbungen 1630,1284,162,26
mit 1803,1284,39,19
kurzer 1852,1285,76,19
Beschrei¬ 1941,1285,108,20
bung 1599,1314,59,25
des 1670,1314,37,20
Lebenslaufes 1719,1314,150,20
nebst 1885,1316,60,18
Angabe 1956,1316,91,25
des 1599,1344,38,21
Gehaltsanspruchs 1648,1345,205,26
sind 1870,1345,49,20
schriftlich 1930,1346,117,20
einzureichen 1599,1375,147,19
an 1762,1382,27,12
<EOS>
<EOP>
Siemens 1654,1404,144,37
& 1815,1404,28,36
Halske, 1859,1405,129,43
Abteilung 1627,1448,104,29
fiir 1748,1448,32,24
elektrische 1796,1448,117,24
Bahnen, 1930,1449,86,27
Markgrafenstr. 1597,1480,178,25
<EOS>
94, 1793,1486,35,21
Berlin 1845,1478,118,23
S. 1981,1482,21,18
<EOS>
W. 2013,1483,33,19
<EOS>
Maschinentechniken 1614,1531,412,49
mit 1597,1593,37,20
sehr 1651,1593,49,19
guten 1716,1597,65,22
Referenzen 1799,1593,131,20
wünscht 1945,1593,100,22
seine 1595,1630,59,13
Stellung 1662,1621,99,29
zu 1771,1630,25,13
verändern. 1803,1624,127,20
<EOS>
Stellung 1949,1625,97,25
auf 1596,1654,38,19
techn. 1653,1654,68,19
<EOS>
Bureau 1741,1654,82,20
in 1846,1654,18,20
Zürich 1888,1653,79,23
oder 1990,1655,53,19
Umgebung 1596,1685,129,24
würde 1750,1684,72,19
Familienverhält¬ 1849,1684,195,20
nisse 1596,1714,54,20
halber 1672,1714,76,19
vorgezogen. 1768,1720,143,20
<EOS>
Offerten 1950,1715,95,20
unterN6oi3 1596,1744,152,26
an 1759,1751,26,13
Rudolf 1792,1742,77,23
Mosse 1875,1742,77,23
Zürich 1963,1742,81,24
erbeten. 1596,1775,94,19
<EOS>
<EOP>
Gesucht: 1680,1833,278,67
Zu 1625,1911,29,19
sofortigem 1676,1911,123,25
Eintritt 1816,1913,86,20
einen 1924,1913,61,20
mit 2007,1913,37,19
Abrechnungsarbeiten 1593,1945,254,25
vertrauten 1861,1950,119,17
Jün¬ 1996,1947,47,26
gern 1593,1985,54,19
Ingenieur. 1663,1977,195,30
<EOS>
Offerten 1624,2013,96,20
sub 1737,2014,38,19
Chiffre 1792,2014,79,21
0 1889,2013,13,22
F 1913,2013,13,22
6436 1936,2014,66,22
an 2013,2023,28,12
Orellfüssli-Annoncen, 1632,2041,262,29
Zürich. 1912,2044,88,23
<EOS>
<EOP>
Cliches 1702,2176,210,74
Holzschmiïsji 1696,2235,271,54
<EOS>
<EOP>
Veranden, 1797,2410,105,28
Obliehte, 1935,2410,94,29
Vordächer, 1769,2440,159,29
Hallen 1943,2442,95,22
Gewächshäuser, 1807,2476,189,27
Stall-Einrichtungen, 1777,2504,247,29
pss-and 1766,2534,83,29
setaiedeis. 1858,2534,94,25
<EOS>
(kinder, 1957,2535,80,29
<EOS>
<EOP>
Balkone 1842,2565,67,22
etc., 1922,2569,38,21
<EOS>
Eisenkoustruktionen 1805,2593,199,27
jeder 1830,2625,72,28
Art. 1919,2625,55,23
<EOS>
Suter-Streliler 1767,2659,179,31
& 1962,2659,19,31
Co., 1995,2660,42,35
<EOS>
Konstr.-Werkstätten, 1778,2703,251,25
<EOS>
<EOP>
ZÜRICH. 1842,2731,119,27
<EOS>
iy. 1659,2822,44,41
<EOS>
nd 1728,2826,42,37
<Lsy^ditt-Sct)\\t*£> 1795,2823,246,39
Tr3 1651,2851,44,25
iQw}^oewi£senkaffctj~proinpt; 1700,2851,357,34
<EOS>
<EOP>
