2280,3100
i 273,119,6,16
6 290,112,11,23
4 307,120,16,22
SCI 922,111,50,24
1 981,113,5,21
\V 994,113,27,21
EIZERISCHE 1030,111,196,24
BAUZEITUNG 1250,110,217,25
[Bd. 1834,106,56,35
<EOS>
XXVI 1915,111,81,21
Xr 2022,111,31,21
2 2094,117,7,15
5. 2109,118,22,18
<EOS>
<EOP>
: 693,1130,3,39
<EOS>
<EOP>
am 229,180,41,16
ifj. 300,180,37,21
<EOS>
März 362,174,68,22
1894 459,173,65,30
begonnen. 547,174,148,28
<EOS>
' 208,207,5,13
Dachstühle 229,211,166,23
wurde 419,211,92,22
der 540,211,48,22
Firma 616,211,89,23
j 208,242,2,33
übertragen. 230,248,171,31
<EOS>
Ueber 447,249,88,22
den 564,248,49,22
Sum 636,249,61,21
der 229,286,49,22
Fassaden 293,286,135,22
rüstig 446,286,83,27
vorwärts. 546,287,138,21
<EOS>
: 704,294,2,13
nach 230,324,65,22
Vollendung 313,323,171,30
der 507,323,47,22
Bildhauei 571,323,136,23
Dächer 230,362,106,22
des 365,361,46,23
Saalaufbaues 433,360,199,24
und 660,362,48,22
gedeckt, 229,399,121,29
die 380,398,42,24
Türme 449,400,97,21
auf 577,398,46,24
ziemliche 229,437,138,22
Höhe 403,437,76,21
gefühlt 515,436,105,27
und 229,474,52,23
die 319,474,42,22
Garten-Einfas¬ 403,473,216,23
sungsmauern 229,517,195,24
zum 466,518,59,15
Teil 563,511,56,24
hergestellt. 230,550,166,28
<EOS>
<EOP>
Gleichzeitig 274,587,178,29
landen 464,587,94,22
mit 573,586,47,24
der 230,625,48,22
Stadt 300,625,75,22
Verhandlungen 393,623,226,31
über 230,664,66,21
die 326,661,42,24
Lieferung 399,661,143,28
des 575,662,45,21
elektrischen 262,699,178,23
Stromes 462,700,121,22
Statt 230,740,62,21
; 306,745,2,19
denn 330,737,67,22
von 420,744,49,15
der 489,737,48,22
Gas¬ 554,737,67,22
beleuchtung 230,776,181,27
wollte 443,775,90,22
man 560,781,60,17
von 232,820,49,17
vornherein 310,812,160,25
absehen, 495,812,125,27
ebensowenig 232,850,190,29
konnte 451,849,98,23
mit 574,849,47,24
Rücksicht 235,887,141,25
auf 405,887,45,24
die 478,887,41,24
Lage 549,887,72,31
am 232,933,41,15
Alpenquai 290,925,149,31
an 453,930,31,18
den 501,925,48,22
Bau 569,925,51,23
eines 233,964,70,22
eigenen 323,964,109,28
Maschinen¬ 456,963,165,23
hauses 234,1002,94,22
gedacht 360,1001,112,28
weiden. 505,1001,115,22
<EOS>
So 233,1041,34,21
war 304,1046,54,15
man 394,1045,59,17
auf 494,1037,46,24
die 579,1038,41,22
keineswegs 232,1077,168,28
billigen 422,1075,111,31
For¬ 560,1076,61,22
derungen 234,1114,135,27
des 393,1113,46,22
städtischen 458,1113,163,22
Elektricitätswerk 233,1150,259,25
es 495,1157,26,16
ange¬ 544,1157,73,23
wiesen. 234,1190,106,22
<EOS>
Da 385,1189,37,23
die 453,1189,41,22
Kabel¬ 523,1190,98,21
leitungen 235,1228,134,26
jedoch 413,1226,92,26
nicht 551,1227,68,22
stark 233,1266,72,22
genug 315,1271,89,22
dimensioniert 417,1263,204,24
waren, 234,1310,96,16
um 361,1308,40,17
dem 427,1302,61,21
grossen 511,1309,111,19
Lichtbedarf 235,1339,176,25
zu 435,1347,29,14
genügen, 492,1339,129,30
anet 234,1385,57,15
bot 302,1378,43,22
sich 378,1378,54,22
die 466,1377,41,23
Sta 538,1378,43,21
It. 596,1377,26,23
<EOS>
die 235,1416,42,22
Anlage 289,1416,101,28
einer 405,1415,73,22
Accumu- 491,1415,130,23
latorenbatteric 235,1452,221,24
im 480,1453,34,21
Werte 532,1453,90,21
von 235,1498,49,17
etwa 303,1496,66,17
100000 390,1496,113,17
Fr. 515,1489,42,24
<EOS>
mit 576,1490,45,21
tien 235,1529,49,22
nötigen 307,1529,109,27
Transforma¬ 438,1527,180,24
toren 235,1570,75,20
auf 323,1565,46,24
ihre 382,1566,55,22
Kosten 450,1566,99,22
aus¬ 566,1572,57,16
zuführen 235,1604,127,22
und 389,1603,48,23
die 461,1603,43,23
Ilckto- 526,1603,98,22
wattstunde 236,1640,161,25
ohne 426,1641,68,22
Grün 522,1639,72,25
1- 607,1640,18,22
taxe 236,1684,59,19
zu 318,1687,28,14
10 374,1686,29,15
Cts. 421,1681,52,20
<EOS>
zu 491,1686,28,14
berechnen. 538,1677,165,24
<EOS>
Diese 236,1718,81,21
Bedingungen, 333,1716,200,29
welche 548,1716,102,21
die 663,1714,41,22
Betriebsrechnung 236,1754,264,27
des 549,1753,45,22
Ton¬ 636,1753,68,22
ila 237,1793,31,21
Ile-Un 274,1792,90,22
tei 370,1795,32,19
neh 411,1792,50,22
m 467,1798,23,15
ens 496,1797,44,16
allerdings 557,1790,147,29
schwer 237,1830,107,23
genug 366,1836,88,22
belasten, 478,1830,130,21
wur¬ 638,1834,68,17
den 239,1867,50,24
eingegangen. 313,1867,195,30
<EOS>
<EOP>
Die 297,1906,48,21
Heizung 383,1904,120,29
des 538,1904,47,22
Baues 622,1904,83,21
wurde 240,1942,91,23
der 367,1942,48,22
Firma 443,1942,90,21
Gebrüder 564,1940,143,24
Körting 240,1980,116,30
in 387,1980,25,22
Hannover 449,1980,145,22
über¬ 628,1979,79,22
tragen 240,2023,93,24
: 345,2025,4,16
wir 372,2018,47,22
hoffen 446,2018,89,22
später 562,2018,91,28
in 682,2016,24,22
einer 241,2057,74,22
besonderen 326,2055,168,23
Beschreibung 508,2054,198,28
auf 240,2094,46,22
diese 319,2093,74,22
Anlage 428,2093,103,28
zurückzu¬ 566,2091,141,23
kommen. 239,2131,134,23
<EOS>
<EOP>
In 307,2169,25,22
den 382,2168,49,22
Wintermonaten 471,2167,234,23
1804 245,2207,66,29
'05 324,2203,35,30
galt 385,2206,56,29
die 457,2206,43,22
Ilauptthätig- 514,2204,189,30
keit 240,2245,51,22
dem 322,2245,59,22
innern 414,2244,90,22
Ausbau: 533,2244,124,21
es 680,2249,26,15
wurden 240,2282,111,23
die 378,2282,42,22
Heizkörper 443,2280,167,30
mon¬ 632,2286,75,16
tiert 241,2321,60,22
und 329,2319,53,23
mit 405,2319,49,22
den 477,2318,50,23
Stukkatur¬ 549,2317,157,24
arbeiten, 241,2358,131,22
die 383,2357,42,22
Herr 439,2357,70,22
Arch. 521,2356,79,22
<EOS>
Martin 612,2355,93,22
übernommen 242,2396,193,22
hatte, 455,2394,78,22
begonnen. 555,2394,150,28
<EOS>
Ihrer 241,2434,75,22
gedeihlichen 336,2432,187,30
Förderung 545,2431,161,29
that 244,2472,52,21
die 336,2471,42,22
andauernde 417,2469,171,23
Kälte 628,2469,77,22
starken 242,2509,106,23
Eintrag, 371,2509,117,28
die 514,2507,42,22
ein 579,2507,42,22
fort¬ 643,2506,63,23
währendes 243,2546,159,24
Heizen 417,2546,99,22
der 541,2545,47,22
Räume 605,2545,101,21
erforderte. 244,2585,157,22
<EOS>
Eine 426,2583,62,23
ausserordent¬ 505,2581,202,24
liche 244,2623,68,22
Feuchtigkeit 329,2620,186,30
der 538,2620,47,22
Räume, 599,2620,108,22
thek. 742,2622,51,18
<EOS>
die 244,2661,42,22
auch 318,2660,67,22
im 421,2659,35,22
Frühjahr 489,2657,133,31
und 656,2658,54,22
Sommer 244,2698,126,23
nicht 400,2697,72,22
weichen 504,2696,118,23
wo 656,2703,41,15
<EOS>
<EOP>
lie 732,174,33,21
Vusführung 798,173,163,29
der 984,173,46,22
eisernen 1053,173,120,21
<EOS>
<EOP>
bei 775,212,38,20
t 824,216,5,16
Buss 856,211,61,22
X 934,212,17,20
Cie. 967,210,52,22
<EOS>
in 1052,210,22,22
Basel 1099,210,76,22
; 751,257,3,13
1894 787,248,66,30
schritt 878,247,92,24
der 995,247,47,22
Ausbau 1065,246,108,24
<EOS>
<EOP>
<EOS>
Spätherbst 755,285,157,30
waren 930,291,89,16
dieselben 1035,284,139,23
<EOS>
<EOP>
.; 788,331,12,14
<EOS>
bereits 829,323,98,22
abgerüstet, 947,323,161,28
die 1132,322,41,22
lei 745,362,31,22
beiden 808,361,94,22
Seitenflügel 925,359,174,30
ein¬ 1122,360,51,22
<EOS>
<EOP>
sitzen 1224,172,79,21
und 1328,171,50,23
Rohrstühle 1402,172,159,22
aus 1584,178,46,15
p 1654,178,11,21
nommen, 1223,215,136,20
deren 1382,208,79,23
Lieferanten. 1485,208,177,25
<EOS>
<EOP>
:bogenem 1678,171,143,30
Holz 1847,172,66,21
in 1937,171,24,22
Aussicht 1980,171,123,22
ge- 2127,177,44,24
die 1692,208,42,22
Herren 1758,209,100,22
Joseph 1886,209,94,29
und 2013,208,50,22
jakob 2090,208,81,28
Kohn 1225,246,76,22
in 1325,246,23,22
Wien, 1373,246,85,28
hinreichend 1481,246,171,22
dafür 1676,246,77,22
gesorgt 1775,251,109,24
haben, 1908,246,95,23
dass 2032,246,60,22
ihre 2116,246,55,22
Firma 1224,284,91,22
jedem 1342,283,89,30
Konzertbesucher 1462,284,249,22
in 1743,284,24,22
dauerndem 1797,283,164,24
Angedenken 1987,282,184,32
bleibt. 1224,322,92,22
<EOS>
Die 1372,322,49,21
Entfernung 1444,320,164,29
der 1640,321,47,22
einzelnen 1709,322,135,21
Reihen 1869,322,99,22
wurde 2002,322,92,22
auf 2128,321,47,22
<EOS>
<EOP>
55 1626,365,30,21
cm 1676,366,32,15
festgesetzt, 1731,358,160,29
wodurch 1916,359,127,22
für 2068,358,39,24
die 2129,359,42,22
<EOS>
<EOP>
Besucher 1785,396,131,22
in 1939,395,23,24
bester 1980,397,89,21
Weise 2083,396,89,23
5 1242,365,12,22
cm, 1272,365,42,23
die 1339,359,41,22
Sitzbreite 1400,358,142,24
aut 1565,362,44,19
<EOS>
<EOP>
Neue 1010,439,75,20
Tonhalle 1104,439,129,20
in 1250,439,27,19
Zürich. 1295,438,99,21
<EOS>
<EOP>
^ 1283,639,78,37
.s- 1046,668,20,15
<EOS>
<EOP>
;-x 1357,682,32,26
<EOS>
<EOP>
•: 1499,709,6,12
: 1533,704,3,17
<EOS>
<EOP>
terrass: 1497,774,85,17
¦ 1674,787,2,5
: 831,791,6,7
' 844,790,4,2
<EOS>
<EOP>
<EOS>
<EOP>
- 1230,831,7,4
<EOS>
<EOP>
1 1633,1090,32,39
Grosser 1019,1144,75,17
Conceasaa 1108,1143,111,18
- 1348,1146,6,3
: 1364,1146,3,10
<EOS>
<EOP>
-: 1517,1226,11,13
<EOS>
<EOP>
L--5 1603,1295,64,30
UM 1372,1306,216,74
-u 832,1315,63,41
„I 881,1313,29,22
Ft. 885,1333,25,16
<EOS>
:3cL 842,1367,37,16
'ä£j» 885,1372,44,14
<EOS>
<EOP>
Grundriss 1016,1466,114,20
vom 1148,1472,48,13
1 1214,1467,7,17
lauptgeschoss. 1228,1466,166,26
<EOS>
Legende 757,1512,89,22
: 853,1518,6,10
Durchgang. 693,1538,126,23
<EOS>
7 856,1544,8,16
<EOS>
<EOP>
<EOS>
Orchesternischf 699,1565,168,17
<EOS>
<EOP>
Gesellschafts 706,1591,138,18
<EOS>
<EOP>
Damensalon. 1048,1512,138,18
<EOS>
3. 1207,1518,16,15
<EOS>
Durchgang. 1236,1512,126,22
<EOS>
4. 1383,1516,15,17
<EOS>
Galerietreppe. 1409,1511,154,23
<EOS>
5, 1583,1516,16,17
Verbindung. 1610,1511,134,23
<EOS>
S. 1042,1539,15,16
<EOS>
Solisten- 1076,1538,91,16
9. 1202,1543,16,17
<EOS>
Damen 1237,1539,74,15
Loi 1316,1539,24,15
let 1345,1539,22,15
te. 1372,1543,22,12
<EOS>
io. 1434,1544,24,11
<EOS>
Eingang 1478,1538,91,22
zum 1588,1543,42,11
Pavillon. 1650,1538,94,17
<EOS>
<EOP>
3. 1118,1570,17,16
<EOS>
Solisten. 1142,1564,92,18
<EOS>
14. 1251,1570,25,15
<EOS>
Nebentreppe. 1287,1565,144,22
<EOS>
15. 1447,1569,23,17
<EOS>
Garderobe. 1480,1564,121,18
<EOS>
16. 1618,1565,24,17
<EOS>
Musiker, 1652,1565,92,16
miner. 866,1598,67,11
<EOS>
rS. 961,1592,25,17
<EOS>
Bibliothek. 1002,1591,116,17
<EOS>
19. 1147,1596,23,15
<EOS>
Wohnung: 1185,1591,107,19
für 1306,1591,28,17
den 1350,1592,35,15
Wirt. 1401,1591,54,18
<EOS>
<EOP>
1. 880,1517,12,13
<EOS>
Toilette. 907,1512,90,16
<EOS>
Bibliothek. 885,1538,119,18
<EOS>
1 895,1571,2,10
2. 904,1571,14,11
<EOS>
1 928,1565,4,16
lerrentoilette. 939,1565,148,17
<EOS>
<EOP>
*"% 1387,1878,71,32
f 1387,1930,21,39
<EOS>
<EOP>
--' 1220,2051,41,8
<EOS>
<EOP>
-+ 1327,2091,43,29
<EOS>
<EOP>
;•¦ 1427,2225,9,18
V, 1445,2225,15,12
<EOS>
<EOP>
Cr 897,2335,37,30
<EOS>
<EOP>
— 1615,2459,13,3
affl 1637,2447,33,17
<EOS>
<EOP>
Legende 829,2595,90,22
6. 819,2621,16,19
<EOS>
Orgel. 851,2621,66,21
<EOS>
<EOP>
Gal 975,2594,37,16
<EOS>
<EOP>
te. 725,2702,31,17
<EOS>
verzögerte 788,2696,156,28
diese 974,2693,72,23
und 1068,2693,54,22
die 1144,2693,41,22
Dekorationsmalerarbeiten 245,2734,394,24
(Unternehmer: 652,2731,221,33
M. 889,2733,32,21
<EOS>
Poser) 936,2731,94,26
ungemein 1042,2731,146,30
und 245,2774,50,23
machte 315,2774,104,22
das 437,2772,46,23
Stehenbleiben 499,2772,210,23
der 732,2771,47,22
Gerüste 798,2770,114,23
bis 935,2769,40,22
in 998,2769,26,22
den 1046,2769,50,22
Spät¬ 1112,2769,76,28
sommer 246,2818,120,16
notwendig. 387,2810,162,29
<EOS>
Nur 591,2809,56,23
durch 670,2809,83,23
eine 776,2808,56,22
fieberhafte 855,2807,160,23
Thätigkeit 1038,2807,152,28
in 246,2850,24,22
allen 294,2850,70,21
Teilen 381,2848,91,23
des 495,2847,46,22
Gebäudes 561,2847,143,22
zugleich 726,2846,122,30
konnte 870,2846,99,22
das 992,2845,46,22
Ziel, 1061,2844,63,23
die 1148,2844,42,22
Vollendung 247,2886,173,30
auf 436,2885,47,23
den 496,2885,50,22
vorgesehenen 561,2885,203,28
Zeitpunkt 779,2883,141,30
erreicht 943,2883,114,22
werden. 1074,2882,115,23
<EOS>
Für 246,2925,53,22
die 318,2924,41,22
Bestuhlung 376,2924,165,28
waren 563,2929,90,17
von 669,2929,51,17
Anfang 736,2922,106,29
an 865,2928,32,16
Bänke 914,2921,86,23
mit 1023,2920,46,23
Klapp¬ 1089,2920,102,30
<EOS>
<EOP>
gesorgt 1783,435,111,28
ist. 1924,433,39,23
<EOS>
Bei 2013,433,43,24
gleich 2083,434,87,27
engen 1785,478,83,21
Sitzen, 1888,471,93,24
wie 2006,471,48,23
in 2078,472,23,22
der 2125,472,46,22
alten 1784,510,69,20
Tonhalle, 1869,508,138,30
hätte 2024,508,70,25
man 2111,515,59,18
die 1784,545,42,24
Zahl 1858,546,62,22
der 1952,546,47,22
Sitzplätze 2030,545,142,31
im 1785,584,33,21
grossen 1833,590,108,22
Saal 1956,584,60,22
von 2033,591,49,15
1500 2105,590,66,20
auf 1784,621,46,23
1X50 1845,623,66,25
steigern 1930,621,115,30
können. 2058,621,112,22
<EOS>
Auch 1785,660,73,21
die 1894,659,42,22
irgel 1984,660,63,27
wurde 2080,659,92,23
renoviert 1784,696,135,24
und 1941,697,51,21
erhielt 2018,697,94,22
ein 2132,696,40,24
passendes 1785,733,145,31
Gehäuse. 1953,734,130,22
<EOS>
<EOP>
Um 1842,771,48,25
für 1915,771,40,23
die 1978,770,41,24
Plafond¬ 2046,770,126,25
gemälde 1784,808,124,31
im 1924,809,34,22
grossen 1980,816,111,21
Saal 2112,809,58,22
Fintwürfe 1785,847,133,23
zu 1959,854,29,15
erlangen, 2037,847,135,28
wurde 1785,883,92,25
unter 1902,888,78,19
schweizeri¬ 2005,883,167,25
schen 1784,921,79,24
und 1890,922,51,22
ausländischen 1969,920,202,25
Künstlern 1785,960,144,21
ein 1941,958,40,25
Wettbewerb 1985,958,187,25
eröffnet, 1786,997,119,24
in 1930,997,22,22
welchem 1974,997,127,22
sich 2118,997,55,22
das 1785,1035,46,22
aus 1861,1041,45,16
den 1938,1035,48,22
IUI. 2015,1035,56,22
<EOS>
Prof. 2103,1033,68,25
<EOS>
Freytag. 1785,1073,123,28
<EOS>
Professor 1939,1072,140,23
Graf, 2101,1072,72,28
Kunstmaler 1785,1110,172,22
Dr. 1986,1110,44,22
<EOS>
Stückel¬ 2058,1109,116,23
berg. 1786,1148,75,26
<EOS>
Baurat 1879,1147,95,23
Helmer 1990,1146,111,24
und 2121,1147,51,22
alt 1785,1184,36,23
Pfarrer 1852,1184,105,23
Frick-Forrer 1985,1184,189,23
bestehende 1786,1222,163,23
Preisgericht 1995,1223,178,28
für 1786,1259,41,24
die 1867,1260,42,21
Entwürfe 1953,1258,135,25
der 2128,1258,47,25
Herren 1785,1298,101,22
von 1912,1303,50,17
Gastgeb 1984,1296,120,31
und 2121,1297,50,22
Peyfuss 1784,1334,111,30
in 1907,1334,24,24
Wien 1937,1334,78,24
entschied, 2029,1334,144,27
die 1785,1372,42,22
auch 1844,1372,65,22
die 1927,1372,42,22
Deckenmale¬ 1983,1371,190,24
reien 1786,1411,71,22
im 1880,1411,34,21
Theater 1938,1410,114,23
ausge¬ 2080,1416,93,22
führt 1784,1448,71,23
hatten. 1868,1448,97,22
<EOS>
Die 1988,1447,50,24
Decken¬ 2054,1447,119,22
malereien 1786,1485,145,22
im 1944,1486,33,21
kleinen 1988,1484,104,23
Kon¬ 2105,1486,68,21
zertsaal 1785,1524,112,21
wurden 1927,1522,109,22
an 2067,1528,30,17
den 2124,1522,49,22
schweizerischen 1785,1560,237,22
Kunstma¬ 2033,1560,141,22
ler 1786,1599,39,21
Barzaghi 1853,1598,129,28
übertragen, 2004,1598,171,29
der 1786,1636,47,22
seitdem 1845,1635,113,22
seinen 1973,1635,88,22
Wohn- 2077,1634,98,24
nach 1783,1673,66,23
Zürich 1873,1672,93,24
verlegt 1995,1672,105,30
hat. 2123,1673,50,21
<EOS>
Die 1711,1712,49,22
Büsten 1784,1711,94,22
berühmter 1908,1710,160,22
Kom¬ 2095,1709,80,24
ponisten 1711,1749,124,30
für 1855,1748,42,23
die 1913,1747,42,23
Fassaden 1970,1748,135,22
und 2123,1747,51,23
den 1712,1786,48,22
grossen 1784,1793,110,21
Saal 1914,1786,60,22
wurden 1998,1785,109,23
von 2125,1792,49,15
Bildhauer 1712,1824,147,23
Vicari 1882,1823,87,23
nach 1989,1823,66,22
Model¬ 2074,1822,102,23
len, 1713,1863,50,22
welche 1786,1862,100,21
die 1903,1861,42,21
HH. 1962,1860,57,24
<EOS>
Gebrüder 2036,1860,142,22
Hug 1714,1899,60,30
schenkten, 1783,1898,151,25
vollendet, 1943,1897,147,23
wäh¬ 2107,1898,70,21
rend 1713,1936,64,23
die 1802,1936,41,22
Bildhauerarbeiten 1860,1935,269,23
an 2146,1942,30,15
den 1715,1974,47,22
Fassaden 1792,1974,135,22
nach 1954,1974,65,22
Modellen 2042,1973,135,23
von 1714,2018,51,17
Herrn 1788,2012,87,23
Paul 1901,2011,64,23
Abri 1990,2011,66,22
in 2079,2011,22,22
Zü¬ 2130,2011,48,22
rich 1714,2050,55,22
durch 1797,2050,83,22
die 1904,2049,42,22
IUI. 1969,2049,56,22
<EOS>
Chr. 2049,2049,60,22
<EOS>
Vi¬ 2134,2047,44,24
cari 1715,2087,53,23
und 1797,2087,51,22
Schmidt 1872,2086,121,23
& 2015,2084,18,25
Schmid- 2056,2085,122,24
weber 1714,2125,93,21
ausgeführt 1829,2123,155,30
wurden. 2005,2123,118,22
<EOS>
<EOP>
Rascher 1770,2162,119,22
als 1921,2162,38,22
der 1993,2161,47,23
Ausbau 2069,2161,108,23
im 1714,2200,35,23
Innern 1783,2200,92,23
vollzog 1905,2200,108,28
sich 2046,2199,55,22
die 2137,2198,41,23
Aussengestaltung. 1714,2237,266,30
<EOS>
Schon 2024,2236,85,23
im 2145,2236,33,22
Vorfrühling 1714,2275,177,29
wurden 1927,2273,108,23
die 2069,2274,42,22
an 2148,2280,30,15
Herrn 1714,2313,85,22
Otto 1824,2312,61,22
Fröbel 1908,2312,98,22
übertrage¬ 2024,2312,156,27
nen 1715,2357,48,16
Feldarbeiten 1780,2350,190,22
im 1988,2350,35,22
Garten 2040,2350,99,22
in 2156,2349,22,22
Angriff 1715,2388,108,29
genommen, 1853,2394,169,22
Hand 2052,2387,74,22
in 2156,2386,22,23
Hand 1714,2426,79,23
damit 1816,2426,83,22
gieng 1915,2425,81,28
die 2018,2424,43,22
Durch¬ 2078,2424,102,22
führung 1716,2464,119,26
der 1857,2463,46,22
Kanalisation 1920,2462,185,23
und 2129,2461,51,22
vom 1715,2508,63,16
25. 1814,2507,40,21
<EOS>
April 1885,2500,78,29
an 1998,2506,31,16
erfolgte 2066,2499,114,29
die 1716,2538,42,23
Bepflanzung 1781,2537,177,31
des 1979,2537,46,22
Terrains. 2047,2537,133,22
<EOS>
Die 1715,2576,49,22
Ausführung 1774,2576,172,28
der 1952,2575,50,23
Kandelaber 2008,2574,175,24
für 1717,2614,42,23
den 1781,2614,50,22
Garten 1861,2614,100,23
wurden 1988,2613,110,23
dem 2122,2612,61,22
von 1717,2659,53,16
Roll'schen 1798,2651,154,23
Eisenwerk 1977,2649,153,24
in 2158,2650,24,23
der 1236,2693,48,22
Klus 1306,2693,65,23
bei 1393,2692,44,22
Baisthal 1459,2691,120,23
übergeben. 1601,2690,162,29
<EOS>
<EOP>
Ausser 1332,2732,100,21
den 1454,2729,48,22
bereits 1532,2728,100,23
genannten 1658,2731,149,26
mögen 1841,2728,97,28
noch 1962,2726,68,23
folgende 2056,2725,127,29
Unternehmer, 1238,2769,204,26
welche 1466,2767,101,22
sich 1590,2766,55,22
an 1668,2772,30,15
dem 1722,2764,60,23
Bau 1808,2764,54,22
beteiligt 1881,2764,124,29
haben, 2026,2764,94,26
er¬ 2145,2769,39,17
wähnt 1240,2806,88,23
werden: 1344,2805,122,23
Schreinerarbeiten: 1490,2803,279,25
Ammann-Bodmer, 1790,2802,272,27
Granit¬ 2079,2801,106,23
arbeiten: 1240,2844,134,22
Antonini 1391,2842,127,24
in 1531,2842,24,22
Wassen, 1571,2841,121,28
Dachdeckerarbeiten: 1708,2841,311,22
A. 2036,2840,30,22
<EOS>
Bauert. 2081,2839,104,23
<EOS>
Gussäulen: 1241,2881,160,23
M. 1438,2881,33,22
<EOS>
Koch. 1501,2880,82,22
<EOS>
Motoren: 1615,2880,133,22
Maschinenfabrik 1775,2876,245,26
Oerlikon. 2049,2876,135,24
<EOS>
Terrazzo-Boden: 1240,2918,248,24
Odorico, 1518,2917,126,29
Gas- 1673,2916,64,24
und 1759,2916,54,23
Wasserleitungen: 1840,2915,261,29
Leo 2132,2915,53,22
<EOS>
<EOP>
sitz 1711,1675,46,21
<EOS>
<EOP>
Grundriss 1035,2551,116,19
vom 1168,2557,49,13
ersten 1234,2555,69,15
Stock, 1321,2550,71,19
rie, 1026,2595,31,17
2. 1073,2600,14,12
<EOS>
Damentoilette. 1098,2594,158,17
<EOS>
3. 1271,2600,15,15
<EOS>
Herrentoilette. 1295,2593,159,17
<EOS>
4. 1467,2598,16,16
<EOS>
Balkon. 1494,2592,81,17
<EOS>
5. 1588,2597,15,16
<EOS>
Biblio- 1615,2591,72,17
<EOS>
<EOP>
