2280,3100
155 269,87,46,24
SCHWEIZERISCHE 908,80,305,24
BAUZEITUNG 1234,80,221,24
[Bd. 1833,76,55,33
<EOS>
XXVI 1911,79,85,23
Nr. 2017,79,45,23
<EOS>
äkademie) 227,139,121,27
einzureichen, 366,140,152,27
mit 537,141,35,19
Nennung 586,140,107,26
der 710,140,38,19
Verfasser 760,139,109,20
in 886,139,21,20
verschlossenem 924,140,181,18
Um¬ 1124,139,46,20
schlage. 227,177,92,27
<EOS>
Drei 352,179,52,17
Preise: 421,178,82,19
Goc. 527,178,50,18
<EOS>
400, 594,183,51,21
400 661,184,44,18
M. 724,179,27,17
<EOS>
Der 784,178,44,18
Verfasser 847,177,109,19
des 972,177,36,19
zur 1025,184,36,12
Verviel¬ 1078,175,95,21
fältigung 229,214,104,27
angenommenen 351,221,183,20
Entwurfes 552,214,119,21
erhält 693,214,68,21
ein 779,215,34,19
Extra-Honorar 830,214,175,21
von 1024,221,39,13
600 1081,217,43,16
M. 1142,215,29,18
<EOS>
<EOP>
Bau 318,252,46,21
und 377,251,40,22
Betrieb 431,251,89,22
eines 533,252,63,21
elektrischen 609,251,149,22
Bahnnetzes 771,251,143,22
in 926,251,20,21
Wien 959,251,60,22
(Bd. 1030,251,50,28
<EOS>
XWI. 1092,252,79,18
<EOS>
S. 228,292,19,17
<EOS>
54 262,295,26,21
<EOS>
Es 338,290,27,20
sind 378,290,47,19
insgesamt 442,291,113,24
zehn 573,290,53,20
Projekte 638,290,99,26
von 756,296,40,13
folgenden 810,290,114,24
Firmen 936,290,86,18
eingereich: 1041,289,129,25
worden: 227,329,100,18
1. 348,334,16,12
<EOS>
Von 384,328,44,20
dem 446,329,48,17
Wie'ner 509,328,86,20
Bankverein. 606,328,143,20
<EOS>
2. 783,334,19,12
<EOS>
Von 821,328,45,19
der 885,328,37,17
Unton-Elektricitäts- 940,326,233,21
Gesellschaft 227,365,140,21
in 385,365,19,20
Berlin 423,365,70,21
in 511,365,20,20
Verbindung 549,365,141,26
mir 708,366,36,18
der 761,364,38,20
Babnbau-Gesellscnaft 818,362,256,23
Ritschi 1091,363,81,20
& 227,403,17,19
Cie. 256,403,44,19
<EOS>
in 312,404,20,18
Wien. 345,404,69,18
<EOS>
3. 448,409,18,19
<EOS>
Von 485,404,46,18
der 549,403,38,19
Anglu-Oesterr. 599,403,177,25
<EOS>
Bank 792,402,58,20
in 869,403,19,18
Wien 902,402,62,19
unti 982,402,42,19
der 1042,402,38,19
Neuen 1098,402,73,18
Wiener 227,441,87,20
Tramwaygesellschaft 331,439,251,28
im 605,441,25,19
Verein 645,440,76,21
mit 740,440,35,21
der 793,440,37,19
Firma 848,440,71,19
Siemens 936,440,95,18
& 1048,439,17,20
Halske. 1083,439,88,20
<EOS>
4. 226,485,21,18
<EOS>
Von 273,478,45,21
der 336,478,38,19
Allg. 395,478,55,24
<EOS>
El 469,478,24,20
.-Gesellschaft 495,477,156,21
<EOS>
in 677,478,19,20
Berlin, 724,477,76,23
5. 836,483,17,20
<EOS>
Von 885,477,44,20
der 955,478,37,17
Firma 1015,477,71,18
Adolf 1107,476,68,19
Springer 228,516,102,25
in 352,516,21,18
Wien. 390,515,70,22
<EOS>
6. 495,516,19,18
<EOS>
Von 538,516,46,19
der 601,516,39,18
Eh-ktr.-A.-G. 660,516,154,18
<EOS>
vorm. 832,522,65,11
<EOS>
Schuckert 921,514,118,21
& 1056,515,17,18
Cie. 1089,515,45,18
<EOS>
in 1153,514,19,19
Nürnberg. 228,553,122,27
<EOS>
7. 384,558,19,19
<EOS>
Von 428,555,44,17
tier 495,554,37,18
Firma 555,554,70,18
Eduard 646,553,88,19
Lachmann 752,552,123,21
in 898,552,20,20
Hamburg. 937,552,118,26
<EOS>
8. 1088,551,19,21
<EOS>
Von 1127,552,46,19
der 228,592,37,18
Firma 278,592,70,18
Istvan 364,591,70,20
Stadler 445,590,86,21
in 548,590,19,20
Ujpest, 587,590,77,26
Sämtliche 697,590,114,20
Offerten 829,590,94,19
wurden 941,591,87,18
nach 1046,589,54,19
Oeff¬ 1118,588,56,22
nung 227,636,59,19
von 312,635,39,13
der 375,629,38,19
betreffenden 437,629,144,19
Kommission 604,628,144,21
dem 773,627,48,20
Stadtbauamt 848,627,146,20
zar 1019,633,35,13
Prüfung 1080,626,93,26
überwiesen. 227,666,140,21
<EOS>
<EOP>
Provinzialmuseum 318,703,223,21
in 566,701,19,24
Hannover 612,702,117,22
(Bd. 749,702,50,28
<EOS>
XXV, 826,703,67,25
S. 918,702,20,21
<EOS>
150, 964,708,49,19
Bd. 1038,701,40,22
<EOS>
XXVI 1096,701,72,20
5. 229,743,20,18
<EOS>
14^. 270,747,58,19
<EOS>
Von 362,742,44,18
den 431,741,40,20
eingereichten 494,742,160,23
41 679,746,25,19
Entwürfen 726,740,124,20
hat 873,740,35,20
das 925,740,39,19
Preisgericht 980,739,144,26
am 1141,746,33,12
2. 229,785,18,13
<EOS>
d. 267,780,18,19
<EOS>
M. 306,780,27,19
<EOS>
folgende 352,779,100,25
vier 469,779,46,19
mit 532,780,36,18
Preisen 585,779,86,19
ausgezeichnet: 688,779,172,24
I. 883,779,15,18
<EOS>
Preis 912,778,59,19
(6000 986,777,70,22
M.] 1068,776,36,27
<EOS>
Prot. 1120,778,55,18
<EOS>
Stier 228,818,55,18
in 300,818,20,18
Hannover, 339,818,122,24
IL 484,817,27,19
Preis 535,817,57,18
(4000 613,819,69,22
M.) 704,815,39,26
<EOS>
Arch. 761,817,65,18
<EOS>
Schulz 848,816,76,19
und 943,815,43,20
Schlichting 1004,815,133,24
in 1154,815,19,18
Berlin, 229,853,77,28
III. 325,855,37,19
<EOS>
Preis 380,855,58,18
(2000 454,854,68,26
M.) 542,852,37,29
<EOS>
Arch. 604,854,63,19
<EOS>
Heine 693,854,68,18
in 779,854,20,18
Hannover. 818,854,122,18
<EOS>
Arch. 961,853,63,19
<EOS>
Anger 1042,854,74,24
und 1133,853,42,18
Rüst 229,891,50,21
in 296,893,19,18
Bremen. 334,892,95,21
<EOS>
Zum 463,892,51,18
Ankauf 537,891,86,20
wurden 644,892,86,18
die 754,891,34,18
Entwürfe 812,891,108,19
von 944,897,40,12
Baurat 1001,891,77,19
Unger. 1095,892,79,22
<EOS>
Arch. 229,930,63,20
<EOS>
Börgemann, 318,930,144,26
beide 487,930,62,20
in 576,930,19,18
Hannover 619,930,115,17
und 759,930,43,17
Arch. 828,929,64,20
<EOS>
Hartbach 919,929,108,18
in 1056,930,19,17
Perlin 1104,929,69,18
empfohlen. 229,968,128,25
<EOS>
<EOP>
Kanalisierung 319,1004,170,27
der 516,1003,39,23
Stadt 577,1004,64,22
Temesvai- 666,1004,122,21
(Bd. 811,1004,48,28
<EOS>
XXV, 890,1005,67,25
S. 982,1006,20,18
<EOS>
134). 1030,1003,58,27
<EOS>
Dem 1119,1004,55,19
.Magistrat 229,1044,111,24
<EOS>
von 365,1050,41,12
Temesvar 429,1044,115,18
sind 566,1043,48,19
zehn 636,1043,51,19
Projekte 712,1043,97,23
eingereicht 834,1042,132,26
worden, 983,1042,94,19
wovon 1100,1047,75,14
neun 229,1087,53,13
das 301,1080,38,19
Schwemmsystem 355,1080,199,26
zur 572,1087,33,12
Grundlage 623,1080,125,26
haben. 766,1080,76,20
<EOS>
Das 875,1081,45,18
zehnte 936,1080,75,19
Projekt, 1029,1080,92,25
das 1138,1080,37,18
der 228,1119,38,19
Firma 283,1118,70,20
Hughes 370,1119,90,25
Lancaster 478,1119,116,18
in 617,1119,20,18
London, 659,1118,99,23
beruht 775,1118,75,19
auf 873,1118,36,19
dem 930,1118,46,18
System 995,1119,83,23
Shone, 1097,1117,78,18
das 229,1157,36,19
bei 283,1157,33,18
der 334,1157,38,18
jetzigen 386,1157,92,24
Kanalisierung 489,1156,167,25
in 673,1157,20,17
Arad 713,1156,57,18
zur 787,1162,36,12
Anwendung 838,1155,143,26
gekommen 997,1156,129,24
ist. 1145,1156,29,17
<EOS>
Die 228,1195,40,19
höchste 293,1195,88,19
Offerte 406,1193,78,23
fiir 511,1194,33,18
die 567,1194,34,18
Kanalisierung 627,1194,165,24
der 818,1194,37,18
gesamten 880,1197,108,21
Stadtteile 1014,1193,112,19
ist 1151,1193,24,19
7S55580 229,1231,113,27
Fr., 359,1233,41,19
<EOS>
die 417,1232,35,19
niedrigste 469,1232,115,24
2035248 602,1230,110,27
Fr. 730,1232,33,18
<EOS>
Der 798,1232,43,18
Spruch 856,1231,83,25
des 956,1231,36,18
Prei-gerichtes 1009,1230,166,25
steht 229,1270,54,19
noch 301,1271,54,18
aus. 373,1277,42,12
<EOS>
<EOP>
Nordböhm. 320,1306,136,22
<EOS>
Gewerbemuseum 474,1305,211,23
in 709,1306,20,21
Reichenberg 747,1305,151,28
(Bd. 923,1305,46,28
<EOS>
XXV, 990,1306,69,26
S. 1075,1306,21,20
<EOS>
1S0.) 1117,1307,56,21
<EOS>
Das 228,1346,44,19
Preisgericht 289,1345,142,25
hat 448,1345,35,18
von 505,1351,42,12
einer 569,1345,58,18
Preisverteilung 652,1344,177,26
Umgang 848,1345,98,24
genommen, 968,1350,135,19
weil 1129,1344,46,18
die 229,1383,34,19
künstlerisch 273,1383,140,19
in 425,1383,20,18
Betracht 461,1382,97,19
kommenden 571,1382,142,19
Arbeiten 725,1382,101,18
den 838,1382,43,18
Programmbedingungen 894,1382,279,24
nicht 229,1421,58,18
entsprachen. 310,1421,147,25
<EOS>
Dagegen 489,1420,105,24
sind 616,1418,48,21
(uni 688,1421,41,17
Entwürfe 750,1419,108,19
zum 881,1426,45,12
Ankauf 944,1419,87,19
empfohlen 1052,1418,122,27
worden 229,1459,86,19
und 340,1458,41,19
zwar 403,1465,54,12
zwei 479,1458,48,18
zu 551,1464,23,12
je 595,1457,20,26
3000. 633,1463,64,19
<EOS>
einer 722,1458,59,18
zu 798,1464,23,12
2000 839,1463,57,13
und 914,1457,41,19
zwei 973,1464,49,12
zu 1041,1463,22,13
je 1081,1457,19,21
1000 1120,1462,54,13
Kronen. 229,1497,96,19
<EOS>
Die 346,1496,42,19
Verfasser 395,1494,110,21
dieser 512,1495,70,19
Entwürfe 588,1494,108,20
sind 703,1494,46,19
bisher 758,1494,71,20
noch 839,1495,53,19
nicht 906,1495,57,19
genannt 974,1499,92,21
worden. 1080,1494,94,20
<EOS>
<EOP>
Gymnasialbau 320,1531,172,29
in 511,1538,19,15
Mähr.-Scllöllberg. 550,1531,220,26
<EOS>
Allgemeiner 792,1532,145,25
Wettbewerb. 950,1532,152,19
<EOS>
Ter¬ 1120,1532,54,18
min: 229,1572,55,18
15. 305,1576,32,20
<EOS>
Januar 351,1571,76,26
1S96. 441,1570,62,24
<EOS>
Preise: 537,1571,81,18
400. 635,1576,51,18
<EOS>
300. 704,1576,49,18
<EOS>
200 772,1576,42,12
0. 829,1569,17,21
<EOS>
Programme 881,1571,137,23
etc. 1030,1576,39,12
<EOS>
werden 1087,1569,86,19
auswärtigen 229,1609,143,24
Konkurrenten 395,1609,166,18
gegen 583,1615,71,17
Vergütung 672,1608,126,25
der 822,1607,37,19
Auslagen 881,1607,108,25
vom 1013,1614,47,12
Bürger¬ 1084,1608,92,24
meisteramt 229,1646,131,20
in 377,1646,20,19
Mähr.-Schonberg 414,1645,207,25
<EOS>
übermittelt. 638,1645,135,20
<EOS>
<EOP>
Redaktion: 531,1705,130,21
A. 686,1708,23,18
<EOS>
WALDNEK 728,1706,150,19
ìj 475,1748,17,11
BrandsclienUt-stra-isi? 512,1742,225,16
<EOS>
(Selruiu) 751,1742,89,21
Zürich. 854,1742,74,16
<EOS>
Vereinsnachrichten. 503,1798,394,30
<EOS>
Schweizerischer 301,1865,246,29
Ingenieur- 569,1864,146,35
und 737,1864,49,27
Architekten-Verein. 809,1864,282,28
<EOS>
<EOP>
Preis- 549,1917,85,21
Ausschreibung1 635,1916,220,29
<EOS>
<EOP>
des 685,1956,36,18
Central-Komitees 230,1993,239,21
des 489,1993,39,20
Schweiz. 546,1992,117,21
<EOS>
Ingenieur- 676,1993,140,25
und 834,1994,48,19
Architekten-Vereins 900,1993,274,20
<EOS>
<EOP>
betreffend 613,2031,119,19
eine 748,2032,47,18
Ehrenniitgiieds-Urkaude. 531,2067,347,27
<EOS>
Das 320,2116,44,18
Central-Komitee 376,2115,198,19
des 589,2114,37,19
Schweiz. 638,2114,100,20
<EOS>
Ingenieur 754,2114,113,24
und 879,2114,42,19
ArehitekteuWereins 935,2115,242,19
eröffnet 229,2153,90,20
unter 336,2157,61,15
Schweiz, 413,2153,96,20
oder 527,2153,51,19
in 600,2153,20,18
der 642,2152,39,19
Schweiz 698,2152,93,19
niedergelassenen 815,2151,201,26
Architekten 1037,2154,140,19
und 230,2193,43,18
Eunstgewerbetreibenden 291,2190,297,26
eine 606,2197,46,12
Konkurrenz 670,2190,142,19
von 830,2196,40,12
Entwürfen 889,2190,124,19
zu 1030,2197,22,12
einer 1070,2190,59,20
<EOS>
<EOP>
des 352,2290,37,19
Schweizerischen 405,2290,193,19
Ingenieur- 614,2289,123,25
und 754,2289,44,19
Architekten-Vereins. 815,2290,248,20
<EOS>
Die 322,2336,41,19
Erkunde 374,2336,104,19
soll 489,2335,38,19
innerhalb 544,2335,111,19
eventuellem 668,2335,139,19
festem 819,2333,91,26
Rahmen 929,2336,95,18
eine 1041,2336,47,18
Grösse 1101,2336,78,19
von 230,2381,43,13
höchstens 294,2374,113,19
4S 428,2374,29,23
c/u. 469,2379,42,13
<EOS>
auf 529,2372,38,20
60 582,2372,28,21
cm. 621,2379,42,14
<EOS>
erhalten; 682,2372,106,25
dem 811,2372,48,19
Projektanten 880,2373,150,25
ist 1051,2373,25,19
es 1092,2380,21,12
frei¬ 1131,2372,48,20
gestellt, 230,2411,91,27
das 337,2411,38,19
Diplom 390,2410,88,27
in 495,2410,22,19
hegender 533,2410,111,26
oder 660,2410,52,19
stehender 728,2410,115,19
Form 861,2410,62,19
zu 941,2417,24,11
entwerfen. 982,2410,122,19
<EOS>
<EOP>
Es 322,2449,27,19
ist 361,2449,24,18
wünschenswert, 396,2448,186,21
dass 599,2448,49,18
in 659,2449,19,17
der 692,2448,38,18
Zeichnung 742,2448,125,23
Embleme 879,2448,112,18
der 1003,2448,39,18
im 1058,2449,28,17
Verein 1099,2449,79,18
vertretenen 230,2493,135,13
Berufsrichtungen 378,2486,202,24
angebracht 594,2486,132,24
werden. 740,2485,92,19
<EOS>
Verlangt 869,2485,101,25
wird 983,2485,52,19
eine 1047,2485,48,20
Zeich¬ 1105,2486,73,18
nung 230,2532,60,18
in 304,2526,19,17
natürlicher 335,2524,132,19
Grösse 473,2525,77,18
in 559,2524,20,19
der 590,2524,38,19
Darstcllungsweise 636,2523,212,25
der 861,2522,37,19
geplanten 908,2522,114,26
Austührung. 1032,2522,146,26
<EOS>
<EOP>
Als 323,2562,37,19
Preise 376,2562,71,19
werden 472,2562,85,19
dem 582,2561,49,20
Preisgericht 650,2561,142,24
600 820,2560,42,19
Fr. 881,2560,32,20
<EOS>
zar 938,2567,36,12
Verfügung 992,2560,126,25
ge¬ 1143,2568,36,17
stellt, 230,2601,62,19
welche 314,2600,81,19
unter 417,2605,60,14
wenigstens 498,2600,128,24
zwei 649,2598,50,21
oder 721,2598,53,19
höchstens 796,2598,113,19
drei 931,2598,44,18
Entwürfe 998,2597,109,21
nach 1124,2598,55,19
seinem 231,2639,80,19
Ermessen 329,2638,112,19
zu 458,2644,24,12
verteilen 499,2637,101,19
sind. 618,2637,53,20
<EOS>
<EOP>
Das 322,2669,43,17
Preisgericht 388,2668,144,24
besteht 552,2668,80,18
aus 655,2674,38,12
den 710,2667,40,19
Herren: 774,2667,96,19
Alb. 896,2665,48,20
<EOS>
Mullas 964,2665,96,24
Direktor 1077,2666,102,19
des 231,2706,37,19
Gewerhemuseums 285,2706,213,19
Zürich, 521,2706,82,25
Aue/: 627,2706,71,19
Prot, 721,2706,55,18
m 800,2712,21,12
Pera, 839,2706,62,21
Wild. 934,2703,67,21
<EOS>
Direktor 1024,2704,102,18
des 1143,2703,36,19
Gewerbemuseums 232,2744,211,20
St. 455,2744,29,19
<EOS>
Gallen, 497,2742,83,21
unter 593,2747,60,15
dem 665,2743,49,19
Vorsitze 726,2743,94,18
des 833,2742,37,19
Präsidenten 882,2742,141,19
des 1035,2742,37,18
Central- 1085,2741,96,19
Komitees, 230,2782,120,25
Stadtbaumeister 362,2781,190,20
Geiser. 566,2780,88,21
<EOS>
Zür.ch. 668,2780,84,19
<EOS>
Die 771,2780,41,20
Arbeiten 826,2780,106,19
sind 946,2780,47,18
mit 1005,2779,37,20
Motto 1056,2780,67,18
ver¬ 1135,2786,44,12
sehen 232,2819,65,20
bis 304,2819,32,19
Ende 345,2819,67,20
Februar 417,2819,110,20
I806"an 532,2818,91,21
den 632,2819,42,18
unterzeichneten 686,2819,189,18
Präsidenten 883,2817,139,19
einzusenden. 1031,2817,148,19
<EOS>
<EOP>
Ein 323,2858,41,18
beigelegtes 380,2858,131,24
versiegeltes 534,2857,136,25
Couvert 693,2858,92,18
mit 801,2857,37,18
demselben 859,2856,122,18
Motto 1000,2856,67,18
soll 1084,2855,38,19
den 1140,2855,41,19
Namen 232,2895,85,20
und 334,2895,44,18
den 393,2895,42,18
Wohnort 451,2895,107,18
des 575,2895,36,18
Autors 627,2896,79,18
enthalten. 721,2895,116,18
<EOS>
Die 868,2895,42,18
prämiierten 926,2894,137,25
Arbeiten 1075,2893,105,19
<EOS>
<EOP>
verbleiben 1217,137,122,20
Eigentum 1357,136,115,27
des 1490,137,37,19
Schweiz. 1543,137,100,19
<EOS>
Ingenieur- 1661,137,123,25
und 1803,137,41,19
Architekten-Vereins 1863,136,238,20
und 2118,136,43,19
es 1218,183,22,11
behält 1256,175,72,19
sich 1351,175,43,19
das 1416,174,39,19
Central-Komitee 1482,174,198,20
das 1702,175,37,19
Recht 1764,174,66,21
vor. 1855,181,44,12
<EOS>
dieselben 1916,174,108,19
nach 2041,174,55,19
Gut¬ 2113,174,51,18
finden 1218,213,71,19
ausführen 1306,213,113,18
uder 1433,213,51,18
auch 1501,213,53,18
vor 1568,218,37,14
deren 1621,213,65,18
Ausführung 1703,213,139,24
Aenderungen 1857,213,159,24
vornehmen 2033,212,131,18
zu 1218,257,22,12
lassen. 1256,250,77,20
<EOS>
Im 1366,251,31,17
fernem 1411,250,83,18
wird 1508,250,51,18
das 1576,249,39,20
Recht 1633,250,66,18
vorbehalten, 1716,250,147,22
nach 1880,250,55,18
dem 1952,250,48,18
Spruche 2013,249,96,25
der 2125,249,39,18
Jury 1218,288,46,26
die 1283,288,34,18
Arbeiten 1335,288,103,18
während 1455,286,103,21
acht 1575,287,46,19
Tagen 1640,288,75,24
öffentlich 1734,286,107,22
auszustellen. 1858,287,143,19
<EOS>
<EOP>
Zürich, 1310,324,95,21
im 1424,325,26,19
November 1470,324,123,21
1895. 1613,325,62,25
<EOS>
<EOP>
Da- 1432,363,43,18
Central-Komitee 1494,362,196,21
des 1707,362,36,19
Schweiz.. 1761,363,100,18
<EOS>
Ing.- 1880,363,54,24
<EOS>
& 1952,362,16,21
Arch.-Vereins: 1986,362,176,21
<EOS>
<EOP>
Der 1474,400,42,19
Präsident 1528,400,109,19
: 1646,405,4,13
A. 1670,401,24,18
<EOS>
Geiser. 1709,400,88,20
<EOS>
Der 1831,400,44,18
Aktuar: 1886,400,91,19
W. 1996,400,33,20
<EOS>
Ritter. 2038,400,80,20
<EOS>
<EOP>
Zürcher 1356,486,119,28
Ingenieur- 1498,487,149,35
und 1670,487,49,27
Architekten-Verein. 1741,486,284,28
<EOS>
<EOP>
II. 1441,532,30,19
<EOS>
Sitzung 1490,533,101,25
vom 1609,538,55,14
20. 1681,538,33,14
<EOS>
November 1732,532,138,20
1895, 1887,534,59,23
<EOS>
<EOP>
al 1483,571,18,18
'ends 1508,571,57,18
S 1582,571,11,17
Ehr. 1613,571,49,19
<EOS>
im 1681,572,26,16
1 1726,572,5,16
lùtei 1738,570,51,18
Centrah 1806,571,92,17
Vorsitzender: 1312,608,160,19
Herr 1492,609,54,18
Ing. 1564,609,45,23
<EOS>
11. 1628,609,26,18
<EOS>
v, 1673,614,18,14
M 1705,608,19,19
uralt. 1731,608,57,19
<EOS>
Anwesend 1311,638,120,20
35 1449,644,26,19
Mitglieder 1496,638,121,25
und 1634,638,43,18
Güsle. 1694,639,70,18
<EOS>
Zur 1311,669,40,18
Eröffnung 1366,669,116,24
der 1499,669,39,18
Sitzung 1549,669,86,24
giebt 1652,668,57,25
der 1729,667,38,19
Präsident 1784,667,110,22
einen 1912,668,61,18
kurzen 1991,667,81,20
Ccber- 2085,668,79,19
blick 1220,698,58,18
über 1289,699,52,18
die 1354,699,33,18
Vercinsdiüligkeit 1400,699,204,24
im 1622,704,26,12
vergangenen 1662,704,153,18
Winter 1829,699,83,17
und 1930,698,40,18
die 1983,698,33,18
im 2029,699,27,17
Sommer 2068,699,96,18
staugehabten 1221,728,157,24
Besichtigungen 1392,729,179,25
von 1588,735,40,12
Neubauten 1643,728,127,19
(Schulhaus 1783,727,127,25
am 1923,735,33,12
llirschcngraben, 1970,728,195,26
Schluss 1221,759,85,18
am 1329,765,33,12
Alpenquai, 1380,758,127,27
Tonhalle. 1536,759,107,18
<EOS>
Métropole. 1662,758,125,25
<EOS>
Zürichbergbahn 1810,758,189,25
und 2017,758,42,18
Dolder- 2075,758,91,19
bahn); 1221,787,79,27
ferner 1318,789,71,18
erwähnt 1405,789,94,19
er 1512,795,21,13
den 1551,788,40,20
Festîgkeitskongress 1604,788,234,25
m 1852,795,18,11
Zürich 1884,788,76,19
und 1979,788,40,19
die 2038,787,33,21
Jahres¬ 2084,789,80,21
versammlung 1221,819,157,24
des 1395,819,38,18
schweizerischen 1443,819,188,18
Vereins 1646,818,89,20
in 1752,819,19,18
Hern, 1786,820,62,20
und 1865,819,43,18
gedenkt 1923,818,95,24
schliesslich 2034,818,129,19
der 1221,848,37,19
in 1271,849,19,18
diesem 1303,848,80,21
Jahr 1390,848,53,27
verstorbenen 1461,848,150,21
Mitglieder, 1626,848,131,27
der 1770,848,37,19
Herren 1819,849,83,18
Baumeister 1916,849,129,18
M.Koch, 2057,849,107,26
<EOS>
Architekt 1221,879,113,18
M. 1350,879,30,20
<EOS>
Koch-Abegg 1391,878,153,27
und 1562,878,42,20
Ingenieur 1621,877,115,26
A. 1748,879,25,18
<EOS>
tleizmann, 1785,879,123,21
zu 1925,885,23,12
deren 1965,878,64,19
Andenken 2043,879,121,18
sich 1221,909,43,18
die 1282,908,34,19
Anwesenden 1334,909,149,19
von 1503,915,39,13
den 1560,909,40,19
Sitzen 1617,909,69,19
erheben. 1704,908,101,19
<EOS>
<EOP>
E> 1311,940,28,18
folgen 1357,939,69,25
die 1449,939,34,19
Neuwahlen 1507,939,130,19
des 1660,939,37,18
Vorstandes; 1724,937,139,27
der 1886,938,37,19
Verein 1943,938,75,20
beschliesst 2041,938,124,21
indessen, 1223,968,103,27
sämtliche 1349,969,110,19
bisherige 1482,969,106,26
Mitglieder 1607,969,122,24
zu 1751,975,24,12
bestätigen 1792,969,119,24
und 1935,969,42,18
einzig 2001,969,67,24
an 2085,975,27,14
die 2129,969,34,19
Stelle 1221,998,64,20
von 1309,1006,39,12
Herra 1373,1000,68,18
Maschineningenieur 1464,998,236,26
Ruzicka, 1718,998,99,26
der 1839,998,37,19
eine 1899,999,46,18
Wiederwahl 1964,999,143,19
ab¬ 2129,1000,35,18
lehnt. 1220,1029,65,20
<EOS>
Herrn 1302,1030,70,17
Prof. 1389,1029,56,20
<EOS>
A. 1464,1030,24,17
<EOS>
Stodola 1502,1029,89,19
neu 1609,1035,38,13
in 1665,1029,20,18
den 1703,1029,40,18
Vorstand 1761,1028,107,20
zu 1886,1035,22,12
wählen. 1927,1028,89,21
<EOS>
<EOP>
Zum 1311,1060,50,17
Rechnungsrevisor 1376,1058,210,27
wird 1604,1058,50,20
neben 1673,1059,67,19
dem 1759,1059,48,18
bisherigen, 1819,1057,129,28
Herrn 1967,1059,68,19
Ingenieur 2049,1059,115,25
Bachern. 1223,1089,98,19
<EOS>
Herr 1339,1091,56,16
Architekt 1411,1090,112,18
Max 1540,1089,48,20
Guyer 1608,1090,72,23
bezeichnet. 1697,1089,129,18
<EOS>
<EOP>
Etwelche 1312,1119,107,20
Diskussion 1431,1120,125,19
veranlasst 1575,1119,115,19
die 1707,1118,34,20
Frage 1756,1119,68,23
wegen 1842,1125,73,19
Zulassung 1933,1119,115,25
der 2065,1119,36,19
Zei¬ 2119,1119,45,21
tungsreferenten 1222,1148,183,26
zu 1422,1155,23,14
den 1463,1149,39,19
Vereinssitzungen. 1518,1149,205,26
<EOS>
\\\ 1756,1149,24,19
Anbetracht, 1796,1149,139,25
dass 1952,1149,47,19
in 2017,1157,19,11
einzelnen 2055,1149,107,19
politischen 1221,1179,125,25
Zeitungen 1360,1179,116,24
die 1494,1179,34,19
Referate 1543,1179,97,19
über 1657,1179,52,19
die 1722,1178,33,20
Verhandlungen 1767,1178,180,27
hie 1965,1179,33,19
und 2016,1179,41,19
da 2074,1179,28,20
ent¬ 2118,1184,44,15
stellt 1221,1209,54,19
oder 1292,1211,52,17
unrichtig 1361,1210,108,24
wiedergegeben 1487,1209,177,26
worden 1681,1208,89,21
waren, 1781,1215,78,13
hatte 1877,1209,56,19
sich 1945,1210,43,18
der 2006,1209,37,19
Vorstand 2058,1210,106,19
die 1221,1239,35,18
Frage 1273,1240,69,24
vorgelegt, 1362,1240,120,24
ob 1504,1240,28,17
er 1554,1246,22,12
nicht 1599,1240,56,18
den 1681,1239,40,19
Zutritt 1740,1239,74,18
der 1836,1238,39,20
Zeitungsreferenten 1891,1239,221,25
auf 2129,1239,38,21
solche 1222,1269,71,19
Sitzungen 1300,1270,116,25
beschränken 1427,1269,149,20
solle, 1588,1269,58,20
in 1659,1270,19,18
welchen 1692,1269,94,19
Gegenstände 1798,1269,154,25
von 1963,1275,41,13
allgemeinem 2017,1269,149,26
Interesse 1222,1300,103,18
zur 1349,1306,34,12
Sprache 1400,1300,94,25
gebracht 1516,1300,105,25
und 1643,1300,42,18
dazu 1708,1300,52,18
ausdrücklich 1783,1299,148,18
Gäste 1950,1300,64,18
eingeladen 2036,1300,127,23
werden. 1221,1329,93,20
<EOS>
Diesem 1339,1330,86,19
Gesichtspunkt 1438,1330,166,25
gegenüber 1617,1329,125,26
wurde 1758,1329,72,19
indessen 1842,1329,97,19
geltend 1957,1329,85,25
gemacht, 2058,1330,106,26
dass 1221,1359,48,19
es 1286,1367,21,11
für 1326,1359,31,19
das 1374,1360,37,18
Ansehen 1429,1360,98,18
des 1551,1360,37,18
Vereins 1608,1360,87,18
nur 1716,1366,39,12
von 1777,1366,42,12
Nutzen 1836,1360,81,18
sein 1940,1360,44,18
könne, 2004,1360,77,25
wenn 2103,1367,61,11
seine 1220,1390,58,18
Verhandlungen 1292,1389,180,26
schneller, 1489,1390,112,19
als 1618,1389,30,19
es 1665,1396,22,12
durch 1703,1389,67,19
die 1788,1389,34,19
«Bauzeitung» 1836,1389,166,26
möglich 2021,1389,92,26
ist, 2132,1390,30,25
Öffentlich 1222,1418,105,20
bekannt 1346,1420,94,18
gemacht 1453,1420,97,25
werden, 1565,1420,91,18
und 1674,1420,43,18
es 1734,1425,21,13
wurde 1772,1419,71,19
denn 1860,1419,56,19
auch 1934,1420,52,18
der 2003,1420,37,18
Beschluss 2054,1420,109,18
gefasst, 1221,1449,86,26
die 1324,1449,34,19
Zeitimgsreferenten 1371,1449,219,27
zu 1607,1456,24,12
allen 1643,1449,55,19
Vereinssitzungen 1713,1449,197,26
zuzulassen, 1924,1449,124,24
dagegen 2067,1449,97,26
es 1221,1487,21,11
ihnen 1259,1481,63,17
zu 1345,1487,21,11
bemerken, 1384,1480,124,19
wenn 1531,1487,60,12
Themata 1615,1479,105,20
zur 1740,1486,35,12
Verhandlung 1792,1479,154,26
kommen, 1969,1480,107,25
deren 2099,1480,63,19
Weiterverbreitung 1222,1510,221,25
im 1460,1510,27,18
Interesse 1505,1510,104,19
des 1626,1510,37,18
Vereins 1681,1510,89,18
nicht 1786,1510,58,18
gewünscht 1862,1510,122,24
werde. 2002,1510,76,18
<EOS>
Auch 2103,1510,62,19
haben 1223,1540,66,19
sich 1314,1540,43,19
unbekannte 1381,1540,137,19
Referenten 1536,1540,127,19
vor 1687,1546,37,13
der 1740,1540,38,18
Sitzung 1796,1540,85,25
beim 1905,1540,56,19
Präsidenten 1980,1540,138,19
zu 2142,1546,23,14
melden. 1222,1570,89,19
<EOS>
<EOP>
Es 1311,1599,27,21
kommt 1350,1600,81,19
lerner 1449,1602,68,17
zur 1533,1607,35,12
Verhandlung 1581,1599,153,26
die 1753,1599,33,19
Angelegenheit 1803,1599,171,26
des 1991,1600,37,18
im 2046,1600,27,19
letzten 2090,1600,74,19
Winter 1221,1630,83,18
angeregten 1328,1632,131,23
Vereinshauses. 1483,1630,170,19
<EOS>
Durch 1686,1629,72,20
gedrucktes 1784,1630,128,24
Cirkular 1935,1630,100,18
sind 2059,1630,47,19
die 2131,1631,34,17
Mitglieder 1222,1660,123,24
über 1369,1660,51,19
die 1441,1660,34,19
Wünschburkek 1492,1660,180,19
eines 1695,1660,58,18
eigenen 1775,1660,89,25
Heims 1886,1660,72,19
aufgeklärt 1980,1659,120,25
und 2123,1660,42,19
zur 1221,1697,34,11
Subskription 1273,1689,148,27
auf 1439,1690,36,19
Anteilscheine 1488,1690,158,19
eingeladen 1664,1690,126,25
worden. 1808,1690,94,19
<EOS>
Nach 1935,1690,61,19
dem 2014,1690,47,19
Bericht 2081,1690,85,19
des 1222,1720,35,18
Präsidenten 1271,1720,137,19
sind 1426,1720,46,19
nun 1489,1727,41,12
im 1549,1720,27,19
ganzen 1590,1727,80,18
So 1688,1722,27,16
solcher 1728,1720,83,19
Scheine 1823,1720,90,18
gezeichnet 1930,1720,124,25
worden, 2071,1720,94,26
was 1222,1757,41,12
in 1286,1751,20,18
Verbindung 1326,1751,139,24
mit 1487,1749,37,21
den 1540,1751,41,18
far 1599,1750,32,19
diesen 1648,1750,72,19
Zweck 1738,1749,76,21
geschenkten 1836,1750,144,23
4000 2003,1757,59,17
Fr. 2081,1751,31,18
<EOS>
die 2131,1751,35,18
Gesamtsumme 1223,1781,169,18
von 1410,1787,39,12
40.000 1462,1786,81,18
<EOS>
Fr. 1557,1781,33,18
<EOS>
ausmacht. 1608,1781,115,18
<EOS>
Trotzdem 1756,1781,114,18
dieser 1887,1780,70,19
Betrag 1974,1781,78,24
ziemlich 2068,1780,97,19
bescheiden 1223,1810,127,19
ist. 1374,1811,31,19
<EOS>
hat 1427,1811,35,18
der 1486,1812,36,17
Vorstand 1543,1809,103,21
in 1665,1810,18,20
Verbindung 1704,1810,140,25
mit 1864,1809,36,20
einigen 1917,1810,84,25
andern 2019,1810,80,19
Mit¬ 2118,1811,46,18
gliedern 1223,1840,97,25
gefunden, 1336,1840,115,26
man 1475,1847,49,12
solle 1542,1841,51,18
die 1610,1841,34,18
Sache 1661,1840,69,18
noch 1746,1841,54,18
nicht 1818,1841,57,18
liegen 1891,1841,72,24
lassen, 1979,1840,76,27
sondern 2070,1840,94,19
noch 1223,1871,53,18
weiter 1300,1875,72,14
verfolgen 1394,1870,109,25
und 1524,1870,42,19
dem 1591,1870,47,19
Verein 1657,1869,76,22
ein 1756,1871,32,18
bestimmtes 1808,1871,130,18
Projekt 1954,1870,86,26
vorlegen 2063,1870,100,26
und 1223,1901,42,18
bringt 1283,1901,71,23
einen 1372,1902,61,17
dementsprechenden 1451,1901,232,25
Antrag. 1698,1901,88,25
<EOS>
Herr 1820,1900,55,19
Stadtbaumeister 1888,1900,191,19
Geiser 2090,1901,75,18
findet, 1223,1930,71,20
es 1311,1938,21,11
seien 1350,1937,55,13
verschiedene 1423,1930,153,20
damit 1593,1930,66,19
zusammenhängende 1676,1930,237,24
Fragen 1926,1930,84,25
noch 2027,1931,54,18
unab¬ 2100,1931,65,19
geklärt, 1223,1960,91,27
so 1331,1968,22,12
z. 1367,1968,15,12
<EOS>
ß.: 1396,1960,33,21
<EOS>
Wer 1449,1962,50,18
ist 1517,1961,23,19
als 1559,1961,29,19
Eigentümer 1606,1961,138,24
d<-s 1760,1961,36,18
Hauses 1810,1961,82,18
zu 1909,1967,23,12
betrachten: 1950,1961,139,19
Wel¬ 2109,1961,56,19
ches 1223,1991,49,18
ist 1289,1991,24,19
seine 1330,1991,57,18
rechtliche 1405,1991,114,19
Stellung 1537,1991,95,24
; 1642,1999,5,11
Wie 1681,1991,46,18
soll 1743,1991,38,18
der 1799,1990,37,19
Betrieb 1854,1991,84,18
eingerichtet 1959,1991,141,25
wer¬ 2116,1997,50,12
den: 1223,2021,55,19
Wie 1306,2022,46,18
gestaltet 1366,2021,97,25
sicii 1477,2021,42,19
die 1538,2021,34,19
finanzielle 1585,2020,116,20
Seite? 1714,2020,71,20
<EOS>
Uëber 1817,2020,70,20
alle 1900,2021,40,19
diese 1952,2021,58,19
und 2027,2021,42,19
andere 2086,2021,79,19
Punkte 1223,2051,83,19
ist 1323,2051,25,19
eine 1366,2051,45,18
nähere 1429,2051,80,19
Pritcisierung 1522,2051,148,24
wÜnscbbar. 1687,2051,133,19
<EOS>
Herr 1852,2051,54,18
Ubermg. 1919,2051,104,24
<EOS>
Moser 2037,2051,70,19
halt 2123,2051,42,19
die 1223,2081,34,20
Rentabilität 1275,2081,136,19
des 1428,2081,37,19
Enternehmens 1482,2082,170,19
für 1669,2080,31,20
ganz 1717,2088,54,19
sicher; 1787,2081,81,24
alter 1891,2081,50,19
allerdings 1963,2081,115,25
sollen 2099,2081,67,19
allfallige 1223,2111,100,25
andere 1341,2112,78,18
Vereine, 1435,2112,96,18
die 1549,2112,33,17
sich 1600,2112,43,17
zum 1662,2118,45,11
Beitritt 1726,2112,82,17
melden, 1824,2111,91,19
nicht 1934,2112,57,17
als 2007,2111,30,18
Miteigen¬ 2054,2112,112,24
tümer 1223,2144,69,17
auftreten, 1309,2141,111,20
sondern 1437,2141,92,20
blo'-s 1546,2142,56,18
zur 1623,2148,35,12
Miete 1676,2142,64,18
kommen. 1758,2141,105,20
<EOS>
Jedenfalls 1896,2140,114,24
sei 2027,2141,27,19
die 2073,2141,34,19
Au- 2123,2143,43,17
gelegmheit 1223,2172,137,25
weiter 1383,2178,72,12
zu 1477,2178,23,12
verfolgen. 1524,2172,115,24
<EOS>
Letzteres 1679,2172,107,18
wird, 1809,2172,58,17
da 1890,2172,27,17
kein 1941,2172,49,18
Gegenantrag 2014,2172,152,24
vorhegt, 1224,2202,96,26
vom 1339,2208,46,13
Verein 1399,2202,76,19
beschlossen 1494,2201,135,20
und 1647,2201,42,19
der 1707,2201,37,19
Vorstand 1758,2202,105,18
mit 1875,2202,37,17
den 1924,2201,39,19
weitern 1976,2201,86,19
Studien 2076,2200,89,20
beauftragt. 1223,2232,127,24
<EOS>
<EOP>
llierauf 1315,2261,90,21
folgt 1419,2261,53,26
ein 1488,2262,33,18
Vortrag 1541,2262,92,25
von 1650,2268,41,12
Herrn 1709,2262,68,18
Ing. 1795,2261,47,25
<EOS>
Allemann 1861,2260,110,21
über 1991,2261,52,18
das 2061,2261,37,18
Sub- 2115,2261,52,19
missfonswesen. 1223,2291,177,20
<EOS>
worüber 1424,2294,97,17
ein 1542,2293,34,18
Referat 1593,2291,84,20
auf 1698,2291,38,19
Seite 1750,2292,56,19
14g 1825,2296,40,18
der 1883,2291,38,18
Bauzeitung 1940,2291,128,25
bereits 2090,2291,77,19
erschienen 1225,2323,124,18
ist. 1374,2323,31,19
<EOS>
Da 1437,2322,34,21
die 1494,2322,33,19
Zeit 1544,2322,44,19
schon 1610,2322,66,20
ziemlich 1698,2322,95,18
vorgerückt 1816,2322,129,24
ist. 1967,2322,30,17
<EOS>
so 2020,2327,22,12
wird 2065,2321,51,18
die 2134,2322,33,17
Diskussion 1224,2353,126,19
über 1367,2353,52,19
die-e 1431,2353,57,19
Materie 1501,2353,90,19
nicht 1608,2353,57,18
erschöpft, 1682,2351,115,26
sondern 1814,2351,92,19
soll 1924,2351,37,19
in 1979,2352,19,18
einer 2013,2351,58,19
spätem 2083,2353,85,24
Sitzung 1224,2385,87,24
weiter 1328,2383,72,19
geführt 1416,2383,85,26
werden. 1518,2382,92,20
<EOS>
<EOP>
Schlu-s 1315,2413,84,19
der 1416,2413,38,19
Sitzung 1471,2412,88,24
io1 1579,2411,34,20
i 1627,2419,6,13
Uhr. 1650,2411,52,21
<EOS>
S. 2070,2411,22,20
<EOS>
P. 2111,2411,26,19
<EOS>
<EOP>
als 1228,2675,27,18
As 1272,2675,28,18
<EOS>
<EOP>
Geseilschaft 1409,2495,178,29
ehemaliger 1609,2494,162,34
Studierender 1793,2494,190,27
der 1322,2548,39,24
eidgenössischen 1383,2548,199,32
polytechnischen 1604,2546,201,33
Schule 1829,2546,81,24
in 1932,2546,22,24
Zürich. 1978,2547,93,24
<EOS>
<EOP>
Stellenvermittelung. 1555,2598,275,24
<EOS>
Gcsucftt 1319,2644,102,20
ein 1436,2645,33,19
jüngerer 1485,2644,101,26
Architekt 1603,2642,123,21
(flotter 1740,2643,79,26
Zeichner) 1836,2643,113,26
mit 1966,2645,37,19
etwas 2019,2648,64,16
Praxis 2095,2646,73,24
;istem 1308,2675,67,18
za 1392,2681,24,12
einem 1433,2675,70,18
Architekten 1521,2675,138,18
nach 1677,2674,54,18
Süddeutschland. 1750,2674,194,19
<EOS>
{1015) 2059,2675,77,26
Gesucht 1318,2704,101,20
m 1435,2712,20,12
eine 1473,2705,47,19
grossere 1536,2711,97,18
Ma-ebinenfabrik 1650,2703,197,20
der 1869,2704,39,19
Rheinpfalz 1924,2705,124,26
zur 2069,2713,37,12
Lei¬ 2123,2707,48,18
tung 1227,2740,51,19
der 1294,2734,38,19
technisch 1355,2734,106,21
-n 1471,2742,19,11
Bureaux 1515,2736,95,17
einen 1633,2735,60,18
tüchtigen, 1718,2735,116,24
besonders 1858,2735,116,19
Im 1995,2736,29,18
Dampfma¬ 2046,2736,126,25
schinen- 1225,2764,98,19
und 1350,2765,43,18
Pumpenbau 1418,2765,138,25
theoretisch 1584,2764,127,19
und 1738,2764,42,19
praktisch 1808,2765,107,25
erfahrenen 1944,2765,124,20
Ober¬ 2101,2766,69,20
ingenieur. 1228,2794,131,26
<EOS>
fio 2062,2796,39,22
16) 2107,2797,34,23
<EOS>
<EOP>
Gcs?tcht 1320,2824,103,21
<EOS>
ein 1430,2825,34,19
junger 1472,2825,78,25
Ingenieur 1558,2824,133,27
in 1698,2825,21,18
ein 1731,2824,34,19
Tiefbauamt 1775,2824,138,21
im 1921,2826,29,19
Elsass. 1959,2826,78,19
<EOS>
(loi7) 2064,2824,78,28
Auskunft 1318,2863,108,19
erteilt 1443,2863,68,18
Der 1709,2863,43,18
Sekretär: 1770,2863,110,19
H. 1908,2864,29,19
<EOS>
Paztr^ 1957,2864,75,26
Ingenieur, 2049,2864,123,27
<EOS>
<EOP>
Bahnhofstrasse-Münzplatz 1717,2893,307,27
4, 2039,2901,22,19
Zurich. 2077,2895,83,19
<EOS>
<EOS>
<EOP>
