2280,3100
21, 148,108,40,18
Dezember 212,102,150,24
1895.] 388,100,87,34
<EOS>
SCHWEIZERISCHE 809,104,307,26
BAUZEITUNG 1138,106,222,27
i 1957,116,6,16
67 1974,109,32,28
welcher 103,160,93,19
folgende 213,160,102,25
— 333,172,26,2
bei 378,160,33,20
der 429,161,38,19
Abstimmung 483,161,150,27
auch 657,163,53,18
angenommene 734,168,170,21
— 922,174,26,3
Resolu¬ 968,163,85,20
tionen 105,199,71,18
in 195,199,19,18
Vorschlag 233,198,119,25
brachte 370,199,87,19
: 467,206,3,11
<EOS>
<EOP>
.1) 127,242,21,26
<EOS>
In 166,244,23,18
allen 207,244,55,19
Stadien, 280,244,94,18
mag 393,251,48,18
die 459,243,34,20
Abfuhr 511,245,83,19
der 611,245,38,19
Fäkalien, 665,246,109,26
des 798,246,35,19
Hausunrates 852,246,145,21
etc. 1014,252,38,14
<EOS>
<EOP>
welcher 165,281,92,19
Art 274,283,38,17
immer 331,282,75,18
sein, 428,281,52,22
sollen 504,281,67,21
so 594,289,22,13
gleichartig 641,283,128,25
als 792,283,30,19
möglich 846,283,93,26
gefasste 962,284,91,26
Vorschriften 168,318,143,21
für 331,318,32,19
die 380,319,35,19
Arbeilen 432,320,103,19
der 554,320,37,19
Installateure 610,321,144,19
eingeführt 773,321,121,24
werden. 910,322,93,19
<EOS>
b) 128,355,22,27
Vor 168,356,41,20
Ausführung 227,356,139,26
der 383,357,38,18
Arbeiten 438,357,102,21
hat 560,357,33,21
jeder 610,358,61,26
Konstrukteur 687,359,160,19
über 869,359,50,19
die 936,359,33,19
Rohr¬ 988,359,66,19
leitungen 163,393,109,25
und 290,395,43,18
Kanüle 352,395,83,19
ein 453,395,33,19
Projekt 504,395,86,27
vorzulegen; 610,395,139,27
mit 768,397,35,20
den 821,396,41,20
Arbeiten 873,396,104,21
selbst 988,395,64,22
darf 164,431,49,19
erst 229,436,41,14
nach 289,433,53,18
der 361,433,37,18
auf 415,433,36,19
Grund 462,433,75,19
erfolgter 555,433,103,27
Prüfung 671,433,94,26
erteilten 781,434,94,20
Genehmigung 888,434,164,26
begonnen 164,469,114,25
werden. 298,469,93,20
<EOS>
c) 127,506,20,26
Die 163,505,42,22
ausgeführten 223,506,150,27
Arbeiten 392,509,101,18
sollen 511,508,65,20
\on 596,516,40,12
der 654,510,38,18
Behörde 710,509,97,20
nodi 826,511,54,17
vor 899,516,37,12
Zuschüt¬ 953,509,99,21
tung 165,548,51,23
der 234,545,37,20
Gräben 289,544,86,22
für 395,545,31,20
die 444,546,34,19
Rohrleitungen 495,546,168,26
geprüft 680,546,86,26
werden. 783,547,92,19
<EOS>
d) 126,583,22,26
Ks 168,583,27,18
ist 214,583,23,18
wünschenswert, 256,584,184,20
dass 466,584,47,18
die 530,584,34,19
Installateure 582,584,148,20
ist; 747,592,31,12
wie 798,584,39,21
in 854,586,19,17
den 892,585,39,19
V. 952,584,23,21
<EOS>
St. 986,584,28,21
<EOS>
A. 1028,587,23,17
<EOS>
<EOP>
und 165,621,42,18
in 225,621,20,18
Englandj 264,620,110,27
von 393,628,39,13
Seite 450,621,56,21
der 524,622,37,19
Behörde 577,621,96,21
theoretisch 691,622,127,21
und 837,622,42,19
praktisch 896,621,108,28
ge¬ 1017,629,35,19
prüft 162,658,54,25
und 235,658,42,19
dann 295,659,55,18
erst 370,664,39,13
beglaubigt 428,660,124,24
werden. 570,660,91,19
<EOS>
3. 195,708,18,19
<EOS>
Die 233,703,40,20
Anlage 290,704,84,24
von 393,710,41,13
Wohnungen 453,704,143,26
nnd 616,704,41,19
ihre 677,705,44,18
innere 739,705,72,20
Einrichtung. 830,704,145,27
<EOS>
Von 1005,705,46,19
M. 104,739,29,20
<EOS>
A. 151,740,27,19
<EOS>
de 195,739,28,21
Baudot. 240,739,98,22
<EOS>
Derselbe 372,741,103,20
vertrat 493,746,78,14
den 588,742,42,19
Standpunkt, 648,742,144,28
dass 815,743,48,17
der 886,742,38,19
Architekt 941,741,111,20
heutzutage 103,776,126,27
nicht 247,778,58,20
mehr 323,778,60,19
nur 406,786,38,12
einfach 467,779,82,19
die 574,778,34,21
gewohnlich 631,781,134,23
gestellten 790,780,110,25
Programm¬ 917,780,135,25
forderungen 102,814,147,27
in 260,816,19,20
der 293,816,37,19
herkömmlichen 348,816,182,21
Weise 544,818,70,19
erfüllen 632,817,88,19
solle, 737,817,58,20
sondern, 812,818,100,19
um 925,824,34,13
Ökono¬ 972,817,81,20
misch 102,852,66,20
zu 187,859,24,12
bauen 229,853,67,19
und 315,853,41,19
d>-n 375,853,40,19
Anforderungen 433,853,179,26
der 632,855,37,18
Hygieine 687,855,107,25
zu 812,861,23,12
entsprechen, 853,855,147,25
be¬ 1018,855,34,18
strebt 102,890,66,19
sein 185,891,44,18
müsse, 250,893,75,17
eine 344,892,46,18
im 404,892,26,17
Zusammenhange 443,891,199,27
mit 660,892,37,19
den 715,892,39,18
richtig 774,892,76,26
gewählten 868,892,118,26
Bau¬ 1001,892,51,19
materialien 102,927,131,20
und 259,929,42,18
Konstruktionen 325,929,183,20
stehende 533,928,102,20
Anordnung 660,930,136,25
der 813,930,38,17
Räumlichkeiten 868,929,184,20
derartig 102,965,95,25
zu 214,972,23,14
treffen, 255,965,80,27
dass 354,966,47,19
alle 419,965,40,21
notwendigen 476,966,151,25
sanitären 649,967,107,19
und 781,967,42,19
anderen 844,967,95,19
Installa¬ 959,967,93,19
tionen 102,1003,72,20
ohne 191,1004,57,19
Schwierigkeit 266,1003,163,27
und 447,1004,42,18
ohne 508,1004,54,19
Hemmung 576,1004,122,26
ihrer 711,1004,57,20
Funktionierung 780,1003,184,29
durch¬ 977,1005,75,19
führbar 102,1041,88,19
sind. 206,1041,54,19
<EOS>
<EOP>
4. 191,1092,20,18
<EOS>
Ueber 230,1087,70,19
«rationelle 318,1085,124,22
Heizung 461,1087,97,24
und 576,1087,42,19
Ventilation 633,1086,128,21
der 773,1087,38,20
Wohnungen» 826,1087,157,26
refe¬ 997,1086,55,21
rierte 102,1123,63,21
Ch. 191,1124,38,20
<EOS>
A. 248,1123,27,21
<EOS>
Gautier, 301,1123,105,22
Architekt. 430,1124,119,21
<EOS>
Die 582,1124,40,21
Ausführungen 646,1124,166,25
these-. 836,1125,67,18
<EOS>
Refe, 927,1125,56,20
en 990,1132,24,12
ten 1019,1129,33,15
standen 101,1162,90,18
nicht 211,1162,56,19
auf 286,1162,37,18
der 339,1162,36,18
Hohe 394,1162,62,20
der 473,1162,38,19
Situation, 523,1162,112,27
weshalb 653,1162,93,19
es 764,1170,21,11
sehr 802,1162,49,20
wobhhuend 868,1162,137,20
be¬ 1018,1163,34,19
rührte, 101,1200,79,24
als 198,1200,30,18
Professor 246,1200,109,19
E. 369,1200,26,18
<EOS>
Treiai 412,1200,82,20
das 511,1201,36,17
Wort 560,1201,60,18
ergriff 638,1201,75,23
und 727,1201,43,18
nach 788,1201,53,18
einem 859,1201,67,18
Hinweise 946,1201,106,19
auf 101,1236,37,20
seine 153,1238,57,18
bekannten 228,1237,123,19
Studien 369,1238,88,18
auf 476,1237,36,19
diesem 527,1238,80,18
Gebiete 625,1237,90,21
betonte, 733,1238,93,19
dass 849,1238,48,19
es 915,1245,21,11
lür 956,1240,30,17
eine 1005,1239,47,18
rationelle 101,1274,112,20
Heizung 230,1275,98,24
vor 345,1281,39,12
Allem 400,1275,68,19
notwendig 488,1275,122,25
sei, 627,1276,37,21
die 682,1275,33,19
Umfassungswände 727,1275,214,26
aul 959,1278,32,17
eine 1005,1275,47,20
Temperatur 102,1311,142,24
zu 256,1319,23,13
bringen, 294,1312,100,25
bei 411,1312,33,21
welcher 463,1312,91,19
die 568,1312,33,21
physiologischen 618,1313,187,26
Funktionen 820,1314,133,19
unseres 967,1320,85,13
Körpers 102,1350,95,26
nicht 215,1350,58,19
gestört 290,1355,80,19
werden. 388,1350,90,20
<EOS>
Er 514,1350,28,20
vertrat 560,1355,77,15
auch 650,1351,53,18
die 717,1350,33,19
Ansicht, 764,1351,95,20
dass 873,1351,48,19
die 934,1351,34,19
Venti¬ 981,1352,72,18
lation 102,1387,65,19
ganz 191,1394,54,17
unabhängig 269,1388,140,24
von 431,1394,41,12
der 495,1388,38,18
Heizung 549,1389,99,24
sei. 671,1389,37,18
<EOS>
was 732,1395,41,12
durch 796,1389,65,19
die 885,1389,34,18
Zunahme 943,1389,109,20
der 101,1425,37,19
Temperatur 163,1426,135,23
infolge 316,1425,80,25
unseres 415,1431,85,14
Lebensprozesses 518,1426,194,25
erklärt 729,1426,79,20
wird. 826,1427,59,18
<EOS>
<EOP>
Zur 193,1463,40,18
Annahme 251,1462,113,21
einer 382,1463,57,19
Resolution 459,1463,120,19
kam 603,1464,47,19
es 670,1470,20,12
bei 714,1463,33,20
diesem 770,1463,79,20
Referate 867,1463,97,21
nicht. 987,1465,65,19
<EOS>
Endlich 192,1499,92,21
wurden 306,1500,87,19
von 417,1507,40,13
Ch. 481,1500,36,20
<EOS>
Lucas 537,1499,78,22
Vorschläge 638,1500,132,27
erstattet 794,1505,93,16
«Ueber 913,1502,83,20
die 1019,1502,33,19
Verbesserung 101,1537,163,27
des 283,1538,36,17
Aeusscrn 338,1539,104,18
und 461,1538,42,18
des 521,1538,35,19
Innern 574,1539,78,19
von 671,1545,39,12
bdiigen 728,1539,88,26
Wohnungen 835,1540,142,25
¦, 990,1551,11,9
ein 1019,1540,33,19
Referat, 102,1575,90,24
bei 205,1575,32,19
welchem 252,1574,100,21
eigentlich 366,1576,115,23
nur 494,1582,38,12
franzosische 545,1576,140,19
Verhältnisse 700,1576,144,20
berührt 856,1577,87,19
wurden. 957,1577,94,20
<EOS>
<EOP>
Von 195,1614,45,18
freien 265,1613,66,19
Vorträgen, 354,1613,134,27
welche 512,1614,80,19
zu 616,1621,22,11
diesem 663,1615,80,18
Kapitel 767,1615,86,25
gehören, 875,1615,107,25
sind 1005,1615,47,19
zu 101,1658,23,12
nennen 142,1658,84,11
: 234,1655,4,14
<EOS>
<EOP>
I.. 194,1688,25,20
<EOS>
Gcoiijjjoti. 250,1687,118,27
<EOS>
Ingenieur: 395,1689,124,25
Rationelle 550,1689,117,20
Installation 693,1690,131,19
von 851,1697,39,12
Filtern 917,1691,77,18
lür 1019,1692,33,17
gemeinschaftliche 102,1726,212,24
oder 332,1726,52,19
für 402,1725,31,22
Einzel 450,1726,74,20
Wohnungen. 527,1727,143,26
<EOS>
<EOP>
D' 191,1763,29,19
Aiilhouay 225,1764,124,23
: 357,1770,7,12
System 382,1762,83,28
der 483,1764,39,19
Heizung 539,1765,96,24
fur 653,1764,31,21
Schulen. 702,1765,98,20
<EOS>
•T)1' 179,1802,40,18
Ckaielìni 241,1800,121,22
Ueber 380,1802,70,20
eine 467,1803,46,18
rationelle 531,1803,111,19
Form 660,1803,63,19
von 741,1810,41,12
Ciosetschalen. 800,1803,167,22
<EOS>
Ch. 193,1838,38,20
<EOS>
I,aß~ar°'ue: 250,1839,147,25
Ueber 414,1839,70,22
Sturz-Reservoirs 501,1841,194,18
im 713,1842,26,17
Innern 759,1842,78,19
der 856,1842,37,18
Häuser. 911,1842,88,18
<EOS>
Das 191,1875,44,21
(.rebiet 252,1877,77,20
<EOS>
der 352,1877,37,19
Hygieine 407,1877,119,27
der 549,1878,43,19
Städte 609,1877,79,22
betrafen 712,1879,93,19
folgende 830,1879,100,25
Referate 954,1879,97,20
und 102,1913,42,19
Fragen 162,1913,83,26
: 254,1919,3,14
<EOS>
<EOP>
1. 194,1964,16,13
<EOS>
Behandlung 230,1959,140,27
und 389,1960,42,19
Nutzbarmachung 449,1960,205,27
des 671,1962,37,18
Unrates 725,1963,90,19
der 838,1963,37,18
Städte. 893,1963,80,20
<EOS>
Von 1002,1964,47,18
M. 102,1996,28,20
<EOS>
Pe/sche, 144,1996,102,22
Ingenieur. 259,1997,120,25
<EOS>
Derselbe 412,1998,104,20
besprach 534,1999,103,25
nicht 656,1999,57,19
nur 732,2007,37,11
die 781,2000,34,19
Verwertung 830,2000,139,28
dieser 981,2001,70,19
Stoffe 101,2034,67,19
in 186,2034,19,19
der 224,2035,37,19
Landwirtschaft, 278,2035,185,20
sondern 485,2036,91,19
auch 600,2038,52,19
die 676,2038,33,19
Zerstörung 727,2038,129,25
(Verbrennung) 872,2038,177,26
derselben 102,2071,112,19
durch 233,2072,66,19
das 318,2073,36,18
Feuer, 367,2072,75,28
die 460,2073,34,19
hiebei 511,2073,69,20
in 599,2074,20,21
England 633,2074,101,27
gemachten 752,2076,126,24
Erfahrungen, 892,2075,157,28
sowie 101,2110,63,18
die 182,2110,35,19
in 235,2111,19,18
Deutschland 273,2110,144,20
und 435,2111,43,19
auch 495,2112,53,18
in 566,2112,20,18
Paris 605,2113,57,19
angestellten 679,2113,139,25
Versuche, 833,2114,114,23
endlich 965,2114,84,20
auch 102,2147,52,19
die 173,2146,33,21
Verwertung 225,2147,142,26
des 384,2149,35,18
Unrates 437,2150,89,18
durch 543,2149,67,20
industrielle 627,2151,130,18
Behandlung. 776,2151,148,26
<EOS>
Zur 952,2152,40,20
An¬ 1005,2154,44,17
nahme 102,2185,78,19
gelangle 197,2185,101,26
folgende 315,2186,101,25
Resolution: 433,2187,134,19
a) 122,2230,21,27
Die 162,2231,40,19
Frage 224,2232,69,24
der 316,2232,37,18
Sammlung 370,2232,124,26
und 517,2233,42,18
des 582,2233,36,20
Transportes 637,2234,141,25
des 803,2234,37,19
Kehrichtes 857,2235,129,20
ver¬ 1004,2243,45,12
<EOS>
<EOP>
dient, 160,2269,65,23
der 242,2269,38,20
besonderen 297,2270,134,19
Aufmerksamkeit 449,2269,194,21
der 660,2272,39,18
Ilygieiniker. 710,2272,149,25
<EOS>
der 873,2273,37,19
Ingenieure 921,2273,128,27
und 160,2307,42,19
der 220,2307,38,19
S 275,2307,14,20
ta 292,2311,20,16
dt 314,2307,22,20
ver 338,2313,37,13
tre 378,2311,30,16
tun 411,2311,35,16
g 449,2313,14,20
en 466,2314,24,13
empfohlen 509,2307,123,26
zu 650,2315,22,12
werden. 690,2309,93,22
<EOS>
IO 122,2344,23,21
Die 158,2345,42,19
Sammlung 213,2345,124,25
soll 350,2345,38,19
täglich 401,2345,78,26
und 493,2345,42,19
frühzeitig 549,2345,111,27
erfolgen 671,2346,96,26
und 781,2348,42,18
in 836,2348,20,18
Metall 869,2349,69,19
gelassen, 941,2349,107,26
dann 158,2384,58,19
in 229,2383,21,20
Wägen, 260,2384,92,24
welche 365,2383,80,20
geschlossen 456,2383,136,25
sind 605,2384,47,19
und 665,2385,42,18
desinfiziert 719,2385,126,20
werden 858,2387,84,18
können, 956,2388,92,18
vorgenommen 162,2427,167,19
werden, 346,2421,93,20
c) 121,2460,21,21
Für 161,2460,41,18
die 218,2460,34,18
direkte 270,2460,83,18
Verwertung 373,2460,141,25
der 531,2460,38,18
Abtallstoffe 585,2460,135,20
für 737,2460,33,20
die 787,2461,33,20
Landwirtschaft 833,2462,180,20
ist 1024,2463,25,19
<EOS>
<EOP>
zu 158,2504,23,11
wünschen, 204,2498,128,20
dass 355,2497,46,18
die 425,2497,34,19
Tarile 482,2498,73,17
der 577,2498,38,18
Eisenbahnen 639,2498,152,20
so 814,2505,22,12
weit 859,2499,47,20
erniedrigt 933,2500,116,26
werden, 158,2535,95,20
dass 271,2535,47,18
ein 336,2535,32,18
Transport 382,2535,118,24
aut 517,2537,34,16
grossere 569,2542,98,17
Entfernungen 680,2535,162,26
ermöglicht 860,2537,127,25
und 1005,2538,43,18
somit 158,2572,60,19
die 236,2571,34,21
Anlage 288,2573,84,25
grosser 395,2579,83,19
Depots 495,2571,82,27
in 595,2573,20,19
der 632,2573,39,19
Nähe 688,2573,61,19
der 773,2574,39,19
Städte 829,2574,72,19
[Überflüssig 925,2575,123,27
wird. 158,2609,60,21
<EOS>
Die 256,2609,39,21
einfache 320,2610,97,20
Zerstörung 440,2611,129,25
durch 591,2610,67,20
Feuer 681,2611,67,19
ist 769,2617,24,14
vom 817,2619,47,12
hygieinischen 887,2612,162,26
Standpunkte 159,2648,148,25
aus 330,2655,37,12
eine 389,2649,47,20
befriedigende 459,2648,163,25
Lösung, 641,2649,93,26
vorausgesetzt, 758,2654,164,21
dass 946,2651,46,19
die 1014,2651,34,19
Verbrennungstemperatur 159,2685,300,27
eine 476,2686,48,20
sehr 541,2686,49,19
hohe 607,2686,56,20
ist 676,2687,25,19
und 719,2687,42,19
dass 778,2688,48,20
sowohl 843,2688,81,19
die 936,2688,33,20
festen 981,2687,67,21
Stoffe 158,2723,65,19
als 235,2723,29,19
auch 282,2724,54,18
die 354,2724,33,18
Gase 400,2725,56,19
genügend 474,2725,117,24
lange 606,2725,65,25
dieser 688,2725,71,19
Temperatur 772,2726,142,25
ausgesetzt 930,2731,118,21
sind. 157,2761,55,19
<EOS>
Dieselbe 230,2761,100,19
kann 342,2762,58,18
auch 412,2763,54,19
in 476,2763,19,18
gewissen 507,2764,103,24
Fällen 620,2763,73,19
ökonomisch 707,2764,140,19
sein. 859,2764,50,20
<EOS>
Uebrîgens 927,2764,120,27
sollen 157,2798,66,20
auch 240,2798,54,20
jene 309,2798,48,26
Versuche 375,2799,108,20
fortgesetzt 501,2801,123,24
werden, 642,2801,93,19
bei 758,2802,33,19
welchen 814,2802,94,18
die 932,2802,34,19
nütz¬ 989,2805,57,16
lichen 157,2835,69,20
Stoffe 244,2836,65,20
vorher 327,2836,77,20
extrahiert 422,2839,114,18
werden 554,2839,85,19
und 665,2840,40,18
welche 729,2839,80,19
somit 833,2840,63,18
darauf 919,2840,77,19
ab¬ 1010,2840,36,19
zielen, 156,2873,73,28
die 248,2874,34,19
Bedingungen 300,2874,157,28
der 475,2876,37,19
Hygieine 530,2876,106,26
zu 654,2884,22,12
erfüllen 694,2876,88,21
und 800,2878,42,18
gleichzeitig 860,2877,135,26
die 1013,2878,34,18
allgemeine 157,2912,127,25
Wohlfahrt 301,2913,123,19
zu 441,2920,24,12
heben. 483,2914,75,20
<EOS>
<EOP>
d) 1124,163,23,29
Die 1162,166,41,19
Stadtverwaltungen 1221,166,223,25
sollen 1461,166,66,19
aufgefordert 1545,166,147,25
werden, 1710,168,93,18
mit 1827,168,35,19
allen 1886,168,55,18
Mitteln, 1957,168,92,26
<EOS>
<EOP>
besonders 1162,203,116,19
aber 1295,204,52,19
durch 1363,204,66,19
Taxerniedrigungen, 1448,203,236,26
dahin 1703,205,65,19
zu 1786,212,22,12
streben, 1830,206,93,19
dass 1946,206,47,18
die 2014,206,35,19
häuslichen 1162,240,122,20
AbfaHstoffe 1303,240,132,21
wirklich 1454,241,94,20
täglich 1567,241,77,25
und 1664,242,40,20
direkt 1728,241,70,21
abgeführt 1820,243,112,25
werden. 1955,243,91,20
<EOS>
L) 1124,277,21,23
Es 1163,278,27,19
sollen 1206,278,66,19
allgemeine 1289,279,127,24
Vorschriften 1435,278,143,21
für 1598,279,31,19
die 1647,279,34,20
Sammlung, 1699,280,131,25
die 1853,281,34,18
Abtuhr 1906,281,83,19
und 2007,281,41,20
den 1162,315,39,19
Transport 1220,316,118,26
der 1356,317,36,17
städtischen 1410,317,128,19
Abfallprodukte 1551,317,180,25
zu 1748,324,23,13
dem 1788,318,48,19
Zwecke 1849,319,90,19
erlassen 1957,318,91,20
werden, 1161,353,91,26
damit 1271,354,66,19
die 1355,353,33,20
bis 1405,354,31,19
jetzt 1452,354,48,26
noch 1520,355,53,18
bestehenden 1593,355,144,19
Gefahren 1755,356,108,20
tur 1881,357,31,18
die 1929,356,34,19
öffent¬ 1976,356,72,19
liche 1160,390,54,20
Gesundheitspflege 1233,390,213,27
verschwinden. 1465,391,167,22
<EOS>
2. 1190,433,19,14
<EOS>
Die 1228,428,39,20
Regelung 1286,429,110,25
der 1417,429,38,19
Vorschriften 1473,429,145,20
tur 1643,432,30,17
Privatwege, 1692,431,138,24
besprochen 1853,432,131,25
von 2006,437,41,13
M. 1101,466,28,19
<EOS>
Jourdaa. 1147,465,120,26
<EOS>
in 1281,467,19,18
welchem 1319,467,101,19
Referate 1434,467,98,20
gefordert 1544,467,109,25
wird, 1665,468,61,23
dass 1738,469,48,19
solche 1798,469,73,20
Privatstrassen 1884,470,163,19
(Gassenhöfe 1100,502,143,27
u, 1261,511,17,14
dgl.) 1297,503,55,28
<EOS>
hinsichtlich 1370,504,135,21
der 1527,505,38,18
für 1589,504,30,21
die 1643,505,33,21
Kanalisation, 1695,506,156,26
Reinigung 1869,508,122,24
etc. 2008,512,39,15
<EOS>
erforderlichen 1100,540,167,20
Massnahmen 1280,542,151,20
den 1449,541,40,21
öffentlichen 1509,543,134,18
Strassen 1658,544,94,19
gleichgehalten 1770,544,172,26
werden. 1955,544,92,20
<EOS>
<EOP>
3. 1191,583,18,22
<EOS>
Die 1232,579,41,20
Fortschaffung 1297,579,161,27
der 1482,580,37,19
Abfallwässer 1543,579,150,22
in 1717,583,19,17
kleineren 1759,582,110,19
Städten 1893,583,88,18
und 2005,583,43,19
Dörfern, 1099,616,102,27
besprochen 1223,617,132,26
von 1374,624,39,12
Ingenieur 1433,618,114,25
E. 1567,619,24,19
<EOS>
Caclieitx. 1612,618,116,21
<EOS>
Resolution: 1764,620,132,19
Die 1919,621,40,18
städti¬ 1976,620,73,20
schen 1100,654,63,19
Verwaltungen 1179,654,161,27
sollen 1358,655,66,19
durch 1437,655,65,20
die 1515,655,34,20
öffentlichen 1567,656,135,20
Organe 1715,659,87,23
angehalten 1814,659,127,24
werden, 1955,659,93,18
reihst 1100,691,62,19
m 1182,699,19,11
den 1219,692,40,18
kleinsten 1284,693,103,18
Ortschaften 1406,693,137,19
bei 1567,693,33,19
Ableitung 1618,694,117,25
der 1757,694,38,21
Abwässer 1812,696,113,18
den 1947,696,41,19
An¬ 2006,697,42,18
forderungen 1101,728,143,26
der 1267,730,39,18
Hygieine 1323,730,106,24
zu 1452,737,23,12
entsprechen. 1499,731,147,26
<EOS>
(Unterirdische 1679,732,171,22
Ableitung 1874,733,114,25
der 2011,733,37,20
Abfallwässer 1100,766,150,20
und 1273,767,44,20
Reinigung 1335,768,120,25
derselben, 1478,768,119,19
bevor 1621,770,65,19
sie 1704,770,28,18
in 1756,770,19,18
die 1799,770,33,18
öffentlichen 1856,770,134,20
Ge¬ 2008,770,41,22
wässer 1100,806,78,19
gelangen.) 1195,804,124,26
<EOS>
Die 1351,805,41,19
Studien 1404,805,89,21
hinsichtlich 1510,806,135,20
der 1659,807,37,19
ökonomischesten 1714,808,200,20
Weise 1927,809,72,18
der 2010,809,38,20
Ausführung 1100,842,137,25
derartiger 1253,842,119,25
Anlagen 1391,843,99,25
sollen 1508,844,66,19
fortgesetzt 1592,844,120,26
werden. 1729,846,93,19
<EOS>
<EOP>
4. 1190,886,20,17
<EOS>
Billige 1228,880,75,26
Volksbäder. 1322,881,141,22
<EOS>
Von 1497,881,46,20
Ingenieur 1566,882,116,25
PJiiüppe. 1704,882,115,26
<EOS>
Dieser 1853,884,75,19
Referent 1950,883,98,20
trat 1101,919,38,17
-— 1162,929,28,1
die 1213,918,33,18
Douchebäder 1269,918,160,20
verwerfend 1457,919,133,19
— 1613,931,25,2
für 1664,920,32,19
die 1718,920,35,19
lauwarmen 1775,920,127,21
Voll- 1929,919,54,22
und 2006,922,41,19
Schwimmbäder 1100,955,184,20
ein. 1300,957,41,18
<EOS>
fand 1360,956,50,19
jedoch 1425,957,77,24
bei 1521,958,33,17
der 1573,958,38,18
Mehrzahl 1629,958,109,20
der 1755,958,38,19
Kongressteilnehmer 1809,959,240,25
nielli 1100,993,57,20
unbedingte 1170,993,132,26
Zustimmung. 1313,993,153,26
<EOS>
Die 1492,995,40,19
zur 1547,1002,34,11
Annahme 1591,996,112,19
gelangle 1715,996,100,24
Resolution 1827,997,119,19
lautete: 1958,997,88,19
«Die 1101,1030,54,21
städtischen 1173,1030,130,21
Verwaltungen 1319,1031,164,27
sollen 1495,1032,67,20
alle 1576,1033,39,19
notwendigen 1633,1034,151,24
Massnahmen 1798,1035,149,18
treffen, 1966,1035,81,25
um 1101,1074,33,13
die 1151,1068,34,18
Errichtung 1203,1068,129,27
von 1349,1076,40,12
Volksbädern, 1411,1069,154,20
namentlich 1582,1071,130,19
in 1730,1071,19,19
der 1767,1071,38,19
Form 1819,1072,60,19
von 1898,1079,39,12
Douchc- 1951,1073,97,19
bädern, 1101,1105,87,27
im 1208,1107,26,17
Interesse 1253,1107,103,19
der 1373,1107,38,19
Reinlichkeit 1431,1107,139,20
der 1593,1108,38,19
Bevölkerung 1650,1108,151,25
zu 1823,1116,23,13
fordern. 1869,1108,92,22
<EOS>
Dort 1994,1111,54,18
wo 1100,1150,32,12
es 1144,1150,22,12
die 1183,1144,34,18
Umstände 1229,1144,116,19
gestatten, 1363,1148,113,22
waren 1494,1151,70,14
neben 1582,1146,68,18
den 1665,1146,39,19
Douchebädern 1720,1147,170,20
auch 1903,1148,53,19
gleich¬ 1969,1148,79,25
zeitig 1100,1181,63,26
Schwimmbassins 1179,1182,197,19
mit 1392,1183,37,18
fliessendem 1446,1183,133,19
Wasser 1599,1184,85,18
einzurichten.» 1702,1184,163,20
<EOS>
<EOP>
F 1191,1219,10,20
erner 1208,1226,62,14
wurden 1287,1220,86,19
\ 1394,1222,8,17
ort 1412,1225,30,14
rage 1448,1223,50,22
gehalten 1515,1221,100,25
von 1633,1229,41,12
: 1681,1227,4,13
Ingenieur 1190,1257,115,24
Ch 1328,1257,32,20
ardo 1363,1257,58,20
iL. 1424,1263,25,14
<EOS>
Ueber 1472,1259,70,19
das 1565,1259,38,19
pneumatische 1626,1260,160,24
Kanalisationssystem 1809,1261,237,26
in 1101,1295,19,19
Levallois-Perret. 1137,1294,197,21
<EOS>
<EOP>
Ingenieur 1192,1333,113,24
Jeaiinoi 1322,1333,105,25
(Besançon)' 1443,1333,143,26
Die1 1604,1334,39,19
Stellung 1658,1335,98,25
des 1768,1335,37,19
Sanitäts-Ingenieurs 1818,1337,229,24
in 1101,1369,19,20
den 1146,1371,39,18
hygieinischen 1212,1371,160,24
bureaux 1401,1372,94,19
der 1520,1372,38,19
Städte 1576,1372,72,19
und 1675,1372,41,19
die 1742,1373,33,18
Wirksamkeit 1799,1374,153,19
dieser 1978,1374,69,20
Bureaux. 1101,1409,102,18
<EOS>
<EOP>
Ingenieur 1190,1445,115,25
Iiroihier 1327,1446,111,20
de 1458,1446,28,20
Roliieret 1503,1446,118,22
Die 1643,1448,40,18
Anwendung 1706,1448,143,27
des 1872,1449,36,19
Ozons 1931,1450,70,18
zu 2024,1456,22,13
privaten 1100,1483,96,25
und 1212,1483,44,19
öffentlichen 1273,1483,134,20
Sanierangs.'.wecken. 1426,1485,237,25
<EOS>
<EOP>
Ingenieur 1192,1520,113,25
HÌnstin\ 1328,1520,115,22
Ueber 1466,1522,70,20
die 1559,1522,34,19
Prinzipien 1616,1522,120,27
einer 1759,1524,59,19
rationellen 1841,1524,123,19
Feue¬ 1983,1526,64,18
rung, 1099,1564,62,19
bei 1179,1558,32,18
welcher 1229,1559,92,19
nicht 1338,1559,56,18
nur 1408,1565,38,12
der 1459,1560,37,19
Rauch, 1510,1560,78,25
sondern 1606,1560,93,20
auch 1714,1561,51,19
die 1779,1561,34,19
erzeugten 1826,1565,113,23
Kohlen- 1952,1562,96,20
oxydgase 1099,1595,108,26
zur 1220,1602,36,13
Feuerstelle 1267,1595,128,21
geleitet 1412,1597,85,24
Verden, 1516,1598,92,18
sowie 1626,1599,63,19
deren 1702,1599,64,18
Anwendung 1780,1600,143,25
für 1937,1599,31,20
Haus¬ 1980,1600,66,21
und 1100,1632,42,21
Industriefeuerungen. 1159,1633,246,27
<EOS>
<EOP>
Ingenieur 1190,1671,114,25
De 1321,1671,35,21
Moniricher 1375,1672,148,20
: 1532,1680,6,12
zwei 1556,1674,49,18
Vorträge: 1624,1674,121,25
a) 1122,1707,19,29
Verwendung 1162,1709,149,27
der 1329,1710,38,18
Produkte 1384,1710,107,20
der 1510,1711,37,19
Städtereinigung 1565,1711,188,26
für 1770,1712,33,19
die 1815,1713,34,19
Landwirtschaft. 1861,1714,185,20
<EOS>
Dieser 1159,1746,75,19
Vortrag 1252,1747,93,26
hatte 1368,1748,55,18
den 1447,1748,40,19
bei 1510,1748,34,19
der 1567,1748,37,20
Urbarmachung 1626,1749,177,26
des 1825,1750,37,20
Gebietes 1884,1750,99,21
von 2006,1758,40,13
L.a 1159,1784,33,19
<EOS>
Cran 1212,1782,65,22
(bei 1295,1783,43,27
Marseille) 1358,1784,115,28
erziehen 1493,1786,96,19
Erfolg 1608,1786,74,28
zum 1701,1794,43,12
Gegenstände. 1763,1787,157,26
<EOS>
bj 1121,1821,23,26
Ueber 1160,1822,71,20
die 1248,1822,34,19
Instandsetzung 1298,1823,175,25
und 1497,1824,41,18
Verwendung 1557,1824,151,27
alter 1731,1825,53,19
Kanäle 1800,1825,83,20
in 1900,1825,20,21
nicht 1944,1826,56,19
as¬ 2018,1833,30,13
<EOS>
<EOP>
sanierten 1157,1860,106,19
Städten 1276,1860,90,20
für 1378,1860,33,20
Zwecke 1421,1862,89,19
der 1521,1862,39,18
Schwemmkanalisation. 1572,1862,271,21
<EOS>
Hiebei 1869,1864,75,19
wurden 1957,1864,89,20
nach 1158,1898,54,18
einer 1231,1898,58,18
allgemeinen 1306,1898,143,26
Erörterung 1467,1899,135,25
die 1624,1900,34,19
in 1681,1901,19,18
Nîmes 1720,1900,72,20
und 1816,1901,42,19
Epinal 1876,1901,76,26
ausge- 1973,1908,73,20
führten 1159,1934,82,20
Anlagen 1262,1935,98,27
besprochen. 1378,1936,141,26
<EOS>
Bougarelt 1190,1972,133,28
Ueber 1341,1974,70,20
Ventilation 1431,1975,127,19
(Lüftung) 1576,1974,116,28
der 1709,1975,38,20
Kanäle. 1764,1976,90,20
<EOS>
Laceau 1189,2011,94,20
: 1294,2017,6,14
Zwei 1318,2012,54,19
Vorträge 1392,2012,105,26
: 1506,2018,4,12
ai 1120,2048,20,20
Drei 1157,2049,50,19
Beispiele 1227,2050,105,24
der 1349,2049,38,19
Verwendung 1404,2051,152,24
der 1573,2051,37,19
Abwässer 1628,2051,113,19
ausserhalb 1758,2051,122,21
Paris. 1897,2052,67,20
<EOS>
b) 1121,2084,21,28
Billiges 1157,2086,88,26
Wasser 1262,2088,87,19
für 1366,2087,32,19
Zwecke 1416,2088,89,19
der 1522,2088,38,19
Schwemmkanalisation. 1577,2089,269,20
<EOS>
<EOP>
Ingenieur 1189,2123,113,27
De 1320,2124,36,21
Reiz: 1374,2125,72,20
Von 1465,2125,45,20
den 1529,2126,41,19
Folgen 1585,2126,80,25
der 1682,2126,38,19
Befeuchtung 1734,2126,146,25
der 1892,2127,38,18
Luft 1941,2127,50,19
und 2002,2128,44,19
der 1097,2162,38,18
Ventilation 1152,2162,131,18
in 1308,2162,19,20
industriellen 1352,2162,145,21
Etablissements 1520,2163,174,21
vom 1717,2171,47,13
hygieinischen 1788,2165,160,25
Stand¬ 1971,2166,75,18
punkte 1096,2200,80,24
aus. 1193,2206,43,12
<EOS>
<EOP>
Ing. 1188,2237,47,26
<EOS>
J. 1253,2238,24,24
<EOS>
Pos 1292,2238,47,20
no 1340,2245,31,13
; 1376,2244,9,14
Ein 1402,2238,39,20
Verfahren 1456,2238,119,21
der 1588,2239,38,19
Nutzbarmachung 1637,2239,204,28
der 1853,2241,38,19
Abfallstoffe. 1903,2241,142,20
<EOS>
Ingenieur 1187,2276,114,24
Bonvillain 1318,2276,141,20
: 1466,2283,9,13
Ueber 1491,2277,71,20
Abfallstoffe. 1580,2277,140,20
<EOS>
Endlich 1188,2313,90,19
sprach 1301,2314,77,25
J. 1402,2314,24,24
<EOS>
Sijuious. 1455,2314,112,27
<EOS>
Ingenieur 1593,2316,115,23
(Rotterdam): 1731,2315,157,28
Ueber 1915,2316,70,20
die 2011,2317,35,20
Resultate 1096,2351,106,20
des 1221,2351,35,19
Lieraur-Systems 1274,2350,194,27
in 1486,2352,20,20
Amsterdam 1524,2353,133,19
in 1675,2353,21,19
den 1709,2353,39,19
fahren 1767,2354,75,23
1893 1857,2355,54,24
und 1924,2355,44,18
1S94. 1983,2355,63,25
<EOS>
bei 1096,2389,34,18
welcher 1154,2389,90,19
Gelegenheit 1262,2388,141,27
auch 1427,2390,53,19
W. 1505,2390,33,20
<EOS>
Liernur 1557,2390,105,20
selbst 1682,2391,66,19
das 1770,2391,37,19
Wort 1826,2394,59,17
ergriff, 1908,2393,79,25
das 2008,2394,38,18
seinen 1096,2427,72,18
Namen 1187,2426,82,20
tragende 1289,2427,103,25
System 1410,2429,82,23
verteidigte 1509,2428,128,26
und 1654,2428,43,20
auf 1714,2428,36,20
die 1764,2429,34,19
Einladung 1810,2430,122,24
des 1944,2430,37,19
Vor¬ 1995,2431,51,19
sitzenden 1096,2464,109,19
zusagte, 1223,2468,92,22
eine 1334,2465,46,18
authentische 1398,2465,148,20
Beschreibung 1559,2466,161,26
des 1737,2466,37,20
zu 1790,2474,23,12
Grunde 1827,2468,87,20
liegenden 1931,2467,114,26
Principes, 1096,2502,116,25
der 1230,2503,37,18
Funktionierung 1286,2503,185,25
ausgeführter 1488,2503,147,25
Anlagen, 1653,2504,106,25
der 1777,2504,37,20
mit 1832,2506,37,19
denselben 1886,2506,116,19
er¬ 2016,2514,30,12
zielten 1096,2539,75,20
Resultate 1189,2540,107,19
und 1313,2541,43,18
der 1373,2541,38,18
Rentabilität 1429,2541,136,19
derselben 1587,2542,111,20
liefern 1722,2543,74,18
zu 1814,2549,23,13
wollen, 1859,2543,84,19
welche 1965,2543,81,21
dem 1096,2577,49,20
Berichte 1163,2578,98,19
über 1278,2578,53,20
die 1348,2578,33,19
Verhandlungen 1401,2579,181,25
des 1600,2580,37,18
Kongresses 1653,2581,134,24
beigeschlossen 1805,2581,173,27
wer¬ 1994,2587,52,15
den 1096,2615,40,20
solle. 1153,2615,59,20
<EOS>
<EOP>
Von 1186,2653,48,19
allgemeinen 1252,2653,142,27
Fragen 1412,2654,84,26
kamen 1513,2655,77,19
endlich 1608,2655,84,20
zur 1710,2663,35,12
Behandlung 1764,2656,141,27
: 1915,2663,4,12
I. 1189,2696,17,15
<EOS>
Der 1223,2692,44,18
Unterricht 1284,2692,122,20
auf 1423,2692,37,19
dem 1475,2693,47,19
Gebiete 1537,2693,89,19
der 1643,2693,38,21
Hygieine. 1692,2693,116,27
<EOS>
Referent: 1842,2695,110,19
Archi¬ 1971,2697,75,18
tekt 1096,2729,43,19
Benouville, 1156,2729,144,22
Welche 1334,2731,89,18
Reformen 1440,2731,113,20
des 1574,2731,36,19
Unterrichtes 1627,2732,146,20
in 1795,2732,19,20
dieser 1836,2733,71,20
Beziehung 1924,2735,122,24
gegenwärtig 1095,2768,148,24
in 1261,2768,20,18
Frankreich 1295,2768,128,19
angestrebt 1443,2769,123,24
werden, 1584,2769,92,20
geht 1693,2769,51,26
aus 1756,2776,37,13
dea 1806,2770,41,21
nachfolgenden, 1865,2771,180,27
vom 1095,2810,46,14
Kongresse 1160,2805,124,25
angenommenen 1301,2812,187,18
Resolutionen 1507,2807,148,19
hervor: 1674,2808,89,20
a 1118,2849,11,11
Es 1157,2841,27,20
soll 1201,2842,39,19
in 1257,2843,21,18
einem 1295,2843,70,20
vom 1383,2850,47,13
Staate 1448,2845,71,18
oder 1537,2844,51,19
von 1605,2851,43,12
der 1665,2846,37,18
Stadt 1720,2846,60,20
gewidmeten 1803,2846,143,25
Lokale 1963,2847,82,20
ein 1155,2880,35,18
hygieinisches 1206,2880,157,26
Museum 1377,2882,95,18
gegründet 1491,2883,121,24
werden, 1624,2883,95,28
das 1732,2884,38,18
für 1781,2884,33,18
Unterrichtszwecke 1825,2884,219,21
zu 1154,2924,24,12
dienen 1195,2918,78,19
hat. 1291,2919,42,19
<EOS>
<EOS>
<EOP>
