2280,3100
7. 160,87,22,21
<EOS>
Dezember 206,80,151,22
1895. 383,80,75,28
<EOS>
SCHWEIZERISCHE 802,78,305,23
BAUZEITUNG 1128,76,220,25
154 1969,82,49,23
<EOS>
<EOP>
4° 209,137,24,25
Il 250,135,17,22
y 284,144,11,19
a 313,144,12,12
lieu 341,137,41,19
de 399,136,26,19
taire 444,137,50,18
procéder 511,136,105,27
à 633,135,12,21
la 662,136,20,19
verification 699,136,132,20
des 848,136,37,19
conditions 902,136,119,19
de 1038,136,26,19
stabilité 119,176,90,20
de 227,176,25,19
barrages 269,176,103,25
en 389,181,25,12
maçonnerie 433,174,135,25
existants, 586,174,109,25
et 707,179,19,15
de 737,174,27,19
réduire 781,174,84,20
provisoirement, 881,174,184,27
le 119,213,19,20
cas 156,220,34,13
échéant, 207,213,95,25
le 324,213,19,18
niveau 365,213,75,17
des 462,212,37,18
retenues 522,216,97,15
qu'ils 641,213,62,25
commandent 725,212,150,19
de 897,212,26,19
façon 946,212,61,24
à 1024,211,11,19
y 1052,218,11,17
supprimer 118,252,119,26
tout 255,256,42,13
travail 314,250,75,18
à 406,248,11,20
la 435,249,19,19
traction, 471,251,96,17
i 577,257,5,11
<EOS>
<EOP>
Der 209,297,43,18
Genralrat 270,295,113,19
der 400,295,39,19
Brücken 456,296,99,19
und 576,295,43,20
Wege 636,297,68,24
hat 727,296,35,19
nach 785,296,53,19
Prüfling 856,295,95,25
des 973,295,35,18
Be¬ 1027,295,38,19
richtes 119,335,78,19
der 213,334,39,18
L'ntersuchungs-Kommission 270,334,329,24
die 616,333,35,19
obigen 667,334,80,24
Schlüsse 764,334,99,19
bestätigt. 879,334,107,25
<EOS>
<EOP>
Elektrische 210,377,139,23
Beleuchtung 373,378,151,28
von 548,384,40,16
Eisenbahnwagen. 613,377,216,28
<EOS>
Ein 862,378,40,21
vollkommen 921,378,143,19
gelungener 119,417,132,26
Versuch 269,417,94,19
mit 380,417,37,19
einem 433,418,68,18
neuen 520,423,67,13
System 606,418,83,24
elektrischer 706,417,138,19
Beleuchtung 863,417,145,24
von 1024,422,39,12
Eisenbahnwagen 118,455,201,26
ist 337,456,24,17
der 378,456,38,17
« 434,461,10,13
Ztschr. 452,455,79,20
<EOS>
des 549,456,38,18
Vereins 606,456,87,18
d. 715,455,18,19
<EOS>
Eisenbvw. 752,455,119,18
<EOS>
» 880,460,10,12
zufolge 908,454,82,24
kürz¬ 1006,454,61,18
lich 119,493,40,18
auf 182,493,36,18
der 241,493,39,18
Great 301,493,66,18
Northern 389,493,109,19
Railway 524,492,92,25
in 640,494,20,17
Irland 683,493,71,18
gemaclit 776,496,98,21
worden. 895,492,95,19
<EOS>
Der 1021,492,44,19
Hauptvorteil 118,528,150,28
dieser 279,530,71,19
Einrichtung 361,531,141,24
besteht 514,531,85,18
darin, 616,530,70,26
das> 703,530,47,19
jeder 765,530,60,25
Wagen 842,531,83,24
mit 943,530,36,18
einem 996,529,69,19
eigenen 119,568,90,25
Apparate 227,570,109,24
zur 353,575,36,12
Erzeugung 405,569,129,25
des 559,568,37,19
elektrischen 620,567,139,20
Lichtes 777,568,87,19
ausgestattet 880,571,136,21
Lt. 1034,567,30,19
<EOS>
Vermittels 118,606,121,19
der 255,605,38,20
Umdrehungen 306,606,167,25
der 491,606,38,19
Wagenachsen 543,605,161,26
wird 717,605,53,19
eine 787,605,48,19
Dynamo-Maschine 846,605,220,25
getrieben 118,643,110,25
und 246,643,42,19
so 300,650,23,12
die 340,643,34,19
zur 385,650,36,12
Beleuchtung 434,643,145,26
nötige 595,643,73,25
Elektricität 680,643,132,19
während 829,642,102,19
der 948,642,38,18
Fahrt 1000,642,65,18
des 118,680,36,19
Zug*es 171,678,68,28
gewonnen. 255,687,128,18
<EOS>
Gleichzeitig 416,682,139,24
wird 572,681,53,18
darauf 641,681,76,18
geachtet, 732,681,105,24
dass 860,681,48,18
sich 924,680,44,19
in 986,680,21,18
den 1023,679,42,19
vorhandenen 117,720,153,18
Accumulatoren 282,719,179,19
hinreichend 478,719,141,18
Elektricität 634,718,133,19
aufspeichert, 785,717,145,26
um 948,724,34,12
keine 1002,716,63,20
Unterbrechung 116,757,179,24
in 318,757,20,18
der 361,757,39,18
Beleuchtung 421,756,147,25
eintreten 589,757,104,18
zu 715,762,23,12
lassen, 755,755,76,26
falls 853,754,45,20
der 914,755,39,18
Zug 969,755,46,25
auf 1030,754,38,19
kürzere 118,797,87,18
oder 222,795,51,19
längere 290,794,88,26
Zeit 395,794,44,19
die 456,794,34,19
Fahrt 507,794,66,19
einstellt. 591,793,96,20
<EOS>
Der 715,793,46,19
ganze 777,799,65,19
aus 859,799,38,12
der 914,792,37,19
Dynamo 965,792,100,25
und 118,833,44,20
den 178,833,40,19
Sammlern 237,832,119,20
bestehende 374,831,129,20
Apparat 521,833,96,24
ist 642,831,25,18
unter 684,834,59,16
dem 761,831,48,18
Boden 826,830,74,20
des 918,831,36,18
Wagens 970,831,95,24
angebracht. 117,870,139,27
<EOS>
Die 288,870,40,19
Dynamo 350,870,98,26
beginnt 471,869,88,26
zu 580,875,23,13
arbeiten, 626,870,102,25
sobald 749,868,75,19
sich 848,869,42,18
der 914,868,38,18
Zug 976,869,45,24
in 1044,868,21,18
Gang 118,908,63,26
setzt 197,911,50,16
und 265,908,41,19
die 324,908,33,18
Accumulatoren 383,908,177,19
treten 579,910,67,16
automatisch 663,906,140,19
in 820,907,20,18
Wirksamkeit, 858,905,159,26
so¬ 1033,912,33,13
bald 118,947,50,18
der 185,946,38,18
Zug 245,947,44,24
seine 312,947,58,17
Fahrgeschwindigkeit 394,943,251,28
vermindert 668,944,130,20
oder 820,943,52,20
in 893,944,21,19
der 930,944,37,18
Station 984,944,81,20
anhält. 117,984,79,19
<EOS>
Ein 219,983,40,21
wesentlicher 273,983,145,19
Vorzug 433,982,83,26
dieser 532,981,69,20
Beleuchtungs-Einrichtung 613,980,309,28
liegt 934,981,51,26
darin, 997,981,68,27
dass 118,1022,47,19
der 177,1022,38,19
damit 226,1021,65,19
versehene 303,1021,117,19
Wagen 433,1020,84,26
überall 530,1019,81,20
ab- 627,1019,36,19
oder 680,1019,52,19
angekuppelt 745,1019,147,26
werden 903,1019,86,19
kann, 1000,1019,65,27
ohne 119,1059,55,19
seine 197,1059,59,19
Beleuchtung 280,1058,148,25
auszusetzen, 450,1061,140,19
was 612,1063,42,13
liei 678,1057,34,18
andern 737,1057,80,18
Systemen, 834,1057,119,26
wo 976,1063,33,12
der 1025,1057,39,19
Apparat 115,1096,96,27
zur 234,1103,35,12
elektrischen 291,1095,142,21
Krafterzeugung 457,1095,186,25
in 668,1095,20,18
der 706,1095,37,19
Bremsvorrichtung 759,1094,215,27
vorge¬ 989,1101,75,18
sehen 115,1135,66,18
ist, 202,1135,33,21
nicht 258,1135,58,17
zutrifft. 338,1134,82,18
<EOS>
Das 453,1134,44,18
auf 522,1133,36,18
diese 578,1133,57,19
Weise 659,1133,70,18
erzeugte 751,1137,97,20
Licht 871,1132,62,19
soll 956,1133,38,18
sehr 1016,1133,48,18
ruhig 115,1172,62,24
und 199,1172,43,18
während 265,1170,102,21
der 389,1171,39,19
ganzen 450,1177,82,18
Fahrt 553,1171,64,19
mit 640,1171,36,19
unverminderter 699,1169,183,21
Intensität 899,1171,110,19
zur 1030,1177,34,12
Wirkung 115,1209,108,25
kommen. 240,1210,107,18
<EOS>
<EOP>
Ueber 208,1252,73,22
die 299,1252,35,22
Verbreitung 352,1252,145,27
der 521,1252,39,22
Anlagen 577,1251,99,28
für 699,1252,36,22
elektrische 758,1251,134,23
Starkströme 910,1251,154,23
in 119,1291,18,22
Deutschland 157,1290,150,23
haben 323,1291,67,20
die 405,1292,33,18
von 456,1298,41,13
der 514,1291,37,19
Reichs-Post- 564,1290,144,21
und 725,1291,43,19
Telegraphenverwaltung 780,1290,284,27
vorgenommenen 116,1336,197,19
Erhebungen 335,1330,144,24
folgendes 502,1328,111,28
festgestellt: 637,1329,133,26
es 794,1336,21,12
waren 837,1336,71,12
am 925,1336,33,12
I. 977,1334,18,14
<EOS>
Okt. 1013,1330,50,19
<EOS>
d. 117,1367,19,20
<EOS>
J. 152,1368,17,25
<EOS>
im 189,1368,27,18
deutschen 234,1367,116,20
Reich 367,1367,66,19
— 450,1378,26,2
mit 495,1367,38,19
Ausschluss 545,1367,126,19
von 687,1373,42,13
Bayern 748,1367,82,26
und 846,1367,42,19
Württemberg 906,1367,159,26
<EOS>
<EOP>
— 117,1417,25,2
7419 163,1410,55,20
.Starkstromanlagen 237,1405,224,25
<EOS>
im 479,1405,28,18
Betrieb. 526,1404,93,20
<EOS>
Davon 650,1405,79,19
dienten 751,1405,86,18
710S 855,1405,57,23
Anlagen 930,1405,98,25
in 1045,1405,19,18
erster 115,1446,67,16
Linie 199,1444,60,17
der 277,1442,37,21
elektrischen 326,1442,141,19
Beleuchtung 480,1442,147,25
; 635,1448,4,18
die 663,1443,34,18
Zahl 715,1441,52,21
der 778,1441,40,20
Glühlampen 828,1441,143,27
betrug 989,1443,76,24
rund 114,1481,55,18
1380000, 195,1482,117,23
die 336,1481,34,18
der 395,1480,38,19
Bogenlampen 454,1480,162,25
61000. 636,1480,83,19
<EOS>
go 753,1485,27,19
Anlagen 801,1480,97,25
wurden 916,1481,87,18
aus¬ 1019,1487,45,12
schliesslich 118,1518,131,20
oder 266,1517,53,21
nebenbei 337,1518,104,19
zu 460,1524,23,12
elektrolytiscl.cn 501,1517,196,26
<EOS>
Zwecken. 709,1518,111,19
<EOS>
453 837,1522,43,21
zur 899,1524,34,13
Kraftüber 949,1517,117,20
tragung 115,1560,93,21
benützt. 225,1556,92,19
<EOS>
In 351,1556,23,18
der 392,1555,37,19
Hauptsache 452,1555,136,26
wird 613,1555,53,19
zum 689,1562,46,12
Betrieb 761,1555,84,19
der 870,1555,38,19
Starkstrom- 925,1556,138,19
Anlagen 115,1593,98,25
der 232,1593,37,19
Gleichstrom 287,1593,141,19
benützt. 444,1593,91,19
<EOS>
Ausschliesslich 560,1593,176,18
mit 753,1593,36,19
Wechselstrom 801,1593,166,20
werden 978,1593,86,19
410', 117,1632,51,25
mit 185,1631,37,19
Drehström 240,1631,125,18
54 384,1636,27,19
Anlagen 429,1631,98,24
betrieben. 544,1630,117,19
<EOS>
<EOP>
Ungünstige 206,1676,134,26
Einwirkungen 353,1676,168,25
der 538,1676,38,19
Starkströme 588,1676,143,19
auf 745,1676,36,19
den 796,1676,41,19
Fernsprechbetrieb 848,1676,216,27
sind 116,1714,47,19
hauptsächlich 189,1713,158,28
bei 371,1715,32,17
dem 429,1714,49,18
Betrieb 501,1713,84,21
der 610,1714,38,18
elektrischen 671,1714,141,19
Bahnen 833,1714,88,19
mit 943,1715,38,18
ober¬ 1002,1715,61,19
irdischer 117,1751,104,20
Stromzuführung 235,1752,191,25
und 443,1752,43,18
Schienenrückleitung 499,1751,242,25
vorgekommen. 758,1752,173,25
<EOS>
Die 956,1753,41,18
Auf¬ 1014,1752,50,19
rechterhaltung 116,1789,177,25
des 305,1790,37,18
Fernsprechbetriebes 351,1789,242,26
hat 605,1789,35,19
sich 652,1789,45,19
durch 709,1789,66,19
Anwendung 787,1789,142,27
geeigneter 941,1791,125,24
Vorkehrungen 116,1827,174,26
(Verlegung 306,1827,136,26
der 460,1827,37,19
Fernsprechleitungen 519,1822,245,31
aus 785,1834,35,13
dem 838,1828,48,19
Induktionsbe¬ 903,1828,162,19
reich 116,1865,58,19
der 192,1865,38,19
Starkstromleitungen, 246,1864,249,26
gemeinsame 514,1865,146,25
metallische 676,1865,131,19
Rückleitung 824,1866,141,25
für 982,1866,31,19
die 1030,1866,35,19
Sprechstellen, 116,1902,165,28
in 306,1903,19,19
deren 347,1903,65,19
Erdleitungen 434,1902,157,26
Ströme 610,1904,83,18
aus 717,1909,36,13
den 773,1903,41,19
Schienen 831,1903,106,20
der 954,1904,37,19
elek¬ 1008,1904,57,19
trischen 116,1941,91,18
Bahnen 224,1941,90,19
übertreten) 334,1940,132,26
im 488,1941,28,18
allgemeinen 538,1940,140,25
erreichen 702,1941,108,19
lassen, 833,1941,75,26
wenn 931,1948,61,12
auch 1010,1942,53,19
vereinzelt 116,1978,114,19
unangenehme 246,1979,165,23
Störungen 428,1980,121,22
nicht 567,1979,58,18
ausgeblieben 642,1980,152,23
sind. 811,1980,53,18
<EOS>
<EOP>
Elektrische 208,2021,139,23
Bahn 367,2022,61,21
Halle-Leipzig. 442,2022,169,29
<EOS>
Die 636,2024,40,19
Vorarbeiten 690,2024,141,19
für 848,2024,33,19
die 892,2025,34,18
elektrische 938,2024,127,20
Bahn 117,2061,61,18
Halle-Leipzig 196,2061,163,25
sind 382,2061,46,18
bereits 446,2062,77,18
im 540,2062,28,18
Gange 585,2062,76,25
und 680,2062,42,18
bezüglich 740,2062,109,25
des 868,2062,36,19
Weges, 920,2062,87,27
den 1024,2063,41,19
die 118,2099,34,19
Bahn 170,2098,59,20
nehmen 247,2098,93,20
wird, 358,2099,59,19
ist 431,2099,25,19
eine 470,2100,46,18
EntSchliessung 529,2098,175,27
schon 721,2100,66,18
erfolgt. 804,2100,83,24
<EOS>
Danach 919,2101,90,19
soll 1026,2101,40,19
die 119,2136,33,19
Kahn 171,2136,59,19
nicht 248,2136,57,19
in 323,2137,20,18
kürzester 362,2137,107,18
Linie 485,2137,62,19
von 564,2144,41,12
Halle 618,2137,62,19
nach 698,2138,54,18
Leipzig 769,2138,87,25
führen, 873,2138,83,25
sondern 972,2138,93,19
in 118,2175,19,18
einer 157,2175,58,18
grosseren 232,2181,113,18
Kurve 365,2174,74,19
durch 458,2174,66,19
eine 543,2175,46,19
landwirtschaftlich 607,2175,208,19
bevorzugte 834,2176,128,25
Gegend 974,2177,91,25
laufen 117,2211,69,20
und 201,2212,43,19
zolin 257,2212,51,19
Zwischcn-Statioucn 323,2211,229,20
haben. 565,2212,76,19
<EOS>
Die 665,2212,41,20
Bahn, 719,2212,67,20
welche 803,2213,80,20
den 892,2214,41,19
Charakter 946,2214,119,20
einer 117,2250,59,19
Kleinbahn 192,2249,126,19
bat. 334,2250,43,18
<EOS>
wird 395,2250,51,18
trotz 465,2253,51,15
des 533,2250,37,19
Umwegs, 582,2250,106,26
den 706,2250,40,19
sie 762,2251,29,19
macht, 809,2251,77,26
ein 903,2251,33,19
Verkehrs¬ 949,2250,116,22
mittel 117,2287,67,23
für 206,2288,32,17
den 261,2287,41,18
direkten 324,2287,98,18
Verkehr 445,2287,97,18
zwischen 562,2288,103,18
Halle 683,2288,63,19
und 763,2289,42,18
Leipzig 822,2289,89,25
werden, 928,2289,92,27
da 1037,2289,27,20
die 117,2325,34,19
Fahrzeit 168,2325,99,19
nicht 283,2324,58,20
länger 362,2325,76,25
sein 461,2325,44,19
soll 527,2325,40,19
als 583,2325,29,19
die 633,2326,34,18
Fahrzeit 684,2326,96,18
der 803,2327,37,18
Dampfeisenbahn¬ 856,2327,207,25
züge, 116,2365,61,23
der 195,2363,36,19
Fahrpreis 243,2362,115,27
dagegen 376,2363,100,25
wird 492,2363,52,19
bedeutend 557,2363,122,20
billiger 695,2363,86,25
und 798,2364,43,19
zwar 858,2372,53,11
nicht 923,2366,57,18
höher 997,2366,67,19
sein, 117,2402,51,19
als 185,2400,30,20
der 233,2401,38,18
Preis 287,2399,59,21
iür 369,2403,32,16
die 425,2400,34,19
vierte 483,2406,65,13
Klasse 564,2400,75,20
der 662,2401,38,19
Dampfeisenbahn. 716,2400,204,27
<EOS>
Die 953,2403,40,18
neue 1009,2410,54,11
Bahn 116,2439,62,19
soll 194,2438,39,20
auch 250,2438,53,19
dem 321,2438,47,19
Kleingüterverkehr 385,2438,221,26
dienen. 623,2438,84,20
<EOS>
<EOP>
Lokomotiven 210,2482,155,23
in 384,2483,19,21
Deutschland. 424,2482,160,22
<EOS>
Der 612,2484,45,20
Gesamtbestand 670,2483,177,21
der 860,2485,37,19
Lokomotiven 908,2486,155,19
auf 119,2522,36,19
den 170,2522,41,20
Eisenbahnen 224,2522,151,20
Deutschlands 389,2521,158,20
be.ief 558,2521,67,20
<EOS>
sich 634,2522,46,19
1894 693,2522,57,24
auf 763,2522,36,19
15 816,2527,24,21
715 848,2526,40,22
Stück 903,2524,66,19
gegen¬ 985,2530,79,19
über 119,2559,51,19
15475 190,2565,73,20
Stück 282,2560,66,20
im 365,2561,27,18
Vorjahre. 411,2559,111,27
<EOS>
Auf 555,2559,41,20
Io 621,2565,25,13
km 658,2559,39,20
Betriebslänge 714,2560,161,26
kommen 897,2561,100,19
3.59 1014,2566,49,21
<EOS>
Stück 119,2598,65,18
(im 201,2598,38,24
Vorjahre 257,2598,104,26
3.58) 384,2598,58,26
<EOS>
und 465,2598,43,19
aut 530,2600,34,17
eine 582,2598,47,18
Million 648,2598,82,18
Wagenachskilometer 748,2598,249,25
1.14 1015,2605,48,19
<EOS>
(im 119,2635,37,25
Vorjahre 174,2634,105,27
I.iS) 298,2636,58,25
<EOS>
Stück. 374,2637,72,19
<EOS>
Bei 479,2637,38,18
den 538,2636,42,18
preussischen 599,2636,148,25
Staatsbahnen 765,2636,154,20
betrug 936,2637,77,26
die 1030,2637,33,20
Zahl 119,2672,52,20
der 194,2673,38,19
Lokomotiven 255,2674,156,19
am 433,2681,34,11
Ende 492,2674,60,19
des 575,2674,35,18
letzten 632,2673,77,19
Betriebsjahres 726,2672,166,27
106S7 914,2675,73,24
d, 1006,2675,19,20
h. 1043,2675,20,20
<EOS>
aut 119,2712,34,17
10 180,2715,27,14
km 218,2710,38,20
Betriebslänge 282,2710,162,27
entfallen 467,2711,101,20
4.12 592,2717,51,19
<EOS>
Lokomotiven, 665,2712,163,24
auf 853,2712,36,19
eine 911,2713,46,18
Million 982,2713,82,19
\\ 119,2749,20,18
agenachskilometer 147,2748,220,25
1.14. 386,2754,54,20
<EOS>
Die 466,2750,40,19
Reichseisenbahnen 523,2749,225,20
in 764,2749,22,19
Elsass-Lothringen 798,2749,213,26
be¬ 1029,2751,34,18
sitzen 117,2786,65,19
556. 201,2786,49,25
<EOS>
die 268,2786,33,19
sächsischen 312,2786,136,20
Staatsbahnen 464,2786,156,22
963, 638,2788,49,24
die 705,2787,33,19
bayerischen 756,2787,139,25
Staalsbahnen 907,2787,156,20
12S3, 121,2824,63,25
die 201,2824,34,18
badischen 246,2824,118,19
Bahnen 377,2824,88,20
553. 483,2830,50,21
<EOS>
die 549,2825,35,19
Württemberger 596,2826,185,25
431. 798,2830,50,20
<EOS>
die 865,2825,35,19
Oldenburger 913,2825,150,27
94 119,2866,27,19
Lokomotiven. 163,2862,165,19
<EOS>
Von 352,2863,47,18
der 417,2863,37,18
Gesamtzahl 472,2863,134,19
der 623,2863,37,19
deutschen 677,2863,117,20
Lokomotiven 813,2863,155,20
rühren 985,2864,78,19
noch 119,2899,55,19
aus 192,2906,37,12
dem 247,2900,48,18
Jahre 313,2900,62,22
1S46. 395,2900,62,24
<EOS>
sechs 475,2901,60,18
Stück 552,2902,64,18
her. 634,2901,43,20
<EOS>
<EOP>
Ausgrabungen 1202,133,176,28
in 1393,134,18,21
Messene. 1427,133,111,22
<EOS>
Die 1555,135,41,18
von 1608,141,40,12
der 1660,134,39,19
griechischen 1708,134,147,25
archäologischen 1867,134,190,25
Gesellschaft 1113,172,139,20
unternommenen 1270,176,191,15
Ausgrabungen 1473,173,171,23
in 1661,173,21,18
Messene 1693,172,98,19
schreiten 1808,172,106,19
mit 1930,172,38,19
glück¬ 1985,170,72,28
lichem 1112,209,76,21
Erfolge 1206,209,87,26
fort. 1315,209,47,20
<EOS>
Die 1394,210,41,19
Reste 1453,210,61,18
der 1537,209,37,19
Hallen 1591,209,76,19
und 1690,210,44,19
Thore 1750,209,72,20
des 1839,209,37,19
Stadtmarktes, 1892,209,163,26
dessen 1111,248,75,19
Auffindung 1204,247,131,26
gleich 1352,247,70,26
zu 1440,254,23,12
Beginn 1482,248,81,25
der 1584,247,37,19
Arbeiten 1639,246,101,22
gelang, 1764,247,85,25
sind 1872,247,47,19
jetzt 1938,247,50,26
zum 2009,253,46,13
grössten 1113,288,96,23
Teile 1226,285,60,19
aufgedeckt. 1303,285,134,26
<EOS>
Ihre 1471,285,47,19
Freilegung 1537,285,128,25
hat 1682,285,36,19
zu 1735,291,24,13
epigraphischen 1775,284,178,27
Funden 1966,284,89,20
geführt, 1113,323,91,25
die 1221,323,34,19
für 1272,323,32,19
die 1321,323,34,18
Geschichte 1372,323,127,19
und 1516,323,43,18
Topographie 1576,323,154,25
der 1747,323,38,18
Stadt, 1797,323,67,25
wie 1881,323,38,18
es 1937,329,20,12
scheint 1974,323,82,18
namentlich 1112,361,128,18
der 1257,361,38,18
romischen 1313,361,119,18
Zeit 1449,361,44,18
von 1510,367,39,12
Bedeutung 1570,361,122,24
sind. 1709,361,53,18
<EOS>
<EOP>
Für 1203,400,40,22
den 1262,400,39,22
Bau 1320,401,44,21
einer 1383,401,61,21
elektrischen 1463,400,149,22
Bergbahn 1626,400,116,28
Meiringen-Reichenbach- 1757,400,299,28
Scheidegg-Grindelwald 1116,438,286,28
soll 1421,439,39,19
den 1477,439,41,19
>.M. 1536,440,46,19
<EOS>
N. 1600,440,26,19
<EOS>
X.» 1644,440,44,18
<EOS>
zufolge 1706,439,83,26
demnächst 1806,439,124,20
die 1947,439,34,19
Kon- 1998,439,58,19
cession 1113,478,81,18
nachgesucht 1216,478,144,24
werden. 1382,478,92,18
<EOS>
Die 1506,478,41,18
nötige 1569,479,72,23
Kraft 1663,478,63,18
würde 1750,478,71,18
der 1846,478,37,18
Reichenbach 1905,477,151,19
liefern, 1113,516,82,26
von 1220,522,41,12
dessen 1284,516,74,18
Gefälle 1376,514,82,21
bereits 1481,513,76,22
2500 1580,519,57,21
P.S. 1650,514,50,21
<EOS>
erworben 1723,516,111,18
sind. 1856,515,54,19
<EOS>
Die 1941,515,42,19
tech¬ 2001,514,55,19
nischen 1111,553,87,19
Vorarbeiten 1216,553,139,19
sind 1372,553,47,19
zum 1440,559,46,13
grössten 1502,555,96,22
Teil 1621,553,42,19
beendet 1681,553,90,19
und 1789,553,41,19
die 1847,553,34,19
Financierung 1899,553,157,24
des 1113,590,37,20
Unternehmens 1166,590,169,21
ist 1353,591,24,18
gesichert 1394,589,112,25
<EOS>
<EOP>
Litteratur. 1484,688,203,28
<EOS>
Pläne 1204,756,68,23
der 1294,756,40,22
Gotthardbahn 1351,756,166,22
von 1540,763,40,15
Prof. 1599,757,56,22
<EOS>
Becker. 1673,757,94,22
<EOS>
Es 1798,759,29,18
dürfte 1848,758,70,19
die 1939,759,35,18
Leser 1991,759,65,18
der 1113,795,38,19
Bauzeitung 1168,797,131,23
interessieren, 1315,796,155,24
dass 1487,796,47,18
von 1551,803,41,11
den 1610,796,41,18
grossen 1673,802,87,19
Plänen 1775,795,80,21
der 1873,796,38,18
interessan¬ 1932,797,124,18
testen 1115,837,64,16
Partien 1197,832,87,21
der 1300,833,39,19
Gotthardbahn, 1355,833,172,26
wie 1543,834,39,19
dieselben 1599,833,108,20
seinerzeit 1722,834,108,19
fiir 1849,833,31,19
die 1902,834,34,19
Wellaus¬ 1953,834,104,19
stellung 1111,871,90,25
in 1227,871,20,19
Chicago 1272,871,96,25
angefertigt 1392,870,129,27
wurden*) 1545,870,112,27
Lichtdruck-Reproduktionen 1681,871,330,26
im 2028,872,27,19
Masstabe 1113,908,106,20
von 1237,915,41,12
I 1299,914,6,13
: 1321,914,4,13
5000 1339,914,56,20
bestehen. 1419,908,108,22
<EOS>
Der 1558,908,46,19
Verfasser 1626,908,108,20
hat 1756,908,36,20
eine 1814,909,45,18
kleine 1883,909,69,18
Anzahl 1974,908,83,20
Abdrücke 1112,947,116,18
herstellen 1245,946,112,19
lassen, 1375,947,76,25
die 1467,947,35,18
er 1519,953,22,12
zum 1558,953,46,12
Selbstkostenpreis 1620,946,204,26
an 1842,953,25,12
Techniker 1880,947,122,18
und 2013,947,44,19
Schulen 1113,984,92,19
abgiebt. 1216,984,96,25
<EOS>
Einstweilen 1335,984,136,19
ist 1485,985,23,17
nur 1521,991,38,11
das 1571,984,37,18
Blatt 1620,984,56,18
Gurlnellen-Wassen 1688,984,223,19
als 1924,983,31,21
Doppel¬ 1962,983,95,28
blatt 1113,1021,52,20
gedruckt 1182,1022,103,24
(Grösse 1302,1022,88,25
0.30/1.00 1406,1020,115,28
<EOS>
m, 1538,1028,30,18
mit 1592,1023,35,18
breitem 1649,1022,89,19
Rand, 1762,1021,68,26
l'reis 1851,1022,59,19
Fr. 1933,1022,32,19
<EOS>
3.—). 1990,1021,66,27
<EOS>
Sollte 1114,1059,66,20
sich 1197,1060,44,19
eine 1258,1060,47,19
Nachtrage 1322,1060,122,25
nach 1462,1059,54,20
den 1533,1059,42,20
Entwickelungen 1587,1059,191,26
bei 1791,1060,33,19
Dazio 1835,1060,67,19
grande 1919,1060,82,25
und 2013,1060,44,20
in 1113,1097,21,19
der 1151,1097,39,19
Biasclhna 1207,1097,113,20
einstellen, 1337,1097,117,20
so 1470,1104,23,13
könnten 1510,1098,94,19
auch 1621,1098,55,19
hievon 1692,1098,78,19
Abdrücke 1786,1097,116,20
zu 1919,1104,22,13
Fr. 1958,1097,34,20
<EOS>
1.50 2007,1102,48,21
<EOS>
per 1115,1142,39,19
Blatt 1167,1135,53,19
von 1238,1141,40,14
30/50 1296,1135,68,26
cm 1381,1142,35,13
geliefert 1433,1135,97,26
werden. 1547,1135,93,20
<EOS>
Anfragen 1667,1135,111,26
gefl. 1789,1135,47,25
<EOS>
an 1849,1142,26,13
den 1886,1135,41,20
Verfasser. 1939,1135,116,21
<EOS>
<EOP>
F.s 1204,1173,28,19
<EOS>
bildet 1249,1173,67,19
das 1340,1173,38,19
vorliegende 1400,1173,138,25
Blatt 1560,1173,54,19
eine 1637,1174,46,19
prachtvolle 1707,1173,131,26
Darstellung 1859,1173,138,26
der 2018,1174,38,19
Bahnentwickelung 1117,1210,220,27
im 1349,1211,26,18
Eeussthal 1388,1211,111,19
und 1511,1211,43,19
dürfte 1565,1211,69,19
namentlich 1646,1211,129,19
allen 1787,1211,55,19
den 1853,1211,42,19
Ingenieuren, 1907,1212,150,27
welche 1113,1248,81,19
am 1211,1255,34,12
Bau 1262,1250,44,17
der 1323,1248,38,19
G. 1378,1249,25,19
<EOS>
B. 1411,1250,22,17
<EOS>
bethatigt 1451,1249,105,24
waren, 1571,1256,80,17
eine 1667,1249,47,18
werte 1731,1253,64,14
Erinnerung 1812,1250,136,23
sein. 1963,1249,52,20
<EOS>
<EOP>
Konkurrenzen. 1431,1350,299,28
<EOS>
Zur 1207,1418,42,22
Erlangung 1263,1418,125,28
von 1405,1425,39,15
Entwürfen 1459,1418,121,22
für 1599,1419,34,21
eine 1652,1419,49,21
Auszeichnungsmedaille 1713,1418,285,28
der 2016,1418,40,23
Genfer 1117,1455,80,23
Landesausstellung 1211,1456,226,28
1896 1456,1457,54,21
eröffnet 1528,1458,88,19
das 1633,1458,37,19
Centralkomite 1685,1457,167,20
derselben 1868,1458,110,19
unter 1996,1461,61,16
den 1113,1495,41,19
schweizerischen 1179,1495,187,20
(auch 1389,1496,63,22
im 1475,1496,26,19
Ausland 1519,1495,96,20
ansässigen) 1631,1494,133,27
Künstlern 1781,1495,113,20
einen 1912,1496,62,18
Wett¬ 1989,1496,67,20
bewerb 1113,1532,87,21
mit 1225,1534,37,18
folgenden 1286,1533,115,25
Bedingungen. 1426,1533,162,26
<EOS>
Termin: 1625,1533,99,19
15. 1749,1538,32,21
<EOS>
Januar 1799,1534,79,25
1S95. 1901,1532,62,26
<EOS>
Dem 2000,1533,55,19
aus 1113,1577,36,13
den 1171,1571,41,19
IUI.: 1229,1571,61,19
<EOS>
Nationalrat 1314,1571,133,21
G. 1465,1571,25,19
<EOS>
Ador 1507,1571,60,19
(Präsident), 1583,1571,137,27
Th. 1742,1571,40,21
<EOS>
Turreltini, 1801,1571,124,26
Präsident 1946,1570,110,21
des 1113,1609,37,18
Centralkomitee's, 1168,1609,205,25
Nationalrat 1389,1610,135,18
Wunderly-von 1532,1609,170,25
Muralt, 1715,1609,87,24
Maler 1817,1609,69,19
Ernst 1901,1609,66,19
Biéler, 1978,1610,79,26
Maler 1115,1647,68,18
Etienne 1200,1647,90,18
Duval, 1302,1647,77,25
Numismatiker 1397,1646,167,20
Dr. 1574,1648,38,18
<EOS>
F. 1626,1647,22,19
<EOS>
Imhoof-Blumer, 1659,1647,188,26
Anton 1858,1648,72,17
Pocheion, 1941,1647,115,26
M. 1114,1684,29,19
<EOS>
d. 1157,1685,20,18
<EOS>
C. 1190,1685,22,19
<EOS>
K.. 1226,1685,36,18
<EOS>
Ständerat 1284,1684,114,20
Arnold 1419,1684,84,19
Robert 1525,1685,79,18
und 1626,1684,44,19
Paul 1691,1684,51,19
Ströhlin, 1764,1683,101,28
Präsident 1886,1684,111,19
der 2018,1684,39,19
Schweiz, 1115,1722,97,19
numismatischen 1229,1722,188,19
Gesellschaft, 1434,1722,147,26
zusammengesetzten 1599,1726,228,21
Preisgericht 1846,1722,140,26
steht 2002,1723,55,19
ein 1115,1760,34,19
Betrag 1167,1760,78,25
von 1267,1766,41,13
1500 1334,1765,55,20
Fr. 1405,1760,33,19
<EOS>
zur 1462,1767,36,12
Prämiierung 1514,1760,148,26
der 1683,1759,38,20
besten 1742,1760,73,19
Arbeiten 1831,1760,103,19
zur 1954,1766,35,13
Ver¬ 2007,1761,50,18
fügung. 1114,1797,89,26
<EOS>
Die 1236,1797,41,19
Art 1297,1799,39,17
der 1361,1797,37,19
Ausbildung 1415,1797,135,26
der 1575,1797,37,19
Entwürfe 1629,1797,108,19
ist 1761,1798,25,18
den 1810,1797,41,19
Künstlern 1867,1797,118,19
frei¬ 2009,1797,48,20
gestellt, 1114,1836,91,26
jedoch 1225,1836,78,25
soll 1326,1836,40,18
auf 1387,1835,36,19
der 1444,1836,38,18
Vorderseite 1499,1836,136,19
der 1656,1836,38,18
Medaille 1711,1836,100,19
in 1835,1836,18,18
einer 1877,1836,58,19
der 1957,1836,38,19
drei 2012,1836,45,19
Landessprachen 1113,1874,194,25
die 1324,1873,34,19
Inschrift: 1374,1873,109,19
Schweizerische 1500,1873,178,19
Landesausstellung 1693,1873,216,25
Genf 1927,1873,57,20
1S96 2001,1875,54,23
und 1115,1912,42,18
auf 1179,1911,36,19
der 1235,1911,37,19
Kehrseite 1295,1911,113,19
ein 1429,1911,34,19
freier 1484,1910,63,20
oder 1568,1911,52,19
eingefasster 1642,1910,139,26
Raum 1797,1911,67,19
von 1886,1918,41,12
ungefähr 1950,1911,106,25
275 1113,1953,42,21
nini1 1173,1949,58,20
für 1252,1949,32,19
eine 1306,1949,45,19
weitere 1368,1949,86,19
Inschrift 1472,1948,98,20
vorhanden 1586,1948,124,20
sein. 1726,1949,52,19
<EOS>
Für 1811,1949,41,19
die 1869,1949,33,19
Darstellung 1918,1949,137,25
beider 1112,1987,73,19
Seiten 1202,1988,71,18
der 1300,1987,37,19
in 1361,1987,20,19
einer 1406,1987,59,19
Grösse 1482,1986,78,20
von 1585,1993,40,13
62 1648,1987,27,19
nini 1692,1993,48,13
im 1756,1987,28,18
Durchmesser 1801,1986,153,20
projek¬ 1970,1987,85,26
tierten 1115,2025,75,19
Münze 1201,2025,78,19
wird 1295,2024,55,19
verlangt 1367,2024,96,25
eine 1480,2024,46,19
Bleistift- 1543,2024,98,19
oder 1657,2024,52,19
Federzeichnung 1723,2024,189,26
auf 1923,2024,37,20
Bristol- 1969,2025,87,20
Karton 1115,2063,86,19
oder 1223,2064,51,18
ein 1297,2062,32,19
Wachs- 1353,2062,89,20
bezw. 1464,2062,64,20
<EOS>
Gips-Modell 1550,2062,143,26
in 1715,2062,20,19
vierfacher 1759,2062,117,19
Ausführungs¬ 1900,2062,157,27
grosse. 1113,2107,79,19
<EOS>
Gleichzeitig 1227,2100,140,26
mit 1388,2101,36,18
dem 1440,2100,48,19
Entwurf 1505,2100,99,19
ist 1623,2101,25,18
die 1675,2100,34,19
Erklärung 1730,2100,122,26
abzugeben, 1875,2101,131,25
oh 2028,2101,27,20
der 1115,2139,38,17
Verfasser 1174,2137,110,21
-event, 1307,2142,74,14
die 1410,2138,32,18
Anfertigung 1469,2137,143,25
der 1640,2138,38,18
bezüglichen 1703,2138,140,25
Matrizen 1866,2139,103,18
über¬ 1996,2139,61,18
nehmen 1113,2176,93,19
kann. 1229,2177,63,18
<EOS>
Die 1328,2177,41,18
Jury 1388,2177,50,24
behält 1461,2176,72,19
sich 1554,2176,45,19
die 1621,2176,33,19
Wahl 1671,2175,65,20
der 1756,2176,38,19
Entwürfe 1811,2177,108,18
für 1939,2176,32,19
beide 1993,2177,62,18
Seiten 1113,2215,73,19
der 1203,2214,38,19
Medaille 1254,2214,102,19
aus 1372,2220,37,13
den 1426,2213,41,20
Darstellungen 1479,2213,164,26
verschiedener 1656,2213,164,20
Konkurrenten 1830,2214,168,20
vor. 2011,2222,43,12
<EOS>
Die 1111,2253,41,19
prämiierten 1176,2252,139,26
Entwürfe 1332,2251,109,20
werden 1465,2251,85,19
Eigentum 1567,2251,113,25
des 1698,2251,36,19
Centralkomitee's, 1752,2251,206,27
das 1975,2252,38,20
in 2035,2253,18,19
Uebereinstimmung 1114,2290,221,26
mit 1357,2289,37,19
dem 1420,2289,47,19
Preisgericht 1489,2289,144,25
über 1654,2289,52,18
die 1727,2289,34,19
Ausführung 1784,2289,137,27
derselben 1943,2290,112,20
entscheidet. 1112,2327,138,20
<EOS>
Die 1286,2327,41,19
Entwürfe, 1350,2327,114,22
welche 1486,2327,79,18
mit 1588,2327,38,18
einem 1648,2327,69,18
Motto 1740,2327,68,19
oder 1830,2327,51,19
Kennzeichen 1902,2327,151,20
versehen 1110,2366,103,18
unter 1232,2368,59,16
Beifügung 1304,2365,120,25
eines 1440,2365,58,18
den 1515,2364,40,19
Namen 1571,2364,84,19
des 1668,2364,37,19
Konkurrenten 1716,2365,167,19
enthaltenden, 1896,2366,159,26
verschlossenen 1113,2403,173,19
Umschlages 1301,2403,139,24
bis 1461,2402,32,19
zu 1509,2409,23,12
dem 1549,2402,49,19
genannten 1615,2406,120,21
Termin 1753,2403,88,18
an 1858,2410,26,11
das 1902,2403,36,18
e 1957,2410,10,11
Depar¬ 1974,2404,81,25
tement 1112,2445,78,15
des 1215,2441,36,19
Finances;^ 1274,2441,120,19
in 1420,2441,20,19
Genf 1464,2439,57,21
abzuliefern 1540,2439,129,20
sind, 1692,2440,56,26
sollen 1775,2440,68,20
nach 1864,2441,56,19
erfolgtem 1941,2441,113,25
Spruch 1115,2479,82,25
des 1214,2479,37,19
Preisgerichtes 1267,2478,166,26
öffentlich 1449,2477,108,20
ausgestellt 1574,2477,119,26
werden. 1710,2478,93,20
<EOS>
<EOP>
Farbiges 1205,2522,106,28
Plakat 1324,2522,80,22
für 1415,2522,35,22
die 1464,2521,34,23
internationale 1511,2521,171,23
Kunstausstellung 1696,2522,206,27
in 1921,2523,18,21
Dresden 1954,2523,99,22
1897. 1113,2560,60,22
<EOS>
Die 1199,2562,41,19
Kommission 1251,2562,147,19
lür 1415,2564,32,16
die 1464,2561,34,19
internal. 1516,2562,97,19
<EOS>
Kunstausstellung 1627,2561,201,26
in 1844,2562,20,19
Dresden 1881,2562,99,19
1897 1999,2564,54,23
schreibt 1113,2599,93,20
einen 1222,2600,62,19
Wettbewerb 1300,2599,146,21
für 1464,2598,33,20
ein 1513,2599,33,19
farbiges 1564,2598,94,26
Plakat 1675,2599,77,19
aus. 1768,2606,43,12
<EOS>
das 1834,2599,37,20
in 1888,2600,20,19
origineller, 1925,2600,130,25
gemeinverständlicher 1113,2637,254,25
und 1384,2637,43,19
wirkungsvoller 1444,2637,177,25
Weise 1637,2637,72,19
auf 1731,2637,35,19
diese 1783,2637,57,19
Ausstellung 1857,2637,135,26
auf¬ 2013,2637,43,19
merksam 1116,2675,106,18
macht. 1239,2675,77,19
<EOS>
Die 1348,2675,41,19
Entwürfe 1402,2674,108,20
sollen 1527,2675,64,18
in 1609,2675,19,18
der 1642,2675,37,18
Hauptausdehnung 1690,2675,215,26
nicht 1920,2675,59,19
unter 1996,2679,60,15
So 1113,2713,27,18
cm 1160,2719,35,13
und 1212,2713,43,18
nicht 1272,2713,58,19
über 1346,2713,53,18
1 1417,2718,8,13
m 1445,2719,22,12
gross 1485,2719,59,18
und 1560,2713,44,18
so 1621,2719,22,12
fertiggestellt 1661,2712,147,26
sein, 1824,2714,51,24
dass 1891,2713,48,18
die 1956,2713,34,18
Ver¬ 2006,2714,49,18
vielfältigung 1109,2750,151,26
(einschl. 1282,2751,97,25
<EOS>
der 1397,2750,37,19
Konturenplatte 1451,2750,178,26
nicht 1650,2751,59,18
mehr 1725,2751,59,18
als 1801,2751,29,18
fünf 1847,2750,48,19
Platten) 1908,2751,91,24
un¬ 2017,2758,37,11
mittelbar 1110,2788,107,19
nach 1238,2789,55,19
ihnen 1310,2789,65,19
zu 1398,2795,24,12
bewerkstelligen 1444,2788,187,25
ist. 1648,2788,31,20
<EOS>
Die 1711,2788,41,20
Entwürfe 1768,2787,107,21
sind 1896,2788,48,19
bis 1960,2789,32,18
zum 2007,2795,47,13
31. 1112,2831,34,20
<EOS>
Januar 1161,2827,80,25
1S96 1266,2826,54,25
bei 1344,2827,34,18
der 1400,2826,37,19
Ausstellungskommission 1459,2825,286,26
(Dresden, 1770,2826,115,26
Kgl. 1909,2825,50,27
<EOS>
Kunst- 1976,2827,78,19
<EOS>
<EOP>
*) 1203,2901,20,28
Vide 1240,2903,56,20
Bd. 1314,2902,38,20
<EOS>
XXII 1370,2903,63,19
Nr. 1450,2903,38,19
<EOS>
1 1509,2908,7,14
u. 1537,2909,17,14
<EOS>
Z. 1574,2903,20,19
<EOS>
<EOS>
<EOP>
