2280,3100
14- 146,88,39,23
Dezember 208,81,151,23
1895.] 385,80,87,33
<EOS>
SCHWEIZERISCHE 806,83,305,24
BAUZEITUNG 1134,85,221,23
160 1950,84,49,25
das 106,143,46,23
Programm 176,143,160,29
bereits 359,143,98,23
an 480,151,31,15
40 535,151,34,22
Architekten 591,144,171,23
versandt 790,144,125,24
worden 937,144,109,23
war. 106,188,61,16
<EOS>
Dies 217,179,63,25
bestimmte 312,181,155,23
den 497,181,49,22
zürcherischen 583,182,202,23
Ingenieur- 813,183,153,28
und 995,182,50,22
Architekten-Verein 104,218,289,23
in 428,220,22,21
seiner 488,219,87,23
Sitzung 606,219,109,30
vom 746,226,63,16
9. 842,229,22,20
<EOS>
Dezember 897,220,150,22
gegenüber 105,257,154,28
dein 282,256,59,22
Tonhalle-Vorstand 365,256,281,23
den 670,257,50,22
Wunsch 739,257,118,23
zu 879,264,29,15
äussern, 930,259,117,21
es 107,301,26,16
möchte 156,294,106,23
clic 285,293,42,22
Preisbewerbung, 346,294,250,29
nachdem 620,295,128,23
sie 766,296,37,22
nun 819,302,51,16
schon 892,295,80,23
eine 990,295,56,22
solche 105,332,91,22
Ausdehnung 213,331,181,29
und 410,333,51,22
Oeffentlichkeit 479,332,219,23
erlangt 720,334,105,26
habe, 842,333,76,23
auf 936,331,45,25
alle 995,333,51,22
schweizerischen 106,368,235,23
und 364,369,53,22
in 440,371,23,21
der 481,370,47,23
Schweiz 544,369,116,23
niedergelassenen, 683,370,259,30
sowie 964,371,82,21
auf 106,406,46,24
die 172,406,41,22
in 237,406,24,22
der 284,406,47,22
früheren 355,406,122,24
Konkurrenz 500,407,173,23
ausgezeichneten 696,408,236,30
Archi¬ 955,408,92,21
tekten 107,445,85,22
erstreckt 209,444,130,23
werden. 356,445,115,23
<EOS>
Der 504,445,55,23
Tonhalle-Vorstand 573,445,278,23
kam 869,445,59,22
diesem 946,445,100,22
Wunsche 105,479,136,26
insofern 264,482,116,23
nach, 403,484,75,27
als 505,483,39,22
er 566,489,28,16
nun 621,490,53,15
jedem 693,480,77,35
Architekten, 793,483,180,26
der 1002,483,45,22
darum 107,519,94,23
einkam, 232,519,113,28
die 375,520,42,22
Mitbewerbung 448,521,216,28
gestattete. 693,522,148,27
<EOS>
Der 885,520,53,23
engere 967,527,81,25
Wettbewerb 106,557,188,23
war 310,563,56,18
dadurch 382,557,118,24
zu 517,565,29,15
einem 563,559,85,21
internationalen 671,555,199,33
geworden. 893,557,153,29
<EOS>
<EOP>
Das 196,594,55,22
bezügliche 273,595,155,29
Programm, 451,597,170,27
das 644,595,46,22
sich 713,596,55,22
in 791,596,23,22
Bd. 831,594,44,24
<EOS>
XVIII 899,594,84,24
auf 1005,594,46,23
S. 107,632,24,24
<EOS>
145 152,638,47,23
u. 219,639,21,15
<EOS>
160 264,632,48,22
u. 329,640,22,15
<EOS>
Z. 369,632,26,22
<EOS>
mitgeteilt 418,633,143,30
findet, 577,632,89,24
verlangte 689,633,139,29
einen 846,633,74,21
grossen 936,639,110,22
Konzertsaal 105,671,175,22
fiir 310,670,41,23
1400 383,677,67,23
Personen 481,671,130,22
mit 641,671,49,22
900 718,677,51,23
nr 799,678,34,15
Grundfläche, 861,670,186,23
einen 108,709,72,22
kleinen 207,707,105,23
für 343,708,39,22
500 412,715,51,20
Personen 492,710,134,22
mit 654,709,49,22
320 732,715,50,22
nr 805,715,34,16
Grundfläche 869,707,179,24
(einschliesslich 108,743,223,34
der 348,745,47,22
Gallerieen). 411,743,176,33
<EOS>
und 606,745,51,23
einen 682,746,73,22
Pavillon 773,746,121,23
von 914,752,48,15
etwa 980,748,67,19
750 108,789,51,21
nr 175,790,34,14
Grundfläche. 226,782,187,23
<EOS>
Die 446,785,49,21
Verhältnisse 513,782,181,28
waren 710,790,88,16
also 816,784,57,21
denjenigen 890,781,157,31
der 108,820,46,23
ersten 176,823,86,19
Konkurrenz 279,820,173,23
ziemlich 473,821,123,23
gleich, 618,821,95,28
nur 736,828,49,15
waren 806,827,88,16
an 918,827,29,15
Stelle 965,820,82,22
der 108,858,47,23
Musikschule 170,857,181,24
zwei 372,860,65,21
Uebungssäle 453,859,187,27
mit 663,859,47,22
den 732,858,49,23
nötigen 804,859,108,27
übrigen 933,858,114,28
Räumen 106,896,119,23
vorgesehen. 248,896,174,28
<EOS>
Die 464,897,51,22
Bausumme 531,896,161,22
war 715,902,55,16
auf 787,897,45,22
1 856,903,7,15
150000 880,902,110,18
Fr. 1007,896,39,21
<EOS>
(zu 108,930,38,34
20 172,940,31,15
Fr. 227,933,41,22
<EOS>
per 295,940,49,23
in5) 364,930,45,34
für 439,934,41,22
den 508,933,49,22
Pavillon 580,933,124,23
und 733,934,50,22
28 809,935,30,22
Fr. 864,934,40,21
<EOS>
für 936,933,40,22
die 1005,932,42,23
übrigen 108,971,112,27
Bauten) 245,968,108,33
beschränkt, 376,970,168,28
wozu 566,977,74,16
noch 662,970,68,22
100000 756,977,112,16
Fr. 886,970,39,22
<EOS>
für 949,970,40,22
die 1006,970,42,22
Tcrrassierung 106,1008,206,27
und 334,1008,50,22
den 410,1008,49,23
Garten, 482,1009,107,26
70000 614,1014,94,21
Fr. 725,1008,42,23
<EOS>
für 790,1008,41,22
Mobiliar 847,1008,126,22
und 996,1008,50,22
30000 108,1052,95,23
Fr. 225,1044,41,24
<EOS>
für 299,1046,39,22
die 366,1045,41,23
Beleuchtung 437,1046,182,28
(zusammen 642,1041,165,35
1 832,1052,6,16
350000 857,1052,113,22
Fr.) 994,1042,53,32
<EOS>
zu 106,1091,29,15
rechnen 157,1083,115,23
waren. 294,1089,97,16
<EOS>
<EOP>
Trotz 196,1120,77,22
cler 300,1120,46,22
weiten 376,1121,94,23
Ausdehnung, 494,1120,188,30
welche 711,1120,101,25
diesem 841,1120,101,23
Wett¬ 967,1121,81,22
bewerb 106,1158,112,23
nachträglich 240,1158,184,28
gegeben 447,1159,122,28
worden 592,1158,108,22
war. 721,1165,61,17
<EOS>
liefen 805,1158,79,23
innert 902,1158,84,22
der 1001,1158,47,22
ausgesetzten 107,1199,181,26
Einlieferungsfrist 312,1195,260,31
im 597,1195,35,23
ganzen 661,1202,99,22
nur 787,1204,50,15
19 862,1202,29,23
Entwürfe 914,1195,134,23
ein, 108,1234,49,27
von 188,1240,52,16
welchen 272,1234,119,22
das 425,1234,47,22
aus 504,1240,45,16
den 582,1234,50,22
Uli. 660,1234,56,22
<EOS>
Arch. 749,1234,77,22
<EOS>
André. 856,1232,97,24
<EOS>
Prof. 975,1234,71,22
<EOS>
Bluntschli. 106,1270,156,24
<EOS>
Arch. 285,1271,79,22
<EOS>
Ilelmer. 389,1271,118,24
<EOS>
Stadtpräsident 529,1271,217,29
Pestalozzi, 763,1271,154,27
Kapell¬ 939,1271,109,29
meister 106,1309,112,22
Dr. 246,1308,44,22
<EOS>
Ilcgar, 328,1309,99,30
Tonhalle-Verwalter 455,1308,299,25
Hindermann 781,1308,187,26
und 995,1309,51,22
Arch. 106,1346,79,23
<EOS>
Châtelain 210,1345,138,23
(an 371,1345,40,32
Stelle 425,1346,82,23
des 530,1345,45,23
ablehnenden 598,1345,186,25
Hrn. 803,1348,62,21
<EOS>
Prof. 882,1345,67,23
<EOS>
Auer) 969,1344,78,32
bestehende 106,1383,165,23
Preisgericht 293,1383,179,29
nachfolgende 494,1383,194,29
auszeichnete: 711,1385,195,22
<EOS>
<EOP>
Mit 196,1421,47,22
einem 266,1421,85,22
ersten 384,1425,86,19
Preis 494,1422,74,22
von 590,1427,51,17
5000 665,1428,70,20
Fr. 758,1422,40,22
<EOS>
den 822,1422,48,22
des 894,1421,46,23
Herrn 963,1422,85,22
Arch. 106,1460,79,22
<EOS>
Bruno 218,1458,85,23
Schmitz 334,1458,116,24
in 480,1460,23,21
Berlin, 534,1459,102,22
mit 664,1459,48,22
einem 745,1461,84,21
zweiten 857,1459,111,22
von 996,1466,52,16
2500 109,1503,70,19
Fr. 203,1496,41,22
<EOS>
den 268,1495,50,23
des 341,1495,46,23
Herrn 404,1497,86,22
Arch. 508,1497,76,21
<EOS>
Kuder 603,1496,91,23
in 710,1497,23,22
Strassburg 750,1496,160,30
und 931,1496,50,22
mit 1001,1498,46,21
einem 108,1535,87,21
dritten 218,1532,97,23
von 332,1540,51,16
1500 402,1540,68,21
Fr. 486,1534,41,22
<EOS>
den 549,1533,48,22
des 621,1533,46,22
Herrn 683,1534,86,23
Prof. 786,1534,69,24
<EOS>
G. 874,1534,30,23
<EOS>
Frentzen 920,1534,128,23
in 106,1572,25,22
Aachen. 150,1571,114,23
<EOS>
Ferner 308,1571,101,22
wurden 430,1571,111,24
Ehrenmeldungen 558,1566,252,37
zuerkannt 832,1571,143,23
den 998,1572,49,22
Entwürfen 106,1609,153,23
der 295,1608,48,23
IUI. 370,1609,58,23
<EOS>
Architekten 458,1609,172,23
Chioderà 660,1610,134,22
& 823,1610,19,22
Tschudy 870,1609,123,29
in 1023,1610,24,22
Zürich, 106,1646,104,27
Arch. 232,1646,80,23
<EOS>
Karch 329,1647,88,22
in 435,1648,25,22
Mannheim 476,1647,151,23
und 644,1646,53,23
Eugen 712,1648,89,29
Meyer 817,1647,91,29
in 924,1648,23,22
Paris. 963,1648,83,22
<EOS>
Die 106,1685,50,22
schweizerische 178,1684,220,22
Architektenschaft 415,1683,262,24
stand 695,1685,75,22
bei 788,1686,43,22
diesem 848,1685,99,22
Wctt- 964,1685,83,22
k'arnpf 104,1720,98,31
leider 221,1720,85,23
ziemlich 327,1721,123,23
im 472,1722,37,22
Hintertreffen, 526,1721,200,27
indem 748,1722,89,24
nur 860,1729,49,16
die 930,1722,42,22
Hfl. 988,1723,58,22
<EOS>
Arch. 105,1759,78,24
<EOS>
Kuder, 208,1759,99,28
Chioderà 331,1759,135,23
A 488,1760,19,22
Tschudy 528,1759,123,28
und 673,1759,52,23
Meyer 748,1761,91,27
zu 859,1767,30,15
Auszeich¬ 908,1760,140,22
nungen 104,1803,103,23
gelangten. 231,1797,152,28
<EOS>
<EOP>
Der 196,1834,55,23
zweite 271,1835,92,22
Wettbewerb 377,1834,186,24
hatte 586,1835,71,22
in 681,1835,23,21
der 727,1834,47,24
Form, 793,1836,88,26
in 904,1836,24,22
der 952,1835,45,23
er 1020,1842,27,16
ausgeschrieben 106,1872,227,30
wurde, 363,1873,102,28
und 495,1872,51,23
mit 577,1872,48,22
cler 654,1871,47,23
Ausdehnung, 730,1873,188,28
die 947,1873,43,22
er 1019,1880,29,16
schliesslich 105,1909,167,23
genommen 288,1916,162,22
hatte, 464,1911,81,26
eigentlich 559,1909,144,29
keinen 715,1909,94,24
rechten 820,1910,108,23
Zweck: 941,1910,105,24
denn 106,1946,68,24
einerseits 204,1946,138,23
waren 372,1953,88,17
die 490,1947,43,23
Abänderungen 555,1946,218,30
gegenüber 802,1948,156,30
dem 986,1948,60,23
ersten 106,1989,87,18
keine 222,1984,77,23
wesentlichen, 328,1985,197,23
anderseits 555,1984,149,23
wurde 726,1985,90,22
die 844,1985,41,22
Erfüllung 907,1985,140,30
des 105,2022,47,22
ziemlich 179,2022,123,22
weitgehenden 331,2023,204,28
Bauprogrammes 561,2022,248,29
erheblich 838,2023,137,23
er¬ 1006,2030,40,16
schwert, 104,2060,124,27
wo 244,2066,42,15
nicht 309,2060,71,22
unmöglich 402,2060,158,30
gemacht, 581,2060,132,29
durch 729,2059,83,24
die 829,2061,43,22
verhältnis¬ 887,2062,159,22
mässig 104,2097,102,29
knapp 235,2096,88,30
bemessene 352,2097,155,23
Bausumme. 530,2097,171,23
<EOS>
Der 743,2098,54,23
letztere 818,2099,107,22
Uebel- 948,2099,97,24
stand 104,2134,77,23
führte 204,2134,87,22
dazu, 314,2134,72,23
dass 407,2134,60,23
kaum 483,2135,79,22
irgend 580,2134,93,30
eines 692,2135,70,23
der 778,2136,48,23
eingelieferten 843,2136,203,29
Projekte 102,2172,127,30
ohne 259,2173,68,22
Abänderung 350,2173,181,28
zur 559,2179,46,16
festgesetzten 630,2172,184,30
Summe 837,2173,110,24
hätte 975,2174,71,23
ausgeführt 104,2209,158,30
werden 288,2210,108,22
können. 420,2211,108,23
<EOS>
Bei 572,2211,44,22
allen 638,2211,71,22
Arbeiten, 732,2211,135,23
bei 897,2211,41,23
denen 962,2211,84,23
das 104,2248,47,23
Bestreben 173,2247,146,24
bemerkbar 341,2248,165,23
war. 529,2254,63,16
<EOS>
die 622,2248,43,22
Bausumme 687,2248,161,24
einzuhalten, 870,2249,174,29
gelangte 102,2286,128,29
dieser 260,2284,88,23
Uebelstand 372,2285,163,23
zum 563,2292,58,15
Ausdruck 645,2285,141,24
und 814,2286,51,23
sogar 895,2293,80,23
der 999,2287,47,23
Entwurf 102,2322,122,24
von 245,2329,51,16
Bruno 313,2322,87,23
Schmitz 417,2322,116,25
musste 549,2325,100,20
aus 665,2329,46,16
den 727,2323,49,24
erwähnten 793,2324,152,23
Rück¬ 960,2324,85,23
sichten 102,2361,103,23
hinter 228,2361,87,22
dessen 337,2360,93,23
schönem 453,2361,128,22
ersten 602,2364,85,19
Projekte 704,2361,123,31
zurückstehen. 843,2361,201,24
<EOS>
<EOP>
Auf 193,2398,54,23
die 274,2398,42,23
einzelnen 340,2399,133,22
Entwürfe 495,2397,134,24
näher 651,2399,81,22
einzutreten, 754,2400,170,22
würde 953,2399,91,23
zu 102,2443,29,16
weit 155,2437,63,21
führen 240,2436,96,22
und 358,2436,53,22
noch 433,2437,68,23
weniger 524,2436,119,29
angebracht 665,2437,164,28
sein, 851,2438,64,25
als 941,2438,39,22
bei 1002,2438,44,22
der 103,2473,47,23
Besprechung 178,2474,191,29
der 404,2473,48,23
ersten 489,2476,87,20
Preisbewerbung. 607,2474,247,30
<EOS>
Der 903,2475,54,23
seit¬ 985,2476,60,22
her 102,2511,47,22
verflossene 171,2510,163,24
Zeitraum 356,2511,133,24
ist 513,2511,33,23
so 567,2518,28,16
kurz, 618,2510,69,25
dass 718,2511,59,25
wir 800,2514,50,22
zu 871,2520,29,15
der 923,2513,47,22
An¬ 994,2515,51,21
nahme 102,2548,96,23
berechtigt 214,2549,153,29
sind, 383,2549,67,24
die 467,2549,42,23
Erinnerung 525,2549,167,29
an 707,2556,30,15
diesen 754,2549,90,24
Wettbewerb 859,2551,185,22
und 102,2586,51,22
an 187,2592,32,17
die 251,2587,42,22
daraus 325,2587,97,23
hervorgegangene 454,2588,263,28
engere 750,2593,98,25
Konkurrenz 870,2587,174,23
zwischen 102,2624,131,22
der 246,2624,47,22
Firma 305,2624,90,23
Fellner 408,2625,109,23
A 527,2626,18,21
Helmer 555,2625,112,22
und 678,2625,52,22
Professor 743,2625,143,24
Bluntschli 897,2626,147,22
sei 102,2661,38,22
noch 161,2661,67,22
lebhalt 251,2661,103,23
genug. 370,2669,94,23
<EOS>
Wer 499,2663,64,22
sich 578,2663,55,22
sjueciell 650,2663,112,29
dafür 778,2664,77,22
interessiert, 872,2664,171,22
den 102,2698,51,23
möchten 176,2698,124,23
wir 317,2700,49,22
auf 383,2700,45,23
den 441,2700,48,24
Jahrgang 507,2700,134,30
1892*) 660,2697,91,34
unserer 768,2708,110,17
Zeitschrift 892,2701,152,23
verweisen, 102,2736,157,23
in 284,2736,23,22
welchem 324,2737,130,23
die 478,2738,41,23
betreffenden 542,2738,186,23
Vorgänge 741,2739,144,30
sehr 908,2739,61,22
ein- 991,2739,53,22
lässlich 101,2774,107,23
geschildert 237,2774,165,27
sind. 424,2776,66,22
<EOS>
Auch 533,2776,74,22
die 630,2775,42,23
erwähnte 695,2777,136,22
engere 853,2783,97,19
Kon- 972,2776,72,23
<EOS>
<EOP>
*) 191,2852,22,28
Bd. 229,2854,39,20
<EOS>
XIX 287,2855,52,19
S. 356,2856,20,18
<EOS>
76: 395,2855,35,24
Si. 452,2856,34,18
<EOS>
82, 510,2854,34,28
SS. 563,2856,34,19
<EOS>
97. 616,2861,33,20
<EOS>
99, 668,2862,34,19
101. 721,2862,48,14
<EOS>
110. 102,2898,48,15
<EOS>
115. 171,2897,47,21
<EOS>
126, 239,2891,48,22
131, 306,2897,47,20
134. 373,2897,48,20
<EOS>
139. 441,2899,48,19
<EOS>
145. 508,2898,47,20
<EOS>
<EOP>
Bd. 803,2858,38,19
<EOS>
XX 859,2858,40,18
100. 924,2862,47,14
<EOS>
102, 997,2862,46,17
<EOS>
<EOP>
kurrenz 1096,145,111,23
krankte 1229,146,111,22
an 1363,152,31,16
dem 1417,146,60,22
nämlichen 1497,146,151,23
Gebrechen 1665,146,158,24
cler 1840,147,46,22
zu 1902,153,29,15
knapj} 1947,146,90,30
bemessenen 1096,183,174,23
Bausumme. 1303,184,170,23
<EOS>
Das 1526,184,53,22
bezügliche 1615,184,155,28
Gutachten 1807,185,148,23
der 1990,185,48,22
Akademie 1096,221,146,23
des 1272,221,45,22
Bauwesens 1341,222,159,22
sagt 1529,224,58,26
hierüber 1615,222,127,22
wörtlich 1764,223,122,22
(Bd. 1911,218,56,34
<EOS>
XX 1991,223,45,22
S. 1096,257,24,25
<EOS>
10S): 1141,260,74,27
-Schliesslich 1240,258,187,23
kann 1456,259,67,22
die 1554,258,41,23
Akademie 1619,259,148,23
nicht 1788,261,71,22
verhehlen, 1882,260,153,23
dass 1096,295,60,23
ihr 1176,296,39,22
bei 1231,297,42,21
genauer 1295,303,117,21
Einsichtnahme 1429,296,215,23
der 1659,296,48,23
Projekte 1723,297,124,31
die 1863,297,42,22
Forder¬ 1922,296,113,25
ungen 1096,340,86,24
des 1206,334,45,22
Programmes 1273,334,192,28
wohl 1488,334,68,22
nicht 1582,334,71,22
im 1675,334,34,22
richtigen 1733,335,131,29
Verhältnis 1887,334,149,25
zu 1096,378,28,16
den 1147,372,49,23
gebotenen 1219,372,150,28
Geldmitteln 1387,372,178,22
zu 1588,378,29,16
stehen 1640,372,90,22
scheinen, 1753,373,133,22
und 1908,373,50,22
dass 1977,373,59,22
es 1096,415,27,17
zur 1151,416,44,16
Erlangung 1218,410,153,28
eines 1400,409,70,23
vollkommenen 1499,409,219,23
Baues 1748,410,82,23
erforderlich 1861,410,175,23
sein 1096,447,54,22
dürfte, 1168,446,94,28
entweder 1280,446,136,23
die 1433,446,42,23
Forderungen 1488,446,193,30
etwas 1698,450,83,19
herabzustimmen 1793,448,243,23
oder 1096,484,66,22
die 1184,483,42,23
Baumittel 1249,484,140,22
etwas 1415,489,82,18
zu 1518,491,29,15
erhöhen." 1571,484,144,22
<EOS>
<EOP>
Durch 1185,522,90,22
den 1295,522,50,22
nachherigen 1361,521,181,32
freiwilligen 1560,522,171,27
Rücktritt 1748,523,131,22
des 1891,522,45,23
Herrn 1951,523,84,22
Professor 1096,558,140,24
Bluntschli. 1251,560,154,23
<EOS>
der. 1430,559,55,24
<EOS>
wie 1503,560,48,22
wir 1569,560,48,22
ausdrücklich 1638,559,187,24
hervorheben 1849,560,186,23
wollen, 1097,598,105,26
auf 1216,596,47,24
Vorschlag 1271,596,151,31
des 1436,597,46,23
hiesigen 1494,597,117,29
Ingenieur- 1626,598,151,28
und 1791,599,49,22
Architekten- 1853,598,182,23
Vereins 1096,633,112,24
gewählt 1216,635,116,28
wurde, 1338,634,98,24
blieb 1444,636,75,22
d 1529,634,13,22
ieWiene 1549,635,119,22
r 1674,642,11,15
Firma 1692,635,90,23
Fei 1790,636,44,22
ln 1841,637,23,22
er 1869,642,27,16
X 1903,636,17,22
Ilei 1926,636,49,22
mer 1981,643,56,15
als 1097,672,39,21
Siegerin 1165,672,121,28
auf 1318,672,46,22
dem 1391,672,60,23
Kampfplatz. 1481,672,180,29
<EOS>
Dieser 1703,672,96,24
Ausgang 1826,675,127,27
war 1982,679,55,18
durchaus 1097,708,132,24
im 1256,710,34,22
Sinne 1313,710,78,22
cler 1421,710,46,22
massgebenden 1489,710,214,29
Mitglieder 1726,710,153,30
des 1901,710,45,22
Ton¬ 1969,710,67,25
halle-Vorstandes 1096,745,252,25
und 1380,748,51,22
wenn 1464,755,74,15
ihre 1573,748,54,22
Taktik 1657,748,95,22
darauf 1784,748,96,23
gerichtet 1905,748,131,29
war. 1098,791,62,16
<EOS>
nach 1183,785,65,21
und 1272,785,50,22
nach 1346,785,65,22
jeden 1433,784,77,31
anderen 1527,785,116,23
Bewerber 1659,786,140,23
wegzudrängen, 1815,786,220,29
so 1097,827,27,16
hat 1149,822,42,22
dieselbe 1216,821,119,23
einen 1359,823,73,22
vollkommenen 1455,823,220,23
Erfolg 1699,823,93,29
errungen. 1814,830,140,23
<EOS>
<EOP>
Miscellanea. 1448,908,233,29
<EOS>
Die 1189,971,36,22
Pariser 1245,971,91,23
Stadtbahn. 1354,972,132,24
<EOS>
Die 1513,975,41,19
für 1571,975,32,18
das 1621,975,36,18
Jahr 1673,975,51,25
1900 1743,980,56,19
geplante 1817,975,100,27
Weltaus¬ 1935,975,103,22
stellung 1096,1009,91,27
in 1206,1011,18,18
Paris 1243,1010,57,20
scheint 1317,1010,81,21
die 1415,1011,33,19
auf 1466,1013,36,18
unbestimmte 1516,1012,149,20
Zeit 1686,1013,44,18
ausgesetzte 1747,1016,130,24
Frage 1896,1013,67,27
einer 1980,1013,57,20
Stadtbahn 1096,1046,118,22
der 1231,1047,37,20
Erledigung 1285,1047,134,27
näher 1430,1051,68,17
zu 1514,1057,24,12
bringen. 1554,1049,98,26
<EOS>
Der 1678,1051,44,17
Minister 1735,1050,95,23
der 1847,1051,37,18
öffentlichen 1901,1051,136,19
Arbeiten 1096,1085,100,21
hat 1215,1085,34,19
namlieh 1267,1086,91,19
mit 1377,1087,34,18
den 1429,1086,41,21
fünf 1487,1086,46,21
grossen 1549,1093,86,20
Eisenbahnen, 1654,1086,158,29
welche 1830,1088,78,21
von 1925,1096,39,11
Paris 1979,1090,58,18
auslaufen, 1096,1123,115,25
einen 1227,1124,61,18
Konzessions-Vertrag 1301,1124,245,26
abgeschlossen, 1563,1124,171,28
welcher 1751,1126,91,20
u. 1859,1133,18,12
<EOS>
a. 1888,1133,18,12
<EOS>
bestimmt, 1924,1126,114,28
dass 1095,1159,49,21
sich 1159,1161,44,19
die 1220,1161,34,18
fünf 1273,1160,45,20
Gesellschaften 1328,1162,166,20
/.um 1506,1168,45,14
<EOS>
Zwecke 1564,1162,89,19
der 1670,1162,37,19
Anlage 1720,1162,83,28
und 1819,1164,42,19
des 1879,1163,36,20
Betriebes 1928,1164,108,20
der 1096,1197,38,21
Stadtbahn 1150,1197,118,22
zu 1289,1206,22,12
einer 1334,1206,57,12
ein/igen 1414,1200,96,25
Unternehmung 1527,1200,176,25
verbinden, 1726,1201,124,26
und 1874,1201,42,19
dass 1939,1201,46,19
die 2002,1202,35,19
Konzession 1096,1236,132,20
lür 1240,1238,33,18
Jede 1284,1237,48,23
der 1341,1237,37,19
vereinigten 1391,1238,133,25
Gesellschaften 1534,1237,167,20
zu 1715,1245,22,11
der 1747,1238,37,19
Zeit 1794,1240,43,18
endet, 1849,1239,70,25
wenn 1930,1246,61,12
die 2003,1240,34,18
Konzession 1095,1274,134,20
lür 1246,1275,31,19
ihr 1294,1275,32,19
Hauptnetz 1337,1275,120,25
ablauft. 1474,1276,87,19
<EOS>
Die 1588,1276,39,18
definitiv 1644,1275,95,20
konzessionierten 1756,1276,193,20
Linien 1962,1278,76,19
hallen 1096,1311,68,20
eine 1191,1312,48,19
Gesamtlänge 1256,1311,153,28
von 1434,1319,41,15
14 1503,1319,25,19
km, 1540,1313,47,26
in 1610,1314,18,18
welcher 1652,1314,90,18
die 1765,1314,33,19
Anschlüsse 1817,1314,127,20
an 1960,1322,25,12
die 2003,1316,34,18
Ringbahn 1097,1349,113,27
und 1229,1350,42,19
die 1283,1350,34,19
notwendigen 1328,1350,152,28
Gleisverdoppelungen 1494,1350,249,28
nicht 1757,1351,57,21
einbegriffen 1827,1352,138,25
sind. 1983,1353,53,19
<EOS>
Diese 1096,1387,64,19
Linien 1170,1388,78,19
sind 1265,1388,46,18
teils 1329,1389,46,17
auf 1391,1388,37,19
einem 1443,1389,67,19
eisernen 1529,1389,95,19
Unterbau 1637,1389,107,20
oder 1756,1389,52,20
Damm 1819,1390,77,19
(3,72 1913,1389,61,27
knù. 1983,1389,54,22
<EOS>
teils 1096,1425,45,19
in 1151,1425,21,19
einem 1189,1424,68,20
gemauerten 1269,1429,137,21
Einschnitt 1419,1423,119,23
(0.9S5 1550,1425,73,27
<EOS>
km), 1637,1425,55,27
teils 1705,1426,46,19
unterirdisch 1765,1427,140,20
("9,08 1918,1427,60,27
km) 1988,1428,49,27
entworfen. 1096,1461,123,22
<EOS>
Die 1256,1462,40,19
Beleuchtung 1321,1463,145,26
der 1488,1465,38,18
Wagen 1549,1464,83,25
geschieht 1656,1463,109,27
mittelst 1787,1466,85,19
Elektricität. 1897,1466,140,22
<EOS>
Die 1095,1499,41,20
unter 1152,1504,61,15
Vorbehalt 1238,1499,118,21
konzessionierten 1376,1501,195,20
Linien 1588,1502,76,18
haben 1687,1501,67,21
ebenfalls 1781,1503,101,19
eine 1900,1504,46,18
Länge 1963,1505,74,25
von 1096,1544,41,13
14 1157,1543,26,19
km. 1194,1538,46,19
<EOS>
docli 1257,1538,55,19
betragen 1336,1538,104,26
die 1463,1540,33,18
Baukosten 1513,1539,122,20
nur 1653,1546,39,12
65 1709,1539,25,26
Millionen 1753,1540,111,20
Fr. 1880,1541,33,20
<EOS>
während 1936,1542,102,18
die 1096,1576,35,18
Herstellung 1147,1575,137,26
der 1300,1576,39,18
definitiv 1355,1576,94,19
konzessionierten 1466,1576,193,20
Linien 1676,1576,78,20
auf 1770,1578,38,20
Ioo 1824,1583,40,15
Millionen 1881,1578,110,20
Fr. 2005,1580,32,19
<EOS>
veranschlagt 1096,1613,149,24
ist. 1267,1613,30,19
<EOS>
Die 1330,1614,40,18
Linien 1393,1614,75,19
müssen 1492,1616,83,17
doppeltes 1599,1614,111,27
Gleis 1735,1615,57,20
haben 1814,1615,70,23
bei 1910,1616,33,19
einem 1968,1617,69,20
kleinsten 1096,1650,104,20
Krümmungshalbmesser 1217,1651,278,25
von 1516,1658,41,12
150 1577,1656,40,20
m 1637,1659,23,11
und 1681,1653,43,18
einer 1741,1653,57,19
grössten 1819,1656,96,23
.Steigung 1934,1655,104,26
<EOS>
von 1096,1695,42,14
25°oo- 1159,1687,78,28
Das 1269,1689,44,19
Gewicht 1338,1689,96,19
der 1456,1690,38,19
Schienen 1516,1689,106,20
rauss 1639,1696,56,13
mindestens 1711,1690,129,20
42 1856,1697,28,18
kg 1896,1691,31,27
für 1942,1692,32,19
I 1993,1698,8,13
m 2014,1699,23,13
betragen. 1096,1727,108,26
<EOS>
Der 1229,1727,44,18
Perron 1285,1727,79,18
der 1378,1726,37,19
Stationen 1427,1727,109,20
muss 1548,1733,56,13
mit 1621,1728,37,18
dem 1674,1727,49,20
Fussboden 1734,1728,124,20
der 1869,1729,39,19
Personen¬ 1919,1730,118,19
wagen 1096,1770,75,20
in 1190,1765,20,18
gleicher 1226,1764,96,26
Flöhe 1342,1764,64,19
liegen. 1422,1764,77,26
<EOS>
Die 1532,1764,39,19
Einrichtung 1594,1765,142,26
der 1759,1765,37,20
Lokomotiven 1819,1768,157,18
soll 1998,1768,39,18
den 1096,1802,40,20
Betrieb 1149,1803,85,19
unter 1251,1806,60,15
befriedigenden 1323,1802,176,26
Bestimmungen 1514,1803,172,24
gewährleisten 1698,1803,164,25
und 1880,1804,41,19
in 1934,1805,20,19
erster 1972,1808,66,17
Linie 1094,1841,61,18
mit 1173,1841,36,18
Rücksicht 1234,1840,114,18
auf 1372,1840,36,18
das 1431,1840,36,19
Entweichen 1487,1840,135,19
von 1648,1847,40,11
Dampf 1706,1841,81,26
und 1808,1842,42,19
Rauch 1868,1842,73,20
in 1957,1843,21,19
den 1996,1843,40,19
Tunneln 1095,1878,99,19
hinreichende 1211,1877,153,20
Sicherheit 1380,1877,119,20
bieten. 1521,1877,76,21
<EOS>
Die 1630,1876,40,21
Unternehmung 1687,1878,177,27
hat 1884,1880,35,18
übrigens 1936,1880,101,26
das 1095,1914,38,21
Recht, 1151,1914,72,26
vorbehaltlich 1240,1915,154,19
der 1414,1915,37,20
Genehmigung 1468,1915,166,25
durch 1651,1915,64,19
den 1737,1915,40,20
Minister 1796,1917,97,18
der 1909,1917,39,19
öffent¬ 1964,1918,73,19
lichen 1094,1952,70,20
Arbeiten 1181,1952,102,21
jedes 1304,1952,59,25
andere 1379,1952,79,20
Bewegungssystem 1476,1954,211,23
der 1703,1953,39,19
Beförderung 1759,1954,149,26
als 1924,1956,29,18
durch 1969,1956,68,19
Dampfmaschinen 1093,1991,205,26
anzuwenden. 1314,1990,151,20
<EOS>
Es 1497,1991,29,19
können 1541,1991,87,18
drei 1648,1991,43,18
Wagenklassen 1709,1991,171,25
eingerichtet 1897,1993,140,25
werden, 1094,2029,93,26
von 1203,2034,42,12
welchen 1261,2028,95,19
die 1374,2028,33,18
L'nternehmung 1419,2028,175,25
die 1611,2028,35,18
mittlere 1663,2028,90,19
Klasse 1767,2029,75,20
aufzuheben 1853,2029,132,22
be¬ 2002,2032,36,18
rechtigt 1095,2066,91,25
ist. 1202,2066,32,19
<EOS>
<EOP>
Der 1184,2104,44,19
Vertrag 1246,2104,90,25
wird 1353,2102,52,19
erst 1422,2107,40,16
definitiv, 1479,2103,102,20
wenn 1603,2110,62,13
die 1687,2104,33,19
Stadt 1737,2105,60,19
Paris 1814,2106,57,19
die 1893,2106,34,18
Beding¬ 1945,2107,93,26
ungen 1095,2147,70,20
desselben, 1182,2141,118,19
soweit 1322,2140,72,19
solche 1415,2141,71,20
die 1509,2141,34,19
Stadt 1560,2141,59,19
betreffen, 1636,2141,109,26
gutheisst 1767,2143,103,24
und 1886,2144,44,19
den 1946,2145,42,18
ihr 2005,2145,32,19
gehörenden, 1095,2178,145,27
zum 1256,2185,46,12
Bau 1320,2178,43,19
erforderlichen 1380,2178,167,20
Grund 1560,2178,75,20
und 1651,2179,43,18
Boden 1714,2179,70,20
kostenlos 1803,2180,107,20
überlässt, 1927,2182,110,26
sowie 1092,2217,64,19
ferner 1173,2217,71,18
alle 1255,2216,40,19
zum 1307,2222,46,12
Bau 1366,2216,43,18
und 1421,2217,43,18
Betrieb 1476,2216,85,19
der 1573,2216,38,18
Linien 1622,2217,76,18
benötigten 1715,2217,123,27
Materialien 1852,2218,132,21
etc. 1997,2224,38,16
<EOS>
vom 1094,2261,47,12
städtischen 1158,2254,128,19
Einfuhrzoll 1303,2252,132,20
befreit. 1451,2254,81,19
<EOS>
<EOP>
Ob 1184,2291,34,20
das 1235,2291,37,19
Projekt 1285,2290,87,26
also 1389,2291,43,19
thatsächlich 1444,2290,139,21
auf 1600,2291,37,19
Grundlage 1647,2292,123,25
des 1788,2294,37,19
oben 1842,2295,55,18
skizzierten 1912,2295,124,20
Vertrages 1094,2329,114,26
zur 1225,2335,35,13
Ausführung 1277,2327,137,26
gelangt, 1431,2329,95,26
hängt 1542,2329,67,26
vom 1625,2335,49,13
Pariser 1685,2330,83,19
Gemeinderat 1786,2331,151,20
ab. 1949,2333,32,18
<EOS>
der 2000,2333,37,19
bisher 1092,2366,72,21
der 1195,2366,39,19
Vertrag 1251,2366,89,25
wurde 1361,2366,72,19
unter 1455,2371,61,15
dem 1539,2366,49,19
vorhergehenden 1605,2367,192,26
Ministerium 1815,2370,142,18
abge¬ 1973,2371,64,25
schlossen) 1092,2404,118,25
mit 1221,2404,37,18
Bezug 1270,2404,70,24
auf 1351,2404,38,18
die 1399,2404,33,18
Anordnung 1448,2405,135,24
der 1600,2405,37,18
Wagenklassen 1654,2405,170,25
bezw. 1841,2408,63,19
<EOS>
die 1922,2408,35,19
Tarif¬ 1969,2409,68,18
sätze 1091,2445,56,17
Forderungen 1171,2442,152,24
geltend 1347,2441,86,25
gemacht 1455,2442,99,25
hat. 1576,2442,41,19
<EOS>
denen 1641,2443,70,18
die 1737,2443,33,19
Unternehmung 1786,2444,177,27
nicht 1979,2446,58,19
glaubte 1094,2481,86,25
entsprechen 1198,2480,140,24
zu 1355,2486,23,12
können. 1395,2480,93,20
<EOS>
<EOP>
Die 1184,2515,39,22
elektrischen 1241,2515,148,22
Centralen 1409,2515,119,23
in 1547,2516,18,22
Paris. 1585,2516,69,23
<EOS>
In 1689,2519,24,18
der 1736,2519,36,19
letzten 1795,2521,75,19
Sitzung 1891,2521,86,26
der 1999,2522,38,19
«Société 1096,2555,97,21
internationale 1206,2554,161,20
des 1380,2554,36,19
électriciens.» 1428,2555,145,20
<EOS>
zu 1582,2562,23,13
Paris 1615,2556,60,19
haben 1686,2556,69,20
die 1770,2557,34,20
HH. 1814,2559,49,18
<EOS>
J. 1872,2558,24,25
<EOS>
laffaroiie 1908,2559,129,25
und 1096,2593,42,20
J. 1154,2593,24,26
<EOS>
Meyer 1195,2593,79,24
sehr 1294,2592,48,19
interessante 1364,2592,138,20
Mitteilungen 1523,2593,150,26
über 1698,2594,50,20
die 1770,2595,33,20
Ausdehnung 1825,2596,148,26
und 1995,2598,40,19
Entwickelung 1094,2631,163,24
der 1274,2631,37,18
Aulagen 1329,2630,98,25
zur 1444,2637,35,13
Verteilung 1492,2631,124,26
der 1633,2631,37,19
elektrischen 1688,2631,141,22
Energie 1841,2634,93,25
in 1946,2634,21,19
Paris 1978,2635,59,19
gemacht, 1093,2669,106,25
indem 1216,2668,71,18
der 1304,2668,38,18
erstere 1359,2670,78,17
den 1454,2669,41,19
rem 1512,2675,46,12
technischen, 1575,2669,143,26
der 1736,2670,38,19
zweite 1790,2672,71,19
Referent 1878,2671,101,20
den 1995,2672,40,20
rein 1091,2707,47,19
kaufmännischen 1154,2705,191,20
Teil 1361,2705,49,20
des 1426,2706,37,19
Gegenstandes 1480,2707,163,25
erörterte. 1659,2709,109,17
<EOS>
<EOP>
Seitdem 1182,2743,93,20
im 1293,2743,28,19
Jahre 1334,2743,65,26
1SS9 1418,2743,55,26
vom 1491,2751,47,13
Pariser 1555,2744,83,20
Stadtrat 1655,2746,95,18
Konzessionen 1766,2747,161,19
für 1950,2747,32,19
die 2003,2747,33,19
Verteilung 1093,2781,125,25
elektrischer 1234,2780,138,20
Energie 1382,2781,95,27
erteilt 1494,2781,67,21
wurden, 1576,2782,99,26
sind 1686,2783,47,19
folgende 1744,2783,102,26
sieben 1858,2784,72,19
Central- 1942,2785,96,19
statiouen 1091,2819,104,19
entstanden: 1212,2819,138,19
Die 1367,2819,42,19
«Compagnie 1427,2819,147,27
Continentale 1593,2820,149,20
Edison», 1759,2821,102,28
deren 1879,2822,64,19
in 1961,2823,20,18
der 1999,2823,38,19
Avenue 1092,2858,88,18
Trudaine, 1198,2856,116,26
der 1332,2857,37,18
Rue 1388,2857,42,18
Drouot 1447,2858,83,19
und 1548,2858,42,18
im 1606,2858,29,18
Palais 1646,2858,70,20
Royal 1727,2859,69,26
befindliche 1811,2859,130,20
Werke 1957,2861,80,19
insgesamt 1094,2894,115,25
30S0 1228,2894,56,24
kw 1300,2894,37,19
leisten; 1353,2894,86,26
die 1458,2896,34,18
Société 1523,2895,83,20
dX-clairage 1623,2895,129,27
et 1768,2901,19,15
de 1803,2897,25,19
force 1846,2897,57,21
par 1919,2904,39,20
l'elee- 1969,2897,70,21
<EOS>
<EOP>
