2280,3100
i68 280,102,48,25
SCHWEIZERISCHE 921,94,304,27
BAUZEITUNG 1247,91,219,26
[Bd. 1844,84,58,34
<EOS>
XXVI 1923,86,87,24
Nr. 2028,85,47,23
<EOS>
b) 260,160,25,27
Die 299,162,41,18
Hirer 358,162,70,17
der 445,161,38,18
Ecole 500,159,64,20
nationale 583,158,105,20
et 707,163,18,14
spéciale 747,156,93,27
des 862,157,37,18
Beaux 918,156,70,20
Arts 1006,157,48,16
sollen 1075,152,68,18
in 1164,151,20,17
<EOS>
<EOP>
eigenen 300,206,89,17
K 410,199,13,17
tr-en 438,204,55,13
(Cours 510,196,77,27
de 605,196,25,18
la 653,196,19,18
Salubrité) 689,194,115,26
Unterricht 822,193,123,20
über 967,192,52,20
hygieinische 1041,188,145,29
Grundsatz 300,235,118,22
<EOS>
gesundheitsgemässe 457,233,235,28
Einrichtungen. 710,232,177,25
<EOS>
Beheizung 910,229,122,23
und 1055,228,41,19
Venti¬ 1116,226,71,20
lation 300,273,64,20
etc. 384,278,37,15
<EOS>
empfangen; 439,270,142,28
dieser 599,272,68,17
Unterricht 686,269,118,21
soll 823,269,37,18
jedoch 875,268,78,25
derart 976,268,70,18
stabilisiert 1068,263,120,21
werden, 301,311,92,19
d 411,311,11,18
-- 444,322,13,2
sich 478,309,41,20
alle 538,309,39,18
Hörer 596,309,69,19
successive 682,306,116,21
daran 816,306,66,19
gewöhnen, 906,304,126,26
ihre 1055,304,45,18
archî- 1121,300,68,22
tektoni; 301,349,88,20
<EOS>
<EOP>
c 424,355,9,12
<EOS>
Entwürfe 470,345,106,22
nicht 593,346,58,19
nur 670,351,39,12
den 725,345,40,19
Forderungen 778,343,154,25
der 944,343,38,18
Gesellschaft 994,340,141,21
und 1146,338,43,19
der 301,388,39,18
modern 358,386,86,20
i 463,393,1,12
Wissenschaften, 488,383,188,26
sondern 693,383,94,19
auch 806,382,52,18
ienen 876,382,62,22
der 951,380,36,18
Hygieine 1001,379,106,24
(yinlcr 1119,380,71,24
Anwendung 301,424,142,24
d 462,423,11,19
r 490,428,10,13
richtigen 516,422,105,25
Materialien) 640,421,143,21
anzupassen. 799,424,137,21
<EOS>
c) 265,461,19,26
Der 302,464,44,18
nul 367,463,33,18
d 425,461,10,18
i 456,470,1,9
Ecole 488,460,62,20
t'entrale 573,460,99,18
des 699,458,36,20
Arts 759,460,48,17
et 829,461,19,15
Manufactures 874,456,156,19
eingeführte 1057,452,133,26
hygieiniscl 303,499,125,27
: 448,506,1,11
Unterricht 468,498,119,20
soll 605,496,38,19
weiter 663,501,72,14
ausgebildet 752,494,131,27
werden. 901,493,94,19
<EOS>
d) 266,538,22,26
In 306,538,22,18
den 352,537,39,19
IL1 413,538,37,16
I 470,536,2,19
-ve 482,542,26,13
rk 511,536,23,19
erschufen 537,533,111,22
und 671,533,42,19
jenen 734,533,63,26
des 820,532,37,18
Arts 876,533,48,16
et 947,535,18,13
Metiers 985,529,85,20
soll 1092,528,39,18
der 1154,527,37,18
<EOS>
<EOP>
hygieinische 305,574,145,27
Unterricht 470,572,119,22
durch 607,572,65,19
Einführung 693,570,133,24
von 848,576,40,12
Handarbeiten 907,567,161,21
über 1091,566,51,18
In¬ 1157,564,35,19
stallationen 303,612,131,20
vi 454,618,18,12
rvollständigt 483,610,145,24
werden. 647,609,91,19
<EOS>
ej 268,657,19,19
Die 305,652,38,18
Unterrichts-Genossenschaften 363,646,346,24
sollen 722,645,66,20
ihre 803,647,45,17
hygieinischen 867,643,158,27
Kurse 1040,643,67,18
weiter 1121,640,72,20
<EOS>
<EOP>
entwickeln. 304,687,134,22
<EOS>
f) 268,725,14,27
Auf 306,726,44,19
dem 364,725,47,20
< 429,727,4,15
Conservatoire 442,724,150,20
des 615,723,36,19
Arts 673,725,48,16
et 744,727,20,13
Mines 787,722,67,19
sollen 876,720,66,19
die 965,719,34,18
Konstruktions- 1016,716,176,21
<EOS>
<EOP>
ICurse 306,765,69,19
\ 393,770,7,12
rrdoj 412,762,54,27
pelt 477,761,42,26
und 536,761,44,20
eine 595,761,49,19
eigene 661,761,76,23
Lehrkanzel 754,757,135,23
tur 903,760,33,16
Hygieine 948,757,108,25
geschaffen 1071,754,124,25
werden. 306,801,91,19
<EOS>
g) 268,839,24,26
Der 306,841,45,18
Regierung 369,839,121,24
soll 507,838,39,18
der 562,837,38,19
Wunsch 612,836,96,19
unterbreitet 726,834,138,21
werden, 882,833,91,19
dass 991,832,48,19
im 1052,838,27,13
Interesse 1093,831,102,19
<EOS>
<EOP>
einer 306,879,58,18
richtigen 384,876,103,27
Volks-Erztehung 507,875,197,24
in 722,875,20,17
Schulen 760,873,91,19
und 870,871,42,20
Kasernen 930,871,109,20
Reinlichkeit 1055,868,140,20
gelehrt 307,915,81,26
werde. 408,915,77,18
<EOS>
h) 271,952,23,28
Transport-Unternehmungen 309,951,334,28
»soll 649,948,46,21
die 708,949,34,19
Beobachtung 756,947,152,24
-urengster 926,951,115,20
Reinlichkeit 1056,943,139,21
<EOS>
<EOP>
und 309,991,39,19
die 368,991,34,18
Erfüllung 428,988,110,27
der 560,988,38,20
Elemente 622,987,109,19
der 754,986,36,18
Hygieine 814,985,105,25
zur 942,991,35,11
Pflicht 1000,983,74,19
gemacht 1097,981,98,25
werden 307,1028,87,20
: 401,1034,6,14
Ankündigungs-( 425,1026,191,26
iesellschaften 621,1024,157,22
und 802,1023,44,19
touristische 867,1021,132,21
Vereine 1017,1020,90,21
sollen 1129,1019,66,20
jene 306,1068,49,24
Firmen 373,1066,84,19
bevorzugen, 477,1064,140,26
welche 637,1063,78,19
diese 733,1063,57,17
Bedingungen 809,1062,158,23
erfüllen. 985,1058,96,21
<EOS>
i) 271,1107,16,22
Die 310,1106,40,18
Frequent 373,1104,104,25
inten 487,1107,57,16
der 570,1103,40,18
Kurse 631,1102,71,18
des 723,1102,38,17
Plombiers 781,1099,120,20
sanitaires 921,1098,111,19
sollen 1052,1096,68,19
nach 1142,1095,54,18
<EOS>
<EOP>
Beendigung 311,1143,139,25
hirer 469,1142,55,17
Uebungen 542,1140,118,24
ein 679,1138,33,19
Certificat 730,1138,107,19
erhalten, 855,1135,101,24
um 975,1141,34,13
welchem 1033,1134,102,19
ihre 1152,1133,45,18
specie!!e 310,1180,99,26
<EOS>
Befähigung 428,1178,136,26
zur 585,1184,35,12
Ausführung 638,1176,138,23
von 798,1181,41,13
Insinuationen 857,1174,162,20
dokumentiert 1039,1171,159,20
wird. 311,1218,58,19
<EOS>
2. 342,1261,18,12
<EOS>
Ueber 379,1255,71,20
di- 467,1255,33,17
Notwendigkeit 517,1251,177,27
eines 712,1252,58,19
Gesetzes, 787,1251,106,19
mit 911,1250,37,17
welchem 966,1247,102,20
einerseits 1091,1246,108,20
die 251,1295,34,18
Staatsl 298,1292,75,21
ehÖrden 384,1293,94,19
ermächtigt 497,1290,124,26
werden, 639,1289,93,19
auf 751,1289,36,18
die 798,1289,33,17
städtischen 850,1287,130,19
Bchoreleu 995,1284,112,21
sowohl 1118,1283,80,20
hinsichtlich 251,1330,135,22
der 401,1331,37,17
Kontrolle 451,1328,112,22
bestehender, 583,1328,146,19
als 748,1326,28,19
auch 793,1326,53,19
in 865,1326,20,18
Bezug 900,1325,68,24
auf 986,1323,37,19
die 1037,1322,34,19
Schaffung 1084,1322,117,23
neuer 251,1376,67,13
sani 334,1369,44,19
türer 382,1371,56,17
Vorschriften 455,1365,146,22
Einfiuss 619,1365,91,20
zu 726,1371,24,13
nehmen 773,1365,91,18
und 887,1362,43,19
den 952,1361,41,18
städtischen 1014,1360,131,19
Be¬ 1162,1359,39,19
hörden 252,1407,82,20
andererseits 351,1405,142,21
das 505,1405,38,19
Recht 556,1405,65,18
gegeben 640,1403,97,24
wird, 751,1401,58,26
von 828,1407,39,13
demselben 886,1399,122,20
Gesichtspunkte 1022,1397,179,26
aus 252,1452,37,13
auf 301,1445,37,19
die 348,1444,34,19
Privaten 396,1443,98,20
hinsichtlich 512,1441,136,20
der 660,1441,39,19
Beschaffenheit 710,1438,171,21
öffentlicher 897,1436,134,20
oder 1042,1436,53,19
privater 1107,1435,94,25
Gebäude 253,1483,103,21
Einfiuss 375,1480,92,22
zu 484,1487,23,12
nehmen. 524,1479,100,20
<EOS>
Vortrag 658,1478,91,24
von 768,1483,40,13
Patii 826,1476,65,19
P.ojìianf, 908,1476,111,23
<EOS>
Ingenieur 1038,1473,115,26
des 1166,1472,36,18
Arts 255,1523,47,17
et 320,1526,19,13
Manufactures. 359,1518,164,21
<EOS>
Die 555,1517,41,19
in 613,1518,20,17
Vorchlag 653,1516,108,23
gebrachten 776,1514,130,26
Resolutionen, 925,1512,159,22
mit 1101,1511,37,18
wel¬ 1155,1510,48,18
chen 255,1560,52,19
die 325,1559,34,18
Schaffung 377,1556,116,26
neuer, 511,1560,71,22
aul 599,1554,33,19
einer 651,1554,58,20
genauen 732,1560,98,18
Kenntnis 847,1551,106,20
der 977,1550,36,19
Hygieine 1038,1549,105,25
der 1166,1547,37,20
W'ohnungen 254,1597,145,23
und 417,1595,43,19
der 477,1594,38,19
Städte 533,1593,72,19
beruhenden 622,1592,139,19
Sanitätsgesetze 776,1590,177,25
gefordert 970,1587,110,25
und 1097,1587,41,18
eine 1157,1586,46,18
Reform 255,1634,84,20
der 356,1633,39,20
zur 411,1639,34,12
Pflege 465,1632,70,26
und 552,1632,43,18
Wahrung 608,1631,112,23
der 737,1630,39,18
Sanilätsgesetze 787,1628,178,24
berufenen 982,1624,117,21
Körper¬ 1111,1625,94,23
schaften 255,1672,95,20
angestrebt 367,1670,121,27
wird, 512,1668,60,19
kamen 596,1669,77,18
mangels 696,1665,97,26
einer 815,1665,59,19
geeigneten 897,1665,127,24
Formulierung 1041,1662,164,24
und 254,1710,44,20
nuclide 313,1709,85,20
m 400,1716,21,11
die 437,1709,35,18
Mehrheit 489,1706,108,20
der 617,1705,39,19
Anwesenden 677,1704,150,19
mit 848,1703,38,19
der 907,1702,40,19
Zuerkenn 967,1701,112,19
un 1082,1706,25,12
g 1111,1706,15,19
einer 1146,1699,59,19
judiciellen 252,1748,124,26
Jurisdiktion 394,1744,138,29
an 550,1751,26,12
die 594,1744,34,19
Conseils 647,1742,96,20
d'Hygiène 754,1740,124,26
nicht 895,1740,58,19
ganz 971,1745,53,18
einverstanden 1041,1736,164,20
war, 256,1792,50,21
nicht 323,1785,59,20
/ 399,1792,7,11
ir 416,1791,17,12
Abstimmung. 450,1784,157,24
<EOS>
<EOP>
Die 347,1834,50,22
Stellung, 433,1830,130,30
welche 599,1830,102,22
die 737,1827,41,23
Franzosen 811,1827,149,21
zu 997,1831,28,16
allgemein 1058,1822,146,29
wichtigen 257,1871,145,30
hygieinischen 429,1868,203,31
Fragen 661,1867,105,27
heute 794,1865,79,22
einnehmen 904,1863,156,23
und 1088,1860,52,22
die 1162,1859,42,23
gegenwärtigen 257,1907,222,34
Bestrebungen 510,1905,199,29
cler 738,1903,48,22
französischen 818,1900,199,24
Ingenieure 1046,1898,159,28
und 258,1947,51,23
Architekten 344,1945,174,24
auf 549,1943,47,22
dem 625,1941,60,23
Gebiete 710,1940,113,23
des 850,1940,47,22
Gesundheitswesens 920,1936,285,26
.linden 258,1985,88,24
<EOS>
in 363,1985,23,22
den 403,1984,51,22
oben 471,1982,68,22
.skizzierten 555,1980,156,23
<EOS>
Arbeiten 732,1978,128,23
des 881,1976,48,22
Kongresses 944,1976,169,27
einen 1129,1974,77,21
entsprechendem 260,2021,230,31
Ausdruck. 522,2018,146,24
<EOS>
Von 713,2016,57,24
den 800,2016,50,22
mannigfachen 874,2012,206,28
Anreg¬ 1105,2013,100,25
ungen 258,2067,87,23
des 378,2060,46,22
Kongresses 453,2059,168,26
scheint 650,2055,103,22
uns 781,2060,46,15
besonders 851,2051,147,23
auch 1020,2050,68,22
ander¬ 1110,2048,96,22
wärts 259,2100,80,21
der 368,2097,47,22
Beherzigung 446,2095,184,28
wert 659,2096,67,18
die 754,2090,42,23
Forderung 826,2090,159,25
einer 1016,2087,74,23
durch¬ 1113,2085,94,23
greifenden 260,2135,157,32
Reform 448,2133,110,23
des 588,2131,45,22
die 662,2130,42,22
Hygieine 736,2129,133,27
betreffenden 897,2124,185,25
Unter¬ 1113,2123,94,24
richtswesens, 259,2174,196,23
die 485,2170,42,23
unseres 556,2174,109,18
Erachtens 696,2167,145,22
jedoch 868,2163,96,32
nur 993,2169,49,16
dann 1072,2162,68,22
er- 1170,2166,37,18
spriessliche 260,2210,172,32
Resultate 453,2208,136,25
zeitigen 612,2206,113,26
dürfte, 749,2204,95,23
wenn 866,2208,76,16
die 966,2200,42,23
bezüglichen 1030,2199,176,29
Kurse 260,2251,87,21
für 378,2248,43,23
die 451,2247,44,22
Studierenden 522,2243,199,25
des 746,2242,47,22
Baufachs, 823,2240,138,27
wie 991,2239,51,22
auf 1074,2237,45,23
dem 1146,2236,60,22
eidgen. 262,2287,104,30
<EOS>
Polytechnikum 392,2281,224,33
in 641,2281,23,23
Zürich, 687,2279,103,23
unter 813,2283,77,17
die 912,2278,41,21
obligatorischen 977,2274,231,29
Fächer 259,2326,105,23
eingereiht 385,2322,152,29
werden. 564,2318,116,25
<EOS>
Ausser 717,2319,101,21
den 841,2316,52,22
Verhandlungen 913,2313,230,27
hat 1164,2311,46,22
der 262,2363,46,23
Kongress 325,2363,136,27
einen 478,2360,74,22
Teil 568,2358,57,23
seiner 641,2356,88,23
Zeit 744,2355,54,22
interessanten 816,2355,193,21
Exkursionen 1025,2350,183,23
gewidmet 262,2400,147,30
zur 437,2405,45,16
Besichtigung 504,2396,190,25
technischer 724,2392,168,24
Werke, 914,2388,105,29
die 1043,2388,42,22
hygiei¬ 1107,2386,102,30
nischen 262,2438,110,23
Zwecken 395,2435,129,25
dienen. 547,2434,102,22
<EOS>
Auf 696,2432,52,22
Einladung 765,2429,151,28
des 939,2427,46,22
Munizipalrats 1008,2425,202,29
der 263,2477,47,22
Stadt 333,2475,75,24
Baris 430,2473,75,23
wohnte 529,2471,106,22
er 663,2477,27,16
der 719,2469,47,22
Eröffnung 789,2466,147,28
des 961,2464,47,23
Aquäduktes 1036,2461,175,32
von 262,2521,53,16
Acheres 332,2514,116,21
und 465,2510,50,23
der 535,2510,47,22
Pumpstation 598,2507,187,30
von 803,2511,50,16
Colombes 870,2502,148,24
bei. 1034,2501,51,22
<EOS>
welche 1108,2499,102,23
die 264,2552,42,23
von 319,2558,51,16
den 384,2551,50,22
Rieselfeldern 448,2548,196,24
bei 663,2547,42,21
Gennevilliers 719,2543,199,25
nicht 934,2540,72,23
absorbierten 1022,2537,189,24
Schmutzwässer 262,2589,230,25
den 522,2586,52,22
neuen 605,2591,86,16
Rieselfeldern 715,2580,199,25
von 944,2584,52,16
Acheres 1024,2577,118,21
zu¬ 1170,2581,42,16
führt.*) 266,2623,106,33
<EOS>
Von 413,2626,59,22
weiteren 491,2624,127,22
Ausflügen 641,2620,145,29
sind 808,2618,59,23
zu 889,2623,30,16
erwähnen 942,2615,142,23
die 1102,2613,41,22
Be¬ 1164,2612,48,22
sichtigung 264,2665,156,27
der 451,2663,47,22
pneumatischen 535,2659,224,31
Kanalisation 794,2654,188,25
in 1009,2653,27,22
Levallois- 1063,2648,149,27
Perret, 266,2703,101,27
eines 405,2701,71,23
Hauptrecipienten 512,2697,259,31
der 807,2694,46,22
Pariser 887,2692,109,22
Kanalisation 1027,2687,185,25
und 267,2741,51,23
der 351,2740,48,22
grössten 430,2741,125,27
städtischen 587,2734,162,24
Desinfektionsanstalt 778,2729,304,27
m 1109,2734,26,15
der 1164,2725,49,23
Rue 265,2779,57,23
des 346,2778,46,22
Récollets. 414,2775,144,25
<EOS>
<EOP>
L 362,2923,16,18
Vide 397,2918,53,22
Bd. 469,2918,36,20
<EOS>
XXV 524,2918,61,19
<EOS>
<EOP>
Miscellanea. 1586,149,233,29
<EOS>
Ueber 1324,216,74,23
die 1422,215,34,22
maximale 1478,214,119,22
Windgeschwindigkeit 1615,212,258,29
wahrend 1896,212,103,19
des 2022,212,37,17
Verlaufs 2080,209,98,20
der 1234,256,38,19
Sturmperiode 1289,254,160,27
«1er 1466,255,38,18
vorletzten 1521,252,115,21
Woche 1655,252,81,20
1,5. 1753,256,29,20
<EOS>
7. 1818,257,17,18
<EOS>
Dezember), 1849,249,135,26
die 2002,250,33,18
im 2048,249,27,19
Gefolge 2089,246,89,27
eines 1236,301,57,11
aussergewöhnlich 1310,291,206,27
tiefen, 1536,291,69,20
nördlich 1624,290,96,20
gelegenen 1734,289,118,25
Luftwirbels 1864,286,135,23
auftrat, 2012,284,84,22
hegen 2108,285,70,25
einige 1236,339,70,15
bemerkenswerte 1324,330,191,21
Daten 1532,330,70,18
vor. 1621,334,44,13
<EOS>
die 1682,328,34,17
this 1734,329,36,17
Interesse 1789,326,102,20
unserer 1910,332,84,13
Techniker 2012,323,122,21
in- 2151,323,29,18
sof 1236,369,30,19
-rn 1277,375,29,11
1 1324,369,4,17
eanspruchen 1339,367,146,27
dürften, 1505,366,90,27
als 1613,365,30,19
dieselben 1659,364,110,21
die 1786,364,33,20
al 1833,364,18,18
solut 1861,363,52,21
grössten 1926,368,95,21
registrierten 2035,361,144,28
Windstärken 1236,406,153,20
enthalten, 1408,405,115,19
welche 1546,403,80,19
innerhalb 1649,402,113,20
der 1779,401,39,19
letzten 1835,400,74,20
fünf 1926,400,47,20
lahre. 1987,400,69,23
<EOS>
seit 2073,399,39,19
Auf¬ 2129,398,52,21
stellung 1237,444,90,24
de 1345,444,36,17
vortrefflichen 1399,441,156,21
Munro-Anemographen 1574,439,268,25
auf 1868,437,35,20
der 1924,439,37,17
eidg. 1982,439,55,22
<EOS>
meteorolo¬ 2057,437,122,19
gischen 1237,483,89,23
Centralanstalt 1338,480,166,21
in 1520,487,21,12
unserer 1558,486,87,12
Gegend 1659,478,89,25
zur 1766,483,37,12
sichern 1814,476,83,19
Kenntnis 1909,475,106,21
gelangt 2026,474,88,27
sind. 2126,475,53,19
<EOS>
Am 1240,522,38,16
Frühmorgen 1297,518,146,26
des 1461,518,37,19
6. 1516,517,18,21
<EOS>
Dezember, 1548,516,127,25
in 1693,516,21,18
der 1731,516,37,18
ersten 1781,521,66,12
Stunde 1866,513,80,20
nach 1964,514,53,19
Mitternacht, 2036,512,145,25
loi) 1238,558,42,19
sieh 1297,557,45,19
die 1358,556,36,20
mittlere 1416,555,91,21
stündliche 1524,554,119,20
Windgeschwindigkeit 1659,550,260,29
bereits 1942,550,76,20
auf 2036,550,36,19
20,0 2091,556,51,19
m 2158,555,23,14
pro 1240,602,37,19
Sekunde, 1295,594,107,20
um 1421,600,33,12
dann 1472,594,55,18
unter 1546,599,59,13
starken 1622,592,83,19
Schwankungen 1729,591,179,25
bis 1926,589,31,19
/um 1978,595,46,13
Nachmittag 2046,587,137,26
2--311 1240,631,69,27
und 1328,632,43,20
0— 1389,639,40,13
S1' 1433,629,27,22
Abends 1483,632,88,17
aut' 1587,630,35,19
die 1637,629,35,20
stündliche 1690,628,118,20
Durchschnittsgeschwindigkeit 1826,625,357,26
von 1240,678,41,13
24.2 1299,676,48,19
<EOS>
m 1366,676,22,14
in 1406,671,20,18
der 1444,670,37,18
Sekunde 1499,668,99,19
anzusteigen. 1616,666,143,26
<EOS>
<EOP>
Innerhall) 1331,708,115,19
dieses 1464,708,68,18
Zeitintervalles 1550,704,168,22
war 1728,710,46,14
aber 1783,704,53,19
die 1853,703,35,20
orkanartige 1898,702,138,26
Wucht 2053,701,78,20
des 2148,701,36,19
Sturmes 1240,748,94,18
noch 1352,746,54,19
erheblich 1420,744,108,20
grosser, 1541,750,91,20
indem 1651,743,70,19
sich 1739,742,46,19
auf 1797,742,37,18
dem 1843,741,49,18
Anemogranmi 1905,742,168,23
einzelne 2090,739,94,18
kurz 1241,785,50,18
andauernde 1303,785,138,18
WindstÖsse 1454,781,132,22
von 1599,788,39,12
sogar 1651,787,64,18
2S—30;// 1728,781,119,23
sekundlicher 1860,778,151,20
Geschwindig¬ 2023,776,162,26
keit 1240,822,46,20
vorfinden; 1296,821,125,25
von 1443,827,40,13
lo 1507,825,25,13
L'hr 1550,820,44,19
Vormittags 1618,819,130,25
des 1770,817,36,20
5. 1829,821,19,21
<EOS>
Dezember 1868,817,117,19
bis 2007,816,32,18
zur 2060,822,35,11
selben 2111,814,73,18
Stunde 1241,860,81,20
am 1339,867,32,12
7. 1391,865,19,19
<EOS>
d. 1422,859,20,18
<EOS>
M. 1458,860,28,19
<EOS>
registrierte 1505,859,129,26
das 1651,856,38,20
Instrument 1698,855,129,20
einen 1845,853,62,22
Windweg 1915,853,115,26
von 2048,859,40,12
nahezu 2106,853,80,17
3000 1243,904,57,17
/•///. 1317,898,45,19
<EOS>
die 1387,898,35,18
höchste 1443,896,91,20
bis 1555,896,33,18
jetzt 1607,896,49,24
während 1680,893,102,20
4S 1803,895,27,23
Stunden 1848,891,95,22
vom 1967,897,48,12
Anemometer 2032,892,153,16
gelieferte 1243,935,109,26
ICilometerzähl. 1370,933,174,22
<EOS>
Ganz 1568,932,58,21
naturgemäss 1643,935,148,20
schliesst 1803,930,94,20
sich 1914,930,43,18
daran 1976,928,64,21
die 2061,929,33,18
Frage, 2112,928,75,25
wie 1243,975,38,18
gross 1299,980,57,18
wohl 1375,973,53,19
der 1451,974,37,17
entsprechende 1510,970,170,27
Winddritck 1710,968,148,21
zur 1880,975,33,11
Zeil 1935,967,43,20
des 2002,966,37,20
Maximums 2061,965,127,20
gewesen 1243,1017,98,20
sein 1359,1010,43,20
mochte, 1427,1011,90,19
und 1540,1008,42,20
da 1604,1009,27,18
wollen 1655,1008,75,19
vir 1748,1007,38,18
nicht 1803,1007,55,18
unterlassen 1883,1006,130,18
auf 2031,1003,36,19
die 2088,1003,34,19
sehr 2140,1003,47,19
wichtigen 1243,1050,114,24
<EOS>
sorghi 1397,1047,69,26
Iti 1471,1048,21,19
gen 1496,1053,41,19
und 1561,1046,42,19
um 1628,1052,33,12
fang 1665,1046,49,23
rei 1718,1046,27,18
c 1749,1052,10,12
lien 1763,1045,40,18
Beobachtungen 1836,1042,179,26
hinzuweisen, 2040,1041,148,26
welche 1244,1087,78,19
Prof. 1339,1085,55,22
<EOS>
CF. 1413,1085,59,19
<EOS>
Marvin 1488,1085,81,18
vom 1587,1091,47,12
amerikanischen 1647,1081,184,21
Signal 1849,1080,74,27
Office 1941,1080,69,21
in 2019,1080,23,20
den 2053,1079,41,20
letzten 2112,1079,75,19
Jahren 1242,1125,78,25
neuerdings 1345,1124,128,23
über 1497,1123,50,17
die 1569,1122,34,18
Beziehung 1626,1120,122,26
zwischen 1772,1118,102,21
Winddruck 1898,1117,132,21
und 2051,1118,41,17
Wind¬ 2116,1117,73,18
geschwindigkeit 1245,1162,192,26
aut 1454,1162,36,18
dem 1506,1160,48,19
Mount 1573,1160,75,19
Washington 1665,1157,142,24
angestellt 1825,1156,110,25
und 1952,1155,44,19
im 2014,1156,26,17
^American 2060,1155,128,18
Meleorolog. 1246,1201,142,22
<EOS>
Journal, 1405,1198,92,28
Vol. 1520,1197,46,21
<EOS>
VII» 1587,1196,53,21
publiziert 1664,1195,110,28
hat. 1797,1195,40,18
<EOS>
Die 1870,1195,40,18
an 1929,1201,25,11
Blatten 1978,1192,80,20
von 2082,1197,39,15
0.37 2139,1195,49,20
<EOS>
und 1246,1240,43,18
0,84 1305,1238,50,26
m- 1368,1244,31,12
direkt 1416,1236,71,20
beobachteten 1504,1235,155,20
Wänddrucke 1678,1234,148,18
bei 1848,1232,34,19
Windgeschwindigkeiten 1900,1229,289,27
bis 1247,1277,31,18
zu 1295,1283,23,12
21.7 1337,1280,47,19
<EOS>
m 1400,1282,22,13
pro 1439,1281,38,18
Sekunde, 1499,1273,108,20
lassen 1630,1272,69,19
sich 1715,1272,44,17
nach 1782,1270,53,19
Umrechnung 1854,1269,151,24
in 2027,1269,19,18
unsere 2064,1273,75,13
ge¬ 2156,1274,34,18
bräuchlichen 1246,1313,154,21
Masscinheiten 1417,1311,165,20
sehr 1600,1311,48,18
gut 1665,1313,38,22
durch 1719,1308,65,20
die 1802,1309,34,18
Formel 1853,1307,83,20
darstellen: 1954,1306,125,19
<EOS>
<EOP>
è 1821,1345,12,20
p 1599,1368,20,25
0.098 1670,1367,67,22
<EOS>
<EOS>
v- 1760,1372,22,11
<EOS>
— 1828,1377,23,0
worm 1250,1434,64,13
p 1328,1429,18,24
den 1367,1426,42,21
Wmddruck 1432,1425,134,19
in 1587,1424,20,19
Kilogramm 1629,1423,135,25
pro 1787,1428,39,19
Quadratmeter, 1848,1421,170,26
V 2040,1424,14,14
die 2067,1419,34,19
Wind¬ 2118,1417,73,21
geschwindigkeit 1250,1463,193,29
in 1461,1465,20,18
Meter 1499,1463,69,19
pro 1585,1468,38,19
Sekunde, 1641,1460,109,28
b0 1773,1460,22,23
den 1812,1459,40,19
normalen 1876,1459,109,18
Barometerstand 2009,1455,184,22
von 1250,1510,40,13
760 1309,1504,42,23
mm 1363,1509,48,12
und 1428,1502,44,18
b 1487,1502,12,18
den 1516,1501,42,19
thatsächlich 1574,1499,141,19
an 1732,1505,27,12
der 1777,1497,37,19
Station 1835,1497,81,19
beobachteten 1938,1494,156,22
in 2112,1494,20,19
min 2145,1499,49,14
Quecksilberhöhe 1251,1540,198,28
darstellt. 1467,1538,101,20
<EOS>
<EOP>
Für 1339,1579,43,19
das 1398,1578,38,19
oben 1453,1578,56,18
angegebene 1526,1576,142,25
Maximum 1684,1574,118,19
der 1819,1573,38,18
Windgeschwindigkeit 1876,1570,257,27
von 2153,1576,41,12
30 1254,1623,25,21
m 1290,1624,21,13
pro 1321,1623,40,20
Sekunde 1372,1614,100,21
liefert 1481,1613,68,20
die 1559,1612,34,20
Marvin'sche 1604,1611,142,21
Formel 1760,1610,83,19
demnach 1856,1610,102,19
(mit 1971,1608,47,25
b 2026,1608,11,18
— 2047,1622,24,3
709 2083,1613,40,19
miri) 2137,1606,59,26
einen 1252,1657,61,18
Winddruck 1325,1653,135,22
von 1477,1659,41,11
82.3 1536,1653,49,23
<EOS>
kg 1603,1650,29,26
pro 1648,1656,39,19
Quadratmeter, 1704,1648,173,26
<EOS>
<EOP>
Da 1341,1693,35,17
uns 1393,1698,37,13
die 1447,1691,34,18
bezügliche 1498,1687,126,27
Litteratur 1643,1687,113,20
über 1774,1686,51,18
die 1842,1685,34,18
verschiedenen 1894,1684,167,19
im 2079,1684,28,18
Laufe 2130,1681,66,21
der 1253,1731,37,19
Zeit 1308,1731,44,18
gemachten 1363,1729,127,25
Versuche, 1504,1726,115,21
eine 1637,1726,46,19
Relation 1696,1725,96,18
zwischen 1806,1724,103,18
Winddruck 1921,1721,134,20
und 2068,1721,42,19
Wind¬ 2123,1720,74,20
geschwindigkeit 1252,1767,192,27
aufzustellen, 1461,1765,144,26
ziemlich 1626,1762,98,20
vollständig 1740,1761,132,25
zur 1887,1767,35,12
Verfügung 1945,1758,125,28
stellt, 2090,1758,61,19
so 2174,1764,24,11
dürfte 1253,1805,68,21
es 1339,1813,21,12
wohl 1378,1805,54,20
nicht 1455,1804,58,19
überflüssig 1536,1803,125,22
sein, 1678,1807,52,18
im 1753,1801,27,18
Anschlüsse 1803,1798,129,21
an 1947,1805,27,12
diese 1991,1797,58,19
Notiz, 2073,1795,67,27
ein 2164,1794,33,20
kurzes 1252,1846,76,18
Resume 1350,1845,89,17
der 1461,1842,39,18
Zablenkoefficientenwerte 1522,1838,297,22
aus 1836,1843,36,12
tien 1888,1836,41,18
bekannteren 1952,1835,147,19
Wind¬ 2123,1833,74,20
druckformeln 1254,1880,159,22
hier 1431,1880,46,18
wiederzugeben. 1494,1878,183,24
<EOS>
Unsere 1695,1877,80,18
obigen 1791,1875,78,23
konventionellen 1888,1871,187,21
Einheiten 2086,1871,114,20
''Meter. 1254,1920,85,19
<EOS>
Sekunde 1361,1917,100,20
und 1479,1916,42,19
Kilogramm) 1537,1915,146,26
zu 1701,1919,23,13
Grunde 1747,1912,88,21
gelegt, 1852,1912,78,23
lautet 1952,1911,65,19
die 2035,1909,34,19
bekannte 2091,1909,109,19
theoretische 1254,1956,140,21
Formel, 1418,1955,91,19
welche 1531,1953,79,19
das 1632,1952,38,18
Verhältnis 1695,1950,119,19
von 1836,1955,40,13
Wmddruck 1901,1948,134,19
und 2057,1947,44,20
Wind¬ 2126,1946,74,21
geschwindigkeit 1254,1992,194,29
angiebt 1469,1991,86,26
und 1578,1991,43,18
in 1637,1989,20,19
der 1681,1989,38,18
die 1741,1989,33,18
Viskosität 1794,1987,114,20
der 1926,1986,38,19
Luft 1980,1985,49,20
gleich 2047,1985,71,25
o 2134,1991,13,12
ge¬ 2166,1991,35,17
setzt 1253,2035,53,17
ist. 1322,2034,32,17
<EOS>
nach 1372,2032,53,18
Ferrei 1444,2029,72,20
(Amer. 1532,2029,82,22
<EOS>
Met. 1627,2028,52,18
<EOS>
Journal. 1689,2025,96,27
<EOS>
Vol. 1797,2025,49,19
<EOS>
IV) 1858,2024,41,26
<EOS>
<EOP>
0.0659 1659,2064,81,25
<EOS>
v~ 1753,2071,23,12
b 1835,2062,11,19
i 1652,2108,7,13
-f- 1669,2103,24,26
0.004 1701,2108,68,18
<EOS>
i 1777,2102,9,17
<^o 1827,2101,25,22
wenn 1256,2152,59,13
i 1334,2146,8,18
noch 1358,2145,53,18
die 1429,2144,35,18
Lufttemperatur 1481,2141,181,25
in 1679,2141,19,18
Graden 1717,2139,87,21
Celsius 1822,2138,80,19
bedeutet. 1919,2136,108,20
<EOS>
Bei 2046,2136,36,19
i 2101,2136,9,19
150 2163,2135,37,25
und 1255,2184,45,20
b 1315,2184,13,18
760 1379,2183,43,23
Dim 1436,2187,50,13
wird 1503,2180,54,19
demnach 1573,2178,106,20
theoretisch 1697,2177,129,19
<EOS>
<EOP>
p 1632,2218,17,23
0.0623 1702,2215,79,24
<EOS>
v- 1795,2221,23,13
Damit 1345,2259,74,18
ergiebt 1436,2257,83,25
sieh 1535,2256,45,19
dann 1597,2256,56,17
das 1670,2255,39,18
Verhältnis 1731,2251,122,22
der 1875,2252,39,18
theoretischen 1935,2249,167,21
zu 2120,2255,23,12
den 2160,2248,42,19
empirischen 1256,2295,158,27
Werten 1432,2294,88,20
des 1537,2294,36,18
Zahlen 1591,2291,79,21
ko 1673,2292,28,19
eflizlenien 1703,2289,117,22
in 1839,2289,21,20
den 1874,2289,40,19
verschiedenen, 1932,2287,177,20
in 2127,2286,20,19
der 2166,2286,38,18
Praxis 1256,2335,75,20
gebrauchten 1348,2332,145,28
Formeln 1511,2330,99,20
wie 1626,2329,40,21
folgt: 1684,2328,64,26
<EOS>
<EOP>
alte 1438,2370,41,18
Ingenieurformel 1499,2367,194,27
\P 1715,2368,29,24
0.12 1796,2371,51,14
<EOS>
v2) 1858,2365,33,25
I 1937,2370,8,13
: 1957,2369,6,14
1.96 1974,2363,49,24
<EOS>
Rouse 1439,2408,69,19
1 1939,2408,6,13
: 1958,2409,4,12
1.90 1975,2406,49,20
<EOS>
Mariotte 1438,2445,101,20
1 1935,2445,7,14
: 1955,2445,5,13
1.73 1974,2443,47,21
<EOS>
de 1439,2483,26,20
Borda 1483,2483,71,20
1 1938,2483,6,13
: 1959,2483,4,12
1.66 1976,2477,47,18
<EOS>
Marvin 1438,2521,87,20
l 1938,2521,8,13
: 1958,2521,5,12
1.57 1976,2519,47,21
<EOS>
Hagen 1441,2559,77,25
1 1939,2559,7,13
: 1959,2558,4,13
I. 1978,2557,16,13
<EOS>
Houtton 1441,2598,95,18
W 1441,2635,25,18
olt 1470,2635,29,18
mann 1502,2640,62,13
Man 1351,2675,51,18
ersieht 1424,2673,78,19
hieraus, 1525,2672,91,19
dass 1644,2670,48,20
die 1720,2670,34,18
Marvin'sche 1779,2667,142,21
empirische 1952,2665,127,26
Relation 2109,2664,99,19
zwischen 1260,2714,105,18
Winddruck 1386,2710,136,21
und 1548,2709,43,19
Windgeschwindigkeit 1618,2705,261,29
nahezu 1899,2704,81,20
den 2007,2703,42,20
glücklichen 2071,2703,138,26
Mittelweg 1262,2751,117,24
gefunden 1405,2748,107,27
hat 1538,2748,37,19
zwischen 1599,2747,105,19
der* 1729,2744,44,20
alten 1792,2744,55,19
Faustregel 1869,2742,124,26
der 2018,2742,38,19
Ingenieure, 2072,2741,136,25
die 1261,2790,36,18
für 1314,2787,33,21
die 1374,2787,35,20
normal 1435,2785,86,21
gesteUte 1547,2785,96,27
Qitadratmeiei'fläche 1670,2780,262,29
unbedingt 1951,2780,121,23
etwas 2093,2783,63,15
zu 2185,2783,23,13
grosse 1262,2833,73,20
Werte 1352,2827,73,18
liefert 1442,2824,68,20
und 1527,2824,43,18
der 1588,2823,38,18
theoretischen 1643,2821,156,20
Formel, 1816,2819,93,20
die 1930,2819,34,18
mit 1981,2818,37,19
ihrem 2035,2818,68,17
Zahlen- 2121,2815,89,20
koefficienten 1262,2864,152,21
umgekehrt 1438,2861,127,27
den 1589,2861,43,19
Wmddruck 1654,2858,137,22
wieder 1806,2857,81,20
bedeutend 1902,2856,123,20
zu 2047,2861,26,13
klein 2092,2854,60,19
an¬ 2174,2859,36,13
setzt. 1263,2907,57,17
<EOS>
<EOP>
M. 2146,2891,32,21
<EOS>
<EOP>
P 1586,2085,18,26
<EOS>
<EOP>
1 1938,2596,6,13
: 1958,2596,5,13
1.24 1976,2594,48,20
<EOS>
1 1940,2634,7,14
: 1959,2634,4,13
1.19 1978,2633,47,19
<EOS>
<EOS>
<EOP>
