2246,3079
Bd. 246,85,44,23
<EOS>
XXVI 313,84,87,24
Nr. 420,84,47,23
<EOS>
24.] 492,80,52,33
<EOS>
SCHWEIZERISCHE 920,78,305,26
BAUZEITUNG 1247,75,222,26
[14. 1779,69,53,33
<EOS>
Dezember 1856,71,151,23
1895. 2031,71,77,30
<EOS>
liiiiüilüiiiiiüiiliiiHiülüil^iii^ 292,138,1356,65
¦V 333,210,139,58
Doppelspiraldttbel 514,195,832,78
""^i 1386,200,133,60
<EOS>
<EOP>
>iaüHt 699,655,57,22
<EOS>
<EOP>
D. 1147,272,33,21
<EOS>
K.-P. 1197,271,80,21
<EOS>
78 1295,271,35,20
235 1339,269,55,21
zum 969,311,47,12
Betestigen 1033,303,122,26
oder 1175,302,54,20
Aufhängen 1249,299,151,26
von 1418,306,42,13
Gegen¬ 1483,299,85,25
ständen 969,334,91,20
an 1072,340,27,13
Wänden 1111,333,100,20
oder 1222,332,52,19
Decken 1283,332,89,19
von 1384,337,42,13
beliebigem 1437,329,130,26
<EOS>
<EOP>
Mauerwerk 1105,362,135,21
oder 1260,362,53,19
Marmor. 1329,362,103,18
<EOS>
Vorzüge 1030,393,83,26
gegen 1122,400,71,20
die 1202,393,34,19
bish. 1245,393,55,19
<EOS>
Befestigungsmethode: 1307,389,259,28
1. 970,429,18,16
<EOS>
Bedeutende 1006,424,137,21
Zeitersparnis. 1160,422,159,26
<EOS>
2. 968,461,20,14
<EOS>
Schadloshaltung 1005,455,195,25
d.Wände, 1206,452,115,27
<EOS>
Tapeten 1328,452,96,25
od. 1430,450,35,22
<EOS>
Decken. 1471,450,96,20
<EOS>
3. 969,491,19,20
<EOS>
Unbedingte 1005,485,138,26
Haltbarkeit 1170,483,136,21
der 1339,483,38,18
angebrachten 1408,481,160,26
Gegenstände. 1008,515,158,26
<EOS>
Julius 1014,544,141,34
Boeddinghaus, 1179,542,345,40
<EOS>
<EOP>
Düsseldorf. 1178,586,181,24
<EOS>
§j0F~ 1005,627,64,21
„Die 1085,626,41,23
Doppelspivaldnbel 1132,625,168,23
wurden 1305,623,67,18
auf 1382,622,31,18
der 1420,622,29,17
Allgemeinen 1455,621,115,21
Ausstellung 971,649,111,21
von 1096,653,30,13
Erfindungen 1139,649,115,16
und 1267,648,33,17
Neuheiten 1310,646,90,18
in 1412,646,18,16
München 1444,644,80,18
vom 1533,648,37,13
Juni 1002,672,40,17
1). 1047,672,16,17
<EOS>
15. 1069,672,24,17
<EOS>
Sept. 1100,671,46,22
<EOS>
(1. 1152,671,15,17
<EOS>
J. 1172,671,16,17
<EOS>
m. 1194,676,21,12
<EOS>
d. 1221,670,16,17
<EOS>
silberneu 1244,671,87,16
Medaille 1336,669,76,17
ausgezeichnet." 1418,665,152,24
<EOS>
<EOP>
I 1604,257,44,61
I 1605,320,43,58
1 1605,430,47,69
1 1612,499,40,67
1 1614,568,40,64
I 1608,635,46,74
il 214,681,10,14
^—i 231,683,30,23
¦'"' 479,679,25,8
----¦»¦» 773,676,102,8
29.juni». 970,676,93,14
<EOS>
lo.Sept. 1070,675,76,18
<EOS>
cl.J.m.u. 1152,674,85,14
<EOS>
siiuerueunieaaiiie.iusg'fzeiciinei. 1244,672,311,17
<EOS>
/Sil 1600,671,48,22
<EOS>
<EOP>
wm 220,804,88,33
m 222,852,30,30
* 222,897,29,30
* 223,943,30,30
w. 223,989,28,30
<EOS>
'X 223,1035,30,29
* 224,1079,31,30
X 225,1126,29,25
X 224,1170,31,31
<EOS>
<EOP>
Brandii 332,864,278,56
& 654,864,50,54
Cie., 745,864,141,64
<EOS>
Horgen 930,864,269,67
bei 1240,866,82,47
Zürich. 1358,865,195,46
<EOS>
<EOP>
——— 599,954,136,8
Fabrik 764,938,134,29
und 918,936,71,30
Lager 1009,937,118,38
<EOS>
<EOP>
Ü 1576,825,93,70
<EOS>
<EOP>
von 290,994,42,14
Asphaltdachpappen, 349,987,243,26
Hol/.cemeni, 614,986,145,25
<EOS>
Asphalt 781,985,91,26
in 887,986,22,18
Blöcken, 925,985,103,26
Parquetasphalt, 1049,983,184,26
Goudron 1254,982,104,20
minéral, 1375,980,97,26
Asphalt- 1494,980,102,25
isolierplatten, 292,1018,161,26
Isolierteppichen, 470,1018,196,25
Asphaltleinwand, 684,1016,207,26
Wandisolierasphalt, 902,1014,237,27
Portlandcement- 1151,1013,194,20
u. 1359,1018,19,13
<EOS>
Steinzeugplatten. 1392,1009,202,26
<EOS>
<EOP>
Ausführung 533,1052,143,28
aller 694,1051,59,23
einschlagenden 769,1051,191,29
Asphalt- 977,1050,101,29
und 1095,1049,40,23
Cementarbeiten, 1154,1048,202,26
wie 292,1093,40,20
fertige 347,1093,78,25
Bedachungen 441,1093,160,24
in 617,1092,22,19
Asphalt- 656,1091,98,25
und 770,1091,46,18
Hoizcement, 831,1091,146,23
Bodenbelege 999,1088,153,25
aller 1174,1088,53,19
Art, 1243,1088,46,20
Wandisolierungen- 1308,1085,229,24
und 1554,1084,44,19
<EOS>
<EOP>
-Bekleidungen, 710,1121,179,25
Holzpfiästerungen 905,1120,215,25
etc. 1137,1123,38,15
<EOS>
$SJgt' 665,1158,60,21
Goldene 751,1158,98,16
Medaille 862,1157,104,16
Zürich, 978,1157,83,16
1894. 1073,1156,67,16
<EOS>
1g>8 1166,1153,57,22
<EOS>
<EOP>
m 1627,930,42,36
m 1623,1019,46,40
m 1625,1140,45,29
<EOS>
<EOP>
Ziereisen 288,1361,329,105
Mannstädt. 667,1358,396,105
<EOS>
500 385,1537,94,45
Profile 514,1523,185,45
vorrätig. 732,1521,241,55
<EOS>
<EOP>
Neue 513,1644,93,30
Muster 632,1644,122,29
für: 779,1643,61,29
Fenster 295,1720,183,34
und 504,1720,62,30
Thüren, 593,1719,184,41
Eckleisten, 803,1717,254,41
<EOS>
<EOP>
Treppenbelag. 506,1786,341,43
<EOS>
Julius 271,1917,230,61
Schoch 542,1915,301,62
& 887,1918,51,54
C 978,1913,57,63
ie., 1038,1924,52,28
<EOS>
<EOP>
Schwarzhorn 323,2035,303,45
Zürich. 851,2034,190,45
<EOS>
<EOP>
Wir 340,2257,49,21
empfehlen 406,2256,121,26
uns 544,2262,39,14
zur 599,2263,36,13
Lieferung 651,2255,119,27
aller 787,2256,52,19
Sorten 854,2256,77,20
Rohglas 323,2294,164,58
zu 521,2306,45,32
Oberlichtverglasungen, 601,2292,475,59
billigste 267,2355,95,25
Preise, 378,2355,82,26
schnelle 476,2354,93,20
und 584,2354,46,19
gute 645,2357,50,22
Bedienung 712,2353,127,25
zusichernd. 855,2353,132,19
<EOS>
Rlippert, 268,2399,128,38
Singer 418,2399,98,37
& 540,2398,25,31
CiC, 585,2397,62,37
Kanzleistrasse 672,2402,211,23
57, 906,2408,41,22
Zürich 974,2397,101,31
III. 1095,2397,43,31
<EOS>
Dynamit-Nobel 284,2504,352,72
Aktiengesellschaft 678,2503,451,73
<EOS>
<EOP>
Fabrik 489,2587,167,38
in 684,2587,47,36
Isleten 759,2586,162,38
<EOS>
<EOP>
Kanton 610,2652,108,22
Uri. 737,2652,57,23
<EOS>
-**v*~ 358,2700,90,23
Gegründet 470,2694,195,33
im 685,2695,46,24
Jahr 752,2694,85,26
1873. 857,2693,84,27
<EOS>
-&-**- 963,2699,88,22
Liefert 323,2747,82,21
die 432,2747,35,20
besten 492,2747,77,20
Sorten 594,2747,78,20
von 703,2753,43,13
Sprenggelatine, 768,2747,189,26
Gelatin-Dynamit 980,2746,197,24
und 232,2778,45,20
Dynamit 297,2778,103,24
Nr. 417,2778,38,19
<EOS>
i, 475,2783,18,21
2 511,2783,11,14
und 538,2777,44,20
3, 598,2783,20,19
garantiert 635,2776,124,28
in 779,2777,22,19
Nytrogiyceringehalt 824,2775,243,28
zu 1089,2782,25,13
den 1135,2776,43,19
billigsten 231,2808,109,26
jeder 355,2808,61,25
Konkurrenz 432,2808,144,18
unerreichbaren 593,2805,191,23
Preisen. 802,2808,94,18
<EOS>
<EOP>
Nach 323,2845,61,19
Bedarf 402,2844,81,19
der 497,2844,38,19
Herren 552,2845,84,18
Unternehmer 652,2845,157,19
werden 820,2844,89,19
die 921,2844,33,19
Patronen 966,2844,108,19
in 1086,2843,21,19
jeder 1117,2842,61,26
gewünschten 233,2874,152,28
Grösse 402,2874,81,20
und 498,2874,46,19
Stärke 558,2874,79,20
fabriziert. 651,2874,115,19
<EOS>
<EOP>
Dépôt 451,2909,122,37
in 593,2911,40,27
jedem 649,2911,127,35
Kanton. 795,2910,163,27
<EOS>
<EOP>
Bautechniker 1275,1273,324,57
(gel. 1212,1353,51,25
<EOS>
Zimmermann) 1283,1350,167,26
praktisch, 1466,1350,117,26
theo¬ 1603,1350,59,19
retisch 1212,1383,78,19
gebildet, 1300,1382,103,25
sucht 1412,1382,61,18
Stelle. 1480,1379,71,21
<EOS>
Eintritt 1575,1380,87,19
nach 1212,1414,56,19
Belieben. 1290,1412,105,20
<EOS>
Gefl. 1245,1443,53,20
<EOS>
Offenen 1316,1442,96,20
sub 1427,1442,39,19
Chiffre 1478,1440,80,20
M 1569,1441,24,19
6012 1604,1441,59,18
an 1275,1480,26,12
Rudolf 1320,1471,76,22
Mosse, 1413,1470,84,24
Zürich. 1514,1469,87,23
<EOS>
Ein 1278,1509,80,40
tüchtiger 1384,1508,213,49
Zeichner 1306,1562,275,64
findet 1217,1654,67,20
Beschäftigung 1300,1653,171,25
bei 1487,1652,34,19
Jung 1224,1684,65,36
& 1311,1682,23,29
Bridler, 1356,1682,113,33
Architekten 1491,1684,176,24
<EOS>
<EOP>
Winterthur. 1356,1720,176,21
<EOS>
<EOP>
Direkt 1878,130,77,19
wirkende 1970,129,110,20
Patent 1832,169,88,39
-Damnframmeii 1925,168,210,44
von 1864,235,42,13
unübertroffener 1922,228,184,20
Leistungsfähigkeit. 1873,265,228,26
<EOS>
Dampframmen 1862,310,246,35
mit 1821,358,38,20
endloser 1874,357,98,20
Kette 1982,357,65,19
und 2058,356,44,19
mit 2113,355,38,19
<EOS>
<EOP>
rücklaufender 1862,395,164,19
Kette. 2040,395,73,18
<EOS>
Priestman's 1825,439,145,24
Greifbagger, 1997,438,154,29
<EOS>
<EOP>
Dampfwinden, 1955,483,171,29
Dampfkrähne, 1954,522,171,27
Transportable 1952,559,176,29
Fördermaschinen. 1930,596,222,25
<EOS>
Lokomobilen, 1930,635,163,28
Cen- 2099,634,54,23
trifugalpumpen, 1945,673,194,29
Transportable 1955,710,175,30
Dampfmaschinen. 1932,748,221,30
<EOS>
Wasserhebe- 1962,787,162,23
Maschinen. 1978,825,137,23
<EOS>
Menck 1759,877,99,41
& 1886,876,23,41
Hambrock, 1935,874,163,51
<EOS>
<EOP>
Altona-Hamburg. 1902,930,254,36
<EOS>
Patfirtrlaif 1706,1036,452,131
Das 1737,1190,46,17
Schweiz. 1810,1188,97,19
<EOS>
Patent 1934,1188,77,18
8582 2036,1186,60,26
auf 2123,1184,37,20
„Präcisions-Drehschieber 1708,1215,332,30
-Steuer¬ 2050,1214,106,24
ung" 1709,1248,57,27
ist 1783,1250,26,18
zu 1825,1256,24,11
günstigen 1870,1248,115,25
Bedingungen 2002,1247,156,25
ZU 1709,1285,27,15
Verkaufen. 1753,1278,129,22
<EOS>
Event, 1913,1278,75,19
würde 2008,1277,74,18
auch 2104,1275,54,20
Licenz 1708,1310,79,19
abgegeben. 1803,1309,134,25
<EOS>
Auskunft 1738,1339,108,20
erteilt 1862,1338,68,19
<EOS>
<EOP>
Bourry-Séquin 1774,1367,178,29
in 1971,1367,20,22
Zürich. 2007,1365,89,23
<EOS>
<EOP>
Fertig*- 2062,1595,99,30
X-^@^e!OlZSCHNITTE. 1904,1624,264,34
<EOS>
<EOP>
Pflastersteinbrüche 1339,1764,476,56
Weesen 1856,1763,189,55
<EOS>
<EOP>
von 1672,1847,44,12
Jacques 1220,1875,190,51
Hoesli, 1435,1871,167,54
Pflästerermeister, 1629,1879,331,40
GrlarUS, 1994,1869,168,54
liefern 1219,1941,76,19
das 1319,1941,37,18
beste 1379,1941,59,17
Schweizerische 1461,1939,176,20
Pflästerungsmaterial: 1661,1936,253,27
Blauer 1939,1936,78,20
Alpenkalk, 2032,1935,132,28
Druckfestigkeit 1219,1970,186,25
1780^ 1423,1969,98,27
per 1536,1975,37,20
cmfi 1590,1968,46,20
und 1652,1969,45,19
gar 1713,1975,38,19
keine 1763,1969,64,18
Wasseraufnahrne. 1842,1967,211,20
<EOS>
Diplom 2076,1966,89,26
an 1221,2008,26,12
der 1264,2002,39,18
Landesausstellung 1318,1999,220,25
in 1554,1999,22,19
Zürich. 1593,1999,83,19
<EOS>
<EOP>
Randsteine 1328,2058,133,23
Nr. 1639,2059,38,20
<EOS>
Schwere 1327,2089,107,23
Fahrbahn 1451,2087,118,23
Nr. 1639,2089,39,19
<EOS>
Mittlere 1328,2118,98,23
Fahrbahn 1444,2118,116,22
Nr. 1641,2119,38,20
<EOS>
Leichte 1328,2148,88,24
Fahrbahn 1433,2147,116,24
Nr. 1641,2149,38,18
<EOS>
Schalen 1328,2178,97,23
und 1445,2180,44,19
Hofräume 1506,2178,120,22
Nr. 1643,2178,38,20
<EOS>
Trottoirs 1327,2209,110,23
Nr. 1643,2209,38,20
<EOS>
Ausschliessliches 1313,2238,216,24
Pflästerungsmaterial 1553,2239,242,26
der 1819,2238,38,19
Stadt 1874,2237,59,20
Zürich 1950,2234,78,24
; 2037,2242,5,22
grössere 2069,2239,98,23
Verwendung 1223,2272,153,24
Basel, 1394,2271,68,21
Schaffhausen, 1479,2270,164,27
Lichtensteig 1653,2269,147,25
etc. 1816,2272,41,16
<EOS>
etc. 1869,2271,39,18
<EOS>
Jahresprodukt 1932,2267,171,27
über 2113,2267,54,19
3000 1223,2307,57,19
m^ 1287,2300,34,21
; 1327,2307,5,19
grössteLieferungsfähigkeit 1345,2300,321,26
bei 1673,2300,34,18
kurzer 1713,2300,76,18
Lieferfrist. 1795,2298,125,19
<EOS>
Preiscourant 1929,2298,150,18
franco. 2084,2297,81,19
<EOS>
<EOP>
Vertretung 1313,2332,130,24
: 1449,2336,6,14
Basel: 1224,2368,133,33
J. 1383,2368,35,33
<EOS>
Rapp-Uefoelin, 1443,2366,300,44
Bauunternehmer. 1768,2366,293,31
<EOS>
<EOP>
Haupt. 1776,2029,80,24
<EOS>
Höhe 1948,2027,64,19
t 1733,2059,10,19
12/25 1787,2056,65,28
c«z, 1870,2063,44,20
19/21 1939,2056,64,25
cm 2023,2063,35,13
11 1726,2089,22,19
13/1S 1787,2086,66,29
» 1880,2093,12,12
14/18 1937,2084,68,30
» 2032,2094,13,11
IV 1714,2118,32,21
n/13 1788,2117,66,25
11 1883,2123,11,11
I4/16 1939,2116,66,29
» 2033,2123,12,12
Va 1721,2150,33,17
9/11 1801,2146,50,27
» 1882,2153,11,11
M/16 1939,2145,66,28
» 2033,2154,11,11
Vb 1726,2178,33,20
10/12 1788,2176,66,29
» 1882,2184,12,11
lì/14 1938,2175,67,29
» 2033,2184,11,11
III 1713,2209,32,19
6/9 1802,2209,37,25
A 1882,2214,11,10
7/I 1952,2206,36,27
I 1995,2212,7,14
» 2033,2214,10,11
<EOS>
<EOP>
JJLs. 1268,2434,75,37
<EOS>
F 1267,2500,12,15
puma 1267,2484,79,22
l-L 1637,2472,22,26
' 1665,2478,4,5
15' 1676,2472,30,26
KWMIiillIff 1267,2502,285,31
PPHhj 1267,2497,449,91
s 1656,2570,10,14
<EOS>
<EOP>
; 1268,2648,2,10
.àgi 1282,2616,81,54
<EOS>
iiiiij|||i 1380,2608,225,61
|§! 1616,2609,89,59
<EOS>
' 1712,2609,3,23
<EOS>
<EOP>
F. 1797,2441,29,73
<EOS>
Bonnann 1843,2441,167,72
& 2027,2439,27,74
Ciò., 2068,2439,83,82
<EOS>
40 1779,2543,28,19
Stadelhofer 1834,2537,153,21
- 1996,2548,9,4
Strasse 2015,2537,93,20
40 2139,2543,28,19
<EOS>
<EOP>
Zürich 1885,2581,127,28
I, 2032,2581,25,34
erstellen 1778,2648,101,18
als 1900,2648,30,19
Specialität 1950,2645,136,29
unter 2107,2650,62,16
langjähriger 1780,2683,150,29
Garantie 1943,2682,106,24
nach 2062,2685,54,19
be¬ 2129,2683,38,23
währtesten 1798,2721,136,23
Konstruktionen: 1952,2720,199,24
<EOS>
<EOP>
Abdampf- 1856,2774,177,27
und 2049,2776,45,19
Ml 1779,2810,39,24
ederdruck 1822,2811,189,23
- 2017,2822,8,5
D 2032,2810,29,23
anipf- 2065,2810,102,27
(Dafflpf-Ofen 1316,2858,142,21
mit 1472,2857,34,16
Warmschrank.) 1518,2856,169,19
<EOS>
<EOS>
Heizilllgeil, 1869,2847,209,29
Warmwasser- 1309,2884,256,23
und 1582,2885,44,18
Heissivasser-Heiznngen 1642,2881,441,29
in 1225,2918,20,18
Verbindung 1255,2916,142,25
mit 1408,2916,37,19
Warmwasserleitung 1454,2913,246,27
für 1713,2914,32,20
Wasch- 1754,2913,91,22
und 1856,2914,45,19
Bade-Einrichtungen. 1913,2912,254,28
<EOS>
<EOP>
- 1364,2693,4,4
lï-Jï 1377,2681,69,24
II 1508,2688,15,9
: 1538,2693,1,4
<EOS>
<EOP>
i 1268,2767,27,59
foaktìiM= 1296,2764,119,25
<EOS>
<EOP>
