3100,2280
SCHWEIZERISCHE 141,59,263,25
BAUZEITUNG. 422,63,197,23
<EOS>
<EOP>
1895. 2811,81,61,27
<EOS>
B»nd 2907,80,59,22
XXVI. 2984,80,79,22
<EOS>
<EOP>
w« 2381,508,37,12
•^*--r 2425,507,56,15
^31 2418,511,139,35
<EOS>
<EOP>
«P 776,702,33,25
fV 1578,713,44,34
<EOS>
<EOP>
/ 1255,733,35,75
1 1644,770,31,89
'•„., 734,813,23,18
<EOS>
*»«. 935,841,49,18
<EOS>
<EOP>
*/^ 1700,855,27,11
v 699,863,12,7
""-»5=1 1008,860,94,25
<EOS>
<EOP>
XX 1675,883,32,23
ÎQËÉ& 1616,904,54,28
«W» 1668,918,46,18
MKS 1333,938,56,15
<EOS>
<EOP>
*'•> 1949,968,30,11
l 1961,973,42,61
-~r 1453,1029,37,12
<EOS>
<EOP>
,- 1879,1100,9,5
v'-v 1898,1090,31,15
~-.- 1914,1096,24,9
<EOS>
Mil! 2169,1095,44,29
<EOS>
ri_-tJ*i 1834,1184,135,28
r 1442,1287,49,41
r 1657,1300,37,30
cT 1264,1304,39,47
sX 1276,1367,35,23
<EOS>
<EOP>
• 2267,1400,4,7
•Vìi 2278,1391,31,20
<EOS>
<EOP>
jit^*. 1088,1495,37,15
<EOS>
i. 1157,1501,4,6
<EOS>
<EOP>
^L~"J' 1984,1508,112,37
,.*1" 658,1512,32,26
<EOS>
^Bf^f 1491,1545,80,35
.^R*s 1587,1549,106,31
<EOS>
<EOP>
L 1830,1571,33,57
Q 1830,1653,30,24
4 771,1711,11,20
£ 806,1713,21,18
<EOS>
<EOP>
Neue 1328,1916,102,30
Tonhalle 1458,1916,176,30
in 1659,1919,36,28
Zürich. 1720,1919,137,29
<EOS>
Architekten 1375,1983,140,21
: 1527,1990,3,13
Fellner 1549,1983,96,23
& 1660,1982,21,23
Ileluicr. 1699,1985,104,21
<EOS>
Innen-Ansicht 1240,2052,231,25
des 1493,2054,48,24
grossen 1563,2059,122,22
Konzertsaales. 1706,2054,230,26
<EOS>
<EOP>
Aufnahme 170,2255,109,19
von 295,2262,36,13
A 346,2258,14,16
Waldrier, 383,2256,100,20
.w 2711,2267,35,14
<EOS>
<; 2760,2268,12,13
-, 2792,2274,8,7
,1 2823,2268,10,13
<EOS>
<EOP>
