2246,3079
BS 123,98,39,32
XXVI. 185,100,120,31
<EOS>
c^LLXÂ 641,111,134,41
Revue 807,106,151,42
polytechnique 991,107,326,56
^us 1349,112,134,45
N?. 1873,111,42,31
<EOS>
24. 1941,113,49,29
<EOS>
<EOP>
itóttHÌi]? 224,186,877,187
<EOS>
•f 1645,212,29,28
<EOS>
<EOP>
mm 1317,253,363,120
Abonnementspreis 134,417,252,26
: 394,423,4,14
Ausland. 103,449,98,17
<EOS>
<EOS>
<EOS>
Fr. 250,450,31,16
<EOS>
25 295,453,22,17
per 328,455,34,16
Jahr 374,450,48,21
Inland. 103,472,81,17
<EOS>
<EOS>
<EOS>
<EOS>
„ 261,484,9,9
<EOS>
<EOP>
20 294,477,23,11
<EOS>
<EOP>
„ 339,485,9,9
<EOS>
<EOP>
Für 125,522,47,16
Vereinsmtlglieder: 186,522,212,22
Ausland. 103,547,98,18
<EOS>
<EOS>
<EOS>
Fr. 249,548,32,18
<EOS>
iS 295,548,20,16
per 328,554,34,17
Jahr 373,549,48,21
Inland. 104,570,77,18
<EOS>
<EOS>
16 295,571,19,17
<EOS>
<EOP>
„ 338,584,8,10
sofern 120,594,65,16
beim 198,594,53,16
Herausgeber 263,594,140,23
<EOS>
<EOP>
abonniert 176,616,106,16
wird. 294,617,53,17
<EOS>
Abonnements 177,666,168,17
nehmen 102,688,83,17
entgegen: 198,692,107,20
Heraus¬ 327,690,91,16
geber, 101,711,67,21
Kommissionsverleger 176,711,244,22
und 114,734,40,16
alle 166,734,39,16
Buchhandlungen 217,734,190,21
<EOS>
<EOP>
und 174,756,39,17
Postämter. 224,757,119,17
<EOS>
<EOP>
Wochenschrift 840,420,449,48
für 475,485,74,45
Bau-, 573,489,137,54
Verkehrs- 733,488,273,46
und 1030,490,98,45
Maschinentechnik 1154,489,502,48
<EOS>
<EOP>
Herausgegeben 969,551,191,26
<EOS>
<EOP>
von 1045,593,40,12
Ä. 933,619,33,46
<EOS>
WALDNER 991,619,203,47
32 807,687,26,15
Brandschenkesirasse 845,680,232,19
(Selnau) 1091,682,97,21
ZÜRICH. 1203,680,115,20
<EOS>
Verlag" 518,713,73,21
des 605,714,33,16
Herausgebers. 652,715,155,21
<EOS>
— 820,725,21,1
Kommissionsverlag 855,715,213,22
von 1081,721,38,11
Meyer 1133,716,79,22
& 1225,717,14,15
Zeller 1253,717,74,17
Nachfolger 1341,718,134,20
in 1487,719,18,15
Zürich. 1520,718,88,18
<EOS>
<EOP>
Organ 993,749,142,39
<EOS>
<EOP>
fing 1693,199,319,219
Insertionspreis: 1764,426,216,27
Pro 1715,455,38,16
viergespaltene 1765,455,157,22
Petitzeile 1931,455,101,17
<EOS>
<EOP>
oder 1748,477,49,17
deren 1806,478,59,16
Raum 1875,478,65,16
30 1956,482,22,16
Cts. 1991,477,40,17
<EOS>
Haupttitelseite: 1748,500,171,22
50 1955,504,22,17
Cts. 1991,500,39,16
<EOS>
<EOP>
Inserate 1822,526,103,17
nimmt 1736,553,71,17
allein 1818,552,71,17
entgegen: 1900,555,107,19
Die 1716,580,37,15
Annoncen 1776,579,113,17
- 1896,588,6,3
Expedition 1910,579,119,20
<EOS>
<EOP>
von 1854,606,37,10
RUDOLF 1737,623,135,17
MOSSE 1893,623,108,18
in 1714,650,17,16
Zürich, 1747,649,83,20
Berlin, 1843,650,78,19
Breslau, 1935,650,92,19
Dresden, 1717,672,99,18
Frankfurt 1834,672,118,22
a. 1964,679,16,9
<EOS>
AI., 1995,673,32,18
<EOS>
Ha 1715,695,33,16
mbu 1749,695,48,16
rg, 1799,700,31,16
Köln, 1858,695,60,19
L 1940,695,17,16
e 1959,700,9,11
ifi 1970,696,20,20
sig, 1991,697,36,20
<EOS>
<EOP>
Magdeburg, 1744,717,131,22
München, 1889,717,107,19
Nürnberg, 1714,740,121,21
Stuttgart, 1849,740,104,22
Wien. 1965,741,62,17
<EOS>
<EOP>
Prag, 1788,763,60,21
London. 1863,763,90,18
<EOS>
des 138,797,41,34
Schweizer. 195,797,140,33
<EOS>
Ingenieur- 353,798,134,38
nnd 504,799,47,32
Architekten-Vereins 567,800,269,34
und 852,802,49,32
der 918,802,41,32
Gesellschaft 976,802,159,34
ehemaliger 1150,803,145,39
Studierender 1311,803,171,34
des 1498,804,41,32
eidg. 1554,804,61,39
<EOS>
Polytechnikums 1633,803,209,40
in 1858,804,25,32
Zürich. 1899,803,92,34
<EOS>
Bi 91,872,61,47
XXVI. 184,872,165,45
<EOS>
ZÜRICH, 710,879,204,44
den 941,887,61,31
14. 1033,898,45,28
<EOS>
Dezember 1105,889,177,30
1895. 1311,890,92,37
<EOS>
N° 1868,881,62,43
24. 1965,883,65,42
<EOS>
<EOP>
MASCHINENFABRIK 357,967,844,81
OERLIKON. 1257,971,460,78
<EOS>
Wir 310,1083,58,23
empfehlen 390,1084,153,29
zum 569,1091,58,15
Anschlüsse 653,1085,163,23
an 838,1092,31,17
Blektricitäts-Werke 892,1085,294,26
unsere 1207,1094,95,17
<EOS>
<EOP>
Wechselstrom-Motoren 397,1125,672,50
Zweiphasen-Motoren 232,1185,588,55
Drehstrom-Motoren 78,1245,563,48
von 121,1321,53,17
1/20 198,1309,63,36
bis 282,1314,41,22
250 348,1319,51,21
P. 415,1313,25,23
<EOS>
S 456,1314,16,23
für 54,1359,43,23
alle 115,1359,53,23
üblichen 182,1359,127,24
Perio¬ 321,1358,90,25
den 55,1396,52,24
u. 117,1404,23,16
<EOS>
Spannungen 151,1397,181,29
<EOS>
<EOP>
X 1462,1212,15,19
V 1010,1251,8,11
m 1030,1249,15,8
L 1552,1234,34,29
"FF 958,1278,27,11
SF- 941,1293,50,18
<EOS>
<EOP>
*u 1846,1350,32,19
\ 786,1384,6,10
<EOS>
<EOP>
FF.Ì- 1598,1432,32,8
<EOS>
<EOP>
: 1911,1593,3,12
F 1930,1587,26,15
w 1804,1566,47,56
mm 1848,1599,106,41
1 1726,1630,2,12
» 1760,1630,15,13
n» 1784,1631,13,12
1 1803,1632,1,11
<EOS>
<EOP>
Die 340,1848,76,35
Cementfabrik 441,1849,320,38
Flilaif 238,1908,204,54
& 475,1911,34,52
Gl*.-, 542,1912,105,62
<EOS>
atta« 680,1913,176,54
<EOS>
<EOP>
empfiehlt 457,1995,109,25
ihren 582,1996,62,19
prima 143,2048,130,79
künstlichen 305,2048,256,68
Portlandcement. 594,2052,357,68
<EOS>
Konkurrenz-Ausschreibung. 154,2198,801,104
<EOS>
Der 174,2305,45,19
Stadtrat 235,2305,95,21
von 345,2313,42,14
Lugano 400,2307,92,26
eröffnet 509,2310,90,19
hiemit 615,2311,72,19
unter 704,2314,62,17
den 783,2311,41,20
schweizerischen 842,2313,186,21
Architekten 84,2338,140,20
eine 249,2340,48,20
Konkurrenz 319,2341,142,20
zur 482,2349,35,13
Erlangung 541,2344,125,28
von 691,2351,41,13
Plänen 756,2345,81,21
für 861,2347,33,19
den 919,2348,40,19
Bau 984,2350,46,17
eines 85,2372,57,22
neuen 159,2380,69,13
Friedhofes. 245,2374,130,21
<EOS>
<EOP>
Einlieferungstermin 175,2406,243,29
für 442,2410,33,20
die 497,2410,36,20
Konkurrenzarbeiten 553,2412,243,22
31. 819,2419,34,20
<EOS>
Januar 869,2416,79,26
1896. 964,2416,63,25
<EOS>
Dem 83,2442,55,19
Preisgericht 151,2442,143,25
ist 306,2443,28,20
für 345,2444,33,19
Prämiierung 389,2444,149,27
der 555,2446,39,19
zwei 610,2448,51,18
besten 674,2448,76,18
Projekte 763,2449,101,24
eine 881,2451,46,17
Summe 940,2451,86,19
von 83,2481,42,12
Fr. 141,2476,35,19
<EOS>
2000 195,2481,57,14
zur 268,2482,37,13
Verfügung 321,2477,125,27
gestellt. 462,2479,91,24
<EOS>
<EOP>
Konkurrenzprogramm 173,2510,267,27
und 452,2512,42,20
Situationsplan 507,2513,166,26
können 685,2515,87,20
beim 782,2515,56,20
Stadtingenieur 851,2516,177,27
bezogen 83,2543,96,27
werden. 196,2546,92,19
<EOS>
<EOP>
Der 536,2583,60,27
Stadtrat 618,2583,141,30
von 779,2594,57,19
Lugano. 856,2587,130,33
<EOS>
HS!!. 171,2714,173,79
<EOS>
» 361,2755,28,20
x- 401,2747,58,56
"••¦: 489,2761,56,47
ilLJlsX 567,2727,307,80
!»r_ 875,2746,138,68
<EOS>
5» 171,2782,78,54
¦ 259,2813,3,2
>xs:?i»:rx 271,2782,293,59
<EOS>
»-«sX 583,2788,143,54
- 847,2797,30,13
Ini 903,2793,110,52
^x^BjLjL£^um 171,2780,850,100
cWoaug 111,2842,106,52
e 340,2857,11,12
; 399,2847,3,30
i 431,2844,7,17
<EOS>
<EOP>
j 510,2853,10,45
lljffl^ 529,2847,170,53
'w^rS 188,2850,149,53
\s 81,2862,27,19
<EOS>
<EOP>
Beste 1080,1819,209,80
Collector-Bürste 1365,1821,656,82
<EOS>
<EOP>
für 1280,1924,115,61
Dynamos, 1433,1927,386,73
System 1376,2007,106,28
Boudreaux, 1503,2002,222,34
aus 1160,2063,45,17
Antifrictionsmetall 1227,2058,282,25
mit 1531,2060,49,24
geringster 1601,2062,154,29
Abnutzung 1776,2062,160,29
<EOS>
<EOP>
der 1421,2096,48,23
Collectoren. 1491,2098,180,24
<EOS>
+ 1411,2148,25,25
Patent 1462,2149,75,18
Nr. 1561,2149,38,20
<EOS>
5689. 1626,2150,64,25
<EOS>
Dépôt 1122,2185,115,60
bei 1268,2187,47,47
Keyser 1346,2187,177,55
& 1556,2189,43,45
Co. 1632,2189,68,46
<EOS>
in 1733,2191,31,45
Zürich. 1795,2190,181,45
<EOS>
<EOP>
Hauptfi 1297,2273,229,98
Ammann, 1539,2275,271,94
Zürich 1824,2276,194,79
<EOS>
<EOP>
5 1426,2382,18,26
Seidengasse 1459,2383,219,33
5, 1694,2384,26,33
empfehlen 1737,2387,154,30
Chamotte-Rachelöfen, 1402,2433,515,101
Kachel-TragÖfen 1300,2542,205,28
in 1522,2545,22,19
Eisengerippe. 1560,2545,165,27
<EOS>
Irische 1299,2575,79,19
Dauerbrandöfen 1397,2572,200,25
mit 1614,2576,37,19
Blech-, 1670,2576,79,27
Guss- 1767,2577,63,20
und 1846,2577,44,20
Majolika¬ 1908,2578,111,26
verkleidung. 1328,2604,149,26
<EOS>
Oefen 1300,2632,66,23
mit 1383,2635,38,19
Metallplkttierung 1438,2634,206,27
und 1659,2637,44,19
Majolika-Imitation. 1720,2637,229,25
<EOS>
Sparkochherde 1299,2663,189,28
in 1505,2665,22,19
allen 1543,2665,56,21
wünschbaren 1615,2667,156,19
Grössen. 1788,2669,99,19
<EOS>
Bade-Einrichtungen 1300,2692,243,29
mit 1560,2697,39,18
Kohlen- 1615,2697,96,19
und 1726,2697,44,19
Gasfeuerung. 1787,2697,154,26
<EOS>
Waschherde. 1299,2723,157,23
<EOS>
Waschtröge. 1488,2724,153,28
<EOS>
Waschmangen. 1672,2725,187,28
<EOS>
Steinbruch-Gesellschaft 1146,2779,451,51
Ostermundingen 1630,2781,308,63
<EOS>
<EOP>
bei 1457,2840,55,23
Bern. 1528,2840,102,24
<EOS>
Blauer 1160,2877,109,23
«nd 1285,2878,60,21
gelber 1361,2878,104,28
Sandstein. 1485,2878,171,24
<EOS>
Lieferung 1688,2881,118,27
als 1822,2882,31,20
Rohmaterial 1869,2883,147,19
aufs 1069,2907,53,21
Mass 1139,2909,56,20
in 1212,2909,21,19
jeder 1247,2909,63,26
Grösse 1325,2910,79,19
oder 1426,2909,53,20
behauen 1501,2910,98,21
nach 1617,2911,56,19
Plänen 1688,2911,83,20
und 1793,2913,44,19
Zeichnungen. 1855,2913,159,25
<EOS>
<EOP>
Fiuatlieferung 1215,2937,175,30
zur 1408,2945,39,15
Erhärtung 1465,2938,125,30
des 1610,2940,39,22
Materials. 1663,2940,127,22
<EOS>
<EOS>
<EOP>
