2280,3100
14- 150,125,40,22
Dezember 213,118,153,23
1895. 392,119,75,28
<EOS>
SCHWEIZERISCHE 790,118,305,23
BAUZEITUNG 1118,118,219,25
1. 1958,126,19,20
<EOS>
liegenden 108,179,142,29
Ortschaften 273,179,168,23
ist 472,179,31,23
diese 533,179,72,23
nicht 627,180,73,22
ohne 722,180,68,22
Bedeutung, 821,179,163,29
um 1008,186,44,16
so 108,224,29,16
mehr, 160,218,81,22
als 265,217,38,22
die 323,216,42,22
Uhrenindustrie 386,217,223,23
in 632,218,22,22
der 672,218,48,22
ganzen 741,224,97,22
Gegend 862,217,109,27
eine 996,218,56,21
hervorragende 108,254,218,28
Rolle 351,254,75,23
spielt. 450,254,86,33
<EOS>
So 560,256,34,23
befassen 619,255,120,23
sich 760,256,55,22
beispielsweise 837,255,213,29
die 109,292,43,22
Bewohner 174,292,148,22
der 343,291,48,23
Dörfer 413,292,98,23
auf 540,293,46,22
dem 613,293,59,22
Plateau 699,294,105,21
der 828,293,48,22
Freiberge 904,292,147,30
mit 108,330,49,21
der 173,329,46,22
Schaalenmacherei, 235,329,276,28
die 535,330,42,23
je 593,330,23,31
nach 632,331,66,22
der 715,330,47,23
Grösse 778,331,99,22
der 894,330,47,22
Werk- 958,329,94,22
<EOS>
<EOP>
Fig. 325,417,46,27
<EOS>
24. 389,423,34,19
<EOS>
Transformatoren-Station. 457,417,373,21
<EOS>
<EOP>
- 345,555,15,10
<EOS>
<EOP>
ß 412,577,10,24
p. 472,580,22,23
<EOS>
_t°>_ 502,579,67,17
<°l_. 577,582,41,14
<EOS>
iL. 623,575,41,22
<EOS>
_k._ja 671,575,87,30
<EOS>
,4 324,578,26,29
:—\ 861,598,42,12
<EOS>
<EOP>
X 790,707,25,26
xJU 471,795,91,24
<EOS>
<EOP>
--i 809,1056,15,6
<EOS>
<EOP>
â 693,1091,12,18
<3 717,1092,15,18
3 743,1091,15,17
<p 807,1096,19,21
i 701,1113,2,30
jlk 722,1115,72,29
il 815,1113,10,31
<EOS>
<EOP>
"=j' 366,1312,44,12
- 493,1315,12,2
- 511,1315,4,2
:— 520,1315,27,12
—, 797,1315,29,7
Erde 281,1340,48,20
Ente 900,1347,45,18
<EOS>
<EOP>
statten 104,1532,97,22
Betriebskraft 224,1531,194,23
erfordert. 441,1531,142,23
<EOS>
Bis 626,1531,41,23
dahin 690,1531,79,23
diente 797,1531,89,23
in 909,1530,24,24
diesen 956,1530,90,23
Werkstätten 105,1569,182,23
ein 310,1570,40,22
von 373,1576,51,16
Hand 453,1569,77,23
betriebenes 554,1569,171,22
hölzernes 747,1569,137,22
Rad, 908,1567,63,28
mit 1001,1568,47,22
dem 106,1607,60,22
die 198,1607,43,22
Transmission 273,1606,197,23
durch 503,1606,83,23
einen 619,1607,75,22
Riemen 726,1606,110,22
angetrieben 873,1606,174,29
wurde, 105,1644,101,28
oder 236,1644,66,23
ab 328,1644,32,22
und 383,1644,51,22
zu 457,1651,29,15
ein 510,1644,40,22
Petrolmotor 575,1644,184,22
als 781,1644,39,22
Betriebskraft. 843,1643,204,23
<EOS>
Gerade 106,1681,104,23
für 234,1681,41,24
derartige 297,1682,136,29
Verhältnisse 456,1681,183,24
eignet 657,1682,89,27
sich 767,1681,55,22
wegen 847,1687,91,22
seiner 962,1681,86,22
bekannten 104,1719,149,23
Eigenschaften 275,1719,204,29
kein 500,1719,59,23
anderer 583,1719,116,23
Motor 720,1720,89,22
besser 831,1720,92,21
als 945,1719,39,22
der 1001,1718,48,23
Elektromotor. 104,1757,212,23
<EOS>
Es 340,1757,31,24
lässt 398,1757,63,22
sich 488,1757,55,22
deshalb 566,1757,112,22
annehmen, 701,1757,157,22
class 881,1756,60,22
inner¬ 964,1756,84,22
halb 103,1795,65,22
kurzer 200,1794,93,23
Zeit 327,1795,55,22
nicht 413,1795,71,22
nur 516,1802,49,15
die 596,1794,42,22
sämtlichen 670,1794,157,23
bestehenden 865,1793,183,23
Werkstätten 104,1832,181,23
denselben 302,1832,147,23
adoptieren 466,1830,160,32
werden, 642,1831,116,27
was 781,1838,53,16
zum 855,1838,59,15
grossen 936,1837,112,22
Teil 103,1869,59,23
bereits 185,1870,98,22
geschehen 312,1870,150,29
ist. 486,1870,39,24
<EOS>
sondern 554,1869,115,23
dass 700,1869,59,22
der 789,1869,47,22
Vorteil, 859,1869,110,28
den 997,1869,51,22
diese 104,1907,73,23
Ortschaften 199,1908,169,22
gegenüber 384,1908,155,28
anderen 555,1907,118,23
aufweisen, 689,1907,153,26
auch 865,1907,66,22
andere 948,1906,99,23
Fabrikanten 104,1945,179,23
und 306,1945,50,23
Kleinindustrielle 374,1945,252,23
aller 643,1945,67,22
Art 729,1946,48,21
aus 799,1952,45,15
den 861,1944,49,22
benach¬ 935,1944,112,22
barten 106,1983,92,22
Gegenden 222,1982,145,29
bestimmen 392,1983,160,22
wird, 577,1982,74,23
sich 674,1983,54,22
hier 752,1982,57,22
niederzulassen. 821,1982,224,22
<EOS>
Es 103,2020,33,22
ist 159,2020,32,23
zu 213,2027,31,15
hoffen, 267,2019,99,30
dass 389,2020,61,22
in 467,2021,24,21
dieser 508,2020,87,22
Weise 614,2020,88,22
die 716,2020,43,22
von 774,2027,52,15
unternehmen¬ 844,2019,203,22
den 104,2057,48,22
Männern 175,2058,127,22
ins 327,2057,38,23
Leben 388,2057,88,23
gerufene 499,2057,127,29
Anlage 649,2058,102,28
zum 769,2064,59,15
Gedeihen 845,2057,137,22
der 1000,2056,47,23
betreffenden 104,2095,188,23
Ortschaften 315,2095,171,23
beitragen 511,2095,138,28
wird. 672,2095,76,23
<EOS>
<EOP>
Qeber 153,2209,112,30
neuere 290,2217,131,21
elektrische 448,2209,212,29
Strassenbahnen 687,2209,308,30
mit 210,2263,63,28
unterirdischer 299,2261,279,30
Stromzuführung. 602,2261,339,39
<EOS>
Die 193,2355,50,22
Thatsache. 259,2355,157,22
<EOS>
dass 439,2354,60,23
in 521,2354,25,23
Budapest 562,2355,135,28
seit 718,2355,49,22
Jahren 782,2355,94,30
eine 901,2355,56,22
elek¬ 980,2355,68,22
trische 103,2394,98,22
Strassenbahn 224,2392,196,24
mit 450,2392,47,22
unterirdischer 525,2393,212,22
Stromzuführung 758,2392,243,29
in 1023,2393,23,22
technischer 102,2431,170,23
und 292,2430,52,23
in 367,2431,24,21
finanzieller 414,2430,166,22
Beziehung 596,2430,151,29
mit 769,2431,48,22
gutem 840,2432,90,28
Erfolg 953,2430,93,29
betrieben 103,2469,139,22
wird, 273,2468,74,28
hat 377,2469,45,21
vielfach 450,2467,114,23
zu 590,2474,30,15
der 643,2467,49,22
irrtümlichen 714,2468,185,22
Meinung 921,2468,127,29
Veranlassung 105,2505,199,31
gegeben, 318,2506,132,30
es 473,2512,27,15
sei 522,2505,37,22
damit 583,2504,84,23
das 682,2504,48,23
Problem 745,2505,127,23
der 889,2505,48,22
unter¬ 958,2509,88,19
irdischen 103,2543,135,22
Stromzuführung 267,2543,244,28
endgültig 539,2543,141,29
gelöst 707,2543,89,28
und 824,2543,51,22
es 908,2549,25,16
stehen 955,2543,92,22
der 103,2581,49,22
allgemeineren 168,2581,209,29
Anwendung 395,2581,176,29
desselben 588,2580,143,23
nur 746,2587,49,17
noch 810,2581,68,23
die 895,2581,41,22
hohen 958,2581,89,23
Anlage- 104,2619,115,29
und 246,2619,51,22
Betriebskosten 323,2618,218,24
hindernd 569,2618,132,23
entgegen. 732,2622,141,26
<EOS>
Dem 916,2619,70,22
ist 1014,2618,33,23
nun 102,2664,51,15
aber 177,2656,66,22
in 265,2656,24,23
Wirklichkeit 309,2656,191,23
nicht 515,2656,72,23
so, 609,2663,36,19
sondern 667,2656,114,23
die 804,2656,42,22
Anwendbar¬ 864,2656,182,22
keit 102,2694,55,22
des 179,2693,46,22
Budapester 249,2693,163,31
und 433,2694,52,23
ihm 510,2694,54,22
verwandter 587,2693,172,23
Systeme 780,2693,123,29
ist 926,2693,32,23
viel¬ 980,2694,66,22
mehr 102,2731,77,23
an 202,2737,31,16
bestimmte 251,2731,153,23
Baubedingungen 424,2731,247,30
gebunden, 693,2731,150,30
welche 867,2731,102,22
sich 991,2731,55,22
gerade 102,2769,101,29
in 234,2769,24,22
solchen 287,2769,108,22
Grosstädten, 425,2769,182,23
die 631,2769,42,22
schliesslich 695,2769,169,22
auch 892,2769,67,22
eine 989,2769,57,22
teurere 103,2811,106,19
Anlage 224,2807,105,28
zu 345,2813,29,16
alimentieren 390,2807,187,23
vermöchten, 596,2808,185,27
selten 796,2808,85,21
vorfinden. 897,2806,149,23
<EOS>
So 102,2845,35,24
erfordert 167,2844,133,23
u. 328,2852,23,14
<EOS>
a. 377,2851,21,16
<EOS>
der 422,2844,48,23
Betonkanal, 493,2844,170,25
in 693,2845,24,22
welchem 746,2845,131,22
die 901,2843,41,23
Guss¬ 966,2843,81,23
rahmen 102,2883,111,22
mit 236,2881,48,24
den 306,2881,50,23
Leitungsträgern 372,2882,236,30
eingelassen 632,2882,167,29
sind 821,2881,58,23
eine 903,2881,56,22
Bau¬ 983,2881,64,22
tiefe 101,2920,64,24
von 188,2927,52,16
00 263,2926,33,17
—100 302,2926,88,16
cm., 408,2926,50,21
<EOS>
bei 489,2919,43,23
der 560,2919,47,23
man 630,2926,60,16
in 715,2920,22,21
älteren 760,2921,102,21
Stadtteilen 886,2918,160,24
<EOS>
<EOP>
bereits 1102,179,99,23
auf 1223,178,47,24
zahlreiche 1289,179,150,23
Hindernisse, 1462,179,182,26
wie 1670,180,50,22
Rohrleitungen 1742,181,212,28
aller 1977,181,69,22
Art, 1102,218,55,23
Abzugsdohlen 1180,216,209,30
u. 1411,224,23,15
<EOS>
s. 1458,224,19,16
<EOS>
w. 1501,224,31,16
<EOS>
stösst. 1559,218,89,22
<EOS>
die 1677,218,42,22
meistens 1748,218,124,22
nicht 1901,218,71,22
be¬ 2002,218,43,22
seitigt 1101,255,89,28
oder 1212,254,67,22
mit 1300,254,48,22
dem 1371,253,60,23
geschlitzten 1454,254,172,30
Kanal 1644,255,86,22
über- 1753,257,76,21
bezw. 1853,257,79,22
<EOS>
unter¬ 1957,260,87,18
führt 1102,291,70,23
werden 1201,291,107,22
können, 1338,290,111,25
wie 1479,292,48,22
dies 1557,292,57,22
beim 1643,293,72,22
Verlegen 1745,292,134,31
einfacher 1908,293,138,23
Kabel 1101,329,85,22
geschieht; 1217,329,150,28
grosse 1400,335,91,22
Schwierigkeiten 1520,329,235,30
bietet 1790,331,81,22
aus 1904,337,46,16
dem 1982,329,61,25
gleichen 1100,367,122,28
Grunde 1240,366,109,23
in 1372,367,23,22
cler 1419,366,47,23
Regel 1482,367,84,29
auch 1589,367,65,22
das 1678,367,47,22
Ueberschreiten 1748,367,222,25
von 1992,375,51,16
Brücken. 1100,404,126,23
<EOS>
<EOP>
Im 1192,442,36,21
Fernern 1262,441,115,22
muss 1411,447,71,17
mit 1514,442,46,22
Sicherheit 1593,442,149,23
darauf 1773,443,97,23
gerechnet 1899,444,144,28
werden 1101,478,106,23
können, 1230,478,111,29
class 1372,478,61,22
das 1462,479,46,22
durch 1532,479,82,23
den 1638,479,49,23
Scheitelschlitz 1709,480,214,23
in 1946,481,23,22
den 1994,481,48,22
Kanal 1100,516,85,22
eindringende 1209,516,193,29
Wasser 1425,515,109,25
selbst 1564,517,84,22
bei 1670,517,42,22
den 1736,517,48,23
stärksten 1808,518,127,22
Platz¬ 1960,519,84,22
regen 1099,560,81,23
ohne 1204,554,67,22
Stauung 1294,553,119,29
rasch 1435,555,78,22
abfliesst. 1542,553,127,25
<EOS>
In 1710,555,27,22
Budapest 1762,555,132,29
ist 1918,556,31,22
diese 1971,555,73,23
Bedingung 1100,591,156,29
erfüllt, 1279,591,98,23
indem 1400,590,89,24
die 1513,592,41,22
Kanalsohle 1571,592,166,23
sich 1759,593,53,23
so 1836,599,28,17
hoch 1886,594,67,22
über 1978,593,66,23
dem 1100,628,59,22
Spiegel 1183,628,108,29
der 1323,628,47,22
Donau 1392,628,96,23
befindet, 1518,629,125,23
dass 1673,629,60,23
eine 1764,631,56,21
Unterwasser¬ 1847,630,197,24
setzung 1099,668,109,27
der 1231,665,47,22
Kontaktleitungen 1295,665,257,31
im 1576,667,34,22
Kanal 1635,667,82,22
nicht 1741,668,71,22
zu 1834,675,30,15
befürchten 1885,668,155,24
steht, 1099,703,76,23
wie 1207,703,50,23
solches 1293,704,103,22
bei 1427,704,42,22
den 1498,704,50,22
in 1584,704,23,22
Monierkanälen 1637,704,215,23
montierten 1881,706,161,22
blanken 1099,740,113,23
Leitungen 1246,741,146,28
von 1423,748,54,16
Pariser 1512,742,106,23
Belcuchtungscentralen 1652,743,333,27
in 2018,743,23,22
Folge 1100,778,84,29
Rückstau's 1207,777,154,24
aus 1385,785,45,16
den 1453,780,49,21
zu 1525,787,28,15
engen 1576,786,86,23
Egouts 1679,781,97,28
wiederholt 1798,781,161,22
vor¬ 1980,787,62,16
gekommen 1099,815,161,29
ist. 1284,816,40,22
<EOS>
<EOP>
In 1190,853,25,22
Erwägung 1233,854,150,28
derartiger 1399,853,150,29
Umstände 1565,854,147,23
erscheint 1737,855,132,22
daher 1891,855,83,23
das 1996,855,46,23
Bestreben 1099,890,145,24
cler 1273,891,45,22
Konstrukteure 1348,892,212,22
gerechtfertigt, 1589,892,210,29
neue 1829,899,66,15
Systeme 1921,892,121,29
zu 1099,936,30,14
finden, 1151,928,97,24
welche 1271,929,101,22
in 1396,929,23,22
geringerem 1443,930,171,28
Masse 1637,930,86,23
von 1750,936,52,17
örtlichen 1825,930,130,23
Ver¬ 1978,930,62,25
hältnissen 1098,964,146,26
abhängig 1267,966,136,29
sind. 1424,967,67,23
<EOS>
<EOP>
Die 1190,1002,49,24
jüngsten 1267,1002,122,31
Vorschläge 1419,1003,166,32
in 1615,1005,24,22
dieser 1669,1004,88,23
Richtung, 1788,1005,142,29
denen 1958,1005,85,23
eine 1100,1041,57,22
praktische 1185,1041,152,28
Bedeutung 1368,1041,156,30
zukommt, 1552,1041,143,24
gehen 1725,1042,84,29
nun 1839,1050,51,15
vorzugs¬ 1919,1049,124,23
weise 1099,1079,79,22
von 1195,1085,50,16
der 1263,1079,48,23
ältesten 1326,1080,111,22
und 1461,1080,51,22
einfachsten 1536,1080,163,22
Art 1722,1081,48,21
der 1786,1080,48,22
Stromleitung 1848,1080,196,29
aus. 1099,1122,53,16
<EOS>
nämlich 1175,1116,116,23
von 1314,1123,52,16
der 1395,1116,48,23
Verwendung 1465,1116,190,31
einer 1684,1117,72,23
dritten, 1777,1117,105,24
zwischen 1912,1118,130,22
oder 1099,1153,66,22
neben 1188,1154,84,22
den 1295,1154,50,22
Laufschienen 1365,1154,193,24
verlegten 1574,1155,138,28
Kontaktschiene, 1733,1155,233,23
von 1991,1162,48,16
welcher 1099,1191,118,22
der 1232,1191,47,22
Strom 1292,1191,88,23
mittelst 1395,1192,113,23
Schleif 1521,1192,102,23
bürsten 1629,1193,107,21
abgenommen 1751,1193,196,29
wird, 1966,1192,75,23
die 1099,1228,41,23
unter 1159,1234,75,17
dem 1249,1229,58,22
Wagen 1328,1229,102,29
angebracht 1453,1230,165,28
sind. 1638,1229,65,23
<EOS>
Dieses 1738,1230,92,22
System 1846,1229,105,29
kann 1974,1230,67,22
jedoch 1097,1265,95,30
bei 1217,1267,43,22
Strassenbahnen. 1281,1267,239,23
<EOS>
die 1549,1267,43,22
keinen 1614,1267,95,22
absperrbaren 1739,1267,197,29
Bahn¬ 1960,1267,82,24
körper 1098,1303,99,31
besitzen, 1229,1305,124,22
nicht 1386,1305,70,23
ohne 1488,1306,68,22
weiteres 1588,1306,122,22
angewandt 1743,1305,161,29
werden, 1926,1304,115,28
weil 1098,1341,60,22
sich 1187,1342,54,22
die 1274,1342,43,22
à 1345,1340,12,24
niveau 1386,1342,95,23
in 1511,1343,25,22
der 1564,1343,47,22
Strasse 1633,1342,104,23
liegende 1765,1342,125,30
Kontakt¬ 1913,1343,129,23
schiene 1098,1379,105,22
nicht 1225,1379,71,22
genügend 1317,1380,139,28
isolieren 1481,1380,124,23
lässt. 1630,1381,69,22
<EOS>
so 1722,1386,28,16
class 1774,1380,60,22
bei 1858,1380,42,22
den 1923,1380,50,23
üb¬ 1996,1381,46,21
lichen 1097,1416,86,22
Betriebsspannungen 1218,1416,295,30
zu 1542,1424,30,16
grosse 1594,1424,93,22
Stromverluste 1715,1417,210,23
gegen 1957,1424,84,23
die 1098,1454,42,22
Rücklcitungsschienen 1163,1455,318,28
auftreten 1500,1455,133,22
würden, 1650,1454,118,29
namentlich 1792,1455,163,22
aber 1979,1456,64,21
deswegen 1099,1491,141,30
nicht, 1270,1492,80,23
weil 1378,1492,60,23
ein, 1461,1493,49,27
auf 1537,1492,45,23
seiner 1602,1493,88,22
ganzen 1711,1499,100,22
Länge 1835,1494,87,27
strom- 1945,1496,97,20
durchtlossener 1098,1529,214,22
Mittelleiter 1334,1529,169,25
eine 1532,1530,57,22
beständige, 1612,1530,167,29
unzulässige 1802,1531,167,29
Ge¬ 1992,1531,50,22
fahr 1098,1566,60,23
für 1180,1565,42,25
Passanten 1244,1567,143,22
und 1410,1567,51,23
Fuhrwerke 1485,1567,162,23
bilden 1670,1567,90,23
würde. 1785,1567,98,23
<EOS>
<EOP>
In 1187,1604,26,22
Xo. 1237,1604,48,22
<EOS>
23 1311,1610,30,23
Bd. 1367,1604,44,22
<EOS>
XXV 1434,1604,73,24
der 1529,1604,47,23
-Bauzeitung" 1601,1605,195,28
wurde 1827,1605,91,22
bereits 1941,1605,101,23
ein 1098,1642,39,22
von 1161,1648,51,17
den 1236,1642,49,22
Ingenieuren 1316,1642,174,28
Ciaret 1514,1643,92,22
und 1636,1643,51,22
Vuilleumier 1716,1641,181,25
in 1922,1643,23,22
Vor¬ 1976,1643,65,22
schlag 1097,1680,94,28
gebrachtes 1213,1680,159,28
System 1394,1679,106,29
ausführlich 1523,1680,164,23
beschrieben, 1715,1680,187,29
welches 1926,1681,116,22
eben 1098,1717,65,22
diese 1196,1717,72,22
mit 1301,1717,48,22
der 1381,1717,47,22
Anwendung 1459,1717,176,29
eines 1667,1718,72,22
Mittelleiters 1771,1717,181,23
ver¬ 1983,1725,58,15
bundenen 1097,1754,140,22
Schwierigkeiten 1261,1753,237,30
zu 1521,1762,29,15
umgehen 1571,1755,133,29
sucht. 1727,1755,83,22
<EOS>
<EOP>
Ungefähr 1189,1792,135,28
gleichzeitig 1354,1792,171,30
ist 1551,1792,32,23
ganz 1612,1799,64,22
dieselbe 1698,1792,121,22
Aufgabe 1843,1793,124,28
von 1990,1799,50,16
zwei 1096,1830,65,22
amerikanischen 1183,1830,231,22
Elektrikern 1436,1830,166,23
J. 1620,1830,17,28
<EOS>
Wheless 1654,1830,121,23
und 1795,1830,52,23
G. 1862,1830,29,23
<EOS>
Westing- 1907,1830,134,29
house, 1097,1868,89,22
jun., 1216,1866,61,31
<EOS>
in 1307,1867,24,22
Angriff 1364,1868,108,28
genommen 1500,1875,161,22
und 1695,1868,50,22
unabhängig 1781,1868,173,29
von 1990,1875,49,16
einander 1098,1904,128,23
mit 1249,1905,46,21
merkwürdig 1315,1904,184,31
übereinstimmenden 1522,1905,293,23
Mitteln 1833,1906,103,22
gelöst 1952,1906,88,29
worden, 1098,1942,116,26
so 1247,1948,28,16
zwar, 1304,1948,77,17
class 1414,1942,60,23
sich 1505,1943,55,22
die 1593,1942,42,23
mächtige 1666,1943,134,29
Weslinghouse 1830,1943,210,29
Company 1097,1980,143,29
gezwungen 1269,1986,163,22
sah. 1462,1980,54,23
<EOS>
die 1548,1980,42,22
Wheless'schen 1615,1978,211,25
Patente 1850,1980,111,22
von 1990,1987,50,15
cler 1096,2018,47,22
Elektromagnetic 1162,2017,243,29
Traction 1427,2018,125,22
<X 1573,2018,20,22
Co 1613,2018,37,22
<EOS>
<EOP>
<EOS>
<EOP>
welche 1691,2018,101,22
in 1815,2018,23,22
Washington 1864,2018,176,28
schon 1096,2056,83,22
eine 1202,2055,57,22
Yersuchslinie 1283,2055,200,23
von 1505,2062,52,16
1600 1582,2055,68,23
111 1675,2062,19,15
gebaut 1718,2056,100,28
hat. 1845,2056,54,22
<EOS>
käuflich 1929,2056,111,22
zu 1096,2100,30,15
erwerben, 1148,2093,149,25
um 1328,2099,42,15
ihre 1395,2093,57,22
eigenen 1478,2094,110,29
Arbeiten 1612,2093,126,22
nicht 1762,2093,72,22
aufgeben 1856,2093,132,29
zu 2012,2101,27,14
müssen. 1096,2131,116,21
<EOS>
Es 1255,2131,32,21
weist 1318,2130,75,22
dies 1422,2129,55,24
auf 1506,2130,46,23
die 1582,2130,42,23
grosse 1656,2137,92,22
Wichtigkeit 1779,2130,176,30
hin, 1986,2131,53,25
weiche 1096,2168,101,22
dem 1220,2167,62,22
besprochenen 1305,2167,203,29
Problem 1531,2168,127,22
beigemessen 1683,2167,188,30
wird. 1895,2168,75,23
<EOS>
<EOP>
Die 1186,2206,49,22
charakteristischen 1252,2205,267,23
Unterschiede 1532,2206,194,23
zwischen 1737,2206,131,22
den 1881,2206,49,22
beiden 1946,2206,93,22
amerikanischen 1096,2243,230,23
Systemen 1348,2242,140,29
und 1518,2243,53,23
dem 1598,2243,61,22
System 1681,2243,105,29
Ciaret 1812,2244,90,23
& 1924,2244,18,23
Vuil¬ 1965,2243,76,24
leumier 1096,2280,114,24
(C.) 1231,2276,52,35
<EOS>
sind 1306,2280,58,23
folgende: 1388,2280,137,29
<EOS>
<EOP>
Während 1187,2317,134,23
bei 1351,2318,44,22
C. 1418,2318,27,23
<EOS>
der 1470,2318,46,22
Mittelleiter 1545,2318,167,23
noch 1740,2318,66,23
aus 1830,2325,45,16
Schienen¬ 1897,2319,144,23
stücken 1096,2356,107,23
von 1233,2362,51,15
2 1316,2362,10,15
— 1335,2367,29,4
3 1372,2361,11,23
;//. 1401,2362,28,17
<EOS>
d. 1460,2355,23,23
<EOS>
h. 1514,2355,24,24
<EOS>
von 1567,2362,51,16
etwas 1648,2359,80,19
weniger 1759,2355,119,30
als 1906,2357,39,22
einer 1969,2357,72,22
halben 1096,2394,98,22
Wagenlänge 1227,2394,184,28
besteht, 1444,2394,112,22
welche 1588,2394,102,22
in 1720,2394,23,22
ebensolchen 1777,2394,179,22
Ab¬ 1987,2395,54,22
ständen 1095,2431,112,23
voneinander 1238,2430,183,24
verlegt 1450,2432,106,28
sind, 1588,2431,66,28
reduciert 1687,2431,134,23
er 1853,2438,29,16
sich 1909,2432,55,22
bei 1998,2432,42,23
Wheless 1097,2469,121,22
(Wh.) 1241,2465,82,34
<EOS>
auf 1346,2468,46,22
kleine 1411,2468,88,23
viereckige 1521,2468,153,30
und 1697,2469,51,22
bei 1774,2469,41,22
Westinghouse 1832,2469,208,30
(Ws.) 1096,2502,78,36
<EOS>
auf 1202,2506,47,22
runde 1274,2505,84,23
Kontaktplatten 1389,2506,221,29
von 1639,2513,52,16
ungefähr 1720,2506,133,30
1 1885,2514,6,15
dur 1915,2506,51,23
Be¬ 1996,2507,45,23
rührungsfläche: 1096,2543,229,30
dieselben 1356,2543,137,23
sind 1516,2544,57,22
in 1598,2544,24,22
Entfernungen 1637,2544,201,29
gleich 1854,2544,87,29
einer 1966,2545,75,22
ganzen 1095,2588,100,23
AVagenlänge. 1218,2581,192,30
<EOS>
also 1433,2582,56,22
4 1513,2589,14,21
— 1535,2595,28,2
6 1571,2581,12,23
;;; 1600,2589,21,15
zwischen 1638,2581,130,23
oder 1792,2581,66,23
neben 1880,2583,84,22
den 1990,2582,51,23
Laufschienen 1095,2619,193,23
angeordnet 1319,2619,164,29
und 1511,2619,53,22
stehen 1594,2620,92,22
ungefähr 1719,2620,130,28
1 1881,2627,8,15
J-i—2 1905,2617,83,31
cm 2007,2628,33,14
über 1095,2658,67,22
der 1183,2657,46,22
Strassenoberfläche 1251,2657,276,23
vor. 1555,2664,57,16
<EOS>
Um 1654,2657,50,24
zu 1731,2664,31,16
verhindern, 1784,2658,168,23
dass 1980,2658,61,23
bei 1095,2695,43,22
dieser 1162,2695,88,22
Disposition 1272,2694,168,30
fortwährende 1470,2694,200,23
Stromunterbrechungen 1696,2695,344,29
auftreten, 1095,2732,140,28
wie 1257,2732,51,22
es 1332,2739,26,16
bei 1381,2732,43,22
Anwendung 1447,2732,176,30
einzelner 1654,2733,133,22
Kontaktbürsten 1809,2732,231,24
der 1096,2769,46,22
Fall 1171,2770,58,22
wäre, 1258,2770,78,29
ist 1365,2770,32,22
an 1426,2776,32,16
Stelle 1486,2769,83,24
dieser 1599,2770,88,23
letztern 1715,2771,110,22
unter 1854,2775,77,18
jedem 1952,2770,88,31
Wagen 1096,2808,103,27
eine 1229,2808,56,22
5—6 1316,2807,69,27
111 1403,2814,20,15
lange 1452,2808,79,28
Konlaktschiene 1561,2808,227,22
aus 1818,2814,45,16
Stahlblech 1885,2808,155,24
federnd 1095,2845,110,22
aufgehängt, 1223,2845,169,29
welche 1415,2846,101,22
bald 1536,2846,63,22
auf 1623,2846,46,22
einer, 1688,2846,79,23
bald 1791,2846,62,23
auf 1877,2846,46,23
zweien 1941,2846,99,23
der 1096,2882,47,23
Metallplatten 1158,2883,198,28
schleift 1379,2882,106,23
und 1507,2883,52,23
von 1582,2891,52,16
diesen 1657,2884,91,23
den 1771,2884,50,22
Arbeitsstrom 1844,2885,196,22
für 1096,2919,41,23
die 1159,2920,42,22
Motoren 1225,2921,121,22
abnimmt. 1369,2920,139,23
<EOS>
<EOS>
<EOP>
