2280,3100
21. 158,97,41,15
<EOS>
Dezember 222,89,152,24
1895.] 400,86,86,34
<EOS>
SCHWEIZERISCHE 798,91,304,23
BAUZEITUNG 1125,91,220,25
165 1968,91,46,28
Schmitz, 119,151,123,23
eiserne 257,151,103,22
Träger: 373,150,113,29
f. 502,151,14,28
<EOS>
Schock 532,151,102,23
& 649,150,18,24
Cie, 681,151,54,28
dekorative 748,152,156,22
Spengler¬ 918,152,143,29
arbeiten: 119,189,132,22
Ad. 276,188,47,22
<EOS>
Schulthess. 342,188,160,23
<EOS>
eiserne 523,189,102,22
Ständer. 641,188,120,25
<EOS>
Gitter 785,190,88,23
etc.: 889,193,61,19
<EOS>
Suter- 973,189,89,24
Strehler 119,226,120,22
X 262,227,17,20
(de. 303,226,53,21
<EOS>
Kunstschlosserarbeiten: 388,226,356,24
<EOS>
Theiler, 827,227,114,28
eiektr. 965,227,92,23
<EOS>
Beleuchtungsnetz 119,263,256,29
: 386,269,3,15
Telephongesellschaft, 403,262,323,31
Zimmerarbeiten: 735,263,251,25
Paul 999,265,62,23
Ulrich. 118,301,101,23
<EOS>
Marmortreppen: 246,301,252,29
Wildi, 525,301,91,29
Glasmalerarbeiten: 643,301,291,25
Wehrli 958,303,103,21
und 119,339,49,22
Berbig, 185,337,105,30
Glaserarbeiten 300,337,220,25
: 530,345,4,17
F. 549,340,25,22
<EOS>
Kissling 590,340,117,29
in 721,340,23,22
Horgen, 760,340,115,29
W.Schmidt 891,340,170,23
<EOS>
und 120,376,48,21
A. 202,377,27,21
<EOS>
Weisheit 261,376,130,22
in 421,376,23,22
Zürich, 474,375,102,30
Parkettboden: 615,377,212,23
Parkettfabrik 864,377,198,23
Interlaken. 120,413,159,22
<EOS>
einfache 302,413,120,23
Spenglerarbeiten: 445,412,270,32
A. 743,416,27,22
<EOS>
Bänninger, 797,414,155,31
Tape¬ 978,414,84,31
ziererarbeiten: 119,450,224,24
Wolf 375,450,74,25
& 476,450,18,25
Aschbacher 525,452,171,22
und 725,451,49,24
f. 809,453,13,29
<EOS>
Keller, 849,452,98,28
grobe 976,453,85,29
Schmiedearbeiten: 118,488,281,23
C. 438,489,27,23
<EOS>
Girsberger, 489,489,175,30
Kunssteinlieferung: 700,489,292,31
A. 1032,491,28,22
<EOS>
Greppi, 120,525,112,30
Kücheneinrichtung: 254,526,296,31
Keller-Trüeb. 572,527,202,23
<EOS>
Fenstei 795,527,102,23
beschläge: 908,527,153,30
[. 123,563,14,31
<EOS>
Kisling, 164,563,113,30
Flachmalerarbeiten: 295,563,306,25
Schmidt 625,564,120,23
X 762,567,18,20
Sühne. 798,566,94,22
<EOS>
Schlösser¬ 910,566,151,22
und 119,600,52,24
Thürbeschläge: 185,600,232,29
C. 441,603,27,22
<EOS>
F. 488,603,23,21
<EOS>
Ulrich. 533,602,98,23
<EOS>
Orgelrenovation 644,603,242,28
: 897,610,4,15
Th. 924,604,45,21
<EOS>
Kuhn 986,604,75,20
in 121,639,22,21
Männedorf 169,638,154,23
und 349,639,49,22
Orgelgehäuse: 422,638,216,31
Meyer 662,640,87,29
X 766,642,15,20
Hinnen 803,641,100,21
in 921,639,25,24
Zürich. 958,639,103,24
<EOS>
<EOP>
In 211,676,24,23
dem 259,676,59,22
Masse, 345,677,92,22
in 469,684,21,15
welchem 522,677,129,22
der 675,677,46,22
Zeitpunkt 744,676,142,32
der 908,677,48,22
Eröff¬ 979,676,82,25
nungsfeierlichkeiten 120,713,299,30
hei 444,715,38,22
annähte, 493,715,120,22
wurden 644,715,108,22
auch 782,715,66,22
die 871,715,42,22
noch 936,715,66,22
im 1027,715,33,22
Rückstand 121,750,151,25
befindlichen 308,751,178,24
Arbeiten 520,752,127,23
bewältigt, 681,753,145,27
so 862,759,28,16
dass 926,753,61,22
am 1019,759,41,15
ni. 123,795,38,17
<EOS>
Oktober 185,788,119,23
die 328,789,41,23
neue 393,797,63,14
Tonhalle 479,789,131,24
mich 634,790,63,22
Aussen 713,791,99,21
und 831,790,49,22
Innen 899,791,77,21
voll¬ 994,790,68,23
endet 119,826,76,23
zur 229,834,44,14
Aufnahme 299,826,149,23
der 471,827,47,22
zahlreich 539,826,134,24
erschienenen 700,828,188,21
Gäste 915,828,80,22
be¬ 1020,828,43,21
reit 119,864,50,22
war. 193,870,63,16
<EOS>
(Schluss 791,865,118,27
folgt.) 934,861,89,35
<EOS>
<EOP>
Ein 185,961,68,28
specieller 281,962,183,35
Fall 488,961,75,28
von 588,969,73,21
Knickfestigkeit. 686,961,308,38
<EOS>
<EOP>
Von 301,1012,45,19
Ingenieur 367,1011,113,26
Heinrich 497,1012,116,19
Streuli 626,1012,90,21
m 732,1020,18,11
Burgdorf. 771,1012,113,27
<EOS>
Für 209,1091,52,23
Stäbe, 290,1091,87,23
die 406,1091,42,22
aul' 478,1091,46,22
Knickfestigkeit 551,1091,223,28
in 802,1092,23,21
Anspruch 849,1092,140,28
ge¬ 1019,1099,44,20
nommen 118,1135,126,16
sind, 268,1128,66,23
unterscheidet 356,1129,196,22
man 576,1135,58,16
die 658,1129,42,22
in 724,1129,22,22
IXg. 766,1129,54,28
<EOS>
1 840,1136,5,15
dargestellten 867,1129,195,28
vier 119,1167,55,21
verschiedenen 205,1165,209,24
Befestigungsarten 439,1165,260,30
der 727,1167,47,22
Stab-Enden. 797,1166,178,24
<EOS>
Bei 1019,1168,44,22
Benützung 119,1204,152,27
der 293,1203,47,22
Tetmajer-Euler'schen 356,1201,320,33
Formeln 693,1204,125,24
(Schweiz. 842,1205,136,25
<EOS>
Bau¬ 997,1205,66,22
zeitung 117,1241,106,26
Bd. 253,1240,43,23
<EOS>
XVI 323,1240,57,25
Xr. 411,1241,42,22
<EOS>
iS 481,1243,28,19
p. 534,1248,24,22
<EOS>
112) 585,1244,60,25
ist 676,1242,31,22
hiebei 735,1241,89,24
für 855,1242,41,22
die 925,1242,41,22
freie 996,1241,66,25
Knickhinge 121,1278,165,28
/,, 310,1277,18,29
zu 349,1285,28,16
setzen: 400,1284,101,16
<EOS>
<EOP>
Falle 549,1324,74,22
Im 369,1325,35,21
ersten 428,1328,84,17
<EOS>
<EOP>
<EOS>
zweiten 422,1361,111,22
<EOS>
<EOP>
<EOS>
dritten 423,1414,97,22
<EOS>
<EOP>
<EOS>
vierten 422,1488,103,24
Eis 207,1557,33,22
können 268,1556,104,24
nun 401,1564,52,15
aber 483,1557,65,22
Fälle 578,1556,74,24
sich 680,1558,55,22
keiner 116,1593,94,23
der 241,1594,49,22
obigen 321,1594,99,28
vier 455,1595,56,21
Werte 533,1595,90,22
für 656,1595,41,22
l0 724,1593,19,33
wendbar 117,1631,129,23
ist. 264,1632,38,22
<EOS>
Ein 327,1632,45,23
solcher 389,1632,108,22
Fall 514,1632,57,22
möge 592,1635,78,27
hier 686,1633,57,22
besprochen 760,1633,167,29
werden. 945,1633,116,22
<EOS>
<EOP>
2/ 768,1322,30,24
/ 781,1361,8,22
l 767,1396,12,20
Tz 756,1427,49,34
1 784,1472,11,19
2 783,1520,12,15
zeigen, 764,1558,100,30
für 897,1558,42,23
welche 960,1558,103,22
ohne 774,1596,67,22
weiteres 864,1596,123,22
an- 1019,1602,44,15
<EOS>
<EOP>
iL 500,1756,70,63
P 902,1797,21,18
P' 995,1794,29,20
<EOS>
<EOP>
¦—.-. 417,2119,33,12
<EOS>
<EOP>
Fio 508,2289,39,22
Z 559,2289,17,22
Ä/ 306,2331,55,33
F:.-l 305,2366,41,19
<EOS>
<EOP>
Jl 890,1845,57,41
J 994,1847,21,30
<EOS>
<EOP>
c%Lf\ 813,2083,96,29
cl 938,2083,29,26
<EOS>
<EOP>
L 1003,2181,37,37
<EOS>
<EOP>
Flu 930,2323,48,19
3. 986,2322,22,21
<EOS>
<EOP>
Um 202,2482,50,23
die 278,2482,41,22
Knickfestigkeit 343,2482,224,30
der 591,2482,47,23
Strebe 660,2482,94,24
A-B 777,2483,57,22
des 856,2484,46,23
in 925,2485,24,22
Fig. 972,2485,56,30
<EOS>
2 1044,2492,11,15
schematisch 111,2520,178,23
dargestellten 312,2520,195,30
Krans 530,2521,86,22
zu 638,2528,30,15
erhöhen, 692,2521,124,23
wird 840,2522,68,22
man 931,2529,59,16
die 1015,2522,42,23
beiden 111,2557,98,23
<—'-Balken, 232,2558,157,23
aus 425,2565,46,16
denen 506,2558,85,23
sie 623,2559,37,22
besteht, 693,2559,114,22
in 843,2559,25,22
wirksamer 899,2559,159,24
Weise 111,2595,90,22
unter 235,2599,77,19
sich 340,2597,57,23
verbinden 425,2596,149,23
und 603,2596,51,22
versteifen. 684,2597,153,22
<EOS>
Wird 887,2598,77,22
aber 993,2598,65,22
verlangt, 110,2633,131,28
class 272,2633,60,23
der 355,2634,48,23
Kranwagen 425,2635,170,28
bis 618,2634,41,22
zum 681,2641,58,15
renkte 761,2634,103,23
D 886,2635,23,22
sich 931,2636,55,22
der 1010,2636,48,22
Kransäule 111,2670,149,22
AF. 277,2670,48,23
<EOS>
soll 344,2672,51,23
nähern 417,2673,99,22
können, 539,2671,112,24
so 674,2679,29,15
muss 726,2679,72,15
mit 822,2673,47,22
dieser 887,2673,88,22
Ver¬ 991,2674,66,22
bindung 110,2708,121,28
der 254,2708,47,23
beiden 323,2708,95,24
>—'-Balken 442,2709,151,23
bei 618,2710,44,22
C 685,2708,19,24
abgebrochen 724,2710,193,29
werden. 939,2711,117,23
<EOS>
Eine 109,2746,64,22
Knickung 189,2745,142,30
der 354,2747,46,22
Strebe 415,2747,95,22
in 534,2748,22,22
seitlicher 580,2748,137,21
Richtung" 733,2747,134,29
wird 887,2748,66,22
daher 974,2748,83,23
unter 108,2788,77,18
den 202,2783,49,23
in 267,2784,24,22
Fig. 307,2784,57,30
<EOS>
3 384,2791,11,22
angedeuteten 414,2785,196,28
Deformations-Erscheinungen 620,2786,436,29
erfolgen, 109,2821,129,30
denn 262,2821,67,23
cs 351,2829,25,16
ist 393,2823,32,22
nicht 440,2824,72,22
wahrscheinlich, 528,2823,231,29
class 782,2823,61,23
der 860,2824,47,22
Ausleger 924,2824,133,29
bei 108,2859,44,22
der 182,2859,47,22
beträchtlichen 257,2859,212,24
Länge 498,2862,89,28
des 619,2861,46,22
Teiles 693,2861,88,23
EB 803,2860,42,23
der 875,2861,46,23
Torsion 942,2862,113,23
zu 107,2904,28,15
widerstehen 154,2896,177,24
vermag, 348,2904,121,22
zu 489,2905,28,15
der 535,2899,48,22
er 599,2906,28,15
durch 643,2898,82,24
die 742,2898,42,24
sich 800,2900,56,22
ausbiegende 872,2900,183,26
<EOS>
<EOP>
Strebe 1111,152,95,23
gezwungen 1229,158,160,24
und. 1416,152,73,22
<EOS>
Ebensowenig 1534,152,192,30
wird 1751,152,64,22
tlie 1841,152,43,22
Kransäule 1908,153,148,22
infolge 1112,191,100,27
dei' 1241,190,47,22
beträchtlichen 1313,190,209,23
Länge 1548,190,87,29
des 1659,190,46,22
Teiles 1728,190,88,23
E 1840,189,19,24
A 1865,190,21,23
eine 1909,191,57,22
Aus¬ 1991,192,64,21
biegung 1113,227,114,30
tier 1259,227,47,23
Strebe 1334,228,94,22
zu 1457,235,29,15
verhindern 1517,227,159,24
im 1711,235,34,15
Stande 1768,228,98,22
sein. 1895,229,63,22
<EOS>
Der 2003,229,53,22
Teil 1112,265,56,24
AC 1184,263,48,25
der 1253,264,47,23
Stiebe 1316,265,93,22
wir! 1432,265,63,21
<EOS>
infolge 1522,264,100,31
der 1645,264,47,24
wirksamen 1707,264,162,25
Versteifung 1881,265,175,30
und 1112,302,50,23
des 1192,302,46,22
dadurch 1261,301,120,24
erlangten, 1409,302,145,28
bedeutend 1580,302,151,23
grossem 1755,305,124,24
dhä^heits- 1902,304,154,26
Radius 1112,340,98,23
geradlinig 1233,340,153,27
bleiben. 1410,340,114,22
<EOS>
Die 1569,340,48,22
Frage 1636,340,84,30
ist 1744,341,31,21
nun. 1798,348,58,14
<EOS>
wie 1881,342,49,21
wir 1951,341,47,21
die 2013,341,42,22
fiele 1113,378,62,22
Knicklänge 1201,378,163,28
des 1387,378,46,22
Stückes 1455,377,110,24
HC 1589,377,43,23
zu 1653,385,28,15
beurteilen 1705,378,149,22
haben. 1878,378,93,22
<EOS>
<EOP>
Vergleichen 1204,415,176,30
wir 1404,416,48,21
(Fig. 1468,413,66,32
<EOS>
3) 1554,411,24,34
das 1597,415,46,22
Stück 1659,416,78,22
HC 1755,415,43,23
eines 1814,416,70,22
der 1901,416,47,23
beiden 1960,415,95,24
1—i-Balken 1112,451,147,24
mit 1283,453,47,21
dem 1352,452,60,22
dell 1430,453,54,22
B'C 1505,450,54,26
les 1587,452,36,24
um 1647,459,42,17
seine 1713,453,70,22
Enden 1801,454,87,21
frei 1913,453,45,24
dreh¬ 1977,452,79,25
baren, 1111,489,90,28
auf 1225,489,46,24
Knicken 1293,489,117,23
beanspruchten 1436,490,212,29
Stabes 1672,489,96,25
B'C, 1781,489,67,30
wobei 1873,492,85,20
C 1979,489,25,25
so 2027,498,28,16
gewählt 1112,527,117,31
sein 1258,528,55,21
möge, 1336,528,87,29
dass 1454,527,61,22
die 1544,527,42,23
Tangente 1610,527,134,30
daselbst 1776,528,118,22
mit 1927,528,45,23
B'C 1996,527,59,25
den 1112,565,48,23
gleichen 1184,565,121,29
Winkel 1324,564,104,24
</ 1445,572,16,25
billet, 1483,566,90,23
wie 1592,566,47,21
.-/(.' 1657,565,46,22
<EOS>
mit 1726,566,45,22
AB, 1789,565,50,29
dann 1861,566,66,23
ersehen 1946,566,109,22
wii. 1112,605,54,20
<EOS>
dass 1190,602,60,22
m 1275,610,21,14
BC 1316,601,42,25
der 1379,603,47,22
glei 1449,602,51,30
ae 1524,610,28,14
Spannungszustand 1570,603,269,29
herrscht, 1859,605,129,22
wie 2005,605,48,22
in 1113,640,22,23
B'C'. 1160,638,63,25
<EOS>
sofern 1251,639,89,24
der 1365,640,47,22
Querschnitt 1434,639,172,31
ties 1636,640,45,22
Stabes 1704,642,95,21
B'C 1824,639,57,25
kongruent 1905,641,146,30
demjenigen 1113,677,171,30
unseres 1307,683,109,18
<—'-Balkens 1440,676,161,25
ist 1626,678,30,22
und 1678,678,51,22
sofern 1753,677,89,25
1" 1864,678,26,22
P. 1944,677,20,25
<EOS>
<EOP>
Die 1203,715,48,23
1—'-Balken 1284,715,157,22
unserer 1478,721,109,17
Streite 1619,716,96,21
sind 1748,716,55,21
daher 1838,716,81,23
zu 1950,724,28,14
be¬ 2012,717,44,22
rechnen, 1112,753,122,23
wie 1266,753,49,22
Stäbe 1338,754,79,21
mit 1441,754,47,21
frei 1511,753,48,23
drehbaren 1582,753,151,23
Enden: 1760,754,101,23
es 1891,763,26,13
hau 1946,755,49,21
kit 2009,755,45,21
sich 1112,791,54,22
jetzt 1188,789,62,30
nur 1273,797,46,15
noch 1342,792,66,21
um 1426,798,42,14
die 1487,791,41,21
freie 1548,790,64,24
Knicklänge 1625,790,167,30
/„ 1803,789,19,32
dieser 1834,791,90,24
letztern. 1935,792,119,24
<EOS>
fliese 1113,828,79,22
ergiebt 1216,827,105,30
sich 1343,828,56,22
wie 1422,828,50,22
folgt 1495,827,67,31
(big 1587,829,59,27
4): 1669,830,42,28
<EOS>
<EOP>
Der 1205,866,51,21
Stab 1280,866,63,21
befinde 1367,864,105,25
sich 1496,866,53,21
in 1575,873,22,15
nur 1621,873,47,15
wenig 1686,865,86,31
deformiertem 1788,866,202,23
Zu¬ 2007,867,47,22
stande, 1112,903,100,22
sodass 1241,903,93,22
wir 1357,903,48,22
die 1428,903,42,22
einzelnen 1493,903,135,22
Längsteile 1652,904,151,27
mit 1827,904,46,22
ihren 1897,904,72,23
Pro¬ 1994,904,61,24
jektionen 1111,939,134,32
auf 1268,941,47,22
die 1334,941,42,22
Richtung 1400,941,130,29
AB 1554,940,48,24
vertauschen 1631,941,175,23
dürfen. 1837,941,103,25
<EOS>
F 1978,941,18,23
sei 2018,943,37,21
derjenige 1113,976,134,32
Punkt, 1273,977,89,30
dessen 1387,978,92,23
Tangente 1503,978,134,30
parallel 1661,979,114,29
AGB 1800,978,75,24
sei. 1897,980,44,22
<EOS>
<EOP>
Nun 1204,1015,55,24
lautet 1290,1017,82,21
die 1401,1016,42,22
Euler'sche 1467,1015,150,24
Gleichung 1642,1015,150,31
des 1815,1016,45,24
Stückes 1883,1015,110,26
FB 2013,1015,43,25
der 1113,1052,45,24
elastischen 1182,1053,159,23
Linie: 1365,1054,87,22
<EOS>
<EOP>
a 1503,1120,13,16
11 1533,1118,26,19
— 1582,1126,30,3
cos 1631,1120,45,17
<EOS>
<EOP>
/ 1699,1135,10,17
daher 1113,1167,82,23
ist 1219,1167,32,22
<EOS>
<EOP>
dy 1405,1201,28,24
jr 1403,1232,37,26
-ir)';; 1548,1201,191,63
<EOS>
<EOP>
(Gl. 1952,1113,52,32
<EOS>
1) 2034,1112,21,34
(Gl. 1952,1217,52,29
<EOS>
für 1204,1279,50,22
den 1277,1278,50,23
zu 1349,1286,29,14
C, 1396,1278,29,24
symmetrisch 1448,1281,186,26
gelegenen 1652,1282,146,26
Funkt 1818,1279,82,24
C 1917,1278,18,26
ergiebt 1950,1280,105,29
sich 1112,1317,54,22
daher: 1190,1317,94,22
<EOS>
<EOP>
.1 1692,1360,12,12
<EOS>
V 1715,1360,12,12
I 1747,1353,2,19
c 1428,1377,10,15
1 1553,1378,8,15
cos 1632,1378,44,15
<EOS>
<EOP>
l„ 1702,1390,18,23
dy_ 1374,1426,37,34
ch 1374,1465,29,19
l. 1592,1466,18,22
<EOS>
I 1630,1462,9,26
l. 1659,1466,12,21
<EOS>
<EOP>
tg 1747,1448,26,23
d 1788,1453,12,18
I 1795,1453,8,24
<EOS>
<EOP>
(Gl. 1951,1367,52,34
<EOS>
3) 2028,1366,26,35
(GL 1950,1440,53,37
4) 2027,1442,27,35
Weil 1203,1513,69,21
nun 1295,1520,51,15
zufolge 1370,1513,106,29
IXg. 1499,1514,56,27
<EOS>
4 1570,1521,13,22
b 1616,1511,12,26
-f- 1642,1513,37,27
c 1693,1520,11,17
a, 1768,1521,21,21
so 1815,1520,28,16
ergiebt 1871,1514,105,29
sich 1997,1514,55,22
durch 1113,1549,81,23
Einsetzung 1218,1550,159,29
obiger 1399,1551,95,29
Werte 1518,1551,90,23
und 1639,1551,49,22
unter 1720,1554,77,19
Beachtung 1822,1551,151,28
von 2001,1558,51,15
1 1113,1600,5,14
1 1218,1604,5,11
dy 1383,1584,27,27
h 1113,1599,11,26
g 1186,1610,17,24
tg 1218,1604,28,26
<r 1262,1609,20,25
5 1345,1610,16,24
dv 1380,1622,29,21
<EOS>
<EOP>
:i 1234,1667,12,11
v 1256,1666,13,13
<EOS>
<EOP>
i 1247,1772,9,20
<EOS>
<EOP>
tc 1286,1753,20,22
<EOS>
<EOP>
:i 1350,1743,14,12
V 1373,1742,16,14
l. 1361,1772,18,24
<EOS>
<EOP>
C0S,;4) 1466,1663,139,60
1 1473,1759,9,16
o 1548,1759,15,16
(G 1586,1755,31,29
Diese 1168,1821,80,22
Gleichung 1272,1821,151,30
ermöglicht 1446,1823,161,29
mit 1633,1824,48,21
der 1112,1858,48,23
folgenden 1182,1858,144,30
<EOS>
<EOP>
/„ 1433,1902,18,22
v 1347,1927,14,15
L 1521,1919,19,24
(Gl. 1583,1920,54,26
<EOS>
6) 1656,1921,25,30
die 1111,1979,43,23
Bestimmung 1177,1980,187,28
von 1393,1987,51,15
v 1469,1987,11,16
und 1506,1981,51,22
von 1582,1988,50,15
l0, 1655,1980,25,32
da 1111,2016,32,23
7". 1163,2016,19,23
<EOS>
und 1197,2017,52,22
g 1264,2024,16,24
als 1302,2018,39,22
gegeben 1361,2018,123,29
zu 1506,2026,28,14
betrach¬ 1559,2018,122,24
ten 1112,2055,41,23
sind. 1176,2054,66,23
<EOS>
<EOP>
Es 1185,2092,33,22
sei 1240,2092,38,22
z. 1300,2100,19,15
<EOS>
B. 1344,2093,25,22
<EOS>
<EOP>
L 1326,2137,21,24
5 1412,2143,13,22
m 1438,2145,20,16
g 1330,2183,17,24
2 1415,2183,10,15
in. 1438,2184,28,15
<EOS>
so 1109,2226,28,17
folgt 1161,2219,68,29
aus 1251,2227,46,16
Gl. 1320,2221,41,23
<EOS>
5 1388,2228,11,19
u. 1423,2228,24,16
<EOS>
6 1472,2221,12,22
<EOS>
<EOP>
r 1767,1821,37,46
—-\-±i 1775,1889,129,23
<EOS>
<EOP>
A 1775,2068,37,38
Fs 1786,2101,35,21
si 1836,2099,19,21
<EOS>
<EOP>
Figt-. 1960,1838,75,32
<EOS>
<EOP>
b 1792,2181,12,25
>~A 1825,2180,31,31
<EOS>
<EOP>
î 1864,2158,10,21
L 1914,2159,19,22
<EOS>
<EOP>
gn 1376,2277,46,21
<EOS>
<EOP>
tg 1510,2291,27,25
(-. 1551,2273,32,61
<EOS>
*) 1737,2278,41,61
zX-g-z,] 1308,2308,179,27
-TFFF- 1357,2384,106,21
(g 1479,2375,28,27
'-5 1540,2380,36,19
7 1586,2380,10,21
sL^. 1613,2368,70,37
<EOS>
o 1366,2405,11,12
<EOS>
<EOP>
— 1388,2404,27,1
v 1427,2399,11,12
L 1521,2398,12,20
3 1621,2399,11,20
— 1645,2405,25,3
<EOS>
<EOP>
Die 1198,2439,49,22
Ausrechnung 1272,2441,191,30
ergiebt: 1486,2442,118,28
<EOS>
<EOP>
v 1495,2493,15,17
=1= 1526,2496,30,8
0.S3 1575,2488,60,28
<EOS>
in. 1646,2495,29,15
<EOS>
f: 1107,2527,28,16
dass 1158,2521,60,23
l0 1490,2522,18,33
4.34m. 1574,2532,100,22
<EOS>
<EOP>
Für 1197,2567,53,22
,7-fache 1284,2568,118,23
Sicherheit 1431,2569,151,23
wären 1615,2571,89,22
demnach 1740,2571,129,23
die 1910,2572,42,23
zwei 1986,2573,66,22
schmiedeisernen 1107,2604,244,24
¦_i-Balken. 1383,2607,156,23
<EOS>
welche 1571,2609,104,22
eine 1704,2615,57,16
Strebe 1790,2609,95,24
von 1913,2616,51,17
5 1995,2617,11,20
m 2030,2618,21,14
Länge 1107,2642,88,29
bilden 1225,2642,93,24
und 1347,2644,53,22
die 1431,2644,42,22
auf 1502,2645,47,23
eine 1575,2646,57,22
in 1663,2646,25,23
einem 1720,2653,86,17
Endpunkt 1834,2647,141,30
be¬ 2007,2648,45,22
ginnende 1106,2680,134,28
Länge 1262,2681,89,29
von 1373,2689,52,16
2 1450,2689,11,15
in 1480,2690,20,15
zuverlässig 1522,2684,166,29
unter 1709,2688,78,20
sich 1808,2686,56,22
verbunden 1891,2686,160,22
und 1106,2717,54,23
versteift 1181,2719,121,22
sind, 1324,2719,66,23
nach 1413,2720,68,22
der 1504,2720,47,22
Formel 1572,2721,109,23
<EOS>
<EOP>
-/ 1384,2786,22,34
<EOS>
<EOP>
P. 1557,2771,36,20
<EOS>
11 1606,2778,16,13
19740000 1477,2824,127,20
(—y 1618,2810,82,47
zu 1104,2891,31,16
berechnen, 1158,2885,158,24
sofern 1338,2886,90,23
< 1516,2891,27,19
<EOS>
<EOP>
434 1450,2912,45,19
112, 1565,2913,47,21
<EOS>
<EOP>
