2280,3100
157 269,139,49,20
SCHWEIZERISCHE 910,126,305,25
BAUZEITUNG 1236,123,222,26
[Bd. 1828,116,56,34
<EOS>
XXVI 1907,119,86,22
Xr. 2014,119,44,22
<EOS>
24. 2084,124,40,22
<EOS>
Wird 309,192,75,22
von 396,199,50,15
der 458,191,47,24
Dimensionierung 511,191,256,29
cler 778,191,46,22
Wasserbauten 832,190,210,23
für 1053,188,41,23
Aus¬ 1107,190,63,19
beutung 227,229,120,29
von 362,237,52,15
4000 430,236,72,22
P. 517,229,26,23
<EOS>
S. 560,229,25,22
<EOS>
abgesehen 609,229,153,28
und 778,228,53,23
werden 848,227,107,23
obige 971,227,81,28
Zahlen 1071,225,98,23
auf 229,268,47,22
1500 299,274,67,19
P.S. 389,267,65,23
<EOS>
verteilt, 478,267,114,28
so 615,273,28,15
stellt 665,266,73,24
sich 759,266,53,23
der 829,264,46,23
Preis 897,265,73,22
der 992,264,49,22
Pferde¬ 1062,262,109,23
kraft 229,304,70,23
an 322,312,30,15
der 376,305,46,22
Turbinenwelle 444,304,217,23
für 684,304,40,22
den 740,302,49,23
hydraulischen 813,301,206,31
'feil 1042,301,58,22
der 1124,299,47,24
Anlage 229,343,102,29
allein 347,343,81,22
auf 445,343,46,21
592 505,348,50,23
Fr. 580,342,41,22
<EOS>
und 638,341,52,23
für 709,341,39,22
die 764,340,41,23
ganze 822,346,81,22
Anlage 922,340,102,28
inklusive 1039,336,131,26
des 229,379,46,23
elektrischen 292,379,178,23
Teils 483,379,72,23
auf 576,379,46,22
948 642,378,49,31
Fr. 716,379,42,21
<EOS>
Diese 790,378,80,22
Anlagekosten, 885,376,204,30
ver¬ 1113,381,58,17
glichen 229,417,105,29
mit 358,418,48,21
denjenigen 428,417,160,30
anderer, 617,417,120,22
ausgeführter 768,416,187,28
und 981,414,51,23
in 1058,413,24,24
Aus- 1107,414,64,22
<EOS>
<EOP>
und 1220,185,51,24
Gehülfen 1295,184,133,24
den 1452,183,49,23
Betrieb 1524,182,108,23
der 1651,182,46,22
Centrale. 1720,180,130,24
<EOS>
Die 1893,179,50,24
Anlage 1967,179,104,28
steht 2093,178,71,23
täglich 1219,224,100,28
während 1342,220,126,26
23 1492,227,30,21
Stunden 1546,219,119,24
unter 1687,224,78,17
Strom. 1792,218,97,23
<EOS>
Jeden 1933,217,78,28
Tag 2035,215,55,31
von 2112,221,52,17
12 1223,267,28,16
— 1261,273,28,2
1 1300,268,7,15
Uhr 1331,260,58,22
Mittags 1411,257,106,31
werden 1539,257,109,22
die 1675,257,42,22
Maschinen 1740,256,151,23
abgestellt. 1914,254,153,29
<EOS>
Dies 2101,253,63,22
gilt 1221,299,47,28
im 1292,298,35,22
allgemeinen 1350,296,180,29
nur 1548,301,47,17
lür 1613,295,41,22
die 1670,294,41,22
Wochenlage. 1735,293,191,28
<EOS>
An 1952,294,38,21
Sonntagen 2010,292,155,27
wird 1222,336,63,22
der 1310,335,47,22
Betrieb 1386,333,106,24
von 1521,339,51,16
0 1603,340,12,16
Uhr 1647,331,52,25
Morgens 1728,331,125,27
bis 1886,331,38,21
gegen 1954,336,83,23
3 2062,336,12,22
Uhr 2108,328,58,23
Nachmittags 1223,372,182,30
eingestellt. 1429,371,160,29
<EOS>
]e 1633,369,25,26
zwei 1688,374,65,17
Mann 1776,369,75,21
führen 1875,368,93,21
den 1992,367,49,22
eigent¬ 2066,367,98,28
lichen 1222,411,86,22
normalen 1325,409,139,24
Betrieb. 1488,407,116,25
<EOS>
Die 1628,406,48,24
Zeiteinteilung 1700,405,207,27
ist 1924,405,31,23
so 1971,411,28,16
getroffen. 2022,404,144,27
<EOS>
<EOP>
u 379,1057,16,12
c 379,1093,16,15
<EOS>
<EOP>
o 381,1321,16,15
Ü 373,1340,24,24
CS 381,1386,16,16
<EOS>
<EOP>
CJJ 381,1484,24,15
<EOS>
<EOP>
< 375,1554,24,23
<EOS>
<EOP>
.a 378,1713,22,17
<EOS>
o 384,1734,17,14
<EOS>
<EOP>
CD 384,1827,17,13
<EOS>
<EOP>
-a 379,1891,23,16
a 386,1911,16,16
<EOS>
<EOP>
X 381,2001,22,19
<EOS>
<EOP>
V 1282,1054,38,26
•i 1042,1105,15,23
V 1068,1107,32,22
w 937,1140,36,22
*l 1197,1144,75,57
<EOS>
<EOP>
—'.* 1258,1494,35,14
<EOS>
<EOP>
L 1179,1839,30,30
<EOS>
<EOP>
r?* 909,2052,33,15
<EOS>
<EOP>
Ll<—>. 804,2596,90,29
<EOS>
K 1929,2594,22,25
<EOS>
<EOP>
CO 2019,1282,14,15
ti 2014,1300,19,24
<EOS>
<EOP>
0 2015,1437,20,21
<EOS>
<EOP>
führung 248,2677,117,28
begriffener 400,2674,166,27
Elektricitätswerke 600,2669,272,26
mit 908,2668,47,23
hydraulischer 986,2667,206,30
Kraft, 249,2714,84,29
versprechen 361,2713,180,29
eine 571,2711,56,22
gesunde 655,2708,120,31
Entwickelung 798,2706,201,30
des 1027,2706,45,22
Unter¬ 1095,2706,96,23
nehmens. 248,2753,137,23
<EOS>
<EOP>
Zum 340,2789,63,23
Schluss 427,2788,109,23
sei 558,2786,38,22
noch 618,2785,68,23
einiges 715,2784,100,28
über 843,2783,66,22
den 939,2780,51,23
Betrieb 1018,2780,107,22
be¬ 1147,2780,45,22
richtet. 248,2829,105,22
<EOS>
Die 395,2827,50,22
Bureaux 467,2825,124,23
und 618,2823,53,23
die 700,2822,43,22
Betriebsleitung 765,2819,228,28
der 1019,2819,48,22
Gesell¬ 1089,2818,103,23
schaft 250,2866,85,23
befinden 351,2863,125,25
sich 494,2862,56,23
in 566,2862,24,22
St. 607,2861,36,24
<EOS>
Imier. 660,2861,87,22
<EOS>
der 765,2859,44,22
bedeutendsten 826,2856,213,24
Ortschaft 1059,2854,136,24
im 251,2905,33,21
Bereich 308,2903,110,23
der 441,2901,47,23
Anlage. 511,2901,110,26
<EOS>
Im 663,2899,37,22
Elektricitätswerk 725,2894,252,25
in 1000,2895,24,21
La 1049,2894,36,22
Goule 1108,2893,87,23
dirigiert 251,2941,124,27
ein 398,2940,41,22
Obermaschinist 461,2936,233,26
mit 717,2935,48,22
fünf 786,2933,58,24
weiteren 859,2933,127,22
Maschinisten 1006,2930,188,24
<EOS>
<EOP>
dass 1242,2666,59,23
jede 1329,2665,60,30
Woche 1411,2665,103,23
jeder 1542,2664,76,29
der 1648,2663,47,22
Leute 1723,2663,80,21
einen 1835,2660,76,22
freien 1939,2659,85,22
Tag 2055,2659,57,29
hat. 2134,2658,51,23
<EOS>
Ausserdem 1242,2703,163,23
ist 1435,2703,32,22
in 1496,2703,23,22
jedem 1541,2702,90,29
der 1654,2700,47,22
Dörfer 1728,2698,101,23
eine 1858,2697,57,22
Person 1944,2697,101,23
speciell 2075,2697,111,29
mit 1241,2742,48,23
dem 1311,2741,61,22
Verkauf 1396,2739,122,25
von 1531,2746,51,16
Glühlampen 1600,2738,184,27
und 1799,2735,54,23
allfälligem 1869,2735,164,29
Einsetzeh 2051,2734,137,24
von 1243,2786,52,16
Sicherungen 1317,2779,183,28
etc. 1523,2780,48,19
<EOS>
betraut. 1596,2776,113,22
<EOS>
Dieselbe 1745,2773,127,24
hält 1899,2773,57,22
den 1978,2773,50,22
Schlüssel 2051,2772,138,23
des 1242,2817,47,22
Transformatorraums 1309,2816,316,23
in 1647,2813,24,22
Verwahrung 1684,2812,189,29
und 1895,2809,52,24
ist 1969,2811,34,22
beauftragt, 2025,2809,163,30
die 1244,2855,42,22
nächstgelegenen 1301,2853,244,29
Leitungen 1566,2852,149,28
jjeriodenweise 1731,2848,215,31
abzugehen 1969,2848,154,26
und 2137,2846,51,23
allfällige 1245,2891,133,29
Vorkommnisse 1400,2889,222,24
an 1646,2895,30,16
das 1706,2888,47,22
Centralbureau 1783,2886,213,24
zu 2018,2892,30,15
melden. 2072,2884,115,23
<EOS>
<EOP>
Für 1334,2929,54,22
die 1419,2928,42,23
Bevölkerung 1494,2927,188,25
der 1715,2925,46,23
im 1793,2925,36,22
Bereich 1864,2924,105,22
der 2004,2924,47,22
Anlage 2084,2923,105,25
<EOS>
<EOP>
