2310,3006
© 462,44,176,135
<EOS>
<EOP>
SCHWEIZERISCHE 142,261,401,24
MONATSSCHRIFT 595,261,368,23
NR. 143,318,61,24
<EOS>
7 226,318,12,23
I.JAHRGANG 293,318,242,24
<EOS>
SEPTEMBER 577,318,266,24
1941 876,318,82,24
<EOS>
<EOP>
Redaktion: 196,459,130,17
Arnold 345,459,76,17
Küblcr, 432,459,84,22
Chefredaktor. 532,459,154,19
<EOS>
Dr. 701,460,34,17
<EOS>
Friedrich 743,459,102,18
Witz, 852,460,59,22
A. 195,487,23,16
<EOS>
M. 232,486,26,17
<EOS>
Marfurt. 269,485,93,18
<EOS>
Modeteil 387,485,96,18
: 491,491,4,12
Frl. 514,485,39,18
<EOS>
Charlotte 566,485,105,18
Weber. 680,487,79,16
<EOS>
Graphische 787,486,126,21
Gestaltung 195,512,122,21
: 326,517,4,12
E, 356,513,22,16
Schulthess. 397,512,124,17
<EOS>
Jeder 558,513,59,16
Nachdruck, 637,513,125,21
auch 783,514,51,16
unter 853,516,61,14
Quellenangabe, 193,538,163,22
ist 367,539,28,16
nur 406,544,36,11
mit 452,538,37,17
ausdrücklicher 500,539,160,17
Bewilligung 669,539,129,21
gestattet. 809,542,102,18
<EOS>
Ständige 196,566,94,21
photographische 305,566,180,21
Mitarbeiter: 499,566,138,17
Hs. 649,566,34,17
<EOS>
Staub 693,566,62,17
und 767,566,40,17
P. 820,566,21,17
<EOS>
Senn. 851,566,60,17
<EOS>
Weitere 196,593,86,17
Photos 289,593,74,17
von 368,598,39,12
A. 415,593,23,17
<EOS>
T. 445,593,21,17
<EOS>
P., 474,593,29,21
<EOS>
Th. 510,593,36,17
<EOS>
Frey, 554,593,56,21
A. 619,593,22,17
<EOS>
Kretin, 649,592,77,22
C. 732,593,20,17
<EOS>
Schildknecht. 759,593,152,17
<EOS>
Drucku.Verlag 196,638,174,21
<EOS>
: 379,643,4,12
Gonzett 396,638,84,17
& 490,639,17,16
Huber, 518,638,76,22
Morgartenstr. 605,638,153,22
<EOS>
29, 768,639,31,21
Zürich 814,638,72,17
4. 892,639,19,16
<EOS>
Telephon 196,665,104,21
5 307,665,11,17
17 325,665,23,17
90. 355,665,30,17
<EOS>
Die 400,665,37,17
Schweizerische 445,665,167,17
Monatsschrift 621,665,153,17
«Du» 782,665,53,17
kostet 844,665,68,17
im 194,692,27,17
Abonnement 228,692,135,17
jährlich 372,691,86,21
Fr. 468,692,31,17
<EOS>
24.—. 508,692,55,17
<EOS>
halbjährlich 574,692,135,20
Fr. 719,692,30,17
<EOS>
13.50, 759,693,62,20
<EOS>
viertel¬ 833,691,79,18
jährlich 193,718,86,21
Fr. 290,719,31,17
<EOS>
7.—. 331,719,43,16
<EOS>
Einzelheft 388,718,112,17
Fr. 511,719,30,16
<EOS>
2.50. 551,719,51,16
<EOS>
Auslandsabonnement: 619,719,249,17
zu¬ 879,724,33,11
züglich 195,745,79,21
Porto. 283,745,68,17
<EOS>
Bezug 364,745,68,20
durch 439,744,64,17
jede 510,744,45,21
Buchhandlung, 565,745,170,21
durch 748,745,64,16
die 824,745,31,17
Post 864,745,47,17
oder 195,772,49,17
vom 253,777,48,12
Kiosk. 312,771,70,17
<EOS>
Verantwortlich 395,771,170,17
für 575,771,32,17
den 616,771,39,17
Inseratenteil: 665,771,151,18
Werner 829,771,84,17
Sinniger, 195,798,98,22
Zürich 303,798,68,17
4, 378,798,18,22
Morgartenstr. 405,798,146,22
<EOS>
29. 557,799,30,16
<EOS>
Insertionstarif 597,798,154,17
auf 758,798,32,17
Verlangen. 797,798,114,22
<EOS>
<EOP>
C 512,1316,36,32
S 113,1329,41,87
tt 136,1335,32,32
<EOS>
<EOP>
UNSER 644,1019,134,24
TITELBILD 817,1019,213,24
<EOS>
<EOP>
«Der 616,1130,51,17
mit 684,1129,38,18
allergattung 735,1130,138,21
Früchten 886,1130,103,16
er¬ 1002,1135,29,12
quickende 617,1156,113,22
Herbst» 743,1157,84,16
steht 839,1157,55,16
geschrieben 902,1157,129,21
über 618,1184,50,16
dem 684,1183,47,17
ländlichen 747,1183,113,17
Paar 879,1184,52,16
auf 947,1184,36,17
un¬ 995,1189,37,11
serem 617,1213,65,13
Titelblatt. 695,1209,114,18
<EOS>
Das 825,1210,40,17
Bild 881,1210,44,17
stellt 936,1211,55,16
ein 1001,1210,30,17
Feld 617,1236,49,17
dar 681,1236,36,16
von 729,1241,41,12
vieren, 783,1236,77,21
welche 870,1237,74,16
auf 956,1236,35,17
die 1000,1236,31,17
zwei 618,1262,48,17
Türen 679,1262,67,17
eines 758,1262,53,18
ostschweizerischen 820,1262,211,19
Schrankes 618,1289,114,17
im 753,1289,28,17
Jahre 804,1289,61,17
1812 887,1290,50,17
gemalt 956,1290,75,21
wurden. 619,1317,90,16
<EOS>
Die 718,1317,36,17
übrigen 762,1317,85,21
drei 855,1317,42,17
Felder 905,1317,71,17
stel¬ 985,1317,47,17
len 618,1344,31,16
die 660,1343,31,17
andern 701,1343,76,17
Jahreszeiten 790,1344,140,17
dar. 940,1344,42,17
<EOS>
Der 992,1345,41,16
bemalte 618,1370,89,17
Schrank 721,1370,91,17
gehört 826,1370,71,21
zum 908,1376,46,11
Besitz 964,1371,67,17
des 619,1397,34,16
historischen 660,1396,136,17
Museums 805,1397,103,17
St. 916,1397,28,17
<EOS>
Gallen. 955,1397,75,18
<EOS>
<EOP>
AUS 358,1630,74,24
DEM 479,1631,77,23
INHALT 604,1632,147,22
<EOS>
<EOP>
Seite 860,1678,54,17
Vorwort 195,1708,110,21
von 316,1715,47,14
Chefredaktor 375,1706,173,23
Arnold 559,1707,90,22
Kühler 664,1708,90,21
<EOS>
<EOS>
2 900,1709,13,20
Ostschweizcrisehe 196,1747,234,22
Bauornkunst, 450,1747,177,27
mit 645,1748,45,21
farbigen 708,1748,107,27
Bildbeilagen 226,1787,163,28
und 400,1787,50,21
Textbeiträgen, 461,1786,195,30
von 670,1796,49,13
Christoph 226,1827,128,29
Bernoulli 365,1827,121,22
und 498,1828,50,21
Dr. 560,1828,40,21
<EOS>
Ernst 616,1828,72,21
Laur 698,1828,62,21
<EOS>
<EOS>
4—15 838,1827,74,23
Stadt 197,1868,71,21
und 280,1868,49,21
Land 342,1868,67,21
mitenand, 418,1868,133,26
Beitrage 563,1868,109,28
zur 682,1875,42,14
FHD. 734,1867,75,23
<EOS>
Bäuerinnen-und 227,1908,218,22
Studentenhilfe, 457,1907,200,27
von 668,1916,47,14
Agnes 729,1908,76,28
Famer-Hasler, 224,1948,184,26
OlgaNievergelt, 417,1948,201,29
Manl'redWeiß 628,1948,178,22
16 823,1949,29,21
- 866,1962,7,1
21 886,1949,24,21
Laienspieler 199,1988,157,29
vor 362,1996,44,14
der 413,1989,41,20
Kamera, 461,1988,112,26
von 580,1996,48,13
Hs. 635,1988,41,22
<EOS>
Laemmel 686,1989,120,21
22—23 824,1989,88,21
Der 200,2029,45,21
Maler 259,2029,75,21
Adolf 348,2028,72,22
Dietrich, 437,2029,113,25
mit 567,2029,44,21
zwei 628,2029,57,21
farbigen 703,2028,107,28
Reproduktionen 227,2068,215,28
24—26 824,2068,89,22
Wenn 196,2108,77,21
Puritaner 286,2108,125,21
jung 422,2108,60,28
sind, 494,2108,60,26
Roman 569,2108,96,21
von 226,2156,48,13
Albert 285,2148,84,21
Jakob 383,2148,80,22
Welti 476,2148,72,22
27—38 824,2149,90,21
Das 197,2189,48,21
Bauerndorf, 258,2189,159,25
von 431,2196,47,14
Alfred 490,2188,82,22
Huggenberger 586,2189,185,28
<EOS>
39—41 821,2189,89,21
Der 197,2228,48,22
schönste 263,2228,110,22
Teil 393,2228,49,22
des 462,2228,40,22
Zürichsees, 522,2228,144,26
Bild 693,2228,53,22
mit 764,2228,45,22
Begleitwort 227,2268,153,29
von 393,2277,46,13
Hermann 452,2269,125,21
Hillbruiiner 590,2268,158,22
<EOS>
<EOS>
42—43 823,2269,90,21
Städter, 197,2310,98,25
Bauer 302,2309,72,22
und 380,2309,45,21
Na 433,2309,35,22
tur, 473,2313,42,22
von 525,2317,45,14
Bernhard 579,2309,121,21
Diebold 708,2309,98,21
44—45 824,2309,89,21
Liebe 199,2350,69,21
zum 279,2357,55,14
Holz 347,2350,60,21
46—47 824,2350,89,21
Die 197,2389,43,21
Erde 250,2389,62,21
und 318,2389,50,21
der 376,2390,41,20
Krieg, 425,2389,80,27
von 513,2397,46,13
H. 568,2389,30,21
<EOS>
K. 607,2389,29,21
<EOS>
Sonderegger 646,2388,162,28
48—49 824,2389,90,21
Neue 197,2429,65,21
Lilien, 275,2429,81,25
mit 370,2429,44,21
Farbenphoto 428,2429,168,28
50—51 822,2429,89,21
Der 197,2470,47,21
Bauer, 257,2469,84,25
Gedicht 355,2469,101,21
von 468,2477,48,14
Alfred 527,2469,82,21
Huggenberger 624,2469,185,28
53 886,2468,27,21
Das 200,2510,45,21
Glück 261,2509,76,21
auf 349,2509,40,21
der 402,2509,41,21
Zeig, 455,2509,62,28
Erzählung 533,2509,136,28
von 226,2556,47,14
August 286,2549,95,27
Steinmann 395,2548,143,22
54—56 825,2548,89,21
Bücher 197,2588,93,21
geben 307,2589,75,28
zu 395,2596,26,13
denken 436,2589,95,20
58—59 825,2587,89,22
Erfahrungen 196,2628,168,28
eines 377,2628,62,21
Landarztes 451,2629,148,20
60—62 826,2627,88,21
Dankend 197,2669,119,21
erhalten 329,2668,107,22
63—65 826,2667,88,21
Die 196,2708,44,22
Brücke, 253,2708,101,26
von 367,2715,48,15
G. 429,2708,27,22
<EOS>
H 471,2708,21,21
66 888,2707,27,21
<EOS>
<EOP>
*' 1553,308,28,13
<EOS>
<EOP>
Z*ä> 1601,333,97,36
<EOS>
<EOP>
Vi 1597,483,29,11
<EOS>
<EOP>
k 1484,547,28,34
<EOS>
<EOP>
<*Ai 1591,574,47,19
<EOS>
<EOP>
«*. 1858,928,29,22
<EOS>
<EOP>
H 1711,1102,126,42
Hv 1310,1194,52,31
<EOS>
<EOP>
,£: 1701,1611,51,40
<EOS>
<EOP>
aä£üas.üa^äaiäaa 1263,2350,289,38
<EOS>
<EOP>
<EOS>
<EOP>
<EOS>
<EOP>
<EOS>
<EOS>
<EOS>
<EOS>
<EOS>
<EOS>
?.;-/-' 1567,2191,76,22
<EOS>
"..•¦¦ 1659,2191,27,19
<EOS>
;¦;-¦ 1700,2190,51,22
; 1766,2199,3,12
,«<; 1782,2198,21,13
<EOS>
V.'.-'~.'.-'V 1836,2191,112,20
<EOS>
<EOP>
:¦'" 1988,2170,32,18
¦¦':•• 2047,2173,34,16
(¦¦¦¦¦¦¦¦Vi 1986,2192,93,33
:&ïMY;m 1988,2228,90,16
¦YiiY^YYY^ 1988,2250,90,17
1 1567,2293,5,18
;•;,;. 1582,2291,50,23
<EOS>
'• 1658,2298,5,3
>.--.¦:..• 1677,2292,75,18
<EOS>
: 1780,2305,1,4
'••"..¦:•; 1845,2292,129,22
<EOS>
<EOP>
:.:.,¦ 1626,2345,27,7
<EOS>
¦.-¦¦¦ 1660,2344,43,8
<EOS>
:¦¦¦¦:¦ 1726,2343,39,7
-,; 1776,2343,7,9
¦¦:. 1797,2344,7,7
<EOS>
;: 1811,2344,5,9
¦ 1824,2348,1,1
<EOS>
<EOP>
> 1860,2344,2,3
-...¦.. 1869,2345,21,5
<EOS>
¦ 1897,2347,1,1
<EOS>
<EOP>
<EOS>
;¦¦ 1928,2345,8,7
<EOS>
¦¦.:-. 1950,2343,28,7
<EOS>
- 1692,2361,11,5
<EOS>
<EOP>
' 1727,2355,2,1
<EOS>
<EOP>
^ 1781,2372,46,4
<EOS>
<EOP>
: 1846,2355,1,11
' 1880,2355,2,2
<EOS>
<EOP>
V..V-. 1901,2359,71,23
<EOS>
V; 1987,2362,16,15
h-V'}':.-'- 2014,2360,62,20
<EOS>
<EOP>
ZURICH 1288,2464,123,18
BERN 1289,2521,83,18
BASEL 1289,2577,108,19
LUZERN 1290,2634,129,19
LAUSANNE 1290,2666,182,21
<EOS>
<EOP>
Verkaufsstellen: 1499,2414,307,21
Ed. 1502,2462,36,18
<EOS>
Barth, 1554,2461,70,21
Bahnhofs«-. 1640,2460,137,18
<EOS>
94 1786,2459,22,18
A. 1501,2485,25,18
<EOS>
Türler 1538,2485,74,18
&. 1626,2483,14,18
<EOS>
Co., 1654,2482,47,22
<EOS>
Paradeplatz 1715,2481,144,23
Pochon 1501,2519,88,18
Frères, 1604,2517,83,20
Marktgasse 1703,2515,143,23
55 1858,2515,22,17
A. 1501,2542,24,17
<EOS>
Türler 1538,2541,75,18
4 1626,2541,15,17
Co., 1655,2539,46,20
<EOS>
Marktgasse 1716,2538,142,22
27 1870,2537,22,18
R. 1505,2576,22,17
<EOS>
Laurin, 1543,2574,84,21
Freiestr. 1643,2573,99,19
<EOS>
105 1751,2572,34,18
U. 1503,2598,24,18
<EOS>
Sauter 1542,2598,79,18
Goldschmied 1632,2594,157,21
A.6., 1803,2593,61,22
<EOS>
O. 1505,2632,25,18
<EOS>
Ahrens, 1544,2632,94,20
Schwanenplatz 1654,2629,183,22
S. 1505,2666,24,19
<EOS>
Nicole, 1544,2665,81,21
Rue 1640,2664,46,19
de 1699,2664,28,18
Bourg, 1742,2664,77,22
11 1832,2663,19,18
<EOS>
<EOP>
und 1639,2706,40,19
<EOS>
<EOP>
Freiestr. 1883,2593,99,19
<EOS>
27 1992,2593,21,17
<EOS>
<EOP>
IN 1376,2754,55,39
GENF 1464,2751,162,41
SEIT 1657,2749,139,42
1785 1823,2752,123,36
<EOS>
<EOP>
