2310,3104
sagen, 145,137,80,20
Tag 247,130,49,27
und 316,130,50,21
Nacht. 388,130,86,21
<EOS>
Oftmals, 496,129,112,25
wenn 630,136,68,14
ich 717,130,38,20
nachts 144,166,85,20
12 240,166,29,20
oder 282,166,56,20
1 348,166,12,20
Uhr 374,165,52,21
einen 437,165,68,21
Blick 517,165,68,21
durchs 596,165,86,20
Fen¬ 696,165,59,21
ster 144,205,48,18
werfe, 202,202,78,24
sehe 293,202,54,20
ich 358,201,38,21
noch 407,201,62,21
da 481,202,29,20
und 522,202,50,20
dort 583,202,55,20
Licht 649,201,72,21
in 731,201,23,21
der 145,237,40,21
Waschküche 203,237,167,21
oder 391,237,57,21
«Gmüeswäschi», 470,236,213,26
und 705,236,49,21
wohlverstanden, 145,273,216,25
dies 373,273,49,21
auch 434,273,62,21
mitten 507,273,87,21
im 605,273,33,20
Winter! 649,273,104,21
<EOS>
Denn 146,309,68,21
tagsüber 226,309,111,28
müssen 345,311,97,18
sie 451,308,32,22
dann 494,309,64,20
bei 567,309,38,20
aller 615,308,56,21
Kälte 682,308,73,21
Nüßlisalat 146,345,135,21
ausstechen, 297,345,150,25
ihn 464,345,41,21
bis 521,345,35,21
in 573,345,24,20
alle 613,345,44,20
Nacht 675,344,80,21
hinein 144,381,80,20
rüsten 241,383,83,19
und 340,380,49,21
in 400,380,24,21
aller 436,380,57,21
Herrgottsfrühe 505,380,198,28
da¬ 715,380,40,21
mit 145,417,44,21
auf 201,417,40,21
den 253,417,46,21
Markt 311,417,80,21
in 402,416,25,21
die 439,417,36,21
Stadt. 489,416,79,22
<EOS>
Wir 176,452,49,22
haben 243,453,80,21
im 340,452,33,21
Dorf 392,452,59,21
eine 469,452,51,21
grundbrave 538,452,153,28
Fa¬ 710,452,44,21
milie 146,489,61,21
mit 229,489,44,21
mehreren 294,489,123,21
Kindern. 440,489,115,21
<EOS>
Aber 577,488,65,21
es 662,495,24,14
will 706,488,48,21
einfach 146,524,93,22
nicht 251,524,67,21
langen. 329,524,93,28
<EOS>
Die 437,524,43,21
Frau 494,524,60,21
muß 566,524,58,21
sich 637,524,50,21
halb 699,523,55,22
töten 148,563,65,19
vor 225,568,42,14
Arbeit. 276,560,91,22
<EOS>
Wir 379,560,51,22
konnten 439,560,109,22
ihr 557,560,37,22
schon 604,560,73,22
man¬ 687,567,67,14
che 146,597,42,21
Sorge 206,596,72,28
abnehmen 294,596,135,21
durch 445,596,75,22
den 536,597,46,20
Flickdienst, 598,596,156,25
über 147,633,58,21
den 218,632,46,22
sie 278,632,33,22
namenlos 324,632,124,22
froh 462,632,54,22
ist. 529,632,37,22
<EOS>
Drum 583,632,77,21
hat 674,632,43,21
es 731,639,23,14
mich 146,668,63,21
auch 221,668,63,21
herzlich 295,668,103,21
gefreut, 410,668,100,28
als 523,668,33,21
ihr 568,668,37,21
Mann, 617,668,82,25
aus 712,675,42,14
dem 146,704,54,22
Dienst 221,704,85,22
zurück, 324,704,97,25
uns 440,711,45,14
im 504,704,33,21
letzten 555,704,90,21
Herbst 665,704,90,21
Obst 146,740,61,21
brachte 220,740,99,21
zum 333,748,55,13
Dank 402,740,71,21
an 487,748,30,13
die 531,740,36,21
unbekannten 581,740,173,20
Helferinnen 147,776,155,22
mit 313,776,45,22
den 370,776,45,22
Worten: 426,776,111,21
«Noch 553,776,79,22
nie 643,776,38,21
habe 693,776,61,21
ich 146,812,37,22
so 196,820,26,14
gerne 236,820,70,20
Aepfel 320,811,84,29
geschenkt 418,812,130,28
wie 563,812,42,21
hier, 619,812,57,25
denn 692,811,62,21
die 146,848,37,22
Bäuerinnenhilfe 199,848,209,22
ist 422,848,31,22
meiner 467,848,90,21
Frau 572,848,61,21
wirklich 648,847,106,22
eine 146,884,50,21
enorme 211,892,95,13
Hilfe 322,884,62,21
<EOS>
» 402,890,9,14
<EOS>
<EOP>
Mir 189,994,52,26
butzed 256,994,104,26
dann 376,995,75,25
am 467,1004,46,16
Samstig 531,994,122,35
<EOS>
<EOS>
<EOS>
<EOP>
Die 177,1055,43,21
Netzgruppenleiterin 235,1055,265,28
besucht 516,1055,100,21
eine 630,1055,51,21
ganz 694,1063,60,19
extra 146,1095,67,18
treue 232,1094,66,19
Helferin. 317,1091,114,21
<EOS>
«Ich 454,1091,53,21
darf 520,1091,52,21
Sie 586,1091,37,21
wahrhaf¬ 636,1091,118,21
tig 147,1127,33,27
fast 196,1127,47,21
nicht 258,1127,68,21
in 340,1126,24,21
die 380,1126,37,22
Stube 434,1126,76,22
nehmen, 526,1127,109,25
so 652,1135,25,13
sieht 693,1126,61,22
sie 146,1162,32,22
aus!» 189,1162,69,22
<EOS>
meint, 268,1162,76,22
sie. 355,1162,39,22
<EOS>
Und 408,1162,54,22
warum 474,1170,90,14
<EOS>
Weil 594,1162,60,22
überall 665,1162,90,22
Flickzeug 147,1198,126,28
von 298,1206,48,13
der 367,1198,42,21
Bäuerinnenhilfe 430,1197,210,23
herum¬ 661,1198,94,21
liegt! 146,1234,67,28
<EOS>
Sie 230,1234,38,21
hätte 283,1234,68,21
zwar 365,1241,63,14
genug 442,1241,77,21
eigene 534,1234,80,28
Pflichten, 630,1234,124,26
hat 146,1270,43,21
eigene 202,1270,81,28
Kinder, 297,1270,98,25
besorgt 410,1270,96,28
Wäsche 520,1270,100,21
und 634,1270,48,20
Gar¬ 699,1269,56,22
ten, 146,1310,48,22
hilft 206,1306,54,22
der 271,1306,41,21
alten 322,1306,65,21
Mutter, 398,1306,97,26
gibt 507,1306,51,28
Nachbarinnen 569,1306,186,21
Rat 147,1342,49,21
heim 215,1342,64,21
Nähen 299,1342,85,21
und 403,1342,50,21
Zuschneiden 473,1341,165,22
— 656,1354,31,2
und 707,1342,47,21
dennoch 146,1378,110,22
ist 271,1378,31,21
sie 318,1378,33,22
die 368,1378,37,21
emsigste 422,1378,111,27
Helferin 550,1378,108,21
in 673,1378,25,21
der 715,1378,40,21
Netzgruppe. 146,1414,161,28
<EOS>
Sie 332,1413,37,21
hat 392,1413,43,21
selber 457,1413,76,21
eigene 555,1413,79,28
Notzeit 658,1413,96,21
durchgemacht 146,1449,189,28
und 352,1449,50,22
versteht 420,1449,108,22
so 546,1457,25,14
gut 589,1453,43,24
die 651,1449,36,22
Not 707,1449,48,22
der 146,1486,41,21
andern. 201,1486,98,21
<EOS>
Drum 316,1486,76,21
will 406,1485,46,22
sie 467,1485,32,22
einfach 513,1485,94,22
mithelfen, 621,1485,133,25
so 146,1530,24,13
gut 186,1525,43,24
sie 238,1521,32,22
nur 279,1529,45,14
kann 333,1521,64,22
<EOS>
Und 420,1521,56,22
sie 485,1521,32,22
kann 527,1521,65,22
es 601,1529,23,14
wie 637,1521,43,22
nicht 689,1521,66,22
viele. 146,1558,67,21
<EOS>
Sie 229,1557,37,22
näht 279,1558,61,21
und 352,1558,50,21
flickt 414,1557,69,22
ausgezeichnet. 495,1558,189,27
<EOS>
Ein¬ 699,1557,56,21
mal 146,1593,48,22
kamen 212,1594,89,21
im 318,1593,33,22
Flicksack 370,1593,125,22
zwei 513,1593,57,22
muffige, 588,1593,105,28
un¬ 713,1601,43,14
ansehnliche, 146,1629,160,26
aber 318,1629,56,22
handgewobene 383,1629,194,28
Hemden. 585,1629,118,21
<EOS>
Die 713,1629,42,21
wurden 146,1666,97,21
aber 259,1665,57,22
so 331,1673,25,14
lange 365,1665,69,27
in 449,1665,25,22
die 489,1665,38,21
Kur 544,1665,52,21
genommen, 605,1672,149,20
bis 146,1702,35,21
sie 194,1701,32,22
wieder 239,1701,87,21
schön 338,1701,73,21
weiß 423,1700,60,22
waren! 496,1701,89,21
<EOS>
Was 599,1701,56,21
bedeu- 668,1701,88,20
<EOS>
<EOP>
2 336,1886,25,43
m 292,1890,44,27
rçs 287,1996,51,38
<EOS>
<EOP>
¦fyjk 605,2017,127,86
h^ 280,2022,63,46
tL 385,2069,36,26
<EOS>
<EOP>
& 629,2129,36,33
b>d 522,2179,58,31
/£ 529,2264,37,27
<EOS>
<EOP>
tet 146,2418,34,17
da 209,2415,31,21
noch 268,2416,63,21
die 360,2415,38,22
unaufgeräumte 427,2416,202,27
Stube? 660,2416,93,22
<EOS>
Mehrere 145,2450,106,21
Beigen 276,2450,88,29
frischgewaschener, 389,2451,247,28
eigener 662,2453,93,28
Wäsche 145,2486,101,21
liegen 274,2486,77,29
noch 378,2487,63,22
zum 468,2495,56,14
Versorgen 552,2488,133,27
auf 713,2488,42,22
Buffet 145,2521,81,22
und 237,2522,50,21
Stubentisch, 301,2521,164,27
mitten 478,2523,88,21
im 577,2523,33,21
Zeug 622,2524,64,28
sitzt 698,2524,56,22
vergnügt 144,2560,118,26
ein 274,2558,38,21
Bäbi, 324,2558,68,26
drüben 405,2559,93,21
auf 509,2559,41,21
dem 562,2559,54,22
Sofa 629,2559,57,22
liegt 697,2559,57,29
eine 144,2592,51,23
offene 214,2593,76,23
Handorgel. 310,2594,146,28
<EOS>
Hauptsache 480,2594,157,29
ist 654,2595,32,22
und 704,2596,50,21
bleibt: 144,2629,86,22
die 258,2630,37,21
elektrische 321,2630,140,22
Nähmaschine 484,2631,179,22
steht 689,2631,65,22
weit 143,2665,56,21
offen 208,2665,64,21
für 280,2665,38,21
den 328,2665,45,21
Flickdienst 384,2665,147,22
der 541,2666,41,21
Bäuerinnen¬ 591,2667,163,21
hilfe 144,2701,56,21
<EOS>
Dazu 228,2701,68,21
die 312,2701,36,21
tapfere, 359,2701,100,28
tröstliche 472,2702,123,21
Erklärung 607,2703,135,28
: 748,2711,4,13
«Mir 146,2736,56,21
butzed 212,2736,89,22
dann 313,2737,65,21
am 389,2744,39,14
Samstig!» 440,2736,132,29
<EOS>
<EOP>
Die 835,129,51,26
Städterin 901,128,144,27
staunt 1060,133,97,22
ob 1173,128,34,25
so 1221,136,29,16
viel 1263,125,53,27
Arbeit 1328,124,97,27
Eine 858,189,58,22
Stunde 927,189,92,21
hatte 1029,189,68,21
ich 1107,188,38,21
zu 1153,196,29,12
tippeln 1192,187,92,28
vom 1291,194,57,13
Bahn- 1358,185,77,22
höfli 826,225,56,21
aus, 897,233,50,18
eine 962,225,50,21
lange 1025,224,70,28
Stunde 1110,224,92,22
bei 1216,223,38,21
wolkenlosem 1267,222,168,21
Himmel 827,262,104,20
und 944,261,48,20
brennender 1006,261,148,21
Julisonne 1167,259,125,21
auf 1304,258,41,21
schat¬ 1356,257,79,22
tenloser 828,297,102,21
Landstraße. 955,296,158,22
<EOS>
Aber 1140,296,64,21
das 1231,295,42,21
Schwitzen 1301,294,133,21
lohnte 826,334,82,20
sich. 921,333,57,21
<EOS>
Eine 993,333,59,21
freundliche, 1065,332,155,24
kluge, 1234,331,78,27
tüchtige 1328,329,106,28
Bäuerin 826,369,104,21
empfängt 946,368,124,28
mich. 1084,368,70,21
<EOS>
Sie 1173,367,36,22
besorgt 1224,367,96,27
die 1335,366,37,21
An¬ 1389,366,45,20
nahmestelle 826,405,156,21
für 1005,404,39,22
zwei 1066,404,57,22
ganz 1146,411,60,21
bäuerliche 1229,402,135,22
Ge¬ 1390,401,43,21
meinden. 826,441,119,21
<EOS>
Von 965,441,54,21
ihr 1039,440,36,22
vernehme 1095,440,128,21
ich 1243,439,38,22
folgendes: 1300,438,132,29
« 855,483,9,16
Immer 871,478,88,20
wieder 971,477,86,22
meinen 1068,477,95,21
die 1175,476,37,21
Bäuerinnen, 1225,474,158,26
die 1398,473,36,22
Sladtfrauen 828,513,158,21
lachen 1003,513,84,21
über 1106,513,58,21
unser 1181,520,70,14
ausgeflicktes 1269,511,164,28
Zeug. 826,549,70,28
<EOS>
Die 914,549,44,22
tragen 973,553,84,24
doch 1074,549,61,22
nie 1150,549,37,21
etwas 1204,552,73,18
Geflicktes! 1295,547,138,22
<EOS>
Drum 828,585,75,21
können 913,586,96,21
sie 1020,585,32,22
es 1064,593,23,14
unmöglich 1099,584,137,29
begreifen, 1247,583,127,29
daß 1387,583,46,21
wir 826,621,41,22
die 882,621,37,22
Sachen 936,621,92,22
so 1042,628,26,15
ausnützen 1084,624,133,19
und 1233,621,48,21
ausflicken. 1296,620,137,21
<EOS>
Doch 829,657,66,21
wann 906,665,69,13
sollten 985,658,86,20
jetzt 1080,658,61,27
unsere 1152,665,82,13
Frauen 1246,657,93,20
flicken 1351,655,84,21
können? 826,693,113,22
<EOS>
Sehen 952,693,77,22
Sie, 1039,693,45,26
jetzt 1094,693,60,28
sind 1163,693,54,21
die 1226,693,36,20
Abende 1273,692,99,21
lang 1383,691,53,27
und 826,729,48,20
hell. 885,729,53,21
<EOS>
Bis 951,729,40,21
um 1002,737,40,13
halb 1052,729,56,21
elf 1120,729,31,21
Uhr 1164,729,48,21
habe 1222,728,61,21
ich 1293,727,39,21
gestern 1342,731,94,24
nacht 826,765,73,21
draußen 911,765,108,21
gearbeitet, 1028,765,140,27
bis 1177,765,35,21
ich 1220,765,38,21
buchstäblich 1267,763,168,22
nichts 826,801,78,21
mehr 916,802,67,20
gesehen 994,801,101,28
habe. 1107,802,68,20
<EOS>
Glauben 1190,800,110,22
Sie, 1312,799,45,26
es 1370,807,23,13
ist 1405,799,30,21
ein 826,837,37,21
langer 878,837,81,27
Arbeitstag 974,837,139,28
von 1129,845,47,13
morgens 1191,843,109,21
fünf 1316,836,53,20
Uhr 1386,835,49,21
an. 826,880,38,14
<EOS>
Und 878,873,56,21
wenn 947,881,67,13
man 1026,881,57,13
trotz 1097,876,61,18
allem 1171,873,70,21
Werken 1252,872,104,21
nicht 1368,871,67,21
nachkommt 826,908,158,22
mit 998,908,44,22
der 1057,909,42,21
Arbeit, 1113,908,91,26
dann 1220,908,65,21
verleidet's 1300,907,134,22
einem. 826,944,83,22
<EOS>
Man 923,945,56,21
sollte 991,945,67,21
eben 1071,945,59,21
hundert 1142,944,104,21
Hände 1259,943,86,21
haben 1356,943,78,21
und 828,980,47,22
alles 895,980,56,22
zu 970,989,30,13
gleicher 1019,980,102,28
Zeil 1140,980,51,22
machen 1210,980,101,22
könneu. 1330,980,103,21
<EOS>
Und 857,1016,55,22
immer 930,1017,86,21
heißt's 1035,1017,87,21
keinen 1141,1016,86,22
Quadratmeter 1250,1015,187,28
Land 828,1052,66,22
leer 906,1053,47,21
lassen! 964,1053,88,21
<EOS>
Aber 1066,1052,64,22
wann 1144,1060,68,14
immer 1224,1052,85,22
alles 1321,1052,55,21
neu 1389,1059,47,14
anpflanzen 826,1089,142,28
<EOS>
Gerade 1000,1089,91,21
da 1102,1089,30,21
diese 1143,1089,63,21
Zuckererbsli, 1216,1087,170,26
die 1398,1088,37,21
sind 826,1124,53,22
übere 897,1125,71,21
und 986,1125,49,21
müend 1052,1125,89,21
use. 1159,1132,48,14
<EOS>
Da 1226,1124,36,21
heißt's 1280,1124,87,21
um- 1385,1131,51,14
hacken, 826,1161,100,25
Wasser 941,1161,95,21
führen, 1050,1161,93,25
neu 1158,1168,45,13
anpflanzen, 1218,1160,149,28
wie¬ 1382,1159,54,21
der 826,1196,41,22
Wasser 878,1196,94,22
tragen. 985,1200,89,24
<EOS>
Dabei 1087,1196,75,22
muß 1174,1196,57,21
man 1243,1203,56,14
doch 1311,1195,61,22
vor- 1383,1203,52,14
desMcen 826,1232,94,21
und 941,1233,50,20
rationell 1012,1232,110,22
arbeiten, 1143,1232,115,25
damit 1281,1231,76,21
man 1378,1239,56,13
ailes 826,1268,55,21
ungefähr 894,1268,118,28
zur 1023,1276,41,13
gleichen 1076,1268,106,28
Zeit 1195,1267,50,22
abernten 1257,1267,117,22
und 1386,1267,49,21
das 826,1305,42,21
ganze 886,1312,72,21
Stück 977,1304,76,22
pflügen 1070,1304,95,29
kann. 1183,1305,72,20
<EOS>
Sonst 1275,1303,71,22
gibt's 1363,1303,71,28
zu 825,1347,29,14
viel 869,1340,45,21
von 925,1349,48,12
Hand.» 987,1340,95,21
<EOS>
<EOP>
Ein 903,1461,52,27
ganz 971,1471,73,24
besonderer 1059,1461,167,26
Fall. 1243,1461,77,25
<EOS>
<EOS>
<EOS>
<EOP>
Unser 861,1521,74,22
Fräulein 941,1521,111,22
S. 1061,1521,22,22
<EOS>
nämlich. 1091,1521,111,21
<EOS>
Als 1212,1521,40,21
im 1260,1521,33,21
vorletzten 1302,1521,133,21
Jahr 828,1557,61,21
die 907,1557,36,21
erste 962,1561,61,17
Mobilmachung 1041,1557,196,27
so 1255,1564,25,14
viele 1298,1557,59,20
neue 1375,1564,60,13
Probleme 828,1593,124,22
auftauchen 967,1593,147,22
ließ 1129,1593,45,22
und 1190,1593,50,21
die 1255,1593,37,21
Menschen 1308,1592,125,22
in 826,1629,24,21
zwei 864,1629,55,21
Gruppen 936,1629,113,28
teilte, 1063,1629,73,25
in 1150,1629,24,20
solche, 1187,1628,86,26
die 1288,1628,37,21
zualler¬ 1338,1628,97,21
erst 827,1669,48,17
und 885,1665,49,21
ausschließlich 944,1665,182,21
an 1136,1672,31,14
sich 1177,1665,49,21
selber 1236,1665,76,21
dachten, 1322,1664,111,25
und 827,1701,49,20
in 886,1700,23,21
jene 918,1701,53,28
andern, 981,1701,99,25
die 1091,1701,37,20
sich 1137,1700,49,21
fragten: 1195,1700,105,28
«Wie 1315,1700,60,20
und 1385,1700,49,20
wo 826,1744,36,13
kann 877,1737,64,21
ich 955,1736,38,22
helfen 1008,1736,78,22
und 1101,1737,49,20
zugreifen 1164,1736,120,28
<EOS>
», 1308,1742,16,19
da 1344,1736,28,21
war 1387,1743,49,14
unser 829,1779,69,14
Fräulein 913,1772,110,21
S. 1039,1771,23,22
<EOS>
bei 1078,1772,37,21
den 1130,1772,46,21
letzteren. 1190,1771,121,22
<EOS>
So 1332,1771,29,22
kam 1378,1771,57,21
sie 827,1808,32,22
denn 878,1808,63,22
auf 958,1808,41,21
einen 1017,1808,68,21
Ruf 1103,1808,48,22
hin 1172,1808,41,21
in 1234,1808,24,21
eine 1278,1808,51,21
schöne 1348,1808,86,21
bäuerliche 828,1843,135,22
Gemeinde 985,1843,129,22
und 1126,1844,50,21
weilt 1187,1843,64,22
nun 1263,1851,50,13
im 1324,1843,33,21
zwei¬ 1368,1842,67,22
ten 827,1883,41,18
Kriegssommer 886,1880,190,28
wiederum 1092,1880,129,21
dort. 1238,1880,61,21
<EOS>
Bei 1317,1879,42,22
etwa 1374,1883,61,18
einem 828,1915,77,21
Dutzend 916,1916,112,21
Bauernfamilien 1039,1915,202,21
macht 1253,1915,83,21
sie 1347,1915,32,21
den 1389,1915,46,21
«Kehr», 830,1952,98,26
indem 953,1952,82,21
sie 1046,1952,34,21
zirka 1091,1952,65,21
eine 1168,1952,50,21
Woche 1229,1952,90,21
lang 1330,1952,56,27
bei 1398,1951,36,21
jeder 827,1987,66,28
einzelnen 905,1987,121,22
flickt 1038,1987,67,22
und 1117,1987,49,21
büezt. 1179,1987,78,22
<EOS>
«Denn 860,2024,81,21
in 956,2024,24,21
einer 996,2023,63,22
Woche 1072,2024,90,21
ist 1177,2024,31,21
fast 1223,2023,48,22
überall 1285,2023,91,22
das 1392,2024,41,21
Ailernötigste 826,2059,170,28
wieder 1018,2059,86,21
instand 1124,2059,99,22
gesetzt. 1245,2062,97,25
<EOS>
Jetzt 1367,2059,67,21
habe 827,2096,61,21
ich 907,2095,39,22
natürlich 964,2096,121,21
auch 1108,2095,61,22
mehr 1189,2096,67,21
Uebung 1275,2096,103,27
als 1400,2094,33,23
im 826,2131,33,21
Anfang. 870,2130,103,29
<EOS>
Ich 986,2131,42,21
mag 1038,2139,56,20
jetzt 1103,2131,61,28
einen 1175,2131,68,21
ganzen 1254,2139,91,20
,Berg' 1356,2131,77,28
Socken 829,2167,91,21
und 940,2167,49,21
Strümpfe 1010,2167,124,28
flicken 1152,2167,87,21
von 1257,2174,49,14
morgens 1324,2174,109,21
sieben 826,2202,81,21
bis 925,2202,35,22
zum 979,2211,56,12
Nachtessen, 1053,2202,155,26
oder 1229,2202,56,21
auch 1303,2203,63,20
eine 1384,2202,50,22
schöne 826,2238,88,22
Beige 929,2238,72,28
von 1014,2246,49,14
Männerhemden. 1076,2238,211,22
<EOS>
Es 1303,2239,31,21
ist 1347,2239,32,21
un¬ 1392,2246,43,14
endlich 827,2273,94,22
nötig, 933,2274,75,28
daß 1022,2274,46,21
man 1081,2282,58,13
der 1151,2274,42,21
Bäuerin 1206,2274,103,21
im 1321,2274,33,21
Som¬ 1368,2273,67,22
mer 826,2317,50,14
hilft 889,2310,55,21
beim 957,2310,63,21
Flicken. 1035,2311,104,21
<EOS>
Denn 1154,2311,69,21
wann 1237,2317,70,14
sollte 1321,2310,68,22
sie 1402,2311,32,21
jemals 826,2345,84,28
zu 931,2354,29,12
einer 981,2346,65,21
ruhigen 1066,2346,100,28
Stunde 1190,2345,92,22
kommen? 1303,2346,130,21
<EOS>
Zudem 826,2381,90,21
wären 926,2383,78,20
ihre 1013,2382,50,21
Hände 1073,2382,86,21
von 1168,2389,48,14
der 1224,2382,41,21
vielen 1272,2382,77,21
Land¬ 1356,2382,78,21
arbeit 826,2416,77,22
zu 917,2425,30,13
rauh 961,2417,60,21
dazu, 1036,2417,69,26
und 1121,2417,50,21
die 1186,2417,37,21
Augen 1238,2417,84,28
würden 1337,2418,98,20
ihr 825,2453,37,20
dabei 879,2453,70,21
zufallen 966,2453,103,22
vor 1088,2461,41,13
lauter 1146,2453,77,22
Müdigkeit. 1241,2453,140,28
<EOS>
Es 1404,2453,31,22
ist 825,2488,32,22
etwas 870,2492,72,18
Schönes 958,2488,104,22
um 1075,2497,42,13
diesen 1129,2489,80,21
Flickdienst, 1223,2489,155,25
wie 1391,2489,43,21
ich 825,2524,39,21
ihn 878,2524,41,21
hier 935,2524,50,21
besorge. 998,2525,106,28
<EOS>
Man 1121,2525,56,21
hört 1192,2525,54,21
dabei 1262,2525,70,21
allerlei 1347,2525,89,21
von 826,2567,49,14
menschlichem 904,2560,187,21
Erleben, 1122,2560,109,26
die 1263,2560,37,21
Bäuerin 1331,2560,105,21
spricht 825,2596,92,28
sich 925,2595,50,22
auch 984,2596,62,22
gerne 1055,2604,69,20
einmal 1135,2596,86,21
aus, 1230,2604,50,18
und 1291,2597,49,20
da 1348,2597,30,20
und 1386,2597,49,20
dort 826,2631,55,22
darf 894,2631,53,22
man 960,2639,57,14
auch 1030,2632,62,21
ein 1106,2631,37,22
gutes 1157,2636,67,23
Wort 1239,2632,68,21
einlegen. 1321,2631,112,28
<EOS>
Ueberaus 828,2667,120,21
schätze 963,2668,96,21
ich 1074,2668,38,21
es, 1126,2675,31,18
wie 1173,2668,42,21
der 1230,2668,42,20
Bauer 1287,2668,78,20
klug 1379,2668,57,27
und 826,2703,49,21
überlegt 886,2703,107,28
redet. 1002,2703,74,22
<EOS>
Er 1089,2703,31,22
denkt 1129,2703,76,22
zuerst, 1214,2707,86,22
und 1311,2703,50,21
dann 1371,2703,65,22
erst 826,2742,47,17
spricht 890,2739,91,27
er. 999,2746,31,14
<EOS>
Er 1048,2739,32,21
hat 1095,2739,43,21
keine 1153,2739,69,22
Zeit 1239,2738,50,22
zu 1306,2747,29,13
leerem 1350,2738,86,23
<EOS>
<EOP>
n 1969,78,33,30
?> 1737,141,50,61
<EOS>
fj 1725,191,37,43
6 1773,257,42,75
w 1730,362,27,28
<EOS>
<EOP>
Geschwätz. 1508,705,146,21
<EOS>
Alles, 1668,705,70,26
was 1751,713,47,13
er 1811,712,25,14
sagt, 1847,709,61,23
hat 1922,705,41,20
,Häud 1975,704,81,26
und 2068,704,47,21
Füel)'. 1507,740,81,23
<EOS>
Und 1608,741,51,21
wissen 1675,741,83,22
Sie, 1775,740,44,26
das 1836,741,41,20
Allerschönste 1892,740,177,21
ist 2083,740,32,21
halt 1507,777,51,21
doch 1577,777,61,21
so 1658,785,24,13
ein 1703,777,35,21
ruhiger 1759,776,94,28
Sonntag 1874,776,107,27
auf 2001,776,41,21
dem 2061,776,54,21
Lande! 1506,813,93,22
<EOS>
Am 1613,813,46,21
Morgen 1673,813,97,28
geht 1783,813,57,28
man 1853,820,56,13
zur 1923,820,41,13
Kirche 1979,812,87,21
(in 2082,812,32,28
der 1505,849,42,21
Stadt 1564,848,72,22
war 1653,857,48,13
allemal 1717,848,94,22
das 1828,848,41,22
ganze 1887,855,73,20
Tram 1977,848,72,21
voll 2066,848,47,21
von 1507,892,47,14
ausziehenden 1578,885,174,21
Straudbädlern, 1779,884,197,25
und 2002,884,49,20
die 2076,883,36,22
bunten 1506,921,91,20
Badköderli 1612,920,146,21
schienen 1772,920,112,21
so 1897,927,25,14
gar 1936,927,42,20
nichts 1991,919,78,22
zu 2084,927,29,13
tun 1509,960,41,18
zu 1558,964,28,14
haben 1594,957,78,21
mit 1681,957,44,20
meinem 1734,957,102,20
sonntäglichen 1844,955,181,28
Ruhe¬ 2035,955,78,21
begriff!) 1506,992,103,29
<EOS>
Hier 1627,992,56,22
aber 1695,993,56,20
feiert 1763,992,68,21
tatsächlich 1842,991,142,22
die 1994,991,35,22
ganze 2040,998,72,21
Natur 1508,1029,78,21
Sonntag, 1612,1028,115,29
jeder 1753,1028,66,29
Strauch 1846,1028,102,22
und 1974,1027,48,21
jedes 2047,1027,65,29
Hälmli. 1507,1064,96,21
<EOS>
Zum 1617,1065,59,20
Wohnen 1689,1065,109,20
habe 1810,1064,61,21
ich 1884,1063,38,22
ein 1934,1063,37,22
liebes, 1982,1063,80,26
ge¬ 2075,1070,37,21
freutes 1505,1102,89,20
Heim 1614,1101,70,21
hier 1703,1101,49,21
gefunden. 1770,1101,127,28
<EOS>
So 1918,1099,30,22
arbeite 1967,1099,90,22
ich 2074,1099,38,22
denn 1506,1137,63,21
freudig 1586,1137,93,27
in 1697,1137,23,20
dieser 1739,1137,75,21
Gemeinde 1834,1135,128,22
und 1981,1135,48,22
fühle 2047,1135,65,22
mich 1505,1173,64,21
recht 1582,1173,67,21
glücklich 1664,1173,117,28
auf 1796,1173,41,20
dem 1852,1172,54,22
Land.» 1920,1172,91,21
<EOS>
<EOP>
Schlußwort 1545,1278,175,28
der 1736,1278,47,27
Berichterstatterin 1799,1277,278,28
Wenn 1536,1339,76,22
mich 1625,1340,64,21
jemals 1701,1339,83,28
eine 1798,1339,50,22
Sache 1864,1339,74,22
so 1951,1346,24,14
recht 1988,1339,67,22
mit 2068,1339,44,21
dem 1506,1377,54,20
Land 1576,1376,67,21
und 1658,1376,49,20
seinen 1722,1375,80,22
Bewohnern 1819,1375,146,21
und 1980,1375,49,21
ihren 2045,1375,67,21
vielfältigen 1506,1411,146,28
Sorgen 1668,1411,88,28
verbunden 1770,1411,140,22
hat, 1924,1411,49,25
so 1988,1418,25,14
war 2026,1418,49,14
es 2089,1418,22,14
diese 1506,1448,62,21
Aufgabe, 1586,1448,117,27
über 1722,1447,59,21
die 1800,1447,36,21
Bäuerinnenhilfe 1856,1446,209,22
zu 2083,1455,29,12
berichten. 1506,1483,129,22
<EOS>
Es 1653,1483,30,22
traf 1698,1483,48,22
sich 1760,1483,50,22
so, 1825,1490,33,19
daß 1874,1483,46,21
ich 1935,1483,39,21
gerade 1987,1483,86,27
in 2087,1483,25,21
den 1505,1520,45,21
allerheißesten 1567,1520,181,21
Julitagen 1766,1519,123,28
da 1906,1519,29,21
und 1952,1518,49,21
dort 2018,1518,54,22
in 2087,1518,25,21
den 1506,1556,45,21
Dörfern 1569,1555,101,22
anzuklopfen 1687,1555,161,28
hatte, 1865,1555,76,26
in 1958,1554,25,22
Dörfern, 2002,1554,108,26
die 1506,1592,37,21
weit 1556,1592,56,21
«abseits 1630,1591,98,22
der 1744,1591,41,22
Heerstraße» 1800,1591,158,22
liegen 1972,1590,76,29
und 2062,1590,50,21
nur 1505,1636,45,13
zu 1569,1636,30,13
Fuß 1620,1627,50,22
erreicht 1692,1627,100,22
werden 1813,1627,94,21
konnten. 1926,1626,114,22
<EOS>
Das 2064,1626,48,22
heißt, 1505,1664,74,25
nein, 1596,1664,62,25
zu 1675,1671,29,14
Fuß 1720,1663,51,22
nur 1787,1670,46,14
von 1848,1670,48,14
jenen 1911,1663,70,28
wenigen, 1996,1662,114,28
die 1505,1699,38,21
nicht 1557,1699,67,21
velölen, 1639,1699,99,26
so 1754,1706,25,14
daß 1791,1699,45,21
mich 1853,1698,62,22
tatsächlich 1927,1698,144,22
an 2081,1705,31,14
einem 1505,1736,76,21
brennendheißen 1597,1735,210,21
Nachmittag 1824,1735,156,27
ein 1995,1734,37,21
altes, 2043,1734,67,25
aufs 1505,1771,52,21
Feld 1571,1771,57,21
ziehendes 1640,1771,124,21
Mütterchen 1778,1770,152,22
auf 1942,1770,41,21
einsamer 1996,1770,116,21
Landstraße 1506,1807,148,22
anrief: 1667,1807,86,21
«Sie 1769,1806,50,22
chöned 1831,1806,92,22
meini 1935,1805,72,23
au 2019,1813,31,14
nüd 2061,1806,50,21
Velo 1504,1843,57,21
fahre, 1578,1843,72,26
wie-n-ich!» 1666,1842,148,22
<EOS>
Viel 1827,1842,52,22
mühsame 1893,1842,125,22
Land¬ 2033,1842,79,21
arbeit 1505,1879,77,21
bekam 1593,1879,87,21
ich 1691,1878,39,22
zu 1741,1886,29,14
sehen, 1781,1879,80,24
von 1875,1886,47,14
vielen 1934,1878,77,21
Mühen 2023,1877,89,21
und 1505,1915,48,21
Sorgen 1567,1914,89,28
bekam 1668,1914,87,21
ich 1767,1914,38,21
zu 1817,1922,28,13
hören, 1858,1914,81,25
und 1952,1913,50,22
oftmals 2014,1913,97,22
war 1505,1958,47,14
es 1564,1958,22,14
mein 1598,1951,63,21
heißer 1673,1950,80,22
Wunsch, 1764,1950,113,25
es 1891,1957,22,14
möchten 1924,1949,115,22
doch 2051,1949,61,21
alle 1505,1986,44,22
diejenigen 1567,1985,133,29
Frauen 1719,1986,93,21
in 1829,1985,24,22
der 1871,1986,41,21
Stadt 1930,1985,73,22
und 2020,1985,50,22
in 2087,1985,25,21
den 1505,2023,45,22
größeren 1560,2023,115,28
Landgemeinden, 1685,2022,217,28
die 1913,2021,37,22
nicht 1959,2021,68,21
selber 2036,2021,76,21
Landarbeit 1504,2058,147,22
zu 1664,2067,29,12
verrichten 1706,2058,135,21
haben, 1853,2058,87,25
das 1951,2057,41,22
alles 2002,2057,56,22
mit, 2068,2057,44,21
ansehen 1504,2095,104,22
und 1624,2095,50,21
da 1692,2095,29,21
überall 1740,2094,90,22
mit 1847,2094,44,21
zuhören. 1908,2094,111,21
<EOS>
Dann 2042,2093,70,21
gäbe 1504,2131,60,28
es 1587,2139,23,13
wohl 1631,2130,61,22
keine 1709,2129,68,22
einzige 1795,2129,88,28
mehr, 1899,2129,75,26
die 1992,2129,37,22
nicht 2046,2129,66,22
sofort 1505,2167,75,21
freudig 1598,2167,93,28
und 1709,2166,50,21
überzeugt 1778,2166,129,27
ihr 1924,2165,37,21
eigen 1979,2165,66,28
Teil 2062,2164,50,21
beitrüge 1505,2202,108,28
zur 1625,2210,40,13
Bäuerinnenhilfe 1678,2201,209,22
des 1899,2201,40,22
Frauenhili's- 1952,2200,160,22
dienstes! 1506,2238,115,22
<EOS>
Und 1537,2273,55,22
Sie, 1609,2273,45,27
liebe 1670,2273,60,21
Helferinnen, 1747,2272,161,26
wo 1924,2280,35,14
immer 1974,2272,85,22
Sie 2075,2272,37,22
sind, 1505,2310,60,25
traf 1582,2310,45,21
ich 1640,2310,38,21
auf 1692,2309,41,22
Schritt 1747,2309,91,22
und 1851,2309,49,21
Tritt 1913,2309,64,21
allüberall 1990,2308,123,22
an 1505,2353,30,14
<EOS>
Wieso 1562,2345,80,22
<EOS>
Burechindli 1679,2344,152,22
spielen 1848,2344,90,28
in 1949,2344,25,22
geflickten 1986,2344,127,28
Röckli 1507,2382,83,21
und 1603,2382,49,20
Schürzli, 1665,2381,113,25
Bubenhosen 1792,2381,160,21
haben 1963,2380,79,21
neue 2053,2388,60,13
Hosenböden, 1509,2416,168,27
Männerhemden 1709,2416,204,22
zeigen 1942,2416,82,27
neue 2053,2423,60,14
Rücken 1507,2453,100,22
und 1627,2453,50,21
Aermel, 1698,2452,101,26
Frauenschürzen 1823,2452,209,22
neue 2053,2460,59,13
Fronten, 1507,2489,113,25
Stallhosen 1633,2488,136,22
haben 1780,2488,78,22
geflickte 1869,2488,110,27
Knie 1991,2488,61,21
und 2065,2488,48,21
Säcke, 1507,2524,83,26
Strümpfe 1610,2524,123,29
und 1751,2524,49,21
Socken 1819,2523,93,22
doppelte 1929,2523,112,29
Fer¬ 2059,2523,54,22
sen 1505,2568,41,13
und 1559,2560,50,21
eingesetzte 1622,2560,143,28
Stücke 1780,2559,89,22
¦—- 1881,2570,31,5
da 1924,2559,30,22
überall 1967,2559,91,22
sah 2071,2559,42,22
ich 1505,2596,38,22
Sie. 1556,2595,45,22
<EOS>
Und 1615,2596,55,21
vor 1683,2604,43,13
allem 1738,2596,70,21
traf 1823,2595,46,22
ich 1880,2595,38,22
Sie 1932,2595,37,21
im 1978,2595,33,22
Herzen 2021,2595,93,21
dankbarer 1506,2632,136,21
Frauen 1654,2632,94,21
auf 1760,2631,42,22
dem 1814,2631,55,22
Lande, 1882,2631,89,26
denen 1985,2631,77,22
Sie 2076,2631,37,22
durch 1506,2668,75,21
Ihre 1599,2668,54,20
Hilfe 1672,2667,65,21
ein 1755,2667,37,21
Stücklein 1812,2667,123,21
Glauben 1956,2666,109,22
an 2083,2675,30,13
die 1506,2703,37,22
Mitmenschen 1567,2703,175,22
zurückgegeben 1765,2703,197,28
haben 1985,2703,80,21
in 2089,2703,24,21
schwerer 1506,2739,115,23
Zeit, 1635,2738,58,23
—• 1709,2749,31,6
Olga 1925,2745,49,23
Nievergelt 1982,2746,109,22
<EOS>
<EOP>
19 2163,2975,29,21
<EOS>
<EOP>
