2310,3104
V 933,339,37,39
!& 440,369,71,90
<EOS>
V 688,392,21,22
V 419,418,28,30
<EOS>
<EOP>
r 1056,493,51,54
s 374,515,90,108
« 726,535,34,32
<EOS>
<EOP>
¦it 1387,567,129,60
w 697,572,30,15
w$ 1472,623,66,34
<EOS>
<EOP>
^ 1799,650,49,46
« 1781,686,27,29
<EOS>
<EOP>
Sm 1921,709,58,33
-V 1948,810,44,32
>•. 856,854,30,15
<EOS>
• 900,853,18,13
s* 373,889,33,19
<EOS>
<EOP>
•* 1637,1145,23,15
<EOS>
<EOP>
m 934,1316,59,39
1 866,1329,42,49
% 1921,1347,25,56
^^ 1101,1344,83,34
Y 610,1403,26,29
K 1977,1411,37,42
^a 866,1422,68,53
a 624,1455,27,35
<EOS>
<EOP>
k 1416,1497,28,21
^ 563,1559,25,30
<EOS>
<EOP>
4? 1980,1587,34,35
<EOS>
K 1138,1676,41,65
i 373,1690,54,78
i 1038,1814,66,94
2 1985,1815,29,43
Ä 1582,1824,55,39
Ü3E**f 1112,1886,102,27
<EOS>
<EOP>
% 1968,1980,47,50
» 601,2083,34,56
'l 1687,2096,42,100
« 953,2108,58,48
F, 594,2105,43,91
» 1890,2117,40,79
k/ì 1476,2110,125,86
i 1100,2125,54,72
i 1980,2135,36,58
ffi 1948,2145,39,50
// 656,2156,27,40
^?iv 1825,2156,72,39
<EOS>
0i 1313,2157,43,39
m 375,2163,41,32
#7/ 1025,2166,53,31
«h 754,2174,41,22
01 993,2181,26,16
ADOLF 375,2216,108,18
DIETRICH: 508,2217,183,18
DER 718,2218,66,17
NIEDER 808,2218,134,18
LAO 950,2219,62,17
F 1021,2219,14,17
HUND 1044,2220,96,17
Zürcher 1785,2217,84,17
Privatbesitz 1880,2217,129,17
<EOS>
<EOP>
befinden 179,2364,130,28
sich 325,2364,56,26
in 398,2364,29,27
deutschem, 443,2365,173,33
amerikanischem 633,2365,252,27
und 900,2366,58,27
schweizerischem 974,2365,253,26
Privatbesitz. 1244,2363,197,27
<EOS>
Weil 180,2421,69,26
er 267,2430,28,17
nur 313,2430,53,16
das 384,2421,49,26
unmittelbar 452,2421,186,28
Erlebte, 657,2421,122,33
nämlich 798,2421,124,28
sein 940,2421,58,28
bäuerliches 1016,2421,172,28
Milieu, 1208,2420,103,33
wieder¬ 1330,2420,112,26
geben 178,2477,89,34
kann, 279,2477,85,32
gehört 378,2477,98,34
er 489,2487,28,16
zugleich 529,2477,125,34
mit 667,2477,52,26
zu 732,2488,33,15
den 778,2477,54,27
schweizerischsten 845,2477,272,28
der 1130,2477,48,26
zeitgenössischen 1190,2476,253,35
Maler. 179,2534,93,26
<EOS>
Die 294,2533,50,26
Unterseelandschaft, 363,2534,308,32
die 691,2534,44,26
Jagdbeute 756,2534,161,35
des 936,2534,47,26
Sumpfjägers, 1005,2533,202,36
das 1227,2533,49,26
Erträgnis 1296,2532,146,35
des 178,2591,47,26
engeren, 237,2600,127,26
heimatlichen 377,2590,200,28
Bodens 588,2591,111,26
ist 711,2591,37,26
das 759,2591,50,26
Thema, 821,2591,115,33
das 950,2591,49,27
er 1012,2601,28,16
nicht 1051,2590,78,29
mit 1141,2590,52,27
Hartnäckigkeit 1207,2589,235,36
des 178,2648,46,27
Maniriertseins, 240,2648,227,33
sondern 483,2648,121,27
mit 617,2648,53,26
Liebe 685,2648,83,27
und 782,2648,58,27
Geduld 857,2648,110,27
verfolgt. 980,2648,130,35
<EOS>
So 1129,2648,34,27
sind 1178,2648,62,27
seine 1254,2647,74,28
Werke 1342,2648,101,26
in 176,2705,31,28
ihrer 222,2704,73,27
Lauterkeit 312,2704,165,27
Ergebnisse 494,2704,166,36
eines 677,2705,74,26
reinen 767,2704,96,28
Herzens 881,2705,122,27
— 1019,2720,37,4
was 1070,2714,57,17
man 1145,2714,66,17
letzten 1227,2705,105,26
Endes 1350,2704,92,27
einfach 177,2761,113,27
mit 306,2761,52,27
Kunst 375,2762,95,26
bezeichnet. 486,2761,172,28
<EOS>
Hans 1152,2768,67,23
Ulrich 1232,2768,81,22
Gasser 1328,2768,85,22
<EOS>
<EOP>
26 116,2994,29,22
<EOS>
<EOP>
