2276,3104
A 478,8,55,43
% 634,109,48,38
¦AW 204,134,136,57
yp«**-*» 1432,146,163,44
«^ 665,135,56,25
iy 228,180,54,60
/^ 144,227,101,41
V 170,261,29,40
<EOS>
<EOP>
3aì 1783,380,25,16
<EOS>
fc'A 1885,376,100,59
<EOS>
<EOP>
i» 834,522,25,20
0 445,554,28,38
9 511,554,25,39
$K 345,583,47,25
<EOS>
<EOP>
ìo|-. 1301,644,52,48
<EOS>
^int 1363,648,75,39
Jnuum 1633,656,149,55
| 1798,678,23,54
<EOS>
<EOP>
^n 1440,667,32,19
<EOS>
<EOP>
rfllïfs 1489,699,187,63
i 1381,710,27,39
a 1432,710,30,38
*ÌI^W 365,745,68,17
<EOS>
<EOP>
m 1017,762,45,25
<EOS>
<EOP>
N 433,1079,29,39
<EOS>
<EOP>
ì35fP. 1344,1114,123,48
<EOS>
4*aZfeL&* 210,1135,466,88
w 1272,1209,73,49
^*» 1240,1206,71,27
<EOS>
<EOP>
/^ 1897,1245,78,66
*««¦» 153,1252,61,18
; 1300,1248,29,68
*» 715,1297,51,31
« 62,1311,76,45
^ 753,1347,33,30
F 75,1353,33,41
^t 1692,1353,37,24
%•" 1738,1358,36,18
•vs* 50,1382,49,28
;•* 780,1389,29,16
<EOS>
<EOP>
^ 181,1398,113,66
r 1403,1404,25,62
s 785,1407,32,46
m 46,1418,35,40
i 20,1427,66,100
y 782,1436,22,44
<EOS>
<EOP>
V 187,1466,31,22
* 791,1470,52,62
<EOS>
<EOP>
<EOS>
» 14,1532,62,63
a 429,1558,14,30
%...*r 476,1558,109,30
<EOS>
<# 124,1582,61,59
<EOS>
<EOP>
i? 1355,1714,32,45
<EOS>
r 716,1798,14,15
i 746,1800,13,14
1 770,1796,13,18
<EOS>
<EOP>
Ainm 1544,1742,110,43
tram 1754,1742,95,41
»v 1510,1770,41,19
K% 290,1771,77,32
Jì 378,1773,48,31
3 417,1786,28,48
J 724,1800,35,27
ò/f( 1481,1803,49,50
1844 1565,1810,139,56
>v0 458,1825,46,32
*es: 176,1842,122,70
ä£ 1739,1854,146,132
L^ä 1341,1886,154,78
i* 426,1897,37,28
<EOS>
<EOP>
MS 1581,2005,98,30
<EOS>
<EOP>
«¦JMw 1589,2166,100,33
<EOS>
<EOP>
* 1891,2311,30,40
Üfi^ii 302,2361,51,44
—"*'¦"*•>:.. 1291,2373,164,19
<EOS>
<EOP>
t 145,2552,31,46
<EOS>
<EOP>
Ml 1210,2627,40,21
|fe* 1257,2626,53,33
-• 1323,2637,8,6
rr 1762,2636,15,14
^%, 1847,2621,44,33
w 738,2615,43,27
iìS- 438,2642,36,22
<EOS>
<EOP>
«.'¦•*-...* 654,2656,107,19
<EOS>
; 781,2655,2,16
<EOS>
<EOP>
tfS 629,2758,44,28
ilo 338,2772,35,25
fin- 565,2772,46,20
ru 459,2775,33,19
c>: 433,2846,34,21
<EOS>
<EOP>
-^rjL 1432,2973,105,34
<EOS>
<EOP>
