2310,3104
** 142,457,32,14
* 185,457,12,17
**»«*JLurtr 326,442,166,37
<EOS>
<EOP>
'-¦•v 1247,331,35,35
<EOS>
<EOP>
«... 563,650,44,15
<EOS>
<EOP>
•*^-- 835,520,134,27
fdiL. 999,513,151,44
<EOS>
-^^«—^-y*. 1190,522,263,45
<EOS>
* 1524,537,27,20
r-,er---'- 1573,513,195,49
afiSiagy^-y 1890,520,321,40
At. 588,498,78,37
<EOS>
„->- 682,510,62,27
-a^-^^ 756,511,173,37
<EOS>
<EOP>
léjtt 118,1488,92,55
<EOS>
<EOP>
-i<ttä^ 355,1470,69,23
<EOS>
<EOP>
•*ll 616,1007,31,18
11 651,1007,13,18
¦¦¦m. 697,1013,55,9
<EOS>
fil 1739,986,97,66
<EOS>
<EOP>
¦ 847,1097,5,5
ila. 901,1096,105,61
<EOS>
€gji.aJMva 1280,1068,481,78
<EOS>
ft 1790,1092,32,54
<EOS>
<EOP>
k 1729,1338,30,56
<EOS>
<EOP>
:~Mk~*.L- 654,1525,90,18
<EOS>
<EOP>
1 1104,1421,14,29
\* 1189,1433,25,17
if 1297,1421,37,29
Il 908,1466,20,18
^kJvjLAA—iati™«!*—«l5i*- 958,1455,397,29
<EOS>
<EOP>
• 1401,1484,5,8
JU. 1439,1483,17,9
<EOS>
J 1477,1478,14,14
ttuT* 1389,1478,68,21
<EOS>
<EOP>
_di 973,1599,40,20
2k. 1064,1599,34,21
<EOS>
m 1200,1611,10,8
At 1214,1598,35,21
-Ai 1276,1596,58,23
<EOS>
<EOP>
Z-mâ^li... 1559,1554,92,19
<EOS>
• 1660,1566,4,4
<EOS>
<EOP>
M 1464,1596,26,21
Jfe.i 1545,1595,46,22
<EOS>
liftfc 1629,1593,40,23
irifa 1709,1598,33,18
jifc 1784,1596,28,14
<EOS>
<EOP>
JOHANN 159,2279,137,21
JACOB 315,2278,104,22
IIEUSCHER 437,2279,184,21
(1843—1919) 642,2280,167,28
stammte 830,2284,114,17
aus 963,2289,42,13
lierisau 1026,2281,100,21
und 1147,2282,47,20
war 160,2324,47,14
Stickereizeichner. 224,2316,230,22
<EOS>
In 472,2317,28,21
jungen 513,2317,89,28
Jahren 618,2317,91,21
malle 723,2318,73,20
er 812,2326,24,13
ganze 849,2326,74,19
Dorfansichten, 938,2317,193,27
von 1147,2327,48,13
denen 160,2355,76,21
das 253,2355,42,21
oftmals 313,2355,96,21
wiederholte 425,2355,152,21
Blatt 595,2355,68,22
von 679,2363,48,14
Waldstatt 743,2355,134,22
besondere 893,2356,131,21
Erwähnung 1042,2356,153,28
verdient. 161,2393,115,20
<EOS>
Im 290,2392,35,21
spätem 335,2394,98,26
Alter 443,2393,67,21
beschränkte 519,2393,159,21
er 689,2401,24,13
sich 722,2394,49,21
auf 781,2394,42,21
die 834,2394,36,21
Darstellung 882,2394,153,27
von 1045,2402,47,13
Einzel¬ 1104,2394,91,22
höfen, 160,2431,78,24
die 248,2430,36,21
wahrscheinlich 291,2430,196,22
meistens 494,2431,112,21
auf 614,2431,41,21
Bestellung 664,2431,137,28
ausgeführt 809,2432,138,27
wurden. 957,2432,105,21
<EOS>
Von 1073,2432,53,21
allen 1134,2432,60,21
appenzellischen 161,2468,205,28
Bauernmalern 376,2468,186,22
ist 572,2469,31,21
er 613,2477,24,13
der 650,2469,41,21
poesievollste. 703,2469,172,28
<EOS>
Eine 891,2469,57,21
fast 959,2469,49,22
lyrische 1016,2470,101,27
Stille 1129,2469,66,22
liegt 161,2506,57,27
über 229,2506,58,20
den 296,2506,45,21
kleinen 351,2505,94,22
Bildern, 456,2506,104,26
in 572,2507,24,20
denen 608,2507,76,20
nur 695,2515,45,12
die 751,2507,36,21
Tiere 799,2507,66,21
Bewegung 877,2507,134,28
zeigen. 1022,2508,86,27
<EOS>
Vögel 1121,2508,74,27
lliegen 161,2543,84,28
in 257,2543,23,22
der 291,2543,41,22
Luft, 341,2543,65,27
Kühe 421,2543,70,22
fressen, 500,2544,96,26
kämpfen 610,2544,115,28
und 737,2544,50,21
tummeln 796,2545,118,21
sich 926,2545,49,21
auf 988,2545,42,21
dem 1042,2545,54,21
Rasen. 1107,2545,86,21
<EOS>
Auf 160,2581,48,21
dem 223,2581,54,22
aus 289,2588,41,15
dem 344,2581,53,22
Jahre 407,2581,74,22
1891 490,2582,58,22
datierten 562,2582,120,22
Bilde 693,2582,67,22
sieht 772,2582,62,22
man 845,2591,57,13
neben 914,2583,76,21
den 1002,2583,46,21
schwarzen 1060,2583,135,21
Kühen 163,2619,88,21
einen 258,2620,68,20
«Weißbauch» 339,2620,172,21
und 521,2620,49,21
einen 578,2620,68,21
«Blümer». 656,2620,129,22
<EOS>
Diese 797,2620,68,22
teuer 878,2624,65,18
bezahlten 952,2620,128,22
Abarten 1086,2620,108,22
bilden 161,2656,79,22
den 253,2657,46,21
Stolz 312,2656,65,22
eines 389,2657,62,22
jeden 464,2658,70,27
währschaften 545,2658,177,21
Appenzeller 733,2658,157,28
Bauern. 902,2659,101,21
<EOS>
<EOP>
JOHANNES 1599,1715,184,22
ZOLLE 1801,1710,110,26
(1841—1938), 1930,1715,177,28
der 1599,1753,41,21
späteste 1665,1754,106,27
der 1797,1753,42,21
naiven 1860,1753,87,21
Maler 1969,1752,74,21
der 2068,1752,41,21
Ostschweiz, 1599,1791,152,25
hat 1764,1791,42,21
die 1819,1791,36,20
seltsame 1865,1790,110,22
Eigenart, 1986,1789,121,28
seine 1599,1829,63,21
großen 1670,1828,89,28
Landschaftsdarstellungen 1769,1827,339,27
aus 1599,1874,42,13
den 1668,1866,46,21
Elementen 1739,1866,141,21
des 1906,1865,40,21
Senntums, 1969,1864,138,27
gleichsam 1599,1904,128,28
addierend, 1738,1903,137,26
zu 1888,1911,29,13
komponieren. 1929,1902,178,28
<EOS>
Trotzdem 1600,1941,128,22
er 1748,1948,25,15
seine 1792,1941,64,22
Bilder 1874,1941,79,21
in 1973,1941,23,20
kühner 2016,1940,92,21
Weise 1599,1980,77,21
durch 1704,1979,75,21
Querstriche 1806,1978,151,27
in 1985,1978,24,20
abge¬ 2039,1978,69,27
gliederte 1600,2017,113,28
Etagen 1732,2017,93,28
aufteilt, 1847,2016,103,25
gelingt 1974,2015,88,28
es 2085,2023,23,13
ihm 1600,2055,50,21
doch, 1666,2055,68,25
ein 1753,2054,37,22
Ganzes, 1808,2054,99,25
einen 1927,2054,68,21
einheit¬ 2010,2053,99,21
lichen 1600,2093,78,21
Landschaftseindruck 1709,2092,276,21
zu 2015,2099,29,13
er¬ 2075,2099,34,13
zielen. 1600,2131,81,20
<EOS>
Während 1698,2130,121,21
wir 1835,2130,41,21
bei 1891,2129,37,22
Heuscher 1941,2129,122,21
an 2079,2136,31,14
persische 1601,2168,118,28
Vorlagen 1737,2167,116,28
erinnert 1878,2167,103,22
werden, 2007,2167,102,24
hat 1601,2206,43,22
Zülle 1657,2206,64,22
geradezu 1733,2206,115,28
ostasiatisehe 1862,2205,164,22
Züge. 2039,2205,69,28
<EOS>
Seine 1604,2244,67,22
tännchenbestandenen 1704,2243,285,22
Weiden 2010,2242,101,21
erinnern 1602,2282,109,21
an 1744,2289,31,13
Hieroshige, 1803,2281,145,28
und 1985,2280,49,21
wer 2063,2287,48,14
dächte 1602,2319,86,21
nicht 1703,2319,67,22
angesichts 1782,2318,134,28
dieser 1930,2318,75,21
Säntis- 2020,2317,91,22
kette 1602,2357,66,21
an 1688,2364,31,14
chinesische 1738,2356,145,21
Maler! 1903,2355,84,22
<EOS>
<EOS>
<EOP>
