2310,2998
ZU 638,196,58,33
UNSERM 761,195,229,34
SEPTEMBERHEFT 1054,194,486,35
<EOS>
<EOP>
Dieses 439,356,94,26
Septemberheft 549,356,226,34
hai 789,358,50,25
einen 853,356,81,28
bäuerlichen 950,356,176,28
Einsehlag. 1143,358,156,34
<EOS>
Die 1321,357,50,26
Bauern 1385,358,112,26
sind 1515,357,60,27
ja 1593,357,28,33
zurzeit 1639,356,103,27
große 438,411,84,34
Mode. 537,411,90,26
<EOS>
Warum? 645,411,135,27
<EOS>
Man 797,412,65,27
weiß: 877,412,81,27
die 979,412,42,27
Bananensehfffe 1037,412,233,27
fahren 1286,412,97,27
nicht 1399,410,78,29
mehr, 1490,411,86,33
das 1593,411,50,26
kana¬ 1656,411,86,27
dische 439,465,92,26
Getreide 554,466,129,26
bleibt 703,467,87,26
aus, 811,478,58,22
die 895,467,42,26
Oelfrüehle 958,467,160,27
Westafrikas 1140,467,182,27
linden 1342,467,95,27
keinen 1455,466,100,28
Laderaum. 1576,467,165,25
<EOS>
Viele 441,521,73,25
Städterinnen 533,521,199,28
glaubten 748,522,133,34
bis 899,522,39,27
anbin, 954,522,95,33
der 1060,523,48,26
Inhalt 1128,523,90,26
ihres 1236,522,70,27
Einkaufsnetzes 1319,522,232,27
sei 1568,521,37,28
hinterm 1621,521,121,26
Ladentisch 439,576,169,27
gewachsen, 623,577,170,33
während 812,577,129,28
sie 957,577,37,26
jetzt 1008,577,71,34
wieder 1096,577,98,27
wissen, 1209,577,105,33
daß 1331,577,55,26
er 1401,588,28,15
vom 1444,588,65,15
Felde 1525,577,82,26
kommt. 1622,577,117,25
<EOS>
Die 444,631,46,26
Zeitungen 507,631,154,35
haben 675,632,91,26
eine 783,632,59,27
Pflanzblätz-Spalte 859,632,284,36
eingeführt, 1159,632,166,35
die 1342,632,43,27
fast 1400,632,55,27
so 1472,642,28,17
viel 1518,632,52,26
Raum 1586,632,90,26
wie 1695,631,47,26
die 439,686,44,26
große 494,687,83,34
Kinokritik 590,685,161,31
einnimmt. 765,687,156,28
<EOS>
Jedermann 942,688,171,27
spürt 1127,693,79,30
seine 1218,688,73,27
Verwandten 1304,688,185,27
auf 1501,687,48,27
den 1561,687,53,27
Dörfern 1626,687,117,26
auf, 439,742,57,32
ein 516,741,43,27
Gesinnungswandel 576,742,285,35
macht 879,743,94,27
von 993,754,54,16
sieh 1066,743,57,27
reden 1141,743,84,27
und 1240,744,55,26
eine 1310,743,59,27
«13latere» 1386,743,146,26
vom 1543,753,67,16
Garten- 1626,743,116,26
häueli 441,797,89,26
ist 554,797,35,26
ein 611,798,43,27
Ehrenzeichen 677,795,208,31
geworden. 906,799,153,34
<EOS>
Das 1093,799,53,26
alles 1166,799,65,26
botrillt 1252,798,107,27
— 1378,814,36,2
die 1433,798,43,26
Landwirtschaft. 1497,797,245,28
<EOS>
Wir 442,852,57,27
meinen 509,853,107,26
aber 627,853,66,26
diesmal 704,853,114,27
— 827,870,30,2
den 867,854,53,27
Bauern. 933,855,118,26
<EOS>
Das 1067,854,55,27
ist 1135,854,33,26
nämlich 1179,853,121,27
auch 1312,853,72,27
noch 1397,853,70,27
ein 1479,853,42,28
Mensch, 1534,853,121,32
nicht 1667,852,76,27
nur 443,918,51,16
ein 510,908,43,27
Milchproduzent. 568,907,252,36
<EOS>
Was 837,908,66,27
für 918,909,43,26
ein 976,908,43,28
Leben 1035,909,93,26
birgt 1143,909,73,34
so 1231,919,29,16
ein 1276,908,43,28
Dorf, 1336,908,75,33
auch 1428,908,71,26
wenn 1514,918,80,17
die 1609,908,42,25
Mäh¬ 1667,908,75,25
maschine 442,963,141,26
stillsteht 597,963,134,26
und 744,964,56,27
das 814,964,50,26
Vieh 880,964,67,26
schläft 959,964,102,27
: 1074,975,3,15
da 1097,965,34,26
schafft's 1149,964,125,26
und 1293,964,56,27
rumort's 1367,964,132,26
in 1516,963,27,27
den 1560,964,54,26
Köpfen 1632,963,112,34
und 443,1018,56,26
Herzen, 519,1019,117,31
da 655,1019,35,25
treiben 710,1019,107,27
die 835,1019,43,26
Gedanken 899,1019,153,27
und 1070,1019,58,26
Phantasien 1147,1019,171,27
ihr 1336,1018,43,26
Spiel, 1399,1019,82,34
und 1510,1019,56,25
die 1586,1018,42,26
Kräfte 1645,1018,99,26
des 442,1073,47,26
Innern 505,1073,101,27
sind 620,1073,60,27
am 694,1084,45,16
Werk. 754,1074,90,26
<EOS>
Was 858,1074,66,26
für 936,1074,45,26
kurzweilige 993,1074,174,34
und 1180,1074,58,26
erstaunliche 1251,1073,186,27
Geister 1453,1073,107,27
birgt 1572,1073,74,34
so 1659,1082,28,17
ein 1701,1072,44,27
Dorf! 444,1128,80,26
<EOS>
Ich 548,1128,46,26
brauche 612,1129,123,26
nur 754,1139,51,17
eines 824,1128,73,29
zu 916,1139,34,16
nehmen, 969,1129,128,33
eins 1118,1129,56,27
von 1195,1139,54,17
den 1268,1129,54,28
vielen 1342,1128,88,27
Tausenden 1449,1129,166,27
unseres 1632,1138,112,17
Vaterlandes, 444,1183,191,33
brauche 654,1184,122,27
bloß 793,1184,66,27
im 877,1184,37,26
Geiste 936,1184,92,27
es 1046,1195,27,16
mir 1092,1184,51,27
vorzustellen, 1162,1184,194,33
so 1375,1194,28,17
sehe 1422,1184,63,26
ich 1503,1184,43,26
gleich 1564,1183,88,35
jenes 1669,1184,75,34
alte 443,1239,55,25
Fraueli 513,1239,108,26
aus 637,1249,49,16
dem 701,1239,63,27
Rebwerk 779,1240,137,26
kommen, 930,1240,141,33
das 1087,1240,48,26
Mädeli, 1151,1240,111,32
von 1279,1250,54,16
dem 1348,1240,63,26
sie 1426,1239,37,27
alle 1477,1240,51,26
erzählen, 1543,1239,137,33
wie 1695,1239,49,26
es 443,1304,26,16
vordem 488,1295,114,25
so 621,1304,28,17
wunderbar 668,1295,166,27
gesungen 852,1305,139,25
und 1009,1295,58,26
alles 1085,1295,66,26
Zeug 1169,1295,74,34
zu 1260,1305,34,16
einer 1312,1294,73,27
Opernsängerin 1403,1294,225,35
gehabt 1642,1295,103,34
habe; 442,1349,85,32
ich 546,1349,43,26
sehe 609,1349,63,27
jenen 689,1349,83,35
Großvater, 793,1350,165,32
der 980,1350,47,26
unermüdlich 1046,1350,193,26
seinem 1257,1350,104,26
Enkel 1381,1350,89,26
Rosse 1488,1350,87,26
zeichnete, 1593,1349,151,33
Rosse 444,1404,86,26
in 544,1402,28,29
allen 586,1405,71,25
Lagen 672,1405,93,34
und 779,1405,57,27
bei 851,1405,43,26
jeder 908,1405,76,33
Arbeit, 998,1405,106,33
welche 1121,1405,100,27
Zeichnungen 1236,1405,195,34
dann 1445,1405,76,26
immer 1534,1404,98,26
wieder 1646,1403,100,27
wegen 445,1468,91,25
des 552,1459,47,26
Papiers 616,1459,111,35
zum 743,1470,64,15
Anfeuern 822,1459,142,27
im 979,1459,36,26
Chouschfloch 1032,1460,206,27
verwendet 1253,1460,159,27
wurden; 1427,1460,127,32
da 1565,1460,34,25
ist 1610,1459,37,26
ferner 1657,1459,89,26
jener 443,1514,76,34
Leser, 531,1514,90,32
der 634,1515,48,25
Shakespeare-Werke 696,1515,302,34
zu 1010,1526,34,15
Hause 1057,1516,94,26
hatte 1163,1516,80,26
und 1255,1516,57,25
immer 1323,1515,99,26
vom 1434,1525,65,16
Sehakischpahri 1513,1514,233,35
erzählte; 444,1569,133,33
da 593,1569,34,26
ist 641,1568,36,28
auch 692,1571,71,25
jener 776,1570,77,34
Schauspieler, 869,1570,200,34
dessen 1085,1571,97,27
Talent 1195,1571,100,26
nur 1309,1580,52,17
im 1373,1571,38,25
tiefen 1426,1570,86,26
Winter 1521,1570,108,26
blühen 1643,1570,103,26
durfte, 444,1624,102,33
wenn 560,1634,81,16
sonst 655,1630,78,22
nichts 748,1625,91,27
wuchs, 853,1625,103,33
noch 972,1626,72,26
Knospen 1060,1626,134,34
trieb. 1210,1625,78,27
<EOS>
«Ein 447,1679,66,26
Ochse 535,1679,89,27
vor 645,1690,51,16
dem 718,1680,63,26
Pflug, 804,1681,88,34
ein 915,1681,43,26
Ochse 980,1681,88,26
hinter 1092,1681,92,26
dem 1205,1681,63,26
Pflug, 1291,1681,87,35
das 1402,1681,48,26
ist 1471,1680,36,27
für 1528,1681,44,26
die 1592,1681,43,26
Land¬ 1659,1681,87,25
wirtschaft 445,1734,154,26
das 613,1735,49,25
beste», 676,1736,103,31
soll 791,1736,49,25
der 851,1736,47,25
alte 908,1737,55,25
Januschauer, 976,1735,202,34
der 1190,1737,48,25
Herr 1250,1736,69,26
von 1330,1746,55,16
Oldenburg-J 1396,1737,192,33
a 1593,1746,15,16
nusehau, 1614,1736,132,32
ein 445,1789,44,26
preussischer 502,1790,186,34
Großgrundbesitzer, 704,1791,296,34
einmal 1024,1791,100,26
gesagt 1142,1797,95,29
haben. 1254,1791,100,26
<EOS>
Was 1376,1792,66,25
der 1459,1792,48,25
Herr 1521,1792,71,25
Abgeord¬ 1606,1791,140,34
nete 445,1850,63,20
da 524,1845,35,25
sagte, 577,1851,86,29
ist 679,1845,36,26
ungefähr 732,1847,137,33
das 886,1846,48,26
Gegenteil 950,1846,143,34
des 1110,1847,46,25
schweizerischen 1173,1846,241,27
Glaubens. 1429,1847,148,27
<EOS>
Er 1604,1847,35,24
redete 1654,1846,93,26
eben 446,1900,70,25
von 539,1909,56,16
der 620,1900,47,25
«Landwirtschaft», 696,1900,279,33
aber 1001,1901,65,26
der 1091,1902,47,25
Bauer 1159,1902,92,25
ist 1270,1901,36,26
nicht 1328,1901,77,27
des 1426,1902,47,26
Landes 1495,1902,109,26
Knecht, 1625,1901,121,31
sondern 445,1955,121,26
viel, 577,1954,63,34
viel 653,1955,53,26
mehr. 721,1956,84,26
<EOS>
Wir 814,1955,60,26
wissen, 886,1956,106,32
daß 1005,1956,55,26
die 1071,1956,43,26
Verschuldung 1123,1957,209,34
der 1345,1957,47,25
schweizerischen 1402,1956,242,27
Land¬ 1657,1956,90,27
wirtschaft 444,2009,156,27
ungefähr 626,2010,134,35
dem 783,2012,64,25
Verkehrswert 866,2011,207,26
des 1097,2012,47,25
schweizerischen 1168,2011,241,27
landwirtschaftlichen 1433,2011,315,27
Bodens 446,2065,109,26
überhaupt 571,2065,158,35
entspricht. 743,2066,165,34
<EOS>
Es 924,2066,35,25
ist 974,2066,35,26
für 1022,2066,45,26
das 1080,2067,49,25
Land 1140,2066,78,26
nicht 1233,2065,77,27
gleichgültig, 1324,2066,186,35
ob 1526,2067,34,25
des 1575,2067,46,25
Bauern 1637,2067,111,25
Kräfte 446,2119,100,26
im 566,2119,37,26
Zinsendienst 624,2119,193,29
sich 837,2120,58,27
erschöpfen, 914,2121,172,35
es 1111,2132,26,15
ist 1156,2121,35,26
für 1211,2121,44,26
uns 1273,2131,51,19
alle 1345,2121,51,27
wichtig, 1414,2121,122,35
daß 1556,2121,54,27
er 1631,2131,27,16
auch 1677,2122,71,26
Zeit 445,2174,59,26
zu 523,2185,34,15
ruhigem 576,2175,127,35
Dasein 727,2176,99,26
habe, 847,2177,80,32
daß 948,2177,55,25
die 1024,2177,43,26
Dörfer 1089,2177,97,26
auch 1207,2178,71,25
ihre 1299,2176,56,26
Abgesandten 1375,2177,201,34
an 1596,2187,35,17
unsere 1652,2187,96,16
Schulen, 447,2229,128,33
Akademien, 595,2230,183,33
Lehrstätten 798,2231,182,27
schicken 997,2232,131,27
können, 1146,2233,120,32
es 1285,2241,27,17
ist 1330,2231,36,26
wichtig, 1383,2231,122,36
daß 1528,2232,54,26
wir 1600,2231,49,26
unter 1669,2238,80,20
den 445,2285,53,26
Lenkern 527,2285,128,27
unserer 686,2296,112,16
staatlichen 829,2287,168,26
Geschicke, 1031,2286,160,33
daß 1224,2287,55,26
wir 1311,2287,48,25
unter 1389,2293,83,20
unsern 1504,2297,101,17
Gottes¬ 1638,2287,110,26
gelehrten, 445,2340,149,35
Professoren, 612,2341,186,33
Künstlern, 817,2342,163,32
Lehrern 998,2342,121,27
jene 1131,2342,62,34
nicht 1207,2341,77,27
vermissen 1298,2342,152,26
müssen, 1468,2346,119,28
welche 1605,2342,101,27
in 1721,2342,28,26
der 445,2396,48,25
Stille 511,2395,77,26
und 605,2396,55,27
Nachdenklichkeit 681,2397,271,27
eines 971,2397,73,27
Bauerndorfes 1065,2397,205,26
ihr 1289,2397,42,25
geistiges 1346,2397,128,35
Gepräge 1492,2397,125,35
und 1632,2398,59,25
die 1706,2397,43,26
Anlagen 445,2450,125,34
ihres 585,2450,72,27
Charakters 677,2450,168,27
empfangen 864,2451,169,35
haben. 1052,2451,100,27
<EOS>
<EOP>
G)ÇL~=«j2^€ 1353,2486,268,59
£vÌL-L^L£j2/^__- 1632,2486,345,58
C 1390,2581,14,17
H 1421,2581,17,17
E 1456,2581,16,17
E 1488,2581,14,17
It 1520,2581,17,17
E 1551,2581,14,17
D 1581,2580,16,18
A 1609,2581,17,17
K 1640,2581,18,16
T 1671,2581,16,17
O 1702,2580,15,18
H 1734,2581,15,17
<EOS>
<EOP>
