2310,3033
Es 715,256,30,22
gibt 759,257,52,27
in 825,257,24,21
Appenzell 864,257,129,28
einen 1008,257,69,23
betagten 1091,258,115,28
Bauernknecht, 1221,258,192,26
der 1429,258,42,21
die 1485,257,36,22
Kunst 1538,257,80,22
der 1633,257,42,22
Bauernmalerei 1689,256,192,22
meisterhaft 713,294,151,22
beherrscht: 876,295,149,22
Johann 1041,295,99,23
Baptist 1154,296,96,28
Zeller. 1264,296,81,22
<EOS>
Schon 1361,295,78,23
in 1452,296,25,22
der 1491,295,41,22
Schule 1547,295,85,22
war 1644,302,49,14
das 1707,295,41,21
Zeichnen 1763,294,118,22
seine 713,332,63,22
große 787,332,71,28
Liebe. 868,333,79,22
<EOS>
Bei 958,333,43,22
einem 1012,334,76,22
Flachmaler 1099,334,148,22
holte 1256,334,65,22
er 1332,341,24,15
sich 1365,334,50,22
dann 1426,334,64,21
einige 1500,333,75,29
handwerkliche 1585,332,190,22
Kennt¬ 1787,332,93,22
nisse, 713,370,68,26
aber 799,370,58,22
aus 873,378,41,15
materiellen 931,372,147,22
Gründen 1097,372,114,22
konnte 1227,373,90,21
er 1334,379,24,14
nicht 1374,372,67,22
seiner 1457,372,76,21
Neigung 1549,371,110,28
folgen, 1675,371,85,28
sondern 1778,370,102,22
mußte 713,408,84,21
in 807,408,24,21
der 842,408,42,21
Landwirtschaft 894,408,202,23
arbeiten. 1107,410,115,21
<EOS>
Niemand 1234,410,119,21
wußte 1362,409,82,22
sein 1455,409,49,22
Talent 1515,409,85,21
zu 1610,417,29,13
schätzen. 1650,408,120,22
<EOS>
Er 1783,407,32,22
aber 1825,408,57,21
kam 714,446,56,21
von 781,454,48,13
seiner 840,446,75,21
Leidenschaft 926,446,169,23
nicht 1105,447,67,22
los 1182,447,34,22
und 1228,448,49,21
zwischen 1288,447,116,22
seinen 1415,447,80,21
Arbeiten 1505,447,116,21
als 1631,446,34,22
Melker, 1676,446,96,26
Knecht 1785,445,97,22
und 714,484,49,21
Sägereihandlanger 776,483,242,30
zeichnete 1027,485,121,22
er 1159,493,24,14
eifrig. 1193,485,73,28
<EOS>
Er 1279,485,32,21
stickte 1320,485,87,21
Retteli 1418,484,92,22
und 1520,484,49,21
bemalte 1579,484,104,21
für 1693,483,38,22
die 1742,483,36,22
Bäcker 1790,483,91,22
die 715,522,36,21
weihnachtliehen 759,522,213,22
Klausenweggen. 982,522,210,29
<EOS>
Jetzt 1204,523,67,21
hat 1279,523,43,21
er 1331,531,24,13
sein 1362,522,50,22
Ziel 1422,522,47,22
und 1477,522,50,22
Streben, 1538,522,107,26
ein 1655,522,37,22
guter 1701,525,69,24
Sennen¬ 1778,521,104,22
maler 714,559,73,22
zu 798,567,28,14
werden, 837,560,102,26
erreicht. 952,560,106,22
<EOS>
Seine 1073,560,68,23
Kinder 1153,560,92,23
sind 1256,560,52,22
erwachsen, 1320,560,141,26
seine 1474,560,63,22
Frau 1549,560,62,21
betreibt 1622,560,104,21
eine 1738,560,50,21
Heim¬ 1801,559,80,22
arbeit, 715,597,83,26
er 809,605,23,14
aber 841,597,56,22
sitzt 906,598,56,21
in 969,598,24,21
seiner 1001,599,75,21
Bauernstube 1085,599,165,21
und 1259,599,50,21
malt 1316,599,60,21
Alpaufzüge. 1383,598,155,28
<EOS>
Genau 1551,597,83,22
die 1642,597,37,22
gleichen 1688,597,106,28
Bilder 1803,597,79,21
von 714,643,48,13
Landschaften 781,635,179,22
und 976,636,49,21
Idyllen 1043,636,93,28
aus 1153,643,42,15
dem 1213,637,54,20
Sennenleben, 1288,635,171,26
wie 1476,636,43,21
die 1537,635,36,21
frühern 1589,635,98,21
Kleinmeister. 1705,635,175,21
<EOS>
«Es 717,672,42,22
war 774,680,49,14
nicht 837,672,66,22
leicht, 916,673,80,26
bis 1011,673,35,22
ich 1061,674,38,21
so 1113,682,26,13
weit 1152,674,55,21
war», 1222,679,68,20
erzählt 1306,673,91,22
er 1411,681,24,14
einem 1449,673,77,22
Besucher, 1541,672,125,27
«nur 1686,678,55,15
eine 1755,672,50,22
Geiß 1822,672,58,22
richtig 715,710,85,28
zeichnen 814,710,113,22
zu 942,719,30,13
können, 987,711,104,26
und 1107,711,50,21
bis 1173,711,35,22
ich 1223,711,39,22
die 1278,711,37,22
Regeln 1332,711,90,28
der 1438,711,40,21
Sennenmalerei 1495,710,191,22
gründlich 1702,710,124,28
be¬ 1842,710,39,22
herrschte. 715,748,127,22
<EOS>
Viel 854,748,51,22
mehr 915,749,68,21
als 993,749,33,22
einen 1038,749,68,22
Kopf 1118,749,65,29
soll 1193,749,43,22
der 1247,749,42,22
Senn 1300,748,63,23
nicht 1373,749,67,22
über 1450,749,60,21
sein 1520,748,49,22
Vieh 1578,748,61,22
reichen. 1649,748,101,22
<EOS>
» 1757,754,9,16
<EOS>
<EOP>
> 1210,1282,52,43
<EOS>
<EOP>
d 1594,1731,45,49
<EOS>
<EOP>
«MM 223,2015,110,27
<EOS>
<EOP>
¦ 2005,2195,1,0
<EOS>
<EOP>
.:... 1084,2414,24,3
<EOS>
<EOS>
<EOP>
