2232,3104
Die 246,1883,44,21
inliegend 302,1883,120,28
farbig 435,1883,77,28
reproduzierte 525,1883,177,29
Landschaft 715,1883,149,22
von 878,1891,48,14
FRANZ 937,1883,115,21
ANTON 1063,1883,118,21
HEIM 1193,1883,94,21
(1830—1890) 247,1921,170,29
übertrifft 431,1921,122,21
die 564,1921,37,21
beiden 612,1921,87,21
andern 710,1921,92,21
wiedergegebenen 813,1920,224,29
Bilder 1050,1921,80,21
an 1141,1929,31,13
phanta¬ 1183,1921,104,28
sievoller 245,1959,110,21
Großartigkeit. 366,1958,186,29
<EOS>
Wir 566,1959,51,21
überlassen 628,1959,139,21
es 781,1966,22,14
dem 818,1958,55,22
Betrachter, 882,1958,152,27
in 1046,1958,25,22
diesem 1085,1958,89,22
riesigen 1186,1958,101,28
Garten 247,1996,92,22
Gottes 357,1996,85,22
spazieren 458,1997,121,28
zu 594,2004,31,14
gehen. 641,1996,82,28
<EOS>
Gewaltig 743,1996,117,28
der 875,1996,43,22
Gesamteindruck, 936,1996,223,27
lebendig 1174,1996,112,28
jedes 244,2035,66,27
Detail, 327,2035,88,26
im 430,2035,34,21
Himmel 480,2035,104,21
schwebend 599,2035,144,21
eine 759,2034,51,22
goldene 826,2034,99,28
Sonne, 943,2034,87,26
die 1047,2035,37,21
der 1100,2035,41,21
Maler 1157,2034,74,22
auf 1246,2035,41,21
all 245,2073,31,21
seinen 284,2072,83,22
Bildern 377,2072,96,22
als 483,2072,34,22
Signatur 529,2072,114,29
anzubringen 652,2072,163,28
pflegt. 825,2072,80,28
<EOS>
Ein 918,2072,45,21
Bild, 974,2072,61,25
wert 1046,2076,58,17
als 1113,2072,35,22
klassische 1157,2072,129,22
Schweizer 246,2110,132,22
Darstellung 389,2110,155,28
in 556,2110,24,21
jedem 593,2110,80,28
Schulzimmer 687,2109,173,22
zu 872,2118,29,13
hängen. 914,2110,101,28
<EOS>
<EOS>
<EOP>
