2379,3179
NR. 1,448,68,24
<EOS>
7 96,442,18,30
SEPTEMBER 189,448,271,25
1941 491,449,86,24
<EOS>
<EOP>
SU 759,0,840,447
^0é*^^ 747,432,249,62
SCHWEIZER1SC] 1207,444,397,32
CHE 1562,445,101,31
MONATSSCHRIFT 1698,445,433,33
fr. 2173,455,55,24
<EOS>
2.so 2249,449,70,30
<EOS>
<EOP>
^ES^tgß 1591,599,137,33
-¦>. 1248,655,26,9
<EOS>
<EOP>
% 355,765,30,34
<EOS>
<EOP>
t 2262,913,65,125
à 1251,1026,61,90
i 389,1045,17,62
fe 1505,1033,99,103
OSR 1118,1041,94,39
fratti 1373,1060,117,59
cu 1309,1063,51,53
m 1202,1072,65,52
i 923,1087,52,95
*.. 2266,1114,28,26
<EOS>
» 1654,1118,33,54
1/3 1190,1128,39,22
<EOS>
<EOP>
.-v 1632,1155,29,20
<EOS>
# 848,1218,66,55
^ 430,1251,27,33
...¦¦. 1635,1262,19,8
<EOS>
.¦: 1662,1262,7,8
<EOS>
¦ 1676,1263,2,2
<EOS>
<EOP>
EinU» 973,1307,118,30
-i* 1112,1311,32,27
<EOS>
<EOP>
- 280,1487,4,2
<EOS>
<EOP>
i 1469,1573,3,9
;:<- 1484,1564,36,22
<EOS>
<EOP>
*u* 2159,1727,79,44
*• 1360,1739,25,41
y 1820,1868,27,51
<EOS>
<EOP>
fra 2155,1903,95,41
- 2291,1913,4,8
<EOS>
<EOP>
?o 1782,1968,88,58
<EOS>
/¦ 990,2042,23,25
<EOS>
<EOP>
<; 1312,2110,16,15
"X~; 1293,2130,36,17
<EOS>
<EOP>
* 1278,2279,19,29
<EOS>
<EOP>
^ 2306,2403,58,91
r^ 2283,2442,43,39
« 373,2471,34,33
<EOS>
<EOP>
N**a*,-«î»rî 1472,2733,99,22
5 447,2736,88,102
M 1574,2745,28,21
<EOS>
<EOP>
<l 320,2836,17,27
<EOS>
<EOP>
t 213,3055,71,81
l 2345,3034,32,139
% 1034,3058,31,32
* 1590,3062,30,25
<EOS>
<EOP>
