2310,3104
gar 106,170,41,20
elenden 162,163,98,21
Stücken 278,163,105,22
den 399,164,45,21
Vermerk 461,165,112,21
an: 588,173,41,14
Bitte 647,166,65,21
zurück, 106,198,96,26
wenn 219,206,69,13
nicht 306,199,66,21
mehr 388,200,67,20
flickbar! 471,200,110,22
<EOS>
Und 599,202,55,21
wir 671,202,43,21
erhalten 107,235,106,20
bisweilen 224,235,120,21
aus 355,243,42,14
der 408,235,42,22
Flickstube 461,236,137,22
die 609,237,37,21
end¬ 657,238,57,20
gültige 107,270,88,28
Antwort: 216,270,122,22
Darf 362,271,59,21
nicht 441,272,67,21
mehr 529,273,67,21
geflickt 616,273,97,28
werden! 107,306,104,22
<EOS>
Dann 236,306,70,22
sind's 329,307,73,22
böse 425,307,57,22
Stücke 505,307,89,23
<EOS>
<EOS>
<EOS>
Per 670,309,45,22
Post 108,342,56,21
oder 175,343,56,20
Marktwagen 240,342,164,29
oder 414,344,57,21
sonstwie 479,345,111,21
wandern 599,345,114,21
dann 108,378,63,21
die 191,378,36,22
fertigen 246,378,100,28
Flicksäcke 366,379,137,21
wieder 521,380,86,21
zurück 624,382,90,20
in 108,414,23,21
ihre 146,414,49,21
Dörfer, 212,414,91,26
und 320,415,48,21
manch 384,416,88,21
herzerquickender 487,416,228,29
Dankbrief 108,450,132,22
an 259,458,31,14
uns 302,459,43,13
besagt, 359,451,91,28
daß 465,452,46,20
sie 525,452,32,21
dort 571,453,54,20
dank¬ 638,453,76,21
bare 108,486,55,22
Abnehmerinnen 175,486,210,22
gefunden 398,488,119,28
haben. 529,489,86,21
<EOS>
<EOP>
Das 119,582,55,26
müssen 191,586,110,22
Sie 319,582,43,27
unbedingt 382,583,156,34
schreiben 558,583,143,27
Auf 138,639,48,21
den 202,639,45,21
ersten 262,643,78,17
Blick 356,639,67,22
sehe 438,640,55,21
ich 507,640,38,21
es: 560,649,34,12
viel 610,641,46,20
Ar¬ 671,641,43,21
beit, 108,675,57,25
zuviel 181,675,77,21
Arbeit, 270,675,90,26
eine 378,676,50,21
übermüdete 439,676,157,22
Bauern¬ 608,676,105,22
frau, 108,710,60,26
ein 191,711,38,21
Gschärli 257,710,106,22
fleißiger 389,711,105,28
Kinder, 521,711,97,26
keine 645,712,69,21
andere 108,747,87,21
Hilfe 209,747,64,21
in 286,747,25,21
Haus 325,747,66,22
und 406,748,49,21
Stall. 470,747,67,22
<EOS>
Dazu 553,748,66,21
würde 632,748,81,22
es 109,791,22,13
nicht 144,783,67,21
reichen. 222,783,101,21
<EOS>
Die 341,783,43,21
Mutter 397,783,90,22
geht 497,784,57,28
zweimal 568,784,106,21
in 689,784,24,21
der 109,820,41,20
Woche 160,819,89,22
mit 261,819,45,22
Gemüse 318,819,101,22
auf 432,820,40,21
den 484,820,45,22
Markt 541,820,80,22
in 629,820,25,21
eine 663,820,50,22
große 108,855,71,28
benachbarte 191,855,162,21
Gemeinde. 368,855,137,22
<EOS>
Nur 523,856,51,21
«Eigenes» 588,856,126,28
hat 109,892,43,20
sie 174,892,32,21
auf 228,892,41,20
ihrem 291,892,76,21
Handwagen; 389,892,166,27
unterwegs 580,896,133,23
hat 109,927,43,21
sie 164,927,32,21
da 208,927,30,21
und 251,927,49,21
dort 312,927,54,21
Kunden, 379,927,112,26
so 510,936,24,13
daß 547,928,47,21
sie 606,928,32,21
etwa 653,931,60,18
anderthalb 109,964,142,20
Stunden 265,963,109,22
braucht 391,964,102,21
bis 509,964,35,21
zum 557,972,55,13
Markt¬ 623,964,90,21
stand. 109,1000,78,20
<EOS>
« 197,1006,9,14
Gegenwärtig 214,999,165,28
bin 388,1000,40,20
ich 439,1000,37,20
so 485,1007,26,13
müde», 521,1000,92,25
erzählt 623,1000,90,21
sie 109,1035,32,22
mir, 159,1035,52,26
«daß 234,1035,61,22
ich 318,1035,38,22
gar 375,1043,42,20
nicht 437,1035,66,22
mehr 524,1035,67,22
strütten 607,1039,106,18
<EOS>
<EOP>
darf 784,168,53,20
bei 859,167,37,22
der 919,167,41,21
Arbeit, 982,167,92,26
denn 1098,168,63,21
mir 1183,168,45,21
wird 1250,168,59,21
ganz 1332,175,58,21
schwindlig 783,203,139,27
und 932,203,48,21
schwarz 991,203,103,21
vor 1104,211,43,13
den 1157,204,45,20
Augen. 1212,203,91,28
<EOS>
Wenn 1314,203,77,21
der 784,240,41,20
Flickdienst 842,238,146,22
nicht 1005,239,67,21
wäre, 1090,241,67,24
wir 1175,239,43,21
hätten 1234,240,86,20
kein 1336,240,55,21
ganzes 783,282,85,21
Stück 880,274,75,22
mehr 964,275,67,21
im 1040,275,33,21
Hause! 1083,275,91,21
<EOS>
So 1187,274,30,22
viel 1227,275,46,21
habe 1283,275,61,21
ich 1353,275,37,21
schon 783,312,73,21
zum 872,319,55,13
Flicken 944,311,96,21
geben 1057,312,75,27
dürfen, 1147,312,93,25
Strümpfe, 1259,311,130,28
Socken, 785,346,100,27
Männerhemden 908,347,203,21
und 1131,347,50,20
vieles 1201,346,72,22
andere, 1295,347,94,26
und 783,383,49,21
alles 845,383,57,21
wurde 914,383,80,21
so 1006,390,25,14
schön 1044,383,74,21
gemacht. 1130,383,118,28
<EOS>
Sogar 1264,382,74,29
an¬ 1350,390,40,14
gestrickt 783,419,114,28
haben 909,419,78,21
mir 999,418,45,22
die 1056,418,36,22
Frauen. 1105,419,100,21
<EOS>
Aber 814,459,64,21
sehen 891,459,72,21
Sie, 978,458,45,26
diese 1039,459,63,21
neue 1115,467,59,13
Sommerzeit 1190,458,156,22
ist 1359,459,31,20
furchtbar 783,495,125,21
für 922,494,37,22
die 974,494,36,22
Schulkinder! 1026,494,168,22
<EOS>
Man 1210,494,56,22
kann 1279,494,66,21
sie 1357,494,33,22
doch 784,531,61,21
nicht 862,531,67,21
bei 947,531,36,21
Tag 1002,531,49,27
ins 1068,530,35,22
Bett 1123,531,56,21
schicken. 1196,530,119,21
<EOS>
Und 1335,530,54,21
überall 783,567,90,21
hat's 889,566,62,22
so 965,574,26,14
viel 1006,566,46,22
Arbeit 1066,566,85,22
herum, 1164,566,92,26
daß 1272,566,46,21
man 1334,573,56,15
ihnen 782,604,73,21
halt 875,603,50,21
immer 944,603,85,21
wieder 1046,603,88,21
zum 1151,610,56,13
Helfen 1227,602,85,21
ruft, 1332,602,57,25
solange 783,640,96,27
sie 893,639,32,21
auf 941,639,40,21
sind. 995,638,60,22
<EOS>
Sie 1074,638,37,22
müssen 1125,641,95,19
einfach 1235,638,94,21
viel 1343,638,46,21
zu 782,683,29,13
viel 826,676,46,21
draußen 888,675,107,21
schaffen, 1006,675,112,24
wie 1131,674,42,22
Knechtlein 1185,674,144,21
und 1340,674,49,20
Mägdlein. 783,711,127,28
<EOS>
Daneben 928,710,114,22
noch 1057,710,62,22
die 1135,710,36,21
Schulaufgaben, 1188,710,200,27
die 783,748,37,21
doch 839,747,61,21
auch 919,747,60,21
gemacht 997,746,112,28
werden 1127,746,93,21
sollten. 1239,745,92,21
<EOS>
Sie 1352,745,37,21
sind 782,783,54,22
efange 845,782,83,28
ganz 937,790,60,20
nervös. 1006,784,92,19
<EOS>
Sie 1111,781,36,22
sind 1157,781,52,22
einfach 1219,781,93,22
über¬ 1321,781,68,22
anstrengt 782,823,126,24
und 927,819,48,21
haben 995,819,78,21
viel 1092,818,46,21
zu 1157,826,28,12
wenig 1204,817,76,28
Schlaf. 1300,817,88,21
<EOS>
Grad 784,855,64,22
vorgestern 863,859,138,23
kam 1014,854,57,21
unser 1085,861,71,14
großer 1168,853,85,28
Bub 1267,853,53,21
mit¬ 1334,853,55,21
ten 782,896,42,18
in 838,892,25,21
der 879,892,40,20
Nacht 931,891,80,20
gegen 1026,897,74,21
drei 1114,890,49,20
Uhr, 1176,890,58,25
nachtwan¬ 1250,889,139,21
delnd, 782,928,79,25
mit 871,927,44,21
weit 924,926,53,21
offenen 985,927,93,21
Augen, 1085,926,91,28
in 1186,925,25,22
unser 1218,932,71,15
Schlaf¬ 1297,925,91,21
zimmer. 781,964,105,21
<EOS>
Das 900,964,47,20
sollte 959,963,68,21
doch 1039,963,61,20
nicht 1111,962,66,21
sein! 1188,962,60,21
<EOS>
Ueber 1262,961,77,21
die 1350,961,38,20
Bäuerinnenhilfe 783,999,209,22
bin 1012,998,41,21
ich 1073,998,37,21
mehr 1129,998,67,21
froh, 1216,997,60,26
als 1297,997,34,21
ich 1350,997,39,21
sagen 782,1043,71,20
kann. 872,1036,71,21
<EOS>
Schon 965,1035,78,22
ein 1062,1035,37,21
paarmal 1118,1034,106,28
war 1242,1041,49,13
ich 1308,1033,38,21
in 1363,1032,25,21
<EOS>
<EOP>
Ein 110,1191,52,21
Beispiel 181,1191,129,27
für 329,1191,46,21
viele. 392,1191,81,21
<EOS>
Ruth 516,1197,56,16
H. 589,1197,25,16
<EOS>
ist 632,1197,26,16
das 674,1197,36,16
Jahr 730,1196,51,17
hindvirch 796,1196,101,17
in 913,1195,20,17
einem 948,1195,65,17
photographischen 1029,1194,200,22
Atelier 109,1224,76,17
in 197,1224,21,17
der 231,1224,36,17
Großstadt 282,1224,111,18
Zürich 409,1224,71,17
beschäftigt. 494,1224,131,21
<EOS>
Sie 642,1224,30,18
meldete 686,1224,87,17
sich 787,1224,42,17
beim 843,1224,54,17
Arbeitsamt 910,1223,126,17
zur 1046,1229,35,11
Bäuerinnen¬ 1091,1223,138,17
hilfe 108,1252,46,18
für 168,1253,33,17
einige 213,1252,64,21
Wochen. 287,1253,97,17
<EOS>
«Ich 402,1254,44,16
mache 458,1254,71,16
alle 541,1253,36,17
bäuerlichen 588,1253,130,17
Arbeiten. 729,1253,103,16
<EOS>
Was 848,1253,48,17
ich 905,1252,31,17
nicht 947,1252,56,17
kann, 1013,1252,61,21
versuche 1089,1251,97,17
ich 1196,1251,33,16
zu 108,1287,25,11
lernen. 146,1282,75,17
<EOS>
Meiner 240,1281,77,18
Lebtag 330,1281,79,22
habe 422,1282,52,17
ich 488,1281,31,18
nie 535,1281,31,18
auf 579,1282,35,16
dem 627,1282,46,17
Lande 687,1281,69,17
gearbeitet, 770,1281,119,21
es 903,1286,20,12
gefällt 936,1280,70,22
mir 1020,1280,37,17
ausgezeichnet, 1068,1280,161,21
wenn 108,1315,58,12
mir 176,1310,38,17
am 224,1316,33,11
Anfang 267,1310,82,21
auch 358,1311,52,16
alle 420,1311,36,16
Muskeln 467,1311,92,17
weh 569,1311,44,16
taten.» 621,1312,78,16
<EOS>
<EOP>
Ó 164,1480,53,61
<EOS>
<EOP>
<J>/ 1048,1598,60,32
''ft** 1127,1594,95,42
<EOS>
<EOP>
:*•¦ 1105,1719,37,29
<EOS>
<EOP>
T 1,1969,23,22
* 66,1978,20,13
"> 144,1972,21,12
<EOS>
<EOP>
*Jky> 197,2071,129,52
£bc 1217,2084,93,45
r 400,2097,10,14
"w 427,2096,19,16
<EOS>
<EOP>
v 422,2126,13,9
« 455,2123,7,11
v 363,2155,15,12
V 390,2151,23,17
v 433,2153,30,18
\g* 1,2163,78,41
m 343,2183,33,20
v 397,2187,17,16
<EOS>
<EOP>
h. 145,2452,31,22
<EOS>
<EOP>
% 579,2565,63,73
*¦ 57,2572,10,8
¦ 71,2579,1,1
r' 102,2570,16,13
it 134,2573,12,14
<EOS>
<EOP>
*„ 1146,2605,24,10
rf 987,2601,71,81
/ 320,2655,17,58
-"£ 892,2645,31,21
% 743,2646,59,59
wkw^.iJ 839,2670,69,24
<EOS>
o' 245,2727,47,35
**¦*- 333,2732,86,37
\* 451,2748,36,26
<EOS>
<EOP>
s 474,2821,51,98
«* 956,2821,25,16
r 189,2840,23,22
r> 202,2855,35,36
<EOS>
<EOP>
> 373,2913,18,22
i 188,2921,39,93
-\t 521,2925,25,19
<EOS>
<EOP>
m 804,2941,23,22
<EOS>
<EOP>
j 178,3033,30,51
<EOS>
<EOP>
solcher 1461,168,92,20
Not, 1567,167,56,25
daß 1638,167,47,21
ich 1700,167,37,20
nicht 1751,167,67,20
mehr 1831,167,68,20
ein 1913,167,36,19
und 1965,166,48,20
aus 2028,173,41,13
wußte. 1462,202,86,22
<EOS>
Und 1571,202,54,22
jedesmal 1644,202,115,28
kam 1778,202,57,21
mir 1853,202,46,21
unsere 1918,208,84,15
An¬ 2021,201,49,21
nahmestelle 1461,239,155,20
zu 1635,246,28,12
Hilfe! 1683,238,74,20
<EOS>
Einmal, 1778,238,102,24
vor 1899,245,44,13
der 1961,237,41,21
Mo¬ 2021,237,48,21
bilmachung 1461,274,154,27
war's, 1640,273,76,26
der 1744,273,41,22
Vater 1810,273,75,22
mußte 1910,273,85,22
ein¬ 2021,273,48,21
rücken, 1461,311,95,24
wir 1569,310,41,21
sollten 1621,310,86,21
noch 1717,309,62,21
Emd 1791,309,62,21
abladen, 1864,309,110,25
es 1986,317,23,13
war 2020,317,49,13
ein 1461,345,37,22
solches 1510,345,90,22
Gestürm 1616,345,113,22
— 1740,357,30,3
da 1782,345,31,22
hatte 1825,345,69,22
ich 1906,345,38,21
zu 1957,352,28,14
allem 1998,345,70,21
Unglück 1464,382,107,28
noch 1586,381,62,22
einen 1664,381,68,21
schweren 1747,381,121,21
Unfall. 1884,380,88,22
<EOS>
Sehen 1991,380,77,21
Sie, 1462,417,45,27
ich 1521,417,37,22
verlor 1571,417,77,22
damals 1661,417,91,22
dieses 1765,417,75,22
Fingerbeeri. 1854,417,156,28
<EOS>
So¬ 2026,416,42,22
fort 1460,453,48,22
kam 1521,454,55,21
man 1591,461,55,14
mir 1659,453,45,21
zu 1716,461,29,13
Hilfe, 1760,453,70,25
man 1844,461,58,13
machte 1913,453,96,21
mir 2023,453,45,20
die 1461,489,37,22
ganze 1518,497,73,20
Wäsche, 1610,489,109,26
und 1740,489,50,22
die 1810,489,37,21
Frauen 1868,489,94,21
in 1981,489,25,21
der 2026,489,42,21
Stadt 1461,525,72,22
haben 1547,526,79,21
mir 1640,526,45,20
alles 1698,525,56,21
geflickt. 1769,524,103,29
<EOS>
Auch 1886,525,70,21
hier 1970,524,50,22
im 2034,525,33,20
Dorf 1461,560,59,23
hat 1533,561,43,22
man 1589,569,57,14
mir 1660,561,44,22
schon 1718,560,74,23
oft 1806,560,36,22
geflickt 1855,560,96,28
und 1965,560,49,22
ge¬ 2028,567,38,21
strickt. 1460,598,92,21
<EOS>
Das 1571,598,47,21
müssen 1630,600,96,18
Sie 1739,597,36,21
unbedingt 1793,597,133,27
schreiben 1942,597,123,21
in 1459,633,24,21
Ihrem 1494,634,78,20
Bericht, 1583,633,104,26
daß 1699,633,46,21
wir 1755,633,42,21
die 1807,633,36,21
Hilfe 1855,632,64,22
so 1928,640,25,14
estimie- 1963,632,102,22
ren 1460,676,39,15
und 1520,670,48,20
von 1588,676,49,14
Herzen 1657,669,92,21
dankbar 1769,669,110,21
sind 1897,669,53,20
dafür!» 1970,668,95,21
<EOS>
<EOP>
Nur 1536,765,57,25
drei 1609,764,57,26
Stunden 1687,764,127,26
geschlafen 1831,764,158,34
Pünktlich 1489,820,129,22
zur 1647,828,42,14
abgemachten 1718,820,173,28
Zeit, 1919,820,57,26
nach 2002,821,62,21
Marktschluß, 1458,857,173,25
stellte 1641,857,79,20
ich 1729,856,37,21
mich 1773,856,63,21
der 1847,856,40,21
jungen 1895,856,90,28
Gärt¬ 1995,856,68,21
nersfrau 1458,893,107,21
vor 1580,900,41,14
beim 1635,892,63,22
Gemüsestand. 1710,892,181,22
<EOS>
Unglaublich 1904,892,159,27
flink 1460,929,56,21
und 1535,929,47,20
geschickt 1600,928,121,29
und 1739,928,49,21
angriffig 1807,928,109,28
räumt 1933,930,80,19
sie 2031,928,32,21
zusammen, 1458,972,146,18
und 1619,964,49,22
dann 1683,964,65,22
darf 1763,964,52,21
ich 1829,964,38,22
mit 1880,964,45,22
ihr 1939,964,37,21
heim¬ 1990,964,72,21
fahren 1457,1001,83,21
aufs 1552,1001,52,21
Land 1617,1000,66,21
hinaus. 1695,1000,91,21
<EOS>
Ja, 1801,1000,38,25
auch 1852,1000,61,21
sie 1924,1000,32,20
sei 1967,1000,32,21
sehr 2010,1000,53,21
froh 1457,1037,53,21
über 1518,1037,58,20
den 1585,1036,46,21
Flickdienst 1641,1036,145,21
der 1796,1035,40,22
Bäuerinnenhilfe. 1846,1035,216,22
<EOS>
«Wenn 1461,1073,87,21
wir 1563,1072,42,22
ihn 1621,1072,41,21
nicht 1678,1072,66,21
hätten, 1760,1072,93,25
müßten 1869,1072,101,21
wir 1981,1072,43,21
in 2039,1072,23,21
zerissenen 1457,1109,131,21
Kleidern 1605,1108,113,21
herumlaufen, 1732,1107,174,27
und 1921,1107,50,22
meine 1985,1107,77,22
Kinder 1458,1145,91,21
daheim 1567,1144,95,22
hätten 1679,1144,85,21
kein 1781,1144,55,21
ganzes 1853,1151,84,21
Schürzli 1957,1143,105,22
mehr. 1456,1181,74,20
<EOS>
Ich 1552,1180,41,21
komme 1612,1180,96,21
unmöglich 1727,1179,137,28
zum 1883,1188,54,13
Flicken. 1957,1180,104,21
<EOS>
Der 1458,1217,47,20
Mann 1516,1216,72,21
ist 1599,1216,32,21
im 1642,1216,32,21
Dienst, 1687,1216,91,25
und 1791,1216,48,20
es 1852,1223,23,13
ist 1886,1216,31,20
so 1928,1223,25,13
schwer, 1965,1216,96,24
eine 1456,1252,51,21
Aushilfe 1521,1252,107,21
zu 1643,1260,28,13
bekommen 1685,1252,143,21
für 1842,1251,38,21
unsere 1892,1258,84,15
Gärt¬ 1992,1251,70,21
nerei. 1456,1288,71,21
<EOS>
Gottlob 1542,1288,99,21
ist 1651,1288,31,21
ein 1692,1288,37,21
Vetter 1737,1288,85,20
gekommen; 1831,1287,153,28
sonst 1995,1290,67,18
weiß 1455,1323,60,22
ich 1532,1324,36,21
wahrhaftig 1580,1323,145,28
nicht, 1737,1323,72,26
wie 1828,1323,41,21
ich's 1881,1322,59,22
so 1952,1330,26,15
allein 1991,1322,70,22
gemacht 1455,1360,111,28
hätte 1583,1360,68,21
mit 1670,1359,45,22
all 1737,1360,29,20
der 1789,1359,41,21
vielen 1849,1358,76,22
Sommer¬ 1944,1358,118,22
arbeit. 1455,1396,84,21
<EOS>
Man 1560,1395,57,22
kommt 1632,1396,93,20
kaum 1739,1396,74,20
mehr 1827,1395,67,21
ins 1906,1394,35,22
Bett; 1956,1394,68,26
es 2038,1402,24,14
war 1455,1440,50,13
heute 1520,1433,71,20
auch 1606,1432,61,21
halb 1680,1432,56,21
ein 1754,1431,37,21
Uhr, 1804,1431,56,25
und 1881,1431,49,20
um 1949,1438,41,14
halb 2006,1431,55,21
vier 1455,1468,50,21
Uhr 1519,1468,49,21
schon 1579,1467,74,22
wieder 1664,1467,86,21
auf! 1762,1467,51,21
<EOS>
Es 1488,1504,30,21
tut 1533,1507,38,18
mir 1585,1504,45,21
oft 1644,1503,36,22
weh, 1692,1503,59,25
daß 1767,1503,47,21
ich 1828,1503,38,21
so 1880,1510,25,14
gar 1919,1510,41,20
nie 1973,1503,38,21
bei 2024,1503,38,21
den 1457,1540,46,21
Kindern 1518,1539,108,22
sein 1642,1539,50,21
kann, 1706,1538,72,27
keine 1794,1538,69,22
zehn 1878,1539,59,21
Minuten 1954,1538,108,22
im 1455,1576,33,21
Tag. 1506,1576,56,28
<EOS>
Nicht 1582,1576,72,21
einmal 1672,1575,86,22
waschen 1776,1575,109,21
und 1903,1575,49,20
richten 1969,1575,93,21
kann 1456,1612,64,21
ich 1532,1611,38,22
sie, 1582,1611,39,26
und 1635,1611,49,21
sie 1696,1611,32,21
sind 1741,1611,52,21
doch 1806,1611,61,21
noch 1879,1610,62,22
so 1952,1618,26,14
klein. 1991,1610,70,22
<EOS>
Ich 1457,1648,42,21
sehe 1514,1648,54,21
sie 1584,1648,32,21
sozusagen 1632,1654,130,21
nie, 1778,1647,44,26
und 1839,1647,50,21
immer 1904,1647,85,21
muß 2004,1647,57,20
ich 1455,1684,39,21
sie 1505,1684,32,20
abweisen 1549,1683,117,21
und 1678,1683,49,21
fortschicken. 1739,1682,168,22
<EOS>
Aber 1919,1682,64,21
wenn 1993,1690,69,13
ich 1455,1720,39,21
nur 1506,1727,45,14
weiß, 1563,1719,68,25
daß 1645,1719,47,21
sie 1706,1719,31,21
da 1752,1719,29,20
sind, 1794,1718,61,25
auch 1869,1718,61,21
wenn 1945,1726,67,13
ich 2024,1718,38,21
sie 1456,1756,32,20
nur 1500,1763,45,13
schlafend 1556,1754,123,22
im 1691,1754,33,21
Bett 1737,1754,56,21
sehe 1805,1754,54,21
nachts! 1871,1753,96,22
<EOS>
Durch 1981,1754,81,21
den 1457,1792,46,21
Flickdienst 1512,1791,147,21
kann 1667,1791,65,21
man 1741,1797,56,14
anständiger 1806,1790,154,27
herum¬ 1969,1790,93,21
laufen 1456,1827,80,21
und 1549,1827,49,20
die 1611,1826,37,21
Kleider 1662,1826,97,21
viel 1770,1825,47,22
besser 1829,1826,79,21
ausnützen. 1920,1828,141,19
<EOS>
Bei 1458,1863,41,21
uns 1510,1870,44,14
in 1566,1863,25,21
der 1603,1863,40,21
Gärtnerei 1658,1862,123,22
verbrennt 1793,1862,130,21
eben 1935,1861,59,21
alles 2006,1861,56,21
in 1456,1899,25,20
Sonne 1492,1898,79,22
und 1580,1899,49,20
Schweiß 1642,1897,106,22
; 1755,1906,4,18
drum 1771,1897,70,22
gebe 1850,1897,58,28
ich 1918,1897,38,22
manch¬ 1965,1897,97,21
mal 1457,1935,48,21
von 1529,1942,47,14
mir 1600,1934,46,22
ein 1670,1934,37,22
verbranntes 1731,1934,157,21
Kleid 1914,1933,70,21
zum 2008,1941,55,12
Flicken, 1460,1971,103,25
und 1588,1970,49,21
vom 1662,1978,57,13
Mann 1742,1969,73,22
die 1840,1969,37,22
verbrannten 1901,1969,161,22
Hemden. 1460,2007,116,21
<EOS>
Schon 1592,2006,78,22
im 1679,2006,33,21
letzten 1720,2006,88,21
Sommer 1818,2005,108,21
haben 1934,2005,78,21
mir 2018,2004,45,21
die 1459,2043,36,21
Frauen 1508,2043,93,21
vom 1613,2049,57,14
Flickdienst 1681,2041,146,22
neue 1838,2048,60,14
Bücken 1912,2041,98,21
ge¬ 2024,2047,38,21
macht 1458,2079,82,21
bei 1552,2079,37,20
den 1601,2079,46,20
Hemden, 1657,2078,117,25
und 1787,2077,50,21
heuer 1849,2077,72,21
neue 1930,2084,60,14
Kra¬ 2000,2076,59,22
gen 1458,2123,45,20
und 1515,2115,49,21
Göller. 1575,2114,86,21
<EOS>
Nun 1676,2113,55,22
tun 1745,2118,42,16
sie's 1798,2113,53,21
wieder 1862,2113,84,21
lang 1954,2112,56,28
für 2023,2112,40,22
meinen 1459,2151,94,21
Mann. 1573,2151,81,21
<EOS>
Ich 1681,2150,41,21
muß 1742,2150,58,21
schon 1818,2150,73,21
sagen: 1908,2156,82,21
Der 2016,2149,47,21
Flickdienst 1461,2186,145,21
ist 1617,2186,31,21
mir 1660,2185,45,21
wirklich 1716,2185,107,21
eine 1835,2184,51,22
große 1895,2184,71,27
Hilfe.» 1977,2184,86,21
<EOS>
<EOP>
Eine 1549,2279,69,26
Angestelltenfrau 1636,2278,256,36
vom 1909,2288,66,17
<EOS>
<EOP>
Lande 1653,2322,95,26
erzählt 1768,2320,106,27
«Ja, 1494,2379,50,26
wahrhaftig, 1554,2378,152,28
meine 1716,2377,76,22
Frauen 1802,2378,93,21
sind 1902,2377,53,22
herzlich 1964,2377,103,21
froh 1462,2416,51,21
über 1523,2416,57,20
den 1589,2416,46,20
Flickdienst 1644,2414,146,22
der 1799,2414,41,21
Bäuerinnenhilfe. 1849,2412,217,23
<EOS>
So 1462,2451,30,21
oft 1502,2451,35,21
wagen 1547,2458,81,21
sie 1637,2451,32,21
es 1678,2458,23,13
nicht, 1710,2450,74,26
auch 1794,2449,62,22
ein 1864,2449,38,22
paar 1911,2456,58,21
Stücke 1979,2449,89,21
ihrer 1461,2488,62,20
eigenen 1535,2488,97,27
Wäsche 1642,2487,101,21
beizulegen. 1754,2486,145,27
<EOS>
Immer 1913,2485,87,21
den¬ 2012,2485,56,20
ken 1461,2524,47,20
sie 1516,2522,32,22
zuerst 1558,2526,79,17
an 1646,2530,30,13
Mann 1687,2522,72,21
und 1769,2521,49,22
Kinder. 1828,2521,98,22
<EOS>
Wenn 1937,2521,76,21
nur 2023,2527,45,14
der 1462,2559,41,21
Mann 1520,2559,73,21
alles 1610,2559,56,20
hat, 1684,2558,50,25
wenn 1751,2565,70,14
nur 1837,2565,45,13
für 1900,2556,37,22
ihn 1953,2556,42,21
alles 2013,2556,55,21
parat 1462,2598,70,25
ist, 1541,2594,38,26
damit 1590,2594,77,21
es 1676,2602,23,13
keine 1709,2593,68,22
Vorwürfe 1786,2593,123,22
gibt! 1919,2592,61,28
<EOS>
Drum 1992,2592,77,21
sind 1462,2631,54,21
es 1525,2638,23,14
immer 1558,2631,84,20
wieder 1650,2630,87,21
Männersocken 1746,2629,187,21
und 1943,2629,49,20
Män¬ 2002,2628,66,21
nerhemden, 1462,2666,153,26
die 1632,2665,37,21
in 1683,2665,24,21
sämtlichen 1722,2665,142,21
Flicksäcken 1875,2664,154,22
zu 2041,2671,29,14
finden 1463,2702,80,21
sind. 1554,2702,61,21
<EOS>
Wir 1493,2737,50,21
haben 1561,2736,80,22
da 1659,2736,31,22
Frauen, 1709,2736,100,25
die 1830,2736,37,21
wirklich 1886,2736,106,21
ganz 2010,2742,59,21
unerhört 1465,2773,113,21
schaffen 1600,2772,106,21
müssen; 1728,2775,106,22
man 1858,2779,56,13
kann 1935,2771,66,20
fast 2022,2770,48,21
<EOS>
<EOP>
