2310,3104
sind 170,243,62,27
für 241,243,45,25
zahllose 295,243,119,26
Schweizer 427,243,151,26
Frauen 588,244,110,27
das 710,245,49,24
selbstverständliche 770,244,293,26
Festtagskleid 1074,243,203,35
geworden. 1289,243,153,35
<EOS>
Wenn 1455,242,90,26
vor 1556,251,50,16
wenigen 169,299,126,35
Jahren 312,299,105,27
eine 431,299,59,28
Trächtenfrau 505,300,204,26
in 722,299,28,27
die 765,300,44,26
Stadt 826,300,82,26
kam, 923,301,74,31
drehten 1013,301,118,25
alle 1146,300,50,26
Leute 1211,300,87,25
die 1313,299,43,26
Köpfe 1372,299,92,34
nach 1478,298,71,25
ihr 1563,297,43,26
um; 170,365,61,23
heute 248,356,85,26
fällt 349,356,62,26
sie 427,355,37,27
nur 480,366,53,16
noch 548,356,72,27
auf, 636,356,56,33
wenn 709,366,80,18
sie 805,356,37,27
aus 859,366,49,17
einer 925,356,73,27
fernen 1013,356,97,28
Gegend 1129,356,112,35
kommt. 1256,356,118,26
<EOS>
Aber 1393,355,73,26
sogar 1483,363,79,26
in 1576,353,30,26
den 171,411,54,27
Städten 243,411,120,28
selbst 378,412,86,26
haben 479,412,93,27
die 588,412,43,27
Trachten 647,413,140,26
Hausrecht 803,413,158,26
gefunden; 981,413,153,34
gerade 1155,412,99,35
Basel 1271,411,81,27
bietet 1372,411,87,27
hier 1478,411,59,25
das 1556,410,49,26
erstaunlichste 171,468,213,26
Beispiel. 403,468,128,35
<EOS>
<EOP>
Was 260,524,67,27
bei 342,525,44,26
den 401,525,54,28
Trachten 470,526,140,27
möglich 624,525,121,35
ist, 759,526,44,33
wird 820,526,67,26
auch 903,526,72,26
im 989,525,38,26
bäuerlichen 1042,525,178,28
Handwerk 1236,525,160,26
morgen 1411,534,114,25
Tat¬ 1540,524,64,26
sache 172,582,81,26
sein. 268,582,65,26
<EOS>
Es 350,582,35,26
ist 399,581,36,26
ein 449,582,44,26
großer 506,583,99,33
Irrtum, 617,583,113,32
zu 744,593,34,15
glauben, 790,583,128,34
daß 933,583,54,26
beispielsweise 1000,582,209,34
die 1221,582,43,26
Hypothekarverschul¬ 1278,581,326,35
dung 172,638,76,34
die 266,638,43,26
Volkskunst 327,638,173,27
getötet 517,643,108,30
hätte. 642,639,89,26
<EOS>
Gewiß 752,639,95,26
gab 865,639,53,35
es 936,649,27,16
früher 980,639,94,26
weniger 1091,638,119,35
bäuerliche 1227,638,157,27
Schuldbriefe, 1405,638,199,32
aber 172,694,66,27
dafür 252,694,82,27
war 347,704,57,17
die 418,694,43,27
Armut 476,695,101,26
größer. 592,696,106,34
<EOS>
Im 716,696,41,25
allgemeinen 771,695,182,35
haben 967,696,92,25
unsere 1073,705,97,18
Bauern 1185,695,111,26
mit 1310,695,51,26
den 1377,695,53,26
aufgenom¬ 1444,695,160,34
menen 172,761,101,18
Geldern 293,751,118,26
ihre 428,751,59,26
Betriebe 506,752,128,26
verbessert. 652,752,164,26
<EOS>
Die 837,752,50,26
Schuldzedel 908,752,182,26
sind 1107,751,61,26
Begleiterscheinungen 1188,751,326,35
einer 1532,750,73,26
trotz 171,813,75,20
allem 268,808,81,25
wirtschaftlich 370,807,213,27
fortgeschritteneren 603,808,294,34
und 919,809,56,25
blühenderen 997,808,191,28
Landwirtschaft. 1209,807,246,27
<EOS>
Darüber 1479,807,126,26
kann 171,864,77,27
im 263,864,38,26
Ernste 318,864,101,28
kein 434,864,66,27
Zweifel 515,864,110,27
sein. 640,864,66,27
<EOS>
Wohl 723,864,83,27
aber 821,865,66,26
haben 903,864,92,27
die 1010,864,43,27
billigen 1069,864,113,35
Massenerzeugnisse 1197,864,283,35
der 1497,864,47,26
In¬ 1562,864,42,26
dustrie 173,920,105,27
das 296,920,49,27
alte 363,921,56,26
Handwerk 439,921,160,27
untergraben. 616,921,196,35
<EOS>
Dazu 833,921,78,26
kommen 929,921,133,27
die 1079,921,43,26
vielen 1139,921,91,27
neuen 1247,930,91,18
Bedürfnisse, 1356,920,187,33
die 1562,920,42,27
man 172,986,67,17
auch 257,977,73,26
auf 350,977,47,26
dem 417,977,63,26
Lande 500,978,95,27
befriedigen 615,977,170,35
möchte. 803,978,121,25
<EOS>
Außerdem 945,977,159,26
wirken 1124,978,104,27
gewisse 1248,977,110,35
psychologische 1378,976,227,36
Einflüsse 174,1033,137,27
mit. 320,1033,60,26
<EOS>
Man 393,1034,65,25
möchte 468,1034,111,26
es 590,1044,27,16
der 628,1035,48,25
Stadt 688,1034,82,26
gleichtun, 780,1034,150,34
man 940,1043,66,18
schämt 1013,1034,110,26
sich 1131,1034,58,26
seiner 1197,1034,87,27
«Bodenständigkeit», 1296,1033,308,35
die 173,1090,43,26
man 232,1100,65,16
als 314,1091,39,25
altvaterische 370,1091,197,26
Rückständigkeit 584,1091,255,34
auffaßt, 855,1091,120,33
und 992,1091,58,27
wandelt 1064,1091,122,27
sich 1202,1091,58,27
im 1275,1091,38,26
Zeichen 1330,1091,117,27
des 1463,1091,47,27
Fort¬ 1527,1091,77,26
schrittes 173,1146,128,27
zum 315,1157,63,16
ländlichen 390,1146,159,28
Proletarier. 562,1147,174,26
<EOS>
Hier 752,1147,66,26
gilt 831,1147,50,35
es 893,1157,27,16
für 934,1147,43,26
die 991,1147,42,26
verantwortliche 1046,1147,243,28
bäuerliche 1302,1148,158,26
Führung 1473,1148,133,34
einzusetzen 173,1202,175,27
und 359,1203,58,28
ein 429,1203,44,28
anderes 484,1204,115,26
Bild 612,1204,63,26
des 687,1204,47,26
richtigen 745,1203,137,36
ländlichen 892,1204,160,27
Lebens 1063,1204,106,26
in 1181,1205,26,26
die 1222,1205,42,26
Gemüter 1279,1205,133,26
zu 1422,1215,35,16
pflanzen. 1468,1205,136,35
<EOS>
<EOP>
Das 263,1259,57,26
ist 333,1259,36,26
der 384,1260,48,25
Sinn 448,1259,68,28
der 529,1260,48,26
bäuerlich 590,1260,142,26
kulturellen 746,1261,168,25
Arbeit, 928,1260,106,33
wie 1048,1261,51,26
sie 1113,1261,37,26
in 1163,1261,29,26
aller 1207,1262,66,25
Stille, 1289,1261,85,33
aber 1389,1262,66,25
auch 1469,1262,72,25
mit 1554,1261,52,25
aller 173,1316,65,26
Kraft 258,1316,85,25
seit 362,1316,51,26
Jahren 434,1316,105,26
geleistet 558,1317,126,33
wird 702,1317,68,26
und 789,1317,58,26
wie 864,1317,51,26
sie 935,1317,36,26
in 990,1317,29,28
der 1037,1317,48,27
Schweiz. 1107,1317,128,27
<EOS>
Landesausstellung, 1256,1317,292,34
im 1567,1317,39,26
Dörfli, 174,1372,95,33
am 283,1382,45,17
Eidg. 341,1372,79,35
<EOS>
Trachtenfest 434,1372,195,28
sich 642,1373,58,27
vor 711,1383,50,17
aller 773,1373,66,27
Augen 851,1373,98,35
so 961,1383,29,17
schön 1003,1373,86,28
und 1101,1374,56,27
reich 1169,1373,76,27
entfaltet 1256,1374,132,27
hat. 1400,1374,58,26
<EOS>
<EOP>
Auch 262,1428,80,27
in 354,1429,29,27
den 395,1430,54,27
Städten 464,1429,119,27
vergehen 595,1430,138,35
die 747,1430,42,26
Kunstformen, 803,1430,213,32
aber 1030,1431,66,25
die 1109,1430,43,27
Kunst 1167,1431,94,27
selbst 1273,1431,86,26
lebt 1371,1431,58,26
weiter 1441,1431,95,26
und 1548,1432,57,26
blüht 172,1486,82,25
nach 268,1486,72,26
Zeiten 355,1486,95,27
scheinbaren 464,1486,182,27
Niederganges 661,1486,204,35
um 880,1496,47,16
so 941,1496,28,17
kräftiger 984,1487,134,34
wieder 1132,1487,100,26
auf. 1242,1488,56,25
<EOS>
Der 1315,1488,55,25
Trieb, 1381,1488,91,32
Schönes 1485,1488,120,26
zu 172,1553,34,15
schaffen, 222,1542,133,33
ist 371,1542,37,27
nicht 424,1543,78,26
nur 519,1553,52,16
dem 588,1543,63,26
Bildungsmenschen 668,1543,287,34
eigen; 972,1543,90,34
er 1080,1554,27,15
wirkt 1124,1543,81,27
auch 1222,1543,72,27
im 1310,1543,38,26
Landmann 1364,1544,168,27
und 1548,1544,57,27
wird 172,1599,68,26
unter 255,1604,82,22
rechter 351,1599,109,27
Leitung 474,1599,120,35
zu 608,1610,34,16
neuer 658,1610,84,16
Entfaltung 757,1599,170,35
gedeihen. 944,1599,141,35
<EOS>
Wie 1104,1599,59,27
anders 1181,1600,99,27
sollte 1299,1600,79,26
man 1392,1610,67,17
sonst 1476,1606,77,20
an 1570,1610,36,16
das 172,1656,49,26
unvergängliche 235,1655,232,36
geistige 482,1656,113,35
und 609,1656,56,26
seelische 679,1656,129,26
Leben 822,1656,93,26
unseres 928,1666,111,16
Volkes 1053,1656,100,26
glauben 1168,1657,120,35
können! 1300,1657,124,26
<EOS>
<EOP>
Dr. 1377,1731,41,22
<EOS>
Ernst 1431,1732,71,21
Law 1512,1732,64,21
<EOS>
<EOP>
Als 975,2338,42,21
eigentliche 1028,2338,139,27
Spitzenleistung 1179,2337,201,28
hat 1390,2337,43,21
von 1443,2345,47,14
jeher 1499,2338,66,28
die 1574,2338,37,21
Appenzeller 1621,2338,155,28
Kastenmalerei 1787,2338,189,21
in 1986,2338,24,21
hohem 979,2373,87,21
Ansehen 1082,2372,111,22
gestanden. 1209,2373,139,27
<EOS>
Dieser 1366,2372,82,22
Schrank 1465,2372,107,22
aus 1588,2381,42,13
dem 1648,2374,54,20
Jahre 1720,2373,72,21
1831 1808,2373,58,21
wirkt 1884,2373,70,21
an¬ 1970,2380,42,14
sprechend 979,2409,131,27
in 1122,2408,24,22
seiner 1157,2409,75,21
Schlichtheit. 1245,2408,163,22
<EOS>
In 1422,2408,28,21
der 1462,2409,41,21
ersten 1514,2412,78,18
Hälfte 1604,2409,83,21
des 1698,2409,40,21
XIX. 1749,2409,70,21
<EOS>
Jahrhunderts 1834,2409,177,21
hat 979,2444,43,21
die 1031,2444,37,21
Appenzeller 1074,2443,156,29
Kastenmalerei 1239,2443,189,22
ihren 1437,2444,67,21
Höhepunkt 1512,2444,149,28
erreicht. 1668,2444,107,22
<EOS>
Etwas 1785,2445,80,20
Festliches, 1874,2444,136,26
Frohes 980,2480,88,21
und 1080,2480,49,21
vor 1141,2488,43,13
allem 1196,2480,68,21
etwas 1278,2484,72,17
Beines 1365,2480,84,22
geht 1462,2481,57,27
von 1531,2488,47,14
dieser 1591,2481,75,21
Kunst 1678,2480,81,22
aus. 1771,2488,49,14
<EOS>
Sie 1836,2480,38,22
verbindet 1886,2480,127,21
das 980,2516,41,21
Liebenswert-Naive 1031,2515,248,22
mit 1288,2516,45,21
dem 1340,2516,54,21
romantischen 1400,2516,178,21
Element, 1586,2516,117,27
zeigt 1711,2516,61,28
eine 1780,2516,50,21
schöpferische 1837,2516,174,28
Unbekümmertheit 980,2551,243,22
allem 1235,2552,71,21
Dagewesenen 1318,2552,176,28
gegenüber 1505,2553,133,27
und 1651,2553,49,20
mischt 1712,2552,87,21
die 1813,2552,36,21
Farben 1863,2552,93,21
mit 1967,2552,45,20
der 980,2587,40,21
höchsten 1030,2587,116,22
Qualitätsempfindung. 1160,2587,284,28
<EOS>
Wir 1455,2587,50,22
kennen 1515,2588,94,21
den 1619,2588,46,21
Maler 1675,2587,73,22
nicht, 1757,2587,74,26
aber 1843,2587,57,22
wenn 1909,2595,68,14
es 1988,2595,23,14
auch 980,2623,61,21
nie 1052,2623,38,21
gelingen 1102,2623,107,28
sollte, 1221,2623,76,25
diesen 1311,2623,79,21
«Malerpoeten» 1405,2623,187,28
zu 1603,2631,29,13
finden, 1643,2623,88,25
die 1746,2623,35,21
gelben 1794,2623,84,28
Vögelein, 1889,2622,121,29
die 980,2659,36,21
er 1031,2666,23,14
in 1068,2659,24,21
seinem 1107,2659,88,22
Bankenwerk 1210,2659,166,21
singen 1389,2659,83,27
läßt, 1485,2659,59,26
werden 1559,2659,94,22
immerfort 1666,2659,134,22
das 1814,2659,42,22
Lob 1871,2659,50,22
seiner 1935,2659,76,21
beglückenden 979,2694,178,28
Begabung 1172,2695,131,28
verkünden. 1317,2695,146,21
<EOS>
<EOP>
Alle 1187,2769,42,17
farbigen 1240,2769,91,21
Wiedergaben 1337,2769,147,21
zum 1494,2775,46,11
Thema: 1549,2769,87,17
Ostschweizerische 1648,2769,199,17
Bauernkunst, 1859,2769,153,21
betreffen 1186,2796,99,16
Stücke, 1300,2795,82,21
welche 1402,2796,75,16
in 1493,2795,21,17
der 1528,2795,36,17
Ausstellung 1578,2795,132,20
Schweizer 1725,2794,111,18
Volkskunst 1847,2795,128,17
in 1991,2794,21,17
der 1187,2821,35,17
Kunsthalle 1233,2821,120,17
Basel 1361,2821,58,17
vom 1428,2826,48,12
21. 1485,2821,31,17
<EOS>
Juni 1527,2821,49,17
bis 1586,2821,30,17
21. 1626,2821,29,17
<EOS>
September 1667,2820,120,22
1941 1795,2821,48,17
zu 1853,2826,24,11
sehen 1887,2821,60,17
sind. 1957,2820,54,18
<EOS>
<EOP>
14 113,3041,30,21
<EOS>
<EOP>
