4602,3189
M%0^ 623,1014,515,176
Vi 1145,1079,88,64
<EOS>
<EOP>
TEL** 1593,1133,261,73
€XA 3446,1135,262,127
/^ 3801,1138,42,24
"t 3405,1141,39,48
r 4045,1158,71,78
ä 284,1166,35,26
<EOS>
<EOP>
<EOS>
<EOP>
3|k 3617,1251,40,23
v 4066,1251,40,82
%• 548,1262,27,21
¦ 1444,1278,2,0
*r 1466,1267,39,18
v^ 3513,1318,32,20
<EOS>
<EOP>
*# 3635,1350,89,50
i 2410,1409,35,35
A 3142,1417,49,49
» 1940,1460,63,26
<EOS>
<EOP>
*é 2544,1421,66,40
a 2502,1426,27,26
* 3042,1426,31,35
a 1057,1434,29,26
& 2634,1438,29,32
^» 703,1453,88,37
* 2685,1454,35,24
* 2741,1455,38,31
<EOS>
<EOP>
i 3096,1485,49,63
ê> 2942,1487,50,43
* 3025,1504,42,40
à 1899,1521,56,61
aag 2817,1559,35,16
flr 1981,1549,122,65
« 1544,1554,61,95
A 1834,1553,59,56
ft**" 1523,1561,32,13
A 1775,1587,52,56
^ 547,1639,86,76
<EOS>
<EOP>
-.- 1319,1764,18,11
<EOS>
\ 4215,1766,22,120
<EOS>
<EOP>
SB 1401,2042,62,29
¦ 1968,2046,1,1
<EOS>
<EOP>
r^ 2383,2056,169,71
<EOS>
<EOP>
C 2830,2171,38,43
<EOS>
<EOP>
ap'" 3667,2256,91,36
<EOS>
<EOP>
•- 3942,2273,21,9
<EOS>
<EOP>
*T 4007,2243,65,32
<EOS>
«< 4164,2235,23,12
<EOS>
<EOP>
¦w^»- 3531,2363,65,23
<EOS>
<EOP>
,*< 1553,2454,28,15
<EOS>
<EOP>
î^ftî^'.li 2589,2464,562,130
<EOS>
"' 3221,2477,34,48
<EOS>
<EOP>
^ 4121,2555,24,13
**W 451,2582,124,50
-4* 3865,2603,49,23
/ 2830,2609,28,51
#?• 1091,2625,54,34
<EOS>
^ 1167,2632,34,23
j«îI^W» 422,2653,95,22
* 522,2659,14,11
%*** 902,2642,139,53
<EOS>
<EOP>
V 1819,2691,111,44
<EOS>
<EOP>
