2310,3104
Stadt 491,176,264,90
und 826,181,165,87
Land 1063,181,224,88
mitenand 1365,181,464,88
<EOS>
<EOP>
Klagen 1205,378,90,28
wir 1311,377,40,22
nicht, 1367,377,70,26
daß 1455,377,46,28
wir 1517,377,41,21
schwere 1573,378,95,21
Zeiten 1681,376,80,22
erleben. 1775,376,94,23
<EOS>
Diese 1887,377,70,21
geben 1970,377,69,28
uns 2055,384,44,15
mehr 1206,408,61,20
als 1282,408,35,20
andere 1333,408,82,20
Gelegenheit, 1425,407,148,28
Bestes 1591,407,78,21
und 1685,407,48,21
Kostbarstes 1748,407,144,21
einzusetzen 1908,406,139,22
für 2059,407,39,27
unsere 1207,445,80,14
Mitmenschen 1302,438,170,21
und 1488,438,49,20
für 1550,438,39,27
unser 1605,445,68,13
liebes 1689,437,64,21
Heimatland. 1769,437,158,21
<EOS>
Gertrud 1203,475,82,17
Haemmerli-Schindler, 1294,473,237,23
Präsidentin 1539,474,130,17
des 1677,474,32,17
Frauenhilfsdienstes 1715,474,214,21
des 1938,474,32,17
Kt. 1980,474,35,17
<EOS>
Zürich 2023,474,73,17
<EOS>
<EOP>
FHD. 164,554,103,35
<EOS>
Bäuerinnenhilfe 293,554,418,34
<EOS>
<EOP>
Abteilung 268,679,153,35
Flickdienst 436,679,170,26
Als 164,754,42,21
im 218,754,33,20
Frühsommer 265,754,168,21
1940 445,754,60,20
bei 517,753,38,21
einer 568,753,63,21
Zusam¬ 643,753,98,21
menkunft 135,789,128,21
von 284,797,49,13
Vertrauensfrauen 353,788,231,22
der 605,789,41,20
Bäue¬ 665,788,76,21
rinnen 134,825,84,21
und 235,825,49,21
Städterinnen 304,824,170,22
in 483,825,24,21
Zürich 521,825,84,21
die 616,825,36,20
Bäue¬ 665,825,75,20
rinnenhilfe 134,860,142,21
besprochen 293,861,146,27
wurde, 456,861,88,25
warf 557,860,60,21
eine 636,860,51,21
der 700,860,41,21
Teilnehmerinnen 135,897,221,21
die 380,897,37,20
Frage 442,897,74,27
auf: 539,896,51,21
Wißt 614,896,68,21
ihr 704,896,37,21
denn, 135,933,70,25
ob 219,932,29,21
unsere 261,940,84,13
Bäuerinnen 357,932,151,21
diese 521,932,62,21
Hilfe 596,932,64,21
über¬ 672,932,69,21
haupt 135,968,77,28
wollen 223,968,83,21
<EOS>
Und 339,968,55,21
bald 406,968,55,20
genug 473,975,77,20
zeigte 561,968,76,27
die 649,967,37,21
Er¬ 699,967,42,20
fahrung, 135,1003,109,28
daß 257,1003,47,21
mit 316,1003,45,21
dieser 373,1003,74,21
Frage 459,1003,74,27
ein 545,1003,38,21
Kernpunkt 594,1002,146,29
der 135,1039,41,21
ganzen 186,1046,91,21
Aktion 288,1039,90,21
getroffen 389,1039,117,28
war. 516,1046,56,14
<EOS>
Einsichtige, 586,1039,153,27
warmempfindende 134,1074,243,28
Männer 387,1074,99,22
und 494,1074,50,22
Frauen 554,1075,92,21
hatten 655,1074,85,22
erkannt, 135,1112,109,24
daß 262,1111,47,20
durch 327,1111,74,21
Mobilisation 419,1110,162,22
und 597,1111,49,20
Mehr¬ 664,1111,76,20
anbau 135,1147,79,21
große 234,1146,71,27
zusätzliche 323,1146,144,22
Arbeitsbelastungen 485,1146,255,27
für 135,1183,37,20
die 182,1183,36,20
Bäuerinnen 229,1182,152,21
erwuchsen, 391,1182,144,25
die 547,1181,36,21
nicht 594,1182,66,21
allein 671,1182,69,20
auf 135,1218,40,22
ihnen 188,1218,72,22
lasten 273,1218,78,21
bleiben 364,1218,94,21
sollten. 472,1218,92,21
<EOS>
Helferwillen 581,1218,159,21
regte 134,1257,64,25
sich 207,1254,50,21
überall 266,1254,90,20
; 363,1262,4,16
wie 379,1253,41,21
aber 430,1254,57,20
konnte 495,1254,90,20
man 594,1261,56,13
diesen 660,1253,80,21
in 134,1289,23,22
die 177,1289,37,22
Tat 234,1289,45,22
umsetzen, 299,1293,129,22
wenn 449,1296,68,14
die 537,1289,36,21
Bäuerin 594,1289,103,21
in 715,1289,26,21
tapferstem 136,1325,140,28
Einsatz 292,1325,97,21
sich 406,1325,50,21
bis 470,1325,35,20
zum 522,1333,54,12
Aeußersten 592,1324,148,22
anstrengte, 135,1367,144,24
um 292,1371,42,12
allen 345,1362,61,21
Anforderungen 417,1362,198,28
aus 627,1370,42,13
eige¬ 681,1363,59,27
ner 134,1408,41,14
Kraft 195,1400,72,22
gerecht 286,1400,95,28
zu 400,1408,28,13
werden, 448,1400,101,26
ohne 570,1400,61,22
fremde 649,1400,91,22
Hilfe 135,1437,63,21
in 212,1437,24,21
Anspruch 249,1436,127,28
nehmen 389,1436,103,21
zu 505,1444,29,13
müssen 549,1438,95,20
<EOS>
<EOP>
Eine 166,1477,58,22
planmäßige 245,1477,153,28
Werbung 417,1477,123,28
versucht 560,1477,112,22
nun 693,1486,49,13
seit 135,1514,44,20
mehr 193,1513,68,21
als 274,1513,34,21
einem 323,1513,76,21
Jahr, 415,1513,67,25
den 498,1513,45,21
Gedanken 560,1513,130,21
ge¬ 704,1521,38,20
genseitiger 134,1549,141,27
Hilfe 294,1549,64,21
in 375,1549,24,21
weite 416,1549,68,21
Kreise 504,1549,81,21
zu 603,1556,29,14
tragen. 649,1553,91,23
<EOS>
In 135,1585,27,20
vielen 174,1585,77,20
bäuerlichen 262,1584,155,21
Gemeinden 430,1583,146,22
wurden 588,1585,97,21
alle 697,1585,44,21
Haushaltungen 135,1621,203,27
durch 362,1621,75,20
Merkblatt 461,1621,132,20
oder 617,1621,56,21
Zu¬ 697,1621,45,21
schrift 135,1656,85,21
darauf 247,1656,86,21
aufmerksam 359,1655,162,21
gemacht, 548,1657,117,27
daß 694,1657,47,20
dieses 134,1692,75,21
Jahr 224,1692,60,20
jede 295,1692,55,28
Schweizerin 363,1691,156,21
ihr 532,1692,35,21
Teil 580,1692,49,21
am 642,1699,39,14
An- 693,1692,49,21
bauwerk 133,1728,114,20
mittragen 276,1727,132,27
sollte, 439,1727,75,26
und 546,1727,48,21
daß 626,1727,46,21
die 704,1728,37,21
Städterin 135,1763,124,23
ohne 280,1763,61,21
eigenes 362,1762,91,29
Land 474,1763,68,21
dies 563,1764,48,20
nur 632,1770,44,14
tun 697,1767,44,18
könne, 133,1798,86,27
wenn 230,1806,70,13
ihr 310,1798,37,21
von 356,1806,48,13
der 415,1798,41,21
Bäuerin 467,1798,103,22
die 581,1799,36,21
Möglich¬ 628,1798,113,29
keit 133,1835,50,21
dazu 196,1834,61,21
geboten 269,1834,103,28
werde, 384,1834,85,25
sei 483,1834,32,22
es 528,1842,23,14
durch 565,1835,74,21
Ueber- 653,1835,88,22
lassung 133,1870,96,27
von 248,1877,48,14
Flickwäsche, 316,1869,167,27
sei 503,1870,33,21
es 555,1877,23,14
durch 599,1871,74,20
An¬ 692,1871,48,21
forderung 134,1905,128,28
einer 279,1906,64,21
Arbeitskraft 359,1905,163,22
zur 538,1913,42,14
Mithilfe 597,1906,102,22
in 715,1906,25,22
Hof 134,1941,48,22
oder 198,1941,56,22
Feld. 270,1941,64,22
<EOS>
Träger 163,1976,88,28
dieses 266,1976,74,22
Dienstes 356,1976,110,22
wie 480,1977,42,21
auch 538,1977,61,21
vieler 613,1977,72,22
an¬ 699,1985,41,14
derer 134,2012,67,21
Aktionen 224,2012,121,21
sind 369,2012,53,22
ungezählte 446,2013,142,27
freiwillige 611,2013,128,28
Helferinnen 134,2047,156,22
zu 300,2056,29,12
Stadt 341,2047,72,22
und 424,2048,49,21
Land, 484,2048,75,25
ein 572,2048,37,21
Netz 621,2048,59,22
von 691,2057,48,14
Vertrauensfrauen 132,2085,232,22
im 378,2085,33,22
ganzen 426,2093,90,20
Kanton. 533,2086,105,21
<EOS>
In 655,2086,28,21
der 699,2087,41,21
Landgemeinde 133,2120,194,28
scharen 351,2121,99,21
sich 475,2122,49,20
diese 549,2122,63,21
um 636,2129,41,14
die 702,2123,36,21
Gemeindevertreterin 135,2156,273,22
des 421,2157,40,21
Frauenhilfsdienstes, 475,2157,262,27
in 131,2192,25,21
der 168,2192,41,21
Stadt 223,2192,71,21
Zürich 306,2193,86,21
sind 404,2193,52,21
sie 468,2193,32,21
in 512,2193,25,21
den 549,2193,46,21
sogenann¬ 607,2201,131,20
ten 131,2231,42,19
Netzgruppen 196,2228,171,28
quartierweise 390,2228,176,28
zusammen¬ 590,2237,148,13
gefaßt. 132,2263,89,28
<EOS>
Nach 242,2263,69,22
Ermittlung 330,2264,148,28
der 498,2265,40,20
Familien, 558,2265,122,25
für 700,2266,39,20
die 131,2299,37,21
geflickt 190,2299,96,28
werden 306,2300,94,21
sollte, 421,2300,76,25
wird 518,2300,59,22
zuerst 597,2304,79,18
ab¬ 697,2301,41,21
geklärt, 130,2334,100,28
ob 245,2335,29,21
dies 289,2335,48,21
im 351,2335,32,21
Dorfe 396,2335,73,21
selbst 483,2335,73,22
erledigt 569,2336,99,28
wer¬ 681,2344,56,14
den 131,2371,45,20
könnte 188,2371,91,21
oder 291,2371,57,21
innerhalb 359,2371,124,21
des 497,2372,40,21
Bezirkes 550,2372,110,22
; 666,2380,5,17
falls 684,2372,53,22
dies 130,2405,49,22
nicht 198,2406,67,21
geht, 284,2406,64,28
wird 367,2407,59,20
die 445,2407,37,21
Verbindung 500,2407,157,28
nach 675,2409,62,21
Zürich 130,2441,85,22
hergestellt. 224,2442,143,28
<EOS>
Vielleicht 378,2443,125,21
ist 511,2443,32,21
da 552,2443,30,21
ein 589,2443,38,21
Pfarrer, 636,2443,99,27
der 130,2477,42,22
früher 182,2477,80,22
auf 273,2477,42,22
dem 325,2477,54,22
Lande 390,2477,82,22
amtete, 483,2482,97,22
und 592,2479,50,20
dessen 653,2479,84,21
Frau 131,2512,62,21
nun 211,2520,50,13
die 279,2513,38,20
Annahmestelle 334,2513,195,21
für 548,2514,38,20
die 605,2514,36,21
Flick¬ 660,2514,77,21
wäsche 130,2548,93,21
der 242,2548,41,21
früheren 301,2548,111,21
Gemeinde 433,2548,129,22
übernimmt, 580,2549,155,26
so 128,2590,25,14
daß 166,2582,47,22
die 228,2583,36,21
Netzgruppenhelferinnen 279,2583,319,28
des 608,2584,39,21
Quar¬ 661,2584,75,28
tiers 128,2619,57,20
ihre 197,2619,51,21
Arbeit 261,2619,84,21
im 358,2619,33,21
Pfarrhaus 406,2618,128,24
holen 548,2620,70,21
können. 631,2620,103,22
<EOS>
Sollte 129,2653,73,22
aber 218,2654,57,21
einmal 290,2655,87,20
eine 395,2655,50,21
Stadtfrau 459,2654,126,22
durch 603,2656,74,21
den 690,2657,45,20
Anblick 125,2690,104,22
der 248,2691,42,21
großen 307,2691,89,28
Löcher, 415,2691,97,26
die 533,2692,36,21
sie 588,2692,33,21
stopfen 639,2692,96,27
sollte, 126,2726,76,26
enttäuscht 217,2726,140,22
sein, 369,2726,58,27
so 440,2735,26,13
geht 478,2727,57,28
sie 548,2727,32,21
mit 592,2727,45,21
neuem 649,2736,86,13
Eifer 127,2762,64,21
und 202,2762,49,21
Mut 264,2762,54,21
hinter 329,2763,78,21
die 419,2763,37,21
Arbeit, 468,2763,92,25
wenn 572,2770,69,15
sie 653,2764,31,21
die 698,2764,36,22
mitfühlenden 125,2797,177,22
Worte 318,2798,82,21
über 415,2798,58,21
die 489,2798,36,21
große 541,2799,71,25
Arbeits¬ 627,2799,107,22
<EOS>
<EOP>
belastung 810,555,127,28
der 964,555,43,21
Bäuerin 1033,555,104,21
hört. 1163,555,63,21
<EOS>
«Dieser 1257,555,93,21
arg 1377,561,41,21
zerissene 809,591,116,21
Pullover 943,591,110,21
ist 1069,591,32,21
aus 1118,598,42,14
einer 1177,591,64,20
Familie 1258,590,98,21
mit 1373,590,44,20
drei 810,627,49,21
kleinen 876,627,95,21
Kindern. 990,626,115,22
<EOS>
Die 1125,626,43,22
Mutter 1185,626,92,21
kann 1293,627,65,20
un¬ 1374,633,43,13
möglich 809,662,104,27
flicken, 925,661,94,26
da 1034,662,29,20
sie 1077,661,31,22
Gemüse 1124,661,102,21
rüstet 1240,664,77,18
für 1329,661,38,21
die 1380,661,37,21
Konservenfabrik; 812,698,232,25
jeden 1074,698,70,28
Tag 1173,698,50,27
müssen 1250,699,96,19
aus 1375,704,42,14
dieser 810,733,76,21
Gemeinde 900,732,129,22
laut 1040,733,52,21
Vertrag 1103,733,102,27
eine 1217,733,50,21
bestimmte 1279,732,138,22
Anzahl 809,769,94,21
Wagenladungen 918,769,213,27
abgeliefert 1146,768,139,28
werden.» 1300,768,117,21
<EOS>
Oder 811,803,64,23
: 881,813,4,13
«Diese 897,804,81,22
Socken 987,803,93,23
kommen 1086,805,113,21
aus 1207,812,42,14
einem 1256,804,78,21
Haus, 1341,803,75,26
wo 809,848,36,13
sonst 858,844,67,18
ein 937,840,37,21
altes 986,840,59,22
buckliges 1058,840,121,28
Nähjümpferli 1192,839,177,29
ar¬ 1382,847,35,13
beitete; 809,875,100,27
aber 935,876,56,21
sogar 1013,883,69,21
dieses 1105,876,74,21
wird 1202,875,59,22
jetzt 1284,875,61,28
fürs 1367,875,49,22
Beerenablesen 811,912,186,21
gebraucht.» 1013,912,154,27
<EOS>
Und: 1182,912,66,21
«Sicher 1267,911,93,21
hat 1375,911,41,20
diese 811,947,63,21
Mutter 901,947,90,22
einer 1019,947,63,22
großen 1108,947,89,28
Familie 1225,947,98,21
ihren 1350,947,66,20
Wäschesack 809,983,160,20
nur 982,991,44,12
mit 1038,983,45,20
Ueberwindung 1096,983,193,26
gegeben; 1301,982,114,27
aber 810,1019,57,20
zu 876,1026,29,13
ihren 916,1018,66,22
großen 993,1019,88,27
sonstigen 1092,1019,121,27
Pflichten 1225,1018,117,21
sorgt 1352,1021,64,24
sie 809,1054,33,21
noch 860,1054,62,21
für 940,1054,38,20
die 996,1054,36,21
alte 1051,1054,47,21
kindische 1117,1054,123,21
Großmutter 1261,1053,156,21
und 809,1090,50,21
hat 870,1090,44,21
nie 926,1090,38,21
eine 976,1090,50,21
ungestörte 1041,1091,138,27
Nacht.» 1193,1090,102,21
<EOS>
In 840,1126,28,20
einer 881,1125,63,21
zürcherischen 953,1125,180,21
Bauerngemeinde 1145,1124,216,29
will 1371,1124,47,22
es 809,1168,24,15
der 845,1162,41,20
Zufall, 898,1161,84,25
daß 994,1161,46,21
alle 1053,1162,43,21
drei 1107,1161,49,21
Pfarrer 1166,1160,93,22
in 1268,1161,24,20
die 1300,1161,37,20
Stadt 1346,1160,71,21
berufen 809,1196,99,22
worden 928,1197,96,21
sind, 1045,1197,60,26
und 1126,1197,50,21
die 1194,1196,36,22
Frauen 1248,1196,93,22
jenes 1352,1196,64,27
Quartiers 814,1233,122,26
haben 961,1233,79,21
sich 1065,1233,49,21
in 1140,1233,23,20
spontaner 1188,1236,131,24
Hilfs¬ 1345,1232,72,21
bereitschaft 809,1268,156,21
sofort 980,1268,75,21
für 1068,1268,39,21
die 1122,1268,36,21
Flickhilfe 1174,1268,124,21
der 1312,1268,41,21
drei 1367,1267,50,22
betreffenden 809,1304,164,21
Dörfer 984,1304,84,21
zur 1077,1312,42,13
Verfügung 1127,1304,140,27
gestellt. 1277,1303,101,28
<EOS>
— 1388,1315,30,2
<EOS>
<EOP>
Aus 810,1340,50,21
dem 872,1340,54,21
Amt 938,1339,58,22
drüben 1008,1339,91,22
wurde 1110,1339,80,22
dem 1202,1339,55,22
Sekretariat 1270,1339,147,22
des 810,1376,41,21
FHD. 865,1375,75,21
<EOS>
gemeldet, 953,1376,125,27
ein 1093,1376,37,21
Milchmann 1146,1376,144,20
fahre 1304,1375,66,21
re¬ 1383,1383,34,13
gelmäßig 809,1411,119,28
in 939,1411,24,22
ein 975,1411,36,22
gewisses 1022,1411,107,28
Quartier 1146,1411,110,27
und 1267,1411,49,21
könnte 1327,1411,90,21
die 812,1447,36,21
Flieksäckli 864,1447,140,21
mitnehmen. 1018,1447,155,21
<EOS>
Die 1190,1447,43,21
Netzgruppen 1247,1446,170,28
dort 812,1483,54,20
übernahmen 884,1483,165,21
dieses 1068,1483,74,21
Dorf, 1162,1483,67,24
und 1248,1483,50,20
manche 1317,1483,100,20
Frau, 812,1518,69,25
die 897,1518,36,21
früher 947,1518,80,21
ihren 1040,1518,67,21
Milchkrug 1120,1518,134,27
zum 1266,1525,55,13
Füllen 1335,1517,82,21
ins 810,1554,36,21
Milehkästli 864,1554,144,21
stellte, 1024,1554,86,25
geht 1128,1554,56,28
nun 1199,1561,50,14
selbst 1265,1554,74,21
beim 1354,1553,63,21
Kommen 812,1589,120,21
des 940,1590,40,20
Milchmanns 989,1589,157,21
an 1154,1597,31,13
die 1193,1589,36,21
Haustüre 1239,1589,121,21
und 1368,1589,49,21
läßt 809,1626,53,21
sich 871,1626,50,21
erzählen, 930,1626,116,25
wann 1054,1632,71,14
die 1133,1625,36,21
nächste 1178,1625,99,21
Flicksack¬ 1284,1625,133,21
ablieferung 810,1661,148,27
im 986,1661,32,20
Kirchgemeindehaus 1041,1660,260,28
erfolgt. 1323,1660,93,27
<EOS>
Oder 842,1697,63,21
aus 914,1704,42,14
einer 966,1697,63,21
Fabrik 1039,1697,88,20
ganz 1136,1703,59,21
an 1205,1703,30,14
der 1245,1697,41,20
Kantons¬ 1295,1696,123,21
grenze 810,1740,84,20
drüben 914,1732,91,21
werden 1021,1732,95,21
wöchentlich 1135,1732,158,21
die 1312,1732,38,21
fer¬ 1372,1731,45,22
tigen 809,1769,66,27
Seidenstoifballen 890,1768,223,21
per 1126,1775,42,21
Auto 1179,1768,65,20
nach 1257,1768,62,21
Zürich 1332,1768,86,21
gebracht. 810,1804,122,27
<EOS>
Kein 946,1803,62,22
Liter 1020,1803,65,22
Benzin 1097,1803,90,22
darf 1199,1803,52,22
unnütz 1262,1806,93,19
ver¬ 1366,1810,51,15
braucht 809,1839,104,22
werden; 926,1840,105,24
so 1046,1847,26,13
wurde 1085,1839,83,21
eine 1183,1839,51,21
Gruppe 1251,1838,96,29
Hel¬ 1362,1839,56,21
ferinnen 809,1875,110,22
gesucht, 936,1875,106,27
die 1062,1875,37,21
an 1118,1882,29,14
der 1166,1875,41,21
Fahrroute 1226,1875,132,21
des 1377,1875,39,21
Lastwagens 810,1911,154,27
eine 981,1910,51,21
Annahmestelle 1047,1910,195,21
für 1258,1910,39,21
die 1312,1910,37,21
dor¬ 1365,1911,53,20
tige 809,1946,49,28
Flickwäsche 870,1946,160,21
errichteten. 1043,1946,151,21
<EOS>
Denn 841,1982,68,20
die 921,1981,37,21
Frage 970,1982,75,27
des 1057,1982,39,20
Transportes 1108,1981,157,28
ist 1277,1981,31,21
wichtig 1319,1981,96,28
und 809,2018,49,20
muß 873,2017,57,21
billig 947,2017,65,28
gelöst 1027,2017,75,28
werden. 1118,2018,100,20
<EOS>
Alle 1234,2017,52,21
Möglich¬ 1303,2017,112,28
keiten 809,2052,80,22
werden 899,2052,94,21
benützt, 1004,2053,109,25
sei 1124,2052,33,21
es, 1168,2060,30,18
daß 1211,2052,46,21
ein 1270,2052,36,21
Migros- 1318,2052,97,28
chauffeur 809,2089,123,21
die 944,2088,36,21
Säckli 996,2087,78,22
mitnimmt 1086,2088,134,21
und 1233,2089,50,20
irgendwo 1294,2088,120,28
auf 808,2123,41,22
dem 863,2124,54,21
Heimweg 931,2123,122,28
abgeben 1067,2124,107,27
kann, 1188,2124,72,25
sei 1274,2124,33,21
es, 1321,2131,30,18
daß 1367,2123,46,22
ein 809,2160,36,20
Gemüsegärtner 862,2159,200,28
auf 1076,2160,41,20
den 1131,2160,45,20
Markt 1191,2160,81,20
fährt 1285,2160,65,20
und 1364,2160,50,20
auf 808,2195,41,21
seinem 863,2195,90,21
Wagen 965,2195,92,28
noch 1071,2195,62,21
ein 1150,2195,34,21
Plätzli 1200,2195,84,21
erübrigt, 1300,2195,112,28
sei 807,2231,32,20
es, 849,2238,31,18
daß 891,2230,46,21
ein 947,2231,37,21
Herr 994,2231,61,21
Pfarrer 1064,2230,93,21
der 1164,2231,41,20
Landgemeinde, 1213,2231,199,27
statt 807,2270,62,18
nur 878,2274,45,13
mit 931,2267,45,20
der 986,2267,40,20
Mappe 1036,2267,86,27
zu 1131,2274,28,13
einer 1170,2267,63,21
Sitzung 1244,2266,99,28
nach 1352,2267,61,21
Zürich 808,2302,85,21
zu 908,2310,29,12
kommen, 953,2302,120,25
sieh 1090,2302,50,21
mit 1155,2302,44,21
einer 1216,2301,62,22
schweren 1294,2302,119,21
Last 808,2338,56,21
Flieksäckli 871,2338,141,21
belädt 1019,2338,83,21
und 1108,2338,49,21
diese 1167,2338,62,21
im 1236,2338,33,21
Vorbei 1274,2338,86,21
weg 1364,2344,49,22
im 806,2374,33,21
Sekretariat 848,2373,147,21
des 1007,2373,39,21
FHD., 1059,2373,84,26
<EOS>
im 1153,2373,32,21
Turnegg, 1194,2373,116,28
abgibt. 1321,2373,90,28
<EOS>
Bekümmert 838,2409,157,21
hörten 1008,2409,87,21
wir 1108,2410,42,20
kürzlieh 1164,2409,107,21
von 1286,2416,48,14
jener 1347,2409,66,28
Mutter, 806,2444,98,26
die 919,2444,38,21
resigniert 970,2445,125,27
zu 1108,2453,29,12
ihrer 1151,2445,62,20
aus 1227,2452,42,13
der 1284,2445,41,21
Stadt 1340,2444,73,21
zu 805,2488,30,12
Besuch 861,2480,93,20
kommenden 979,2480,161,21
Base 1166,2480,60,21
sagte: 1251,2484,77,24
«Ich 1358,2480,54,20
mache 805,2515,83,21
es 899,2522,23,14
eben, 932,2515,66,25
bis 1008,2515,36,21
ich 1053,2515,38,21
nicht 1101,2515,66,21
mehr 1176,2515,68,21
kann. 1252,2516,72,21
<EOS>
Wenn 1335,2515,76,21
ich 804,2550,38,21
sterbe, 853,2550,86,25
muß 951,2550,57,20
halt 1019,2550,51,20
eine 1082,2550,50,21
andere 1143,2551,87,20
Frau 1242,2551,62,20
auf 1315,2551,41,20
den 1367,2551,45,21
Hof!» 806,2586,75,21
<EOS>
Wie 896,2584,51,23
viel 964,2586,45,21
Durchhaltewillen, 1027,2586,234,25
aber 1278,2587,57,21
auch 1350,2587,62,21
wie 804,2621,44,21
viel 868,2621,46,21
Zusammenbrechen 935,2621,247,21
unter 1202,2626,71,16
der 1293,2622,41,21
Last 1354,2622,57,21
der 805,2657,41,21
Arbeit 857,2656,84,21
spürt 953,2659,68,26
man 1033,2664,57,14
aus 1102,2664,42,14
diesen 1156,2658,79,21
Worten. 1247,2658,107,21
<EOS>
Mit 1367,2658,44,21
fünf 805,2692,54,22
strammen 876,2697,132,17
Buben, 1027,2692,92,27
von 1138,2701,48,13
denen 1205,2693,77,21
die 1300,2693,37,21
zwei 1355,2694,56,21
ältesten 805,2729,102,20
die 928,2728,36,21
Sekundärschule 986,2728,207,22
besuchen, 1213,2729,127,26
und 1361,2730,50,21
dem 804,2764,55,22
Jüngsten, 870,2764,127,27
einem 1008,2764,76,22
fröhlichen 1093,2764,131,22
Maiteli, 1234,2764,98,27
hätte 1343,2765,68,21
diese 804,2800,62,21
Mutter 885,2799,90,21
wahrlich 991,2800,113,21
genug 1121,2808,77,20
Bande, 1216,2800,90,26
die 1324,2801,37,21
sie 1378,2801,33,21
<EOS>
<EOP>
an 1488,561,30,14
die 1528,554,37,21
Erde 1576,554,62,21
ketteten. 1648,554,116,21
<EOS>
Ihr 1776,554,41,21
Heim 1828,553,70,22
ist 1908,554,31,21
ein 1949,554,37,21
schöner 1996,554,102,21
Bauernhof 1488,589,138,21
mit 1652,589,45,21
gesundem 1723,589,130,28
Vieh 1878,589,62,21
im 1965,589,33,21
Stall. 2026,588,68,22
<EOS>
Während 1487,625,123,21
des 1622,625,40,21
ganzen 1674,632,90,21
Tages 1777,625,74,28
gilt 1864,625,43,28
ihre 1918,625,50,21
Fürsorge 1980,625,116,28
dem 1488,661,55,21
Lebendigen; 1555,660,162,28
erst 1731,665,47,17
in 1790,661,24,21
der 1826,661,41,21
Nacht 1880,660,79,22
reicht 1970,660,76,22
die 2058,660,38,22
Zeit 1489,696,50,21
zum 1554,704,55,13
Flicken, 1626,696,104,25
und 1746,697,49,20
als 1811,697,33,20
tüchtige 1862,697,105,27
Frau 1984,697,62,20
er¬ 2062,704,34,13
ledigt 1488,732,73,27
sie 1571,732,32,22
dann 1614,732,64,21
das 1688,732,42,22
Notwendigste: 1741,732,190,27
ihre 1942,732,49,21
Buben, 2003,732,92,25
übrigens 1488,768,111,27
Gemeinderatssöhne, 1636,767,263,26
sollten 1934,768,84,21
an¬ 2055,775,41,13
ständig 1488,803,96,28
zur 1605,811,42,13
Schule 1670,803,85,22
gehen. 1777,803,82,28
<EOS>
Trotz 1883,803,71,22
eindring¬ 1977,803,119,28
licher 1487,839,72,21
brieflicher 1574,838,135,22
Bitte 1725,839,65,21
gelang 1806,839,85,28
es 1907,847,23,13
dem 1946,839,55,21
Flick¬ 2018,839,77,21
dienst 1487,875,78,21
bis 1578,875,36,21
jetzt 1626,875,61,28
nicht, 1701,875,73,26
diese 1789,875,63,21
Bubenhosen 1866,875,159,22
zum 2039,882,56,14
Blätzen 1488,911,100,20
zu 1599,919,30,12
bekommen. 1641,911,151,21
<EOS>
— 1804,923,31,2
Da 1847,911,36,20
hilft 1896,911,54,20
nur 1962,919,45,12
eines: 2019,911,74,21
Alle 1486,945,52,20
durch 1559,944,74,21
die 1654,945,37,20
Mehranbaupflicht 1713,944,233,28
nicht 1967,944,68,21
be¬ 2054,944,41,21
lasteten 1486,977,102,22
Frauen, 1608,978,100,25
die 1726,978,37,21
über 1781,979,59,20
etwas 1857,981,73,18
freie 1946,978,57,21
Kraft 2022,978,73,21
verfügen, 1486,1013,122,28
müssen 1621,1016,96,19
ihren 1730,1013,67,22
Helferwillen 1810,1013,159,22
so 1982,1021,25,14
nach¬ 2020,1013,73,22
drücklich 1487,1049,122,21
bezeugen, 1625,1049,126,28
daß 1768,1049,46,21
die 1830,1049,38,21
Landfrauen 1883,1049,154,21
gar 2052,1057,43,20
nicht 1487,1085,66,21
anders 1564,1085,84,22
können, 1659,1085,104,26
als 1775,1085,33,21
sich 1819,1085,50,21
helfen 1880,1085,77,21
zu 1969,1093,28,13
lassen. 2007,1085,86,22
<EOS>
Dies 1519,1120,54,21
um 1587,1128,41,13
so 1637,1128,25,13
mehr, 1671,1120,74,26
als 1759,1120,34,22
sie 1806,1121,33,21
selbst 1852,1121,73,21
ja 1934,1120,24,28
wenn 1970,1128,71,13
im¬ 2050,1120,44,21
mer 1487,1163,50,14
möglich 1549,1157,102,27
in 1663,1157,24,20
den 1701,1157,45,20
Beihen 1760,1157,91,20
der 1864,1157,41,20
Helfenden 1919,1157,133,20
zu 2064,1163,30,14
finden 1487,1192,80,20
sind: 1582,1192,64,21
Viele 1662,1192,65,21
Körbe 1743,1191,81,22
Wintergemüse 1838,1192,191,27
und 2044,1192,50,20
Aepfel, 1487,1228,91,27
viele 1605,1227,59,21
Säckli 1691,1227,77,22
Dörrobst 1795,1228,117,21
wurden 1936,1228,99,21
als 2060,1228,33,21
Dank 1488,1263,71,21
für 1571,1263,37,21
die 1620,1263,36,21
Flickerei 1669,1263,113,21
in 1793,1263,25,21
die 1830,1263,37,21
Stadt 1880,1262,72,22
geschickt. 1963,1263,129,28
<EOS>
Unzählige 1488,1299,130,28
Bauernfamilien 1634,1299,202,21
haben 1852,1299,78,21
immer 1944,1299,85,21
und 2043,1299,50,21
immer 1487,1335,84,21
wieder 1596,1334,85,22
Kantonnemente 1708,1334,212,22
für 1945,1334,39,22
unsere 2008,1342,85,14
Soldaten 1488,1370,115,22
gestellt; 1613,1370,105,28
die 1730,1371,36,21
Bäuerinnen 1778,1371,152,21
haben 1940,1370,78,21
Klei¬ 2029,1370,65,21
der 1487,1406,43,21
und 1546,1406,49,21
Schuhe 1615,1405,94,22
getrocknet 1726,1406,140,28
in 1883,1406,25,21
Küchen 1925,1405,102,22
und 2044,1406,50,21
<EOS>
<EOP>
m 1890,1541,52,37
K 1883,1566,39,56
w: 1815,1593,44,46
<EOS>
<EOP>
» 1952,1785,39,98
« 1640,1925,29,36
<EOS>
<EOP>
>J 1896,2085,32,26
V 1562,2144,34,27
Zimmern, 1483,2228,127,25
wenn 1621,2235,69,14
alles 1701,2228,56,21
durchnäßt 1769,2228,136,21
war, 1915,2235,55,18
und 1983,2228,49,21
Tee 2044,2228,46,21
gekocht 1483,2263,102,27
und 1601,2263,49,21
Notwendiges 1668,2262,168,28
geflickt. 1852,2262,102,28
<EOS>
Und 1974,2263,55,21
wie 2045,2263,43,21
sind 1483,2299,52,21
die 1560,2299,36,21
bäuerlichen 1621,2299,151,21
Frauenvereine 1797,2299,188,21
einge¬ 2010,2299,76,27
sprungen, 1483,2341,126,21
als 1628,2334,34,21
für 1681,2333,38,22
die 1737,2334,36,21
Soldatenwcihnacht 1794,2333,251,22
in 2062,2334,25,21
aller 1483,2370,55,21
Eile 1553,2370,50,21
unzählige 1617,2370,125,27
von 1755,2377,48,14
Bern 1819,2370,61,21
zur 1894,2377,41,14
Verfügung 1949,2370,139,28
gestellte 1482,2405,107,27
Wollstrangen 1621,2405,176,28
verstrickt 1830,2405,129,22
werden 1991,2405,95,22
sollten; 1482,2441,96,25
wie 1614,2441,44,21
viele 1694,2441,59,21
währschafte 1788,2441,159,21
Socken, 1985,2440,99,26
Strümpfe 1483,2476,122,28
und 1626,2477,50,20
Pullover 1698,2477,110,20
für 1827,2477,38,20
Soldatenkinder 1887,2476,200,22
fanden 1482,2511,89,21
den 1584,2511,46,21
Weg 1643,2511,59,27
ins 1715,2511,35,21
Turnegg, 1764,2511,117,27
mit 1895,2512,45,20
einem 1953,2511,77,21
Be¬ 2045,2512,43,20
gleitwort: 1481,2547,128,27
«Wie 1631,2547,61,20
froh 1709,2547,53,20
sind 1778,2547,53,20
wir, 1847,2547,50,24
jetzt, 1913,2547,68,28
da 2000,2547,29,21
wir 2046,2547,42,21
Zeit 1482,2581,50,22
haben, 1548,2581,85,26
auch 1650,2582,61,21
etwas 1727,2586,72,18
an 1815,2589,31,15
Eure 1863,2581,61,23
Arbeit 1940,2581,84,23
bei¬ 2039,2582,47,22
zutragen.» 1481,2621,137,24
<EOS>
— 1628,2630,31,2
<EOS>
<EOP>
Es 1513,2653,30,22
wird 1560,2653,59,21
diesen 1637,2653,79,22
Sommer 1735,2653,108,22
in 1859,2653,24,22
Zürich 1901,2653,84,22
für 2002,2653,38,22
46 2057,2654,28,21
Bauerndörfer 1483,2688,175,22
des 1666,2689,40,21
Kantons 1716,2688,112,22
geflickt; 1837,2689,106,28
6 1954,2690,12,21
schicken 1976,2689,112,22
ihre 1481,2725,49,21
Säckli 1545,2725,78,21
ins 1636,2725,35,21
Turnegg, 1685,2725,117,28
von 1815,2733,49,14
wo 1875,2733,37,14
aus 1925,2733,42,14
diese 1981,2725,63,22
an 2057,2732,31,14
einzelne 1482,2760,103,21
Helferinnen 1599,2760,155,21
verteilt 1768,2761,96,21
werden; 1878,2761,104,25
40 1997,2761,29,21
ste¬ 2040,2764,47,18
hen 1481,2796,46,21
in 1548,2796,23,21
Verbindung 1592,2796,156,28
mit 1769,2797,45,21
den 1835,2797,45,21
verschiedenen 1902,2797,185,21
<EOS>
<EOP>
16 102,3022,28,21
<EOS>
<EOP>
