2310,3104
erlebt. 155,149,82,21
<EOS>
Ihre 252,150,53,20
Eltern 319,149,81,21
waren 414,157,77,14
um 503,158,41,14
das 556,152,43,21
Heimwesen 613,152,146,22
gekommen, 155,185,149,28
weil 324,185,52,22
man 395,193,57,14
bei 472,186,37,21
der 529,187,41,21
Besichtigung 590,187,171,29
des 156,221,40,21
Hofes, 212,221,81,26
den 309,221,45,21
sie 367,222,33,21
kaufen 414,222,90,22
wollten, 516,223,104,26
die 636,224,36,21
Tafel, 687,224,74,26
daß 152,257,47,21
der 214,257,41,22
Stall 270,257,61,22
aus 345,265,41,14
seuchenpolizeilichen 400,258,268,29
Grün¬ 684,260,77,21
den 153,293,46,21
gesperrt 214,296,107,25
sei, 336,293,40,26
entfernt 393,294,106,22
hatte. 514,295,78,22
<EOS>
Ahnungslos 609,295,152,29
hatten 152,329,85,21
sie 253,329,32,22
gekauft; 302,329,109,28
die 430,329,37,22
Seuche 485,329,90,23
im 592,331,33,21
Stall 643,331,59,22
hat 719,332,42,22
ihnen 153,365,73,21
so 238,373,25,13
schweren 276,365,120,22
Schaden 411,365,109,23
gebracht, 533,367,121,28
daß 669,367,46,22
sie 728,368,32,21
nicht 152,400,67,22
mehr 236,400,68,22
auf 320,401,42,21
dem 379,401,54,22
Hofe 452,402,62,22
bleiben 531,403,94,22
konnten. 642,403,117,23
<EOS>
Sie 154,436,37,22
hat 211,437,42,21
einen 273,437,67,22
lieben 358,438,78,21
Gatten, 456,438,98,27
der 574,439,42,22
als 634,439,33,22
Vater 686,439,74,22
seiner 152,472,77,22
5 239,473,12,21
Kinder 264,472,91,22
sehr 365,473,54,21
besorgt, 429,474,104,28
auch 544,475,61,21
ganz 616,483,60,20
nüch¬ 687,476,73,21
tern 152,511,54,18
und 221,509,49,20
anspruchslos 288,509,167,28
ist. 471,510,39,22
<EOS>
Kein 528,510,62,22
Haus 607,511,67,22
hätte 692,511,67,22
es 153,552,22,14
so 188,552,25,14
nötig 225,544,68,28
wie 304,545,43,21
dieses, 359,545,82,27
daß 455,545,46,22
der 515,546,40,21
Maurer 567,546,94,22
einmal 673,547,87,22
käme. 152,581,78,21
<EOS>
Da 250,581,35,21
sehen 303,582,72,21
die 392,582,37,21
Häuser 448,582,93,22
reicher 557,583,90,21
Bauern 665,583,94,22
fünf 153,616,53,22
Minuten 223,617,109,21
weit 347,617,55,21
weg 417,626,51,20
anders 484,618,85,22
aus. 586,627,50,13
<EOS>
Ihr 654,619,41,21
Hof 712,619,49,22
steht 153,653,65,21
ja 232,653,24,29
ganz 271,660,59,21
allein. 345,654,77,21
<EOS>
Und 439,654,55,21
sie 509,654,32,22
fühlt 555,654,64,22
sich 634,654,50,22
auch 699,655,60,21
allein. 154,689,76,22
<EOS>
Weder 248,689,86,21
sie 349,689,32,21
noch 397,690,62,21
ihr 475,690,36,21
Gatte 526,690,72,22
haben 614,690,79,22
Ver¬ 704,691,57,22
wandte 153,726,96,21
im 268,726,33,21
Dorf. 322,726,65,21
<EOS>
Diesen 408,726,86,22
Winter, 513,726,100,27
bevor 633,727,75,21
im 726,727,34,21
Frühling 155,761,113,28
die 287,761,36,21
Studentin 344,761,129,22
kam, 491,762,64,25
hat 574,763,43,21
sie 635,763,32,21
etwas 686,766,73,18
Furchtbares 156,798,158,21
erlebt. 329,798,81,22
<EOS>
Ihr 431,798,40,21
Knecht 489,798,96,22
wollte 603,798,79,22
ihren 694,798,66,22
Mann 156,833,72,21
erschießen 252,833,137,22
und 412,834,49,21
erstechen. 485,834,130,22
<EOS>
Die 642,835,42,21
eine 709,835,50,21
Kugel 157,869,76,28
steckt 251,870,79,21
noch 347,870,62,21
in 426,870,24,21
der 468,870,42,22
Wand, 526,870,86,27
die 632,870,37,22
andre 687,871,73,21
trägt 156,908,65,25
er 231,913,24,13
noch 264,905,62,22
unterm 335,909,96,18
Herzen. 441,906,100,21
<EOS>
Jener 554,907,72,21
Lauf 636,907,62,21
zum 707,914,54,14
nächsten 156,941,116,22
Telephon, 282,941,128,28
da 422,942,29,21
sie 461,941,33,22
nicht 505,942,66,22
wußte, 580,942,89,26
ob 681,943,29,21
der 721,943,41,21
Gatte 158,977,72,21
oder 247,978,56,20
der 318,977,41,21
Knecht 375,977,97,22
obsiege, 488,978,100,28
ist 605,978,31,21
wohl 650,979,62,21
et¬ 728,982,34,18
was 156,1020,47,15
vom 224,1021,56,14
Grausigsten, 303,1013,161,28
was 485,1021,48,14
ein 554,1013,38,22
Mensch 612,1014,98,21
im 729,1014,33,21
Dorf 157,1049,59,22
je 234,1050,22,28
mitgemacht 274,1049,158,28
hat. 450,1050,50,21
<EOS>
Nun, 522,1050,62,26
er 605,1057,23,15
lebt. 646,1051,57,21
<EOS>
Sie 725,1050,37,22
aber 157,1086,56,21
ist 228,1086,30,21
wochenlang, 273,1085,162,28
da 452,1086,30,21
er 498,1094,24,13
im 537,1086,33,21
Krankenhaus 587,1086,174,22
lag, 157,1122,45,27
fast 218,1122,48,21
allein 281,1121,70,22
gewesen, 365,1129,113,21
d. 494,1123,22,21
<EOS>
h. 533,1122,22,22
<EOS>
im 571,1122,34,22
Stall 621,1122,59,22
hatte 695,1123,68,21
sie 157,1157,32,22
Hilfe. 207,1157,70,22
<EOS>
Mehr 295,1157,67,22
als 377,1157,33,22
fünf 428,1157,52,22
Stunden 498,1157,109,22
blieben 622,1158,94,21
da 733,1159,30,21
nicht 157,1194,67,20
für 239,1193,38,22
den 291,1194,44,20
Schlaf. 354,1193,87,22
<EOS>
Und 461,1194,52,21
dieser 530,1195,75,21
Schlaf 621,1194,80,22
war 717,1202,47,14
manchmal 157,1229,138,22
wie 304,1229,42,22
eine 354,1229,50,22
Erstarrung, 412,1230,152,28
sie 572,1231,33,20
war 613,1239,47,12
manch¬ 667,1231,97,21
mal, 157,1266,56,24
wenn 225,1273,69,14
sie 306,1265,32,21
der 351,1266,40,20
Wecker 402,1266,100,21
weckte, 514,1267,96,25
wieder 623,1267,87,21
wie 721,1267,42,21
starr 157,1306,62,16
vor 242,1309,42,13
Schreck. 310,1300,109,23
<EOS>
«Ich 443,1302,53,21
war 515,1310,48,13
dran, 582,1302,67,26
an 669,1310,30,13
den 720,1303,44,21
Menschen 159,1337,126,21
zu 309,1345,27,13
verzweifeln», 361,1338,167,25
hat 551,1338,43,21
sie 616,1339,32,21
zu 669,1346,30,14
mir 720,1339,45,21
gesagt. 157,1377,89,23
<EOS>
Sie 261,1372,37,22
habe 308,1373,59,21
diesen 378,1373,79,22
Glauben 470,1374,107,21
ans 587,1382,41,13
Gute 641,1374,62,22
wie¬ 712,1375,53,21
dergewonnen, 158,1409,179,28
fügt 353,1409,53,28
sie 420,1410,32,21
hinzu. 467,1410,78,21
<EOS>
Es 561,1411,31,20
war 607,1418,47,14
ihr 667,1411,37,21
erst 718,1415,47,18
bange: 162,1445,85,27
Kann 264,1445,71,21
eine 350,1445,50,21
Studentin 415,1445,129,22
aus 558,1454,41,13
wohlhaben¬ 613,1446,152,22
den 160,1481,46,21
Verhältnissen 227,1481,179,21
in 428,1482,25,20
ihrem 474,1482,75,21
Haus 573,1483,66,21
bleiben, 663,1483,100,26
dem 159,1516,54,22
einzigen 229,1517,105,27
weit 347,1517,55,21
und 416,1517,49,21
breit, 481,1517,68,26
das 565,1518,41,21
noch 621,1518,61,21
keine 697,1519,68,21
Wasserleitung 159,1553,187,28
besitzt, 366,1553,95,26
da 483,1554,29,21
man 533,1561,56,14
das 610,1554,41,22
Wasser 671,1554,94,22
noch 158,1588,61,22
zur 240,1597,42,13
Küche 303,1588,84,22
eine 408,1589,51,21
steile 480,1589,67,21
Stiege 570,1589,78,28
hinauf¬ 671,1590,92,21
tragen 159,1627,83,25
muß 253,1625,57,20
<EOS>
Sie 343,1624,37,22
hatte 392,1625,68,21
es 472,1633,22,14
fast 508,1626,47,21
nicht 566,1626,66,21
zu 644,1634,29,13
hoffen 686,1626,79,22
gewagt. 158,1665,99,23
<EOS>
Und 278,1660,54,21
dann 350,1660,64,22
war 430,1669,49,13
die 496,1661,37,21
Studentin 552,1661,130,21
nicht 699,1662,66,21
nur 158,1703,44,14
die 219,1696,37,21
abgemachte 273,1697,155,27
Zeit 445,1698,52,20
geblieben, 515,1698,130,27
sondern 663,1698,102,22
länger 159,1731,81,28
noch. 256,1732,68,21
<EOS>
Und 347,1732,52,21
übers 417,1733,69,21
Jahr 505,1733,61,21
ist 582,1734,31,20
sie 631,1734,31,21
wieder 681,1734,84,21
gekommen, 160,1768,149,27
gleich 341,1768,76,28
nach 447,1769,62,21
Wochen 541,1769,105,22
kurzen 676,1770,89,21
Schlafes 161,1803,105,22
und 295,1804,48,21
nach 372,1804,61,21
bestandener 461,1804,160,22
Prüfung, 650,1805,114,28
kaum 159,1840,73,20
einen 246,1840,68,21
freien 329,1840,72,21
Tag 417,1841,49,27
hat 480,1841,42,21
sie 537,1841,32,21
eingeschoben. 584,1841,180,28
<EOS>
Tag 159,1875,48,27
für 223,1875,38,22
Tag 276,1875,49,28
hat 340,1875,43,22
sie 398,1876,32,21
ihr 446,1876,37,21
den 498,1876,46,22
Wassereimer 557,1877,169,21
in 741,1877,23,21
die 159,1911,36,21
Küche 218,1911,83,21
gestellt, 323,1912,100,27
glücklicherweise 446,1913,214,27
ist 681,1913,31,21
sie 733,1913,32,22
stark. 158,1947,73,22
<EOS>
An 250,1947,38,22
einem 306,1947,76,22
Sonntag 401,1947,108,29
gehen 526,1948,76,28
Bauer 621,1949,78,21
und 715,1949,50,21
Bäuerin 161,1983,102,21
an 285,1991,31,13
die 339,1983,36,21
Schau 399,1983,79,22
landwirtschaftlicher 500,1984,265,22
Maschinen 161,2018,136,22
in 312,2019,24,21
Brugg. 353,2019,86,28
<EOS>
Ein 458,2019,45,21
gemeinsamer 518,2020,172,28
Aus¬ 705,2020,60,22
flug 158,2054,48,28
einen 221,2055,67,21
ganzen 303,2062,90,21
Tag, 408,2056,57,28
das 481,2056,41,21
haben 538,2056,78,22
sie 630,2057,32,21
seit 677,2057,44,21
10 736,2057,28,22
Jahren 160,2090,91,22
wohl 264,2091,60,21
nicht 339,2091,66,21
mehr 417,2091,68,21
genossen. 498,2099,121,20
<EOS>
Und 635,2092,55,21
doch 704,2093,60,21
haben 158,2127,78,21
Willi 249,2127,62,21
und 323,2127,50,21
Elfeli 386,2127,68,22
mit 466,2128,45,21
den 523,2128,45,21
weichen 580,2128,104,22
roten 697,2132,67,18
Haaren 159,2162,96,22
die 278,2163,36,21
Mutter 335,2160,91,24
kaum 442,2163,74,21
vermißt, 533,2164,111,25
sie 662,2164,31,21
sind 711,2164,54,21
mit 157,2198,45,21
der 226,2199,41,20
Studentin 291,2198,130,22
spaziert, 444,2200,110,27
bis 577,2200,36,21
sie 636,2200,33,21
müde 692,2200,71,22
waren. 157,2242,86,14
<EOS>
Und 272,2234,51,22
die 347,2234,37,22
Frau 408,2235,62,21
hatte 494,2235,67,21
auch 585,2236,62,20
endlich 670,2236,94,21
wieder 157,2269,85,22
einmal 260,2270,85,21
zur 363,2278,42,13
Kirche 422,2270,88,22
kommen 527,2272,112,20
können; 657,2272,105,25
wie 157,2305,42,22
hatte 217,2305,68,22
es 303,2314,23,13
sie 344,2306,32,21
gedrückt, 393,2306,123,28
daß 536,2306,46,21
dies 600,2307,49,21
so 666,2315,26,13
lang 709,2307,56,28
nicht 157,2341,67,22
möglich 236,2342,103,28
gewesen 351,2350,105,20
war. 468,2350,56,14
<EOS>
Ja, 189,2400,38,26
auch 240,2401,61,21
die 314,2401,37,20
zweite 362,2401,82,21
Bäuerin 457,2401,103,21
hat 572,2401,43,21
es 627,2410,22,12
in 661,2402,25,20
man¬ 699,2410,65,13
cher 157,2437,55,20
Beziehung 226,2437,136,28
schwer. 374,2437,96,21
<EOS>
Sie 487,2437,37,21
hinkt, 538,2438,77,25
eine 630,2438,51,21
Niere 695,2438,69,21
hat 157,2472,42,21
man 210,2480,57,13
ihr 277,2472,37,21
herausgenommen. 324,2472,236,28
<EOS>
Und 575,2473,54,20
ein 641,2473,37,21
Auto¬ 689,2473,75,21
unfall 157,2508,74,20
mit 244,2508,44,20
Schlüsselbeinbruch 302,2508,252,21
wirkt 566,2509,71,20
nach, 649,2509,69,25
sie 732,2509,31,21
hat 156,2543,42,22
oft 213,2543,34,22
starke 260,2544,80,21
Schmerzen 356,2543,141,22
bei 510,2543,38,22
strenger 560,2548,107,24
Arbeit 680,2544,84,21
in 156,2580,23,20
der 204,2580,41,21
Schüsselbeingegend. 269,2579,267,29
<EOS>
Sie 561,2579,38,22
sollte 622,2580,69,21
sich 715,2581,49,20
schonen, 156,2615,111,26
sagt 284,2619,54,24
der 354,2615,41,22
Arzt. 410,2615,67,22
<EOS>
Sie 496,2615,37,22
geht 549,2615,57,28
im 621,2615,34,22
Winter 671,2616,93,21
H11 157,2652,51,21
Uhr, 229,2651,58,26
11 310,2652,26,20
Uhr 357,2651,51,21
ins 423,2651,37,22
Bett. 478,2651,65,22
<EOS>
Es 563,2651,31,22
gibt 611,2651,52,28
immer 680,2652,84,21
wieder 155,2687,86,21
zu 251,2695,30,13
flicken. 292,2686,93,22
<EOS>
Am 398,2686,47,22
Morgen 456,2686,97,28
heißt 565,2686,67,22
es 643,2695,23,13
wieder 677,2687,87,21
'/2 157,2724,17,20
5 182,2723,12,21
Uhr 216,2723,48,21
aufstehen, 282,2723,135,25
der 441,2723,41,21
Sohn 501,2722,65,22
geht 584,2723,57,28
auf 659,2723,41,21
den 718,2724,45,20
Bau. 156,2758,59,22
<EOS>
Zu 236,2759,34,21
ihr 290,2759,37,21
kommt 345,2758,95,22
eine 461,2758,50,22
Chemiestudentin. 532,2758,230,22
<EOS>
<EOP>
Vielleicht 832,153,125,22
halten 974,154,81,21
sich 1072,155,49,20
Chemie- 1138,154,105,21
und 1260,155,49,20
Medizin¬ 1327,153,111,21
studentinnen 831,190,173,21
bei 1015,190,37,22
den 1064,191,46,21
Bauern 1123,191,94,21
so 1228,197,25,15
brav, 1264,190,68,25
weil 1344,190,50,21
sie 1406,190,32,21
schon 831,225,74,21
allerhand 923,225,123,22
Gerüche 1067,226,106,21
gewohnt 1192,226,112,28
sind. 1321,225,61,22
<EOS>
Da 1402,224,36,22
gilt's 831,261,63,28
doch 920,262,62,21
Schweine 1008,262,122,21
und 1152,262,49,21
Hühner 1225,262,100,21
füttern 1346,261,92,21
helfen. 831,296,86,22
<EOS>
Und 932,297,55,21
diese 1001,297,62,22
Hühner 1078,297,100,22
steigen 1190,297,91,28
so 1294,305,24,13
gern 1332,305,56,19
die 1401,296,37,22
Steintreppe 833,332,152,30
hinauf 1008,334,85,21
zur 1115,341,42,14
Küche 1181,333,84,22
und 1288,333,50,21
lassen 1360,333,78,21
etwa 831,372,61,17
eine 904,369,51,21
Spur 969,368,62,29
zurück. 1042,370,97,21
<EOS>
Die 1153,369,42,21
Studentin 1210,369,129,21
nimmt 1351,368,87,21
trotzdem 831,405,120,21
den 968,405,45,21
«Bodelumpe» 1032,405,175,28
und 1222,405,50,21
säubert 1288,405,97,21
die 1401,404,37,21
Treppe, 831,440,99,28
sie 941,441,33,20
hilft 984,440,56,21
im 1049,441,33,21
Haus, 1093,441,75,26
sie 1179,440,33,22
geht 1222,440,56,28
in 1289,440,23,21
die 1323,440,37,21
Him¬ 1372,439,66,22
beeren 831,475,86,22
und 931,477,49,20
schneidet 996,477,123,21
mit 1135,477,44,21
der 1195,477,41,21
Rebschere 1252,476,134,21
die 1402,475,36,21
alten 831,511,65,22
heraus, 911,511,93,27
stundenlang 1021,512,162,28
ist 1197,512,32,21
sie 1244,512,32,21
am 1292,519,40,14
«Räbe- 1350,511,89,22
schüeppe». 831,548,140,28
<EOS>
Die 985,548,43,22
Bäuerin 1040,549,104,21
sagt 1154,551,53,25
ihr 1217,548,37,21
«Du», 1267,548,72,25
es 1350,555,23,14
tönt 1384,549,55,19
ganz 831,591,60,20
selbstverständlich 908,584,238,22
vertraulich. 1163,583,154,22
<EOS>
Nun 1336,583,55,22
ist 1408,583,32,22
sie 831,620,32,21
grad 876,621,59,27
noch 947,621,63,21
froh, 1022,620,62,26
daß 1098,621,47,21
sie 1158,621,33,21
da 1205,621,29,20
ist, 1248,620,38,25
jetzt 1300,620,61,28
kann 1373,620,66,20
sie 831,656,32,20
einen 879,656,68,21
todkranken 962,656,152,21
nahen 1129,656,80,21
Verwandten 1223,655,161,22
be¬ 1400,654,39,22
suchen 831,692,89,21
gehen 931,693,76,27
und 1017,693,49,20
einen 1077,692,68,22
Nachmittag 1156,692,156,28
fort 1322,691,49,22
sein. 1381,691,56,21
<EOS>
Und 832,727,55,21
ganz 907,735,59,20
sachte 986,728,82,21
nimmt 1087,728,87,21
die 1194,728,37,21
Studentin 1252,727,130,21
die 1401,726,37,22
stramme 831,766,114,19
Sekundarschülerin 954,763,245,23
nach 1207,764,61,21
beim 1275,763,64,22
Helfen, 1345,763,93,25
die 832,799,38,21
Mutter 886,799,89,22
hat 990,800,43,21
das 1048,800,42,21
nicht 1105,799,67,22
so 1187,807,25,14
gut 1228,803,43,24
verstanden. 1285,798,153,22
<EOS>
Die 833,835,43,21
Sekundarschülerin 892,835,244,22
fühlt 1148,836,63,21
sich 1224,836,49,21
so 1286,843,25,14
wohl 1323,835,62,21
auf 1398,834,41,22
dem 831,871,55,21
Badsattel, 906,871,134,26
und 1060,872,50,21
sie 1129,871,32,22
ist 1179,871,32,22
nun 1229,879,50,13
eben 1300,871,60,22
doch 1379,870,61,22
Sekundarschülerin. 834,907,253,22
<EOS>
Aber 1097,908,65,21
wenn 1170,915,69,14
eine 1248,908,52,21
Studentin 1311,907,129,22
jede 831,945,54,28
Arbeit 907,945,86,22
freiwillig 1015,945,116,29
und 1152,946,50,21
gern 1224,953,57,21
tut, 1304,948,46,22
dann 1374,945,64,21
stimmt 833,980,94,22
das 954,981,42,21
vielleicht 1022,981,120,21
doch 1168,981,61,21
nachdenklich. 1256,981,181,21
<EOS>
Hoffen 835,1016,88,22
wir 944,1017,42,21
das 1008,1018,42,21
Beste! 1074,1018,80,21
<EOS>
Bald 1179,1018,60,21
nachdem 1261,1018,117,20
die 1401,1017,37,21
Studentin 836,1052,129,22
bei 984,1053,38,22
der 1041,1053,42,22
Bäuerin 1102,1053,103,22
angetreten 1224,1057,140,25
war, 1383,1061,55,18
kommt 834,1089,94,21
ihr 945,1090,37,21
Vater, 998,1090,82,26
auf 1099,1090,41,21
dem 1157,1091,55,20
Wege 1229,1090,71,28
zu 1318,1097,29,14
seiner 1365,1089,75,22
Heereseinheit, 836,1124,185,27
vorbei, 1041,1126,89,25
um 1149,1134,41,13
sie 1208,1125,32,22
im 1259,1125,32,21
Falle 1311,1125,63,21
von 1392,1133,48,14
Unbrauchbarkeit 836,1161,227,22
heimzuschicken. 1081,1162,214,21
<EOS>
«I 1317,1162,22,21
gab 1357,1161,46,28
si 1422,1161,18,21
nümme», 835,1199,118,24
erklärt 971,1198,89,20
ihm 1074,1198,51,21
die 1140,1198,37,21
Bäuerin. 1194,1197,110,22
<EOS>
In 867,1242,27,21
dem 913,1243,54,21
einen 985,1243,67,21
Dorf 1071,1243,59,22
hat 1147,1244,43,21
von 1207,1251,49,14
4 1273,1244,13,20
Studenten 1306,1243,134,21
einer 836,1278,62,22
durchgehalten. 918,1279,195,28
<EOS>
Ueber 1135,1279,77,21
zwei 1231,1278,57,22
Ausländer 1307,1278,133,22
will 834,1315,47,21
ich 896,1315,38,21
nicht 949,1315,67,21
viel 1031,1315,46,21
Worte 1091,1316,82,21
verlieren. 1190,1315,121,22
<EOS>
Der 1328,1315,48,21
eine 1391,1315,50,21
erklärte 836,1351,101,21
nach 951,1351,62,21
ein 1027,1351,36,21
paar 1078,1359,58,20
Tagen, 1149,1351,88,28
er 1252,1359,24,13
könnte 1289,1351,89,21
mö¬ 1392,1353,50,19
glicherweise 836,1387,156,28
nächstens 1002,1388,128,21
einen 1140,1388,67,21
Brief 1218,1387,64,22
bekommen, 1290,1388,151,24
der 837,1422,40,22
ihn 893,1422,42,22
fortrufe, 951,1422,108,27
der 1079,1423,40,21
Brief 1137,1423,64,21
ist 1217,1423,31,21
denn 1266,1423,62,21
prompt 1345,1427,98,24
gekommen, 836,1459,149,27
wahrscheinlich 994,1459,196,21
von 1200,1466,47,14
seinem 1256,1459,89,21
Lands¬ 1352,1459,90,21
mann 836,1502,73,14
im 921,1494,32,21
Dorf 966,1494,59,22
selbst 1037,1495,74,21
geschrieben, 1123,1495,160,27
mit 1296,1495,44,21
dem 1352,1494,54,22
er 1419,1502,24,14
am 837,1536,39,13
Tag 893,1528,49,28
vorher 958,1528,87,21
gesprochen 1062,1529,145,28
hatte. 1224,1529,76,21
<EOS>
Der 1319,1529,48,20
liebe 1383,1528,59,22
Landsmann 837,1564,154,22
hat 1008,1565,43,21
es 1068,1572,23,14
länger 1109,1565,81,28
ausgehalten. 1207,1565,162,28
<EOS>
Mit¬ 1389,1565,53,21
tags 838,1604,49,24
erklärte 900,1601,102,21
er: 1013,1609,34,13
So, 1063,1600,38,26
jetzt 1113,1601,60,28
habe 1184,1601,61,21
ich 1256,1601,39,21
die 1306,1601,38,21
50 1355,1601,28,21
Rp. 1396,1601,45,28
<EOS>
verdient, 836,1637,117,25
auf 970,1637,42,21
die 1028,1637,36,21
die 1082,1637,36,21
Studenten 1137,1637,135,22
von 1288,1644,48,14
Rechts 1353,1637,89,21
wegen 836,1680,80,20
Anspruch 928,1672,126,29
hatten, 1067,1673,92,25
ohne 1173,1673,61,21
sie 1246,1673,32,21
aber 1291,1673,57,21
immer 1359,1673,84,21
einzuziehen. 836,1709,158,21
<EOS>
Saß 1027,1709,47,21
die 1104,1709,36,21
Familie 1167,1709,96,21
abends 1289,1709,89,21
am 1404,1716,39,14
Tisch 836,1744,70,21
und 920,1745,47,20
reinigte 981,1745,99,27
Nüßlisalat 1096,1745,134,21
für 1244,1745,38,20
den 1295,1745,45,20
Markt, 1354,1745,87,25
so 835,1787,25,14
hatte 871,1781,68,20
er 950,1788,24,13
immer 983,1781,84,21
zu 1077,1789,28,13
schreiben, 1116,1781,129,25
genau 1257,1788,76,20
so 1344,1788,24,14
lang, 1378,1781,63,27
wie 836,1814,42,22
es 897,1822,22,14
dauerte, 937,1814,106,26
bis 1063,1815,34,21
der 1116,1815,41,21
Nüßlisalat 1174,1814,137,22
gereinigt 1328,1814,114,28
war. 835,1858,56,13
<EOS>
Dann 903,1851,69,20
legte 980,1851,62,27
er 1053,1858,24,14
die 1086,1851,37,21
Feder 1133,1851,74,21
aus 1217,1858,42,14
der 1269,1851,41,21
Hand. 1320,1851,79,21
<EOS>
Er 1411,1851,32,20
reiste 836,1886,68,22
vorzeitig 922,1887,113,27
ab. 1052,1887,37,21
<EOS>
Der 867,1934,47,21
am 930,1941,40,14
ärgsten 987,1935,96,27
sich 1100,1935,49,20
benommen 1166,1935,144,21
hat, 1327,1935,49,25
war 1395,1941,49,14
ein 836,1969,37,21
Schweizer. 889,1969,136,22
<EOS>
Der 1042,1970,48,21
Bauer 1106,1970,77,21
hatte 1197,1970,68,21
erst 1280,1974,48,17
die 1343,1970,35,21
An¬ 1394,1969,47,22
meldung 834,2005,113,28
wegen 963,2013,81,20
eines 1060,2006,63,21
Studenten 1141,2005,135,22
widerrufen, 1291,2006,150,25
als 835,2041,33,21
ihm 881,2041,49,21
plötzlich 945,2041,112,28
das 1071,2042,42,20
Knie 1128,2042,62,21
stark 1203,2042,66,21
angeschwol¬ 1283,2042,158,27
len 834,2077,39,21
war, 883,2084,56,19
schier 952,2078,75,21
auf 1038,2078,42,21
doppelte 1091,2078,112,28
Größe, 1218,2078,85,25
dann 1317,2078,64,21
sich 1392,2078,50,21
doch 835,2113,62,21
wieder 919,2113,87,21
um 1029,2122,41,13
einen 1095,2114,68,21
beworben, 1187,2114,135,26
als 1347,2114,33,21
die 1405,2114,37,20
Schwellung 837,2149,149,28
verschwand. 996,2150,161,22
<EOS>
Die 1168,2150,43,21
Frau 1221,2151,63,20
sucht 1291,2150,70,21
— 1367,2162,31,2
für 1404,2150,38,21
einen 835,2185,68,21
Herrn 916,2185,77,21
Studenten! 1006,2185,145,22
<EOS>
— 1164,2198,31,2
das 1206,2186,42,20
Schlafzimmer 1262,2185,181,22
recht 835,2221,67,21
freundlich 923,2221,134,22
zu 1078,2229,29,14
machen. 1129,2222,107,21
<EOS>
Sie 1261,2221,37,22
geht 1320,2222,57,28
mit 1397,2222,45,21
ihrem 835,2257,75,21
12jährigen 926,2257,139,28
Mädchen 1081,2257,118,21
% 1216,2257,28,29
Stunden 1262,2257,109,22
weit 1387,2257,55,21
auf 834,2293,41,21
den 888,2293,46,21
Bahnhof 948,2293,111,22
den 1073,2294,45,21
Studenten 1129,2293,135,22
abholen. 1273,2293,110,21
<EOS>
Das 1394,2294,48,20
Kind 836,2328,65,22
ist 912,2329,31,21
noch 954,2329,62,21
nicht 1027,2329,67,21
so 1105,2337,25,14
lang 1141,2329,56,28
von 1208,2337,48,13
lebensgefähr¬ 1267,2329,175,28
licher 834,2365,73,21
Lungenentzündung 924,2365,256,29
genesen, 1198,2372,108,21
die 1325,2365,37,21
Mut¬ 1380,2365,62,21
ter 835,2405,36,16
spürt 885,2403,68,25
ihr 966,2401,36,20
Herz 1017,2401,62,21
wieder 1094,2401,85,21
sehr 1193,2401,53,21
stark, 1260,2401,74,26
seit 1349,2401,45,21
ihr 1406,2400,38,21
vor 835,2444,44,14
einem 892,2437,77,21
Vierteljahr 981,2437,145,28
das 1140,2438,41,20
11jährige 1195,2437,121,28
Töchter¬ 1330,2437,112,21
lein 834,2472,47,21
gestorben 889,2472,128,28
ist. 1024,2472,39,22
<EOS>
Auf 1073,2472,49,21
dem 1131,2473,53,20
Bahnhof 1193,2472,113,21
gibt 1312,2472,51,28
ihnen 1369,2472,73,21
nun 834,2515,50,13
der 897,2508,40,21
Student 952,2507,105,22
nicht 1068,2508,67,22
die 1149,2508,36,22
Hand, 1200,2509,80,25
er 1295,2515,23,14
geht 1331,2508,56,28
auf 1400,2508,41,21
dem 834,2543,54,22
ganzen 901,2551,90,20
Weg 1002,2544,60,28
nie 1072,2544,38,21
neben 1123,2544,76,21
ihnen, 1211,2544,79,26
er 1304,2552,24,13
läßt 1339,2543,51,22
die 1404,2544,36,21
Frau 835,2580,62,21
seinen 913,2580,80,21
eigenen 1010,2580,97,28
Koffer 1121,2580,82,21
tragen, 1219,2584,92,24
er 1329,2587,24,14
grüßt 1370,2580,72,28
auch, 833,2615,70,26
im 934,2615,33,22
Bauernhaus 997,2615,155,22
angekommen, 1183,2616,181,27
den 1397,2615,46,22
Bauern 835,2652,94,21
kaum, 944,2652,80,25
er 1037,2659,24,14
setzt 1074,2655,61,18
sich 1149,2652,49,21
beim 1212,2652,63,21
Essen 1289,2652,73,21
nicht 1376,2652,67,21
neben 833,2687,77,21
ihn, 929,2687,48,26
wo 998,2695,36,13
man 1052,2695,57,13
ihm 1126,2687,50,21
doch 1195,2687,62,21
seinen 1277,2687,79,21
Platz 1375,2687,67,21
zugewiesen 833,2723,146,28
hat, 997,2723,49,26
wie 1064,2723,43,22
wenn 1125,2731,69,14
er 1212,2731,24,14
ein 1253,2723,37,22
Brahmane 1307,2723,135,22
und 833,2759,50,21
der 906,2759,41,21
Bauer 967,2759,78,21
nur 1066,2767,46,13
ein 1135,2759,37,21
Kastenloser 1195,2759,155,21
wäre. 1372,2761,69,20
<EOS>
<EOP>
Dabei 1541,152,76,22
ist 1630,152,31,22
der 1675,152,41,21
Bauer 1730,152,78,20
reinlich 1820,150,98,21
und 1932,150,48,20
gar 1994,157,41,19
nicht 2049,148,67,20
ungeschlacht. 1511,188,176,28
<EOS>
Er 1709,187,30,21
redet 1756,186,67,22
mit 1841,185,45,22
niemand, 1902,185,121,25
außer 2042,183,74,23
daß 1510,224,46,22
er 1571,231,23,15
mit 1606,224,45,21
dem 1665,224,54,21
Knecht 1733,222,96,22
tuschelt. 1842,221,111,22
<EOS>
Im 1969,220,37,21
Verlauf 2018,219,99,22
eines 1510,260,61,21
ganzen 1593,267,91,20
Morgens 1707,258,107,28
spaltet 1836,257,89,28
er 1948,264,24,14
ein 1993,256,37,22
klein 2052,255,63,22
wenig 1509,295,74,28
Holz; 1605,295,71,26
an 1698,302,31,14
dem 1750,294,54,21
Morgen, 1825,293,105,28
an 1952,300,31,13
dem 2004,292,54,21
ich 2079,291,37,21
mich 1509,331,63,22
erkundigen 1589,330,147,28
komme, 1752,330,103,25
hat 1874,329,42,21
er 1935,336,23,14
aber 1974,329,58,21
über¬ 2048,328,69,21
haupt 1510,368,76,27
noch 1612,367,62,22
nichts 1701,366,78,22
getan. 1807,368,79,25
<EOS>
Ich 1915,364,42,22
finde 1983,364,64,21
ihn 2075,363,40,21
abends 1510,403,89,22
6 1614,403,12,21
Uhr 1641,402,51,22
in 1704,401,25,22
der 1742,401,41,22
Tenne, 1797,401,88,26
da 1899,400,31,22
schlenkert 1943,400,136,22
er 2092,406,24,15
halb 1510,439,55,21
verlegen 1582,439,110,28
herum, 1709,438,90,24
dabei 1818,436,69,22
gäbe 1904,436,59,28
es 1980,443,24,14
um 2020,443,42,14
die 2079,435,37,21
Zeit 1510,474,50,22
im 1570,474,33,21
Stall 1614,473,60,22
sicher 1683,473,76,22
zu 1768,480,29,14
helfen. 1807,472,85,22
<EOS>
«Es 1907,472,42,21
geht 1959,472,57,28
schein¬ 2025,471,91,22
bar 1510,511,43,21
nicht 1562,510,67,22
gut», 1639,513,64,25
beginne 1714,508,100,29
ich. 1824,508,45,21
<EOS>
«Nein», 1884,507,94,26
entgegnet 1989,511,128,24
er, 1510,555,30,17
«ich 1568,546,49,22
habe 1641,546,62,21
es 1729,552,23,14
mir 1776,544,46,22
anders 1846,544,85,21
vorgestellt.» 1956,543,162,29
<EOS>
<EOP>
ft 1940,730,52,46
Î» 1860,774,26,29
<EOS>
<EOP>
w/ 1774,972,24,18
<EOS>
<EOP>
» 1620,1110,34,28
$ 1687,1217,33,46
m 1583,1245,170,103
<EOS>
<EOP>
«Wie 1516,1541,60,21
denn?» 1597,1541,96,21
<EOS>
«Ich 1715,1541,53,20
half 1788,1540,50,20
letztes 1856,1540,85,20
Jahr 1962,1539,60,21
einem 2041,1538,76,22
Bergbauern 1514,1576,152,28
heuen, 1676,1576,84,25
da 1772,1576,30,21
sah 1812,1576,43,21
man 1864,1583,57,13
nachher 1931,1575,104,21
etwas 2046,1578,72,17
von 1513,1621,47,12
getaner 1575,1616,97,25
Arbeit. 1687,1611,90,22
<EOS>
Da 1795,1612,35,20
reden 1846,1611,72,21
sie 1932,1611,32,21
von 1981,1618,46,14
Mehr¬ 2043,1610,75,22
anbau, 1512,1648,87,26
und 1617,1648,49,21
ich 1682,1648,38,21
soll 1737,1648,42,21
Holz 1797,1647,60,21
spalten. 1874,1647,100,28
<EOS>
Dazu 1994,1646,67,21
bin 2077,1646,41,21
ich 1512,1684,37,21
nicht 1571,1684,66,21
hieher 1659,1684,81,21
gekommen.» 1761,1683,164,28
<EOS>
«Sie 1949,1681,50,22
wollten 2022,1681,95,22
also 1512,1720,49,22
lieber 1577,1720,73,22
pflügen 1667,1720,95,28
und 1779,1719,49,21
säen 1846,1720,56,20
helfen?» 1921,1717,111,22
<EOS>
frage 2053,1718,65,28
ich. 1512,1756,44,21
<EOS>
«Ja, 1573,1756,51,25
mit 1637,1755,44,21
Pferden 1695,1755,101,21
über 1808,1755,58,20
den 1879,1754,45,21
Acker 1935,1753,78,22
fahren, 2024,1753,91,26
so 1512,1799,25,15
habe 1552,1792,61,21
ich 1628,1792,38,21
mir 1681,1792,45,20
meine 1740,1791,76,21
Arbeit 1831,1790,84,21
vorgestellt.» 1930,1790,160,28
<EOS>
«Aber 1545,1827,75,21
wenn 1636,1835,68,13
sie 1720,1827,33,21
dem 1770,1827,54,20
Bauern 1842,1826,94,21
diese 1953,1825,62,22
Arbeit 2032,1825,85,22
abnehmen, 1513,1864,141,25
so 1671,1870,26,14
mag 1712,1870,55,21
er 1782,1870,24,14
um 1822,1869,40,14
so 1877,1869,25,14
eher 1919,1862,54,21
die 1988,1861,37,22
Mehr¬ 2042,1861,75,21
arbeit 1513,1900,76,20
des 1606,1899,40,21
Mehranbaues 1664,1898,172,22
bewältigen.» 1853,1897,165,28
<EOS>
«Nein, 2036,1897,81,26
ich 1512,1935,37,22
bin 1566,1935,40,21
eben 1624,1935,58,21
nicht 1698,1935,67,21
befriedigt.» 1781,1934,149,27
<EOS>
«Dann 1948,1934,83,20
ist 2047,1933,31,21
es 2095,1941,23,13
wohl 1513,1971,62,21
besser, 1595,1971,86,25
Sie 1704,1970,38,21
gehen. 1762,1970,81,28
<EOS>
Wissen 1865,1969,92,22
Sie: 1980,1969,48,22
wenn 2049,1977,69,13
jemand 1513,2007,98,28
mit 1634,2007,44,21
der 1702,2007,40,20
rechten 1764,2006,98,21
Einstellung 1886,2005,149,28
jetzt 2057,2005,61,28
zum 1511,2051,55,13
Bauern 1582,2043,94,20
kommt, 1689,2042,101,26
nämlich 1805,2041,103,21
so, 1922,2048,33,19
daß 1970,2040,47,22
er 2031,2048,24,14
ihm 2068,2040,50,22
helfen 1512,2079,79,21
will, 1602,2079,53,25
so 1669,2086,25,14
ist 1705,2079,32,20
ihm 1748,2078,49,21
jede 1808,2078,54,28
Arbeit 1874,2077,83,21
recht, 1969,2077,74,25
auch 2057,2077,61,20
das 1514,2115,40,21
Holzspalten. 1575,2114,163,28
<EOS>
Wo 1757,2114,45,21
aber 1820,2113,57,21
die 1896,2112,36,22
fehlt, 1952,2112,66,27
da 2039,2112,29,22
ist 2087,2112,31,22
von 1512,2158,48,14
vornherein 1574,2150,141,22
alles 1730,2150,55,21
verloren.» 1799,2149,131,21
<EOS>
Der 1543,2186,47,21
Student 1610,2185,104,22
aber, 1731,2185,63,26
der 1814,2185,41,21
sich 1872,2184,50,22
bewährt 1940,2184,107,22
hat, 2065,2184,51,26
hat 1512,2223,42,21
das 1566,2223,42,20
höchste 1621,2222,98,21
Lob 1731,2222,50,21
seines 1794,2221,75,22
Meisters 1881,2221,106,21
erhalten. 2001,2220,114,22
<EOS>
Und 1513,2258,54,21
sein 1580,2258,49,21
Meister 1639,2257,96,21
gilt 1746,2257,42,28
als 1800,2257,34,21
einer, 1847,2256,70,27
der 1930,2256,41,22
manchmal 1981,2256,137,22
arbeitet, 1513,2294,109,25
bis 1641,2294,35,21
er 1695,2300,24,15
vor 1737,2300,42,14
Müdigkeit 1797,2292,133,29
fast 1946,2292,49,22
umfällt. 2014,2292,103,21
<EOS>
Das 1513,2330,47,21
ist 1577,2329,32,21
also 1626,2329,49,21
noch 1691,2329,62,21
ein 1770,2328,37,22
ganz 1824,2336,59,20
besonderes 1901,2328,140,22
Lob, 2059,2328,58,26
wenn 1511,2373,69,14
er 1594,2372,24,15
es 1632,2372,22,15
spendet. 1669,2365,107,29
<EOS>
Er 1792,2365,33,21
habe 1837,2365,61,21
ihm 1913,2364,49,21
am 1974,2372,39,14
Morgen 2022,2364,96,28
um 1512,2409,41,13
5 1568,2402,12,21
nie 1596,2401,37,21
zweimal 1648,2400,106,22
rufen 1769,2400,69,21
müssen, 1853,2403,103,23
wie 1971,2400,42,21
er 2029,2408,24,13
dies 2068,2400,49,21
bei 1512,2438,37,21
Knechten 1565,2438,127,20
mußte. 1707,2437,91,21
<EOS>
Das 1544,2473,48,21
Mißtrauen 1610,2473,136,21
zwischen 1761,2472,117,21
Stadt 1896,2471,71,22
und 1984,2472,49,21
Land 2050,2472,68,21
ist 1512,2509,31,21
ein 1562,2509,37,21
Unglück 1619,2509,111,28
und 1748,2509,49,20
ein 1817,2508,36,21
Unrecht 1874,2508,106,21
in 1998,2508,25,21
vielen 2041,2508,77,21
Fällen. 1514,2544,88,22
<EOS>
Es 1618,2544,30,21
geht 1664,2544,56,28
heut 1734,2544,58,21
drum, 1807,2544,76,26
daß 1899,2543,47,22
sich 1960,2543,50,22
die 2024,2543,37,22
fin¬ 2075,2543,43,22
den, 1513,2581,53,25
die 1590,2581,36,21
fähig 1648,2580,67,28
zur 1736,2587,41,14
Gemeinschaft 1802,2579,178,22
sind. 2002,2579,60,22
<EOS>
So 2087,2579,31,22
bildet 1513,2616,75,21
sich 1607,2616,50,21
ein 1676,2616,38,21
Kreis 1733,2615,69,22
der 1821,2615,41,22
Hilfsbereiten 1882,2615,169,22
und 2069,2615,50,22
Dankbaren, 1515,2653,153,25
ein 1679,2652,37,21
Kreis 1726,2652,68,21
derer, 1804,2652,74,25
die 1889,2652,36,21
sich 1935,2651,50,21
verstehen 1993,2652,126,21
gelernt 1513,2688,91,28
haben 1617,2688,79,21
in 1709,2687,25,21
ihren 1748,2687,66,21
Nöten, 1829,2687,87,26
der 1933,2687,41,21
Kreis, 1988,2686,76,27
der 2080,2687,41,21
am 1513,2731,39,15
lebendigsten 1578,2724,165,28
«Eidgenossenschaft» 1773,2723,267,29
ver¬ 2069,2731,51,13
körpert. 1512,2760,104,28
<EOS>
Manfred 1936,2773,96,21
Weiß 2040,2774,59,20
<EOS>
<EOP>
2t 2167,2985,26,22
<EOS>
<EOP>
