2310,3014
fîfô»$(tff(Çt 566,278,1239,311
<EOS>
<EOP>
Gleich 254,1074,95,27
zu 365,1085,34,16
Beginn 417,1075,106,34
unserer 541,1085,110,17
kleinen 667,1074,109,28
Abhandlung 792,1075,190,34
über 1000,1075,67,25
volkstümliches 1084,1074,227,27
Kunstschaffen 1330,1074,219,27
in 1566,1072,26,26
der 161,1132,48,25
Ostschweiz 224,1131,169,26
muß 410,1131,67,26
festgestellt 493,1131,165,35
sein, 674,1131,66,32
daß 764,1131,55,26
es 836,1141,27,16
die 880,1131,42,26
Volkskunst, 940,1131,180,32
möge 1141,1135,79,30
sie 1236,1130,37,27
nun 1291,1140,57,17
Ur- 1365,1130,48,27
oder 1431,1130,65,26
abge¬ 1511,1129,81,34
leitete 160,1188,94,26
Bauernkunst 269,1188,198,26
sein, 480,1188,66,32
nicht 563,1187,77,27
mehr 653,1189,77,25
gibt. 742,1188,67,35
<EOS>
So 829,1188,35,26
schwer 878,1189,103,25
es 994,1198,28,16
ist, 1036,1188,45,33
über 1098,1189,68,25
das 1181,1188,48,25
Entstehen 1244,1188,156,25
von 1414,1197,56,16
Kunst¬ 1487,1187,105,25
formen 160,1245,108,26
zu 282,1255,35,16
sprechen, 331,1245,142,34
so 489,1255,29,17
leicht 533,1245,84,26
gelingt 632,1245,104,34
der 751,1245,47,27
Nachweis, 814,1245,152,33
warum 982,1255,105,16
die 1103,1245,43,26
Volkskunst 1162,1245,172,26
zugrunde 1349,1245,141,33
gehen 1505,1244,87,34
mußte, 161,1301,106,33
und 283,1302,57,27
warum 356,1311,105,17
sie 477,1301,37,27
wohl 529,1302,72,26
kaum 616,1302,85,26
jemals 716,1302,98,34
wieder 830,1301,100,27
entstehen 945,1302,147,26
wird. 1107,1301,75,27
<EOS>
<EOP>
Was 251,1382,64,26
die 335,1381,43,27
Wissenschaft 393,1381,201,27
«Urkunst» 616,1382,156,28
nennt, 792,1387,97,28
wurzelt 912,1382,112,26
im 1044,1382,37,26
Reich 1102,1382,85,26
des 1207,1382,47,25
Magisch-Mystischen, 1275,1378,316,38
also 160,1438,57,27
im 240,1438,37,28
Religiösen. 301,1438,164,35
<EOS>
Wir 489,1438,58,27
finden 568,1439,94,26
sie 684,1438,37,28
bei 744,1438,43,28
prähistorischen 809,1438,236,35
Völkern, 1068,1438,128,34
in 1219,1438,28,27
geschichtlicher 1270,1438,227,35
Zeit; 1520,1438,70,32
überall 162,1495,104,26
wo 278,1505,40,16
sie 331,1495,37,26
lebt, 379,1496,67,31
schafft 459,1496,101,25
sie 572,1495,38,27
das 622,1496,49,26
Götzenbild, 686,1496,175,32
die 875,1496,42,26
Masken 930,1496,114,26
und 1058,1497,55,25
die 1126,1496,42,26
geometrischen 1180,1495,219,35
Ornamente. 1411,1495,179,26
<EOS>
Ihr 162,1552,45,26
Material, 222,1552,136,33
in 376,1552,29,28
dem 422,1553,63,26
sie 502,1553,38,26
vorwiegend 555,1553,176,35
baut, 746,1554,78,32
schnitzt 843,1553,121,26
und 982,1554,56,26
kerbt, 1053,1554,91,32
ist 1161,1553,35,26
das 1212,1553,49,26
Holz. 1278,1553,78,25
<EOS>
Immer 1380,1553,98,25
wieder 1493,1551,100,27
stoßen 160,1609,100,27
wir, 271,1609,57,33
sobald 344,1610,96,26
wir 452,1610,49,26
Vergleiche 513,1610,158,34
anstellen, 685,1610,143,33
auf 844,1610,48,26
verwandte 905,1610,159,27
Formen, 1078,1610,127,32
auf 1221,1610,47,25
ähnliehe 1280,1609,127,27
und 1422,1610,55,26
gleiche 1489,1608,103,35
Symbole. 162,1665,139,34
<EOS>
Sie 322,1665,42,27
sind 379,1665,62,29
der 457,1667,48,25
Ausdruck 522,1667,146,25
der 684,1667,48,26
Gemeinschaftsseele 749,1666,296,28
des 1058,1667,47,26
Menschen. 1123,1666,157,28
<EOS>
Sie 1300,1665,43,27
entstehen 1358,1666,147,26
ohne 1521,1666,71,26
Zweck, 160,1723,106,32
ohne 283,1723,71,27
Betrachter, 370,1723,174,33
sie 560,1723,38,26
haben 613,1724,92,27
nur 721,1734,51,17
Wert 787,1724,77,26
als 880,1724,39,26
Ausdruck 935,1723,147,27
magischer 1098,1723,153,35
Zeichen, 1267,1723,124,32
die 1408,1722,43,27
mensch¬ 1467,1723,124,25
liche 158,1779,71,26
Urangst 245,1780,122,34
bannen 381,1780,112,27
soll. 506,1781,58,26
<EOS>
Ganz 583,1781,77,27
im 674,1781,38,25
Gegensatz 729,1781,154,34
zum 897,1790,63,16
mosaischen 975,1780,174,28
Verbot, 1162,1781,114,31
vom 1292,1790,64,16
Göttlichen 1374,1779,162,28
ein 1549,1779,44,27
Bildnis 160,1836,107,28
oder 280,1836,66,27
Gleichnis 362,1836,138,27
zu 513,1847,34,16
machen, 560,1837,126,33
ist 700,1836,36,28
der 749,1837,48,27
religiös 809,1837,108,35
ergriffene 930,1836,143,35
Volkskünstler 1087,1837,213,27
auf 1312,1836,48,27
nichts 1375,1836,88,27
anderes 1477,1836,115,26
bedacht, 159,1893,131,33
als 307,1893,39,26
gerade 362,1894,99,34
auf 477,1894,48,26
dieses. 540,1894,95,26
<EOS>
Wie 652,1894,59,26
wenig 727,1894,88,35
dieses 831,1894,86,26
Verbot 936,1894,101,26
vermochte, 1055,1894,168,32
zeigen 1240,1893,93,35
die 1349,1893,42,26
unendlichen 1409,1892,183,28
Bildnisse 159,1950,136,27
und 314,1951,58,25
Gleichnisse 394,1950,167,27
in 580,1951,28,28
der 627,1952,48,25
katholischen 693,1952,193,27
Welt, 903,1952,79,32
und 1005,1952,55,27
selbst 1080,1952,84,26
der 1184,1952,47,25
bilderfeindliche 1245,1950,237,27
Prote¬ 1498,1951,93,25
stantismus 159,2007,165,28
ist 343,2007,35,27
noch 397,2007,72,27
immer 487,2007,98,27
nicht 604,2007,77,28
frei 699,2007,50,28
von 767,2018,56,17
Gottesdarstellungen 844,2008,309,35
— 1170,2024,36,2
ein 1223,2007,44,27
Beweis, 1286,2007,114,33
wie 1418,2007,50,27
tief 1487,2007,50,26
im 1554,2007,38,26
Menschen 159,2065,149,26
das 325,2064,48,26
magisch 391,2064,124,36
wirkende 531,2065,140,28
Bild 688,2065,63,26
lebt. 767,2066,66,26
<EOS>
Nur 853,2066,59,26
in 927,2065,29,27
einem 972,2065,89,26
Gebiet 1080,2066,98,25
der 1195,2066,48,25
Erde 1261,2066,72,24
fehlt 1350,2065,68,25
die 1435,2065,43,25
Volks¬ 1496,2065,95,25
kunst, 158,2122,94,31
dort, 267,2121,72,32
wo 351,2131,41,16
der 406,2122,47,26
Bauer 466,2122,90,26
sich 568,2122,58,25
zum 638,2132,63,15
ausbeuterischen 714,2122,244,26
Farmer 971,2123,113,25
entwickelt 1096,2122,159,26
hat, 1267,2122,58,29
wo 1338,2131,40,16
kein 1394,2121,61,26
Fromm¬ 1468,2122,123,25
sinn 158,2177,62,26
dem 238,2178,63,25
Frevler 321,2178,111,25
am 450,2188,45,16
Leben 513,2178,95,28
ein 625,2178,44,26
Halt 688,2178,67,26
gebietet: 774,2178,134,35
in 927,2178,28,26
den 974,2179,53,25
Vereinigten 1047,2178,176,34
Staaten 1243,2178,117,26
von 1378,2188,55,16
Amerika. 1452,2178,138,26
<EOS>
Wenn 157,2234,90,27
diese 267,2233,73,27
aber 359,2234,66,26
fehlt, 445,2234,77,33
wird 543,2234,67,27
schwerlich 631,2234,159,27
eine 809,2234,60,27
Kultur 886,2235,104,26
(von 1011,2235,66,34
colere, 1097,2235,95,32
bebauen) 1212,2234,138,34
entstehen, 1372,2234,156,33
die 1549,2234,43,26
weiterwirkend 157,2290,220,28
Werte 390,2291,94,26
spenden 499,2291,123,35
wird. 634,2291,77,26
<EOS>
Ohne 727,2292,78,26
diese 820,2292,73,26
lebensgebundene 906,2292,260,35
Grundlage 1182,2292,159,34
können 1355,2292,111,26
wir 1479,2291,49,26
uns 1542,2300,50,17
das 157,2348,50,26
Entstehen 220,2348,158,28
der 390,2348,48,27
Klöster 452,2349,112,26
nicht 576,2348,78,28
vorstellen. 665,2349,159,27
<EOS>
Nicht 840,2349,84,27
der 937,2350,48,25
fanatische 996,2349,155,28
Glaubenseifer 1168,2349,208,27
eines 1389,2348,72,27
irischen 1475,2348,117,28
Mönches 157,2405,131,27
allein 301,2405,82,27
hat 394,2405,50,27
Kulturzentren 458,2405,219,28
wie 688,2405,51,27
St. 753,2406,39,26
<EOS>
Gallen 805,2406,97,27
entstehen 917,2407,147,26
lassen, 1079,2407,98,32
sondern 1197,2407,119,26
uralte 1333,2406,88,26
heidnische 1433,2405,159,27
Kräfte 159,2462,100,26
mußten 276,2462,119,28
mithelfen, 411,2462,155,33
an 585,2472,36,18
diesem, 638,2463,112,33
für 769,2463,44,26
Kunst 832,2463,93,28
und 943,2464,58,25
Wissenschaft 1019,2463,201,28
bedeutenden 1238,2463,195,27
Ort, 1452,2463,59,32
jene 1530,2462,62,36
weltberühmte 156,2519,213,26
Buchmalerei 387,2520,193,26
und 595,2520,59,26
Dichtkunst 671,2520,171,26
entstehen 859,2521,146,27
zu 1022,2531,34,16
lassen. 1071,2521,98,26
<EOS>
<EOP>
Wenn 248,2599,91,27
wir 354,2598,48,28
neben 422,2600,90,26
Urkunst 529,2599,126,27
auch 676,2600,72,26
von 763,2610,56,16
abgeleiteter 841,2600,180,35
Bauernkunst 1039,2600,199,26
reden, 1253,2600,93,32
so 1367,2609,28,17
meinen 1417,2599,109,27
wir 1545,2599,48,27
damit 156,2655,89,26
jene 265,2655,63,35
primitive 349,2655,141,35
Volkskunst, 514,2657,180,31
die, 717,2656,52,33
beeinflußt 792,2656,154,27
von 967,2667,56,16
den 1048,2657,54,27
Werken 1123,2657,119,26
hoher 1262,2657,86,25
Kunst, 1371,2657,102,31
in 1496,2656,29,26
der 1545,2656,48,26
<EOS>
<EOP>
Fortsetzung 1302,2716,136,20
auf 1449,2715,34,17
Seite 1495,2715,53,17
6 1558,2715,10,16
<EOS>
<EOP>
