2270,2988
*f<r 1055,0,147,54
<EOS>
<EOP>
<EOS>
<EOP>
S 1715,643,70,116
*/" 1507,676,36,22
r 1396,748,27,38
<EOS>
<EOP>
< 1593,821,19,24
<EOS>
<EOP>
\ 1652,1004,18,32
<EOS>
<EOP>
^T^I?J 789,1135,143,49
<EOS>
<EOP>
r 1793,1223,21,23
iy/y 1818,1209,51,23
<EOS>
<EOP>
/ 1861,1229,24,27
^ 1742,1263,42,39
<EOS>
<EOP>
^^^J^^:T^^^ 781,1364,84,15
yn^yf 870,1364,69,14
<EOS>
<EOP>
V» 1879,1386,29,11
<EOS>
<EOP>
\ 799,1614,60,86
^ 1597,1624,83,86
<EOS>
<EOP>
f 859,1951,86,142
u* 460,2012,40,25
<EOS>
<EOP>
«#- 1724,2139,103,47
PRODUITS 403,2245,693,78
/. 1253,2267,83,49
<EOS>
L'EAU 273,2332,315,78
DE 679,2335,122,73
COLOGNE 891,2327,562,83
<EOS>
<EOP>
(555) 740,2467,256,95
L 497,2627,33,55
E 584,2630,43,51
R 676,2626,51,56
M 775,2630,73,51
O 892,2628,61,55
N 1002,2628,53,54
T 1103,2631,57,50
& 1280,2605,57,90
>/ö 1448,2620,205,94
U 1694,2621,50,62
E 1801,2625,40,52
T 1889,2623,55,57
<EOS>
<EOP>
PARIS 705,2729,209,35
G 1245,2728,38,34
E 1312,2731,29,28
N 1369,2730,33,30
à 1438,2714,31,44
V 1498,2728,41,28
E 1574,2725,30,34
<EOS>
<EOP>
