2310,3104
v~ß* 1452,47,60,22
* 1525,47,11,8
¦" 1572,47,10,8
m 709,51,22,12
-*r 750,51,31,11
"ntfc 803,51,39,15
<EOS>
<EOP>
Ç 594,452,58,62
m 1225,467,24,16
<EOS>
<EOP>
£ 1468,489,51,51
£ 911,505,64,64
«r 892,516,26,18
»¦¦Ä 604,534,47,32
<EOS>
<EOP>
*k 1577,577,31,22
b 1418,584,24,31
<EOS>
* 1577,721,35,31
\ 1887,735,34,27
À 1599,754,39,49
\ 1652,773,26,36
/ 710,779,27,47
\ 1699,790,20,36
<EOS>
<EOP>
11 2031,890,71,46
<EOS>
<EOP>
...>> 1883,827,43,18
<EOS>
g 1996,828,38,59
<EOS>
<EOP>
a 2008,947,48,50
% 1742,992,61,54
»5" 1934,1008,96,52
<EOS>
<EOP>
\b 1862,1052,44,39
<EOS>
<EOP>
<•¦¦¦.... 1989,1143,27,13
<EOS>
<EOP>
r< 1786,1303,50,27
6 921,1372,26,35
N 1107,1390,21,25
<EOS>
<EOP>
TO 2079,1696,114,30
à 1360,1749,73,88
A 1435,1816,29,26
y». 841,1883,37,20
<EOS>
> 815,1892,26,22
¦*, 1440,1907,25,15
<EOS>
<EOP>
S 842,1990,47,54
<EOS>
<EOP>
Das 218,2164,48,21
Kübelbödeli. 277,2164,165,23
<EOS>
Zur 455,2166,46,20
Alpfahrt 510,2165,112,29
trägt 633,2167,64,26
der 706,2167,41,20
Senn 757,2166,63,21
seine 829,2167,63,20
farbenfrohe 903,2167,151,20
Tracht: 1063,2167,99,20
gelbe 1173,2167,67,27
Hosen, 1249,2167,87,24
weiße 1348,2166,72,20
Strümpfe, 1431,2165,129,28
messingbeschlagene 217,2200,258,28
Hosenträger. 493,2201,167,27
<EOS>
Er 682,2201,31,21
raucht 731,2201,85,22
eine 838,2201,51,22
feingearbeitete 908,2201,194,28
Silberpfeife. 1124,2201,154,28
<EOS>
An 1305,2201,38,22
seiner 1361,2201,76,22
Schulter 1454,2200,109,22
hängt 216,2235,75,28
der 303,2236,42,21
sogenannte 356,2240,146,24
Alpfahrtseimer. 511,2237,205,28
<EOS>
Dies 732,2237,53,21
ist 794,2237,32,21
ein 836,2237,36,21
meist 881,2237,71,21
reich 960,2238,64,21
gekerbter 1033,2238,125,28
Melkerkübel, 1168,2237,169,25
in 1350,2237,23,21
dessen 1386,2237,83,21
Boden 1480,2237,82,21
bei 216,2271,38,21
der 270,2272,42,21
Alpfahrt 327,2272,116,28
ein 459,2272,36,22
Holzteller, 512,2272,137,27
eben 666,2273,60,21
das 742,2273,41,21
«Bödeli», 803,2273,115,26
eingesetzt 939,2273,129,28
wird. 1084,2273,65,21
<EOS>
Das 1173,2273,47,21
obenstehende 1236,2273,177,21
Bild 1429,2272,54,22
zeigt 1500,2272,62,28
einen 216,2307,68,21
Melkerkübel 300,2307,161,22
mit 477,2308,45,21
eingesetztem 538,2309,169,28
Bödeli 723,2309,82,21
von 820,2316,50,14
der 886,2310,40,20
Hand 941,2309,73,21
des 1027,2310,40,21
Appenzellem 1081,2309,168,29
Breitenmoser, 1267,2309,182,25
der 1466,2309,41,21
ihn 1521,2308,40,22
1939 215,2344,59,21
für 288,2344,38,21
die 339,2344,36,21
Landesausstellung 389,2344,242,28
herstellte. 643,2344,127,22
<EOS>
Er 793,2344,32,22
beweist, 832,2345,105,26
daß 953,2345,45,21
das 1013,2346,42,20
handwerkliche 1069,2345,192,21
Können 1279,2344,103,22
im 1395,2345,33,21
Kopieren 1440,2344,120,29
noch 214,2379,62,21
lebendig 290,2379,109,29
ist. 410,2379,38,22
<EOS>
Das 467,2380,48,22
früheste 527,2380,105,22
Bödeli, 646,2381,89,25
das 749,2381,41,21
wir 803,2381,42,21
kennen, 858,2382,101,25
ist 971,2382,31,21
1804 1014,2382,60,21
datiert. 1086,2382,96,22
<EOS>
Noch 1196,2381,69,21
wissen 1276,2382,84,21
wir 1371,2381,41,21
nicht, 1423,2381,75,26
wer 1516,2388,46,14
der 214,2415,42,21
Erfinder 267,2415,109,22
dieser 388,2416,75,21
originellen 475,2416,135,27
Dekoration 623,2416,147,22
gewesen 783,2424,106,20
ist, 901,2417,37,26
jedenfalls 951,2417,125,28
fällt 1089,2417,52,21
das 1154,2417,41,21
Erscheinen 1212,2417,141,21
zusammen 1365,2424,139,14
mit 1516,2416,45,22
einer 214,2451,63,21
immer 294,2451,84,21
phantasievoller 395,2451,203,29
sich 614,2452,50,21
gestaltenden 682,2453,166,27
Bereicherung 866,2453,174,28
der 1059,2454,42,21
Sennentracht 1118,2453,177,22
und 1311,2453,49,21
des 1376,2453,40,21
Senntum- 1433,2452,127,22
geläutes. 213,2487,113,28
<EOS>
Der 340,2488,48,21
meist 395,2488,72,21
helle 477,2488,59,22
Grund 548,2488,83,22
dieser 641,2488,75,22
Bödeli 726,2488,82,22
und 818,2489,49,21
die 877,2489,37,21
fast 924,2489,47,21
an 981,2497,30,13
Porzellanmalerei 1022,2489,218,21
erinnernde 1253,2489,139,21
Behandlung 1403,2488,158,28
des 213,2523,39,21
Blumendekors 274,2523,188,21
weisen 483,2524,85,21
darauf 588,2524,86,21
hin, 693,2524,48,25
daß 763,2525,46,20
diese 831,2525,61,21
Holztellerkunst 912,2525,205,22
sehr 1136,2526,54,21
wahrscheinlich 1206,2525,195,22
von 1419,2532,47,14
einem 1485,2525,75,21
Fayencemaler 212,2559,185,28
stammt. 408,2563,108,18
<EOS>
Wir 533,2559,51,22
kennen 597,2560,94,21
Glückwunsch- 705,2559,186,22
und 903,2561,50,20
Freundschaflsteller 965,2561,256,21
mit 1233,2561,44,21
Ueberglasur, 1289,2561,166,27
die 1471,2561,37,20
der 1521,2561,40,20
Bödelimalerei 212,2594,181,22
nahestehen. 409,2595,155,21
<EOS>
Der 584,2596,48,21
auf 643,2596,41,21
dem 700,2597,54,20
Boden 767,2596,83,22
verzeichnete 862,2596,163,22
Name 1039,2597,76,21
zeigt 1128,2597,62,28
den 1203,2598,46,20
Eigentümer 1266,2597,154,28
des 1435,2597,40,21
Melk¬ 1488,2597,72,21
kübels 210,2630,84,22
an. 306,2638,37,14
<EOS>
Von 356,2631,53,21
diesem 420,2631,89,22
Spezialgebiet 522,2631,173,28
der 706,2632,42,21
ostschweizerischen 759,2632,245,21
Malerei 1019,2632,94,21
führt 1125,2633,66,20
der 1204,2633,41,20
Weg 1252,2633,59,27
zu 1323,2641,28,13
den 1365,2633,46,21
primitiven 1422,2632,139,28
Bauernmalern, 212,2665,195,27
die 422,2666,37,21
auch 472,2667,61,21
die 545,2667,37,21
Elemente 593,2667,124,21
des 730,2667,39,22
Senntums 783,2667,130,22
abwandeln 925,2669,142,20
und 1079,2670,49,20
schließlich 1140,2669,137,21
bis 1289,2669,35,21
zur 1337,2676,41,14
reinen 1389,2669,81,21
Land¬ 1482,2669,78,20
schaftsdarstellung 209,2701,241,29
vorstoßen. 468,2703,137,21
<EOS>
Die 632,2703,43,21
links 693,2703,61,21
farbig 773,2703,77,28
wiedergegebenen 869,2703,222,28
Bödeli 1110,2704,83,21
zeigen 1212,2704,80,27
eine 1312,2704,50,21
Auswahl 1380,2704,113,21
von 1513,2712,47,13
Stücken 207,2736,111,22
erlesenster 334,2737,139,22
Schönheit. 487,2737,137,22
<EOS>
Zwei 646,2738,62,22
davon 726,2739,79,21
stammen 822,2742,119,18
von 957,2747,48,14
-Bartholome 1019,2740,158,21
Lämmler 1189,2739,120,23
(1809—1865), 1325,2739,179,30
die 1523,2740,37,22
übrigen 208,2773,100,28
von 321,2780,48,14
dem 381,2774,54,21
produktiven 448,2775,162,27
Johannes 624,2775,123,21
Müller 760,2775,84,21
von 856,2783,48,14
Hundwil 917,2774,114,23
(1806—1897). 1046,2775,178,29
<EOS>
<EOP>
11 2191,3004,26,21
<EOS>
<EOP>
