2310,3104
23. 515,168,40,26
<EOS>
Kapitel 574,167,183,28
Von 377,220,53,20
Liebe, 441,219,74,27
Bise 526,220,50,20
und 587,219,46,21
Schornsteinaufsätzen 645,219,253,22
Das 214,281,54,25
Speisezimmer 280,281,196,33
lag 484,280,42,34
im 535,281,37,25
Erdgeschoß. 581,280,179,34
<EOS>
Eine 772,282,66,24
Flügeltür 847,280,133,34
mündete 990,280,123,25
in 162,319,28,24
eine 204,319,57,24
kurze 276,318,78,25
Freitreppe 368,319,149,33
und 532,318,54,25
wies 600,319,62,25
in 676,319,28,25
die 719,318,40,26
Richtung 775,319,133,33
einer 922,319,69,24
Ulmen¬ 1006,318,107,25
allee, 163,356,72,31
die 250,356,40,25
jählings 304,356,110,34
vor 428,365,50,16
der 492,356,46,25
Brandmauer 550,356,177,25
einer 741,357,70,25
kommodenhaft 825,356,218,25
hin¬ 1057,356,56,24
gebreiteten 163,394,160,34
Mietskaserne 340,394,187,25
endigte. 544,394,114,34
<EOS>
Das 676,395,54,25
Laub 748,395,72,24
der 838,395,46,24
uralten 900,395,100,24
Bäume 1016,395,98,24
zeigte 163,433,83,33
bereits 266,432,93,24
Herbstfärbung. 378,432,221,34
<EOS>
An 619,433,44,24
besonders 682,432,141,25
gelichteten 843,433,156,33
Stellen 1019,432,95,25
kam 165,470,60,24
zutage, 240,476,101,27
daß 357,469,50,25
Wipfel 421,470,97,33
und 533,470,54,24
Hauptarme 599,471,161,33
schon 776,470,83,25
vielfach 873,470,112,25
gekappt 1000,470,115,33
waren. 164,516,94,17
<EOS>
Auch 277,507,77,25
dem 371,507,60,25
Rasen 442,508,85,24
darunter 541,507,122,26
schien 680,508,87,25
die 785,508,41,25
Lebenskraft 837,507,171,26
auszu¬ 1024,515,90,17
gehen. 165,545,92,33
<EOS>
Die 272,546,51,24
Halme 334,545,95,25
standen 441,545,109,25
dünn 563,545,73,25
und 648,545,55,25
weit 715,546,61,24
auseinander. 787,545,177,25
<EOS>
Mancher¬ 978,545,136,25
orts 165,589,53,18
bildeten 235,583,116,25
sich 365,583,55,25
große 439,583,83,33
braune 542,583,97,25
und 654,583,55,25
graugelb 724,583,126,34
gesprenkelte 865,583,181,34
An¬ 1060,583,55,24
sammlungen 165,621,182,33
bereits 360,621,93,24
gefallener 467,621,140,33
Blätter. 621,621,103,25
<EOS>
Auf 739,621,58,28
den 808,621,51,25
Wegen 874,622,99,32
lag 986,621,42,33
dünn 1042,618,74,27
verrechter 164,659,148,24
Gartenkies. 328,659,162,24
<EOS>
Das 506,660,54,23
Grundstück 577,659,171,25
war 762,668,54,16
ziemlich 830,660,119,24
groß, 964,660,76,33
aber 1055,659,61,24
es 165,704,26,17
wurde 211,696,91,25
durch 322,696,83,25
seine 424,697,70,24
Umschränkungen 514,697,255,34
erdrückt. 788,697,130,25
<EOS>
Fast 939,698,59,24
überall 1017,696,99,25
verstellten 165,734,149,25
Wände 331,734,100,25
oder 446,734,64,25
Fassaden 524,735,129,24
aufgeschossener 667,735,231,34
Massenbauten 914,735,202,24
die 166,772,41,25
Sicht. 223,772,78,25
<EOS>
Der 316,773,54,24
nahe 384,772,66,25
Mont 463,773,80,24
Revard 556,773,104,25
kam 673,773,60,25
nur 746,781,50,17
in 809,774,27,24
zwei 848,774,66,24
magern 927,781,107,25
Aus¬ 1047,772,68,25
schnitten 166,810,129,25
zum 307,818,60,16
Vorschein. 379,810,155,25
<EOS>
Die 548,811,51,24
Herbstluft 611,811,148,25
brachte 772,811,105,25
diese 890,811,69,25
Beengung 971,812,144,32
zu 165,856,33,16
verstärktem 209,848,171,24
Ausdruck. 391,848,149,25
<EOS>
Ein 554,849,51,24
paar 615,856,61,26
Zierbeete 689,848,134,26
mit 835,849,47,24
Chrysanthemen 894,848,222,33
und 166,886,54,24
erfrorenen 228,886,150,24
Dahlien 383,886,113,24
vermochten 502,886,171,25
nicht 680,886,71,25
gegen 759,896,84,24
die 851,886,41,25
melancholische 899,886,218,25
Einsicht 167,924,118,25
aufzukommen, 308,923,213,31
daß 545,924,50,24
der 619,924,46,25
Ort 688,925,51,24
für 760,919,43,30
baldige 826,925,104,33
Zerstörung 954,925,162,32
gezeichnet 166,961,152,33
war. 332,969,60,17
<EOS>
Eines 410,962,78,24
Tages, 504,962,93,33
vielleicht 613,962,130,24
morgen, 759,971,119,25
möglicherweise 894,962,224,34
aber 168,998,60,26
auch 246,999,66,24
erst 329,1005,51,19
in 397,999,27,24
fünf 441,999,63,25
Jahren 517,999,97,33
wird 631,999,66,25
irgendwo 715,1000,136,33
ein 870,1000,41,24
Stück 930,1000,80,24
Papier 1027,1000,91,32
beschrieben 168,1036,169,26
und 352,1036,54,25
unterschrieben. 422,1037,220,25
<EOS>
Dann, 660,1038,88,30
um 764,1046,45,17
weniges 825,1038,114,33
später, 956,1041,93,30
hält 1065,1036,53,26
ein 168,1074,41,25
Möbelwagen 220,1074,186,33
im 420,1074,37,25
Hofe, 469,1074,80,31
und 565,1074,55,26
es 635,1084,26,16
werden 676,1075,105,25
Dinge 792,1076,89,33
hineinverladen, 896,1074,221,30
die 168,1112,41,24
seit 224,1113,47,24
Bestehen 284,1113,128,24
des 427,1112,43,25
Hauses 485,1113,101,25
zu 600,1121,32,16
ihm 646,1113,56,25
gehört 715,1113,94,33
und 823,1113,55,25
es 892,1122,26,16
nie 932,1113,42,25
verlassen 988,1113,130,25
haben. 167,1150,93,24
<EOS>
Und 281,1150,62,24
wiederum 361,1150,144,24
wird 523,1150,66,25
es 608,1159,26,16
nur 653,1160,50,15
die 721,1151,42,25
Frage 781,1152,82,32
von 881,1160,55,16
Tagen 954,1151,91,33
und 1063,1150,55,24
Stunden 169,1187,117,25
sein, 306,1188,63,30
bis 390,1188,39,24
Männer 450,1189,111,24
mit 581,1189,47,24
Beilen, 648,1189,97,31
Sägen 767,1190,84,33
und 870,1189,55,25
Spitzhacken 947,1188,171,35
erscheinen 168,1225,150,26
und 338,1225,55,26
den 413,1225,51,26
Ort 485,1227,50,24
zur 554,1234,46,17
Unkenntlichkeit 621,1227,232,24
verändern. 872,1227,152,25
<EOS>
Aber 1046,1225,72,26
einstweilen 167,1263,160,26
waren 334,1272,86,17
die 428,1263,41,26
Dinge 476,1264,88,34
noch 573,1264,70,26
nicht 651,1265,73,24
so 733,1273,29,16
weit 770,1266,61,23
gediehen. 837,1265,135,34
<EOS>
Das 983,1265,53,24
Haus 1045,1265,73,24
Mangeois 168,1302,138,32
stand 318,1301,74,25
noch 402,1301,70,25
und 487,1302,55,25
diente 553,1302,86,25
seinen 654,1303,89,25
Besitzern 752,1303,132,25
als 895,1303,35,25
Wohnstätte. 943,1302,173,26
<EOS>
<EOP>
Das 219,1339,54,25
Speisezimmer 290,1339,196,33
erstreckte 500,1340,139,25
sich 654,1340,55,25
lang 722,1340,60,34
und 798,1340,55,26
schmal 867,1340,97,26
ins 978,1341,40,24
Haus¬ 1033,1341,85,24
innere. 167,1377,97,25
<EOS>
Es 280,1378,36,24
bekam 331,1377,94,25
nur 439,1386,50,16
durch 504,1378,82,25
eine 600,1378,57,25
Glastüre 673,1378,121,25
Licht, 809,1378,83,31
der 908,1378,45,25
gegenüber 968,1378,150,34
ein 168,1415,42,24
marmornes 226,1423,160,17
Louis-XVI.-Kamin 403,1416,280,24
<EOS>
die 704,1416,41,25
ferne 765,1416,72,25
Tiefe 853,1416,74,25
des 944,1416,44,25
Raumes 1005,1417,112,23
abschloß. 168,1452,133,25
<EOS>
Ueber 316,1453,86,24
seinem 414,1454,98,23
Sims 525,1454,65,24
hing 604,1453,63,34
in 679,1455,28,23
reich 719,1454,69,25
geschnitztem 800,1454,188,34
Rahmen 1000,1454,118,24
ein 168,1490,42,25
Spiegel, 228,1490,111,33
der 356,1490,45,25
das 417,1490,44,26
Zimmer 479,1491,116,25
scheinbar 611,1491,136,25
durchs 763,1492,95,24
ganze 875,1499,81,26
Haus 972,1493,72,23
hin¬ 1061,1491,57,25
durch 168,1527,83,26
bis 268,1527,39,26
zu 325,1536,33,17
einer 376,1528,70,25
jenseitigen 464,1529,152,33
Gartensicht 634,1529,166,25
fortsetzte. 817,1529,141,25
<EOS>
Auch 978,1529,78,25
der 1074,1528,44,26
lange, 168,1565,84,34
ausgezogene 273,1574,180,25
Eßtisch 474,1566,109,26
wurde 603,1566,91,26
in 714,1567,28,25
diese 761,1567,70,25
Täuschung 852,1567,159,33
einbe¬ 1032,1566,86,26
zogen. 168,1611,92,26
<EOS>
Die 279,1604,51,24
Zahl 348,1599,65,29
der 430,1604,46,24
ihn 491,1604,47,25
umreihenden 555,1604,188,26
Stühle 760,1605,89,25
verdoppelte 866,1604,171,34
sich, 1055,1604,63,31
wie 168,1642,50,24
auch 234,1641,67,26
die 316,1641,41,25
schmucklose 373,1642,182,25
Anrichte, 570,1642,135,31
die 722,1643,41,25
unter 779,1648,76,20
dem 871,1643,60,25
Fensterchen 947,1643,172,25
stand, 168,1678,84,31
durch 271,1679,82,24
welches 369,1679,110,25
die 498,1679,41,25
Speisen 557,1681,106,33
aus 680,1689,44,16
der 743,1680,44,25
Küche 803,1681,95,25
hereingereicht 914,1680,205,34
wurden. 168,1716,117,26
<EOS>
Die 301,1718,51,24
Wände 362,1717,100,25
waren 473,1726,87,16
einfach 574,1718,102,25
getäfert 687,1718,109,34
und 808,1718,55,25
in 875,1719,28,24
einer 917,1719,70,24
milchig¬ 1001,1718,118,34
grauen 168,1764,99,24
Farbe 279,1755,81,25
gestrichen. 372,1755,155,34
<EOS>
Die 540,1756,52,25
Schlichtheit 605,1756,168,26
des 786,1757,44,24
Raumes 843,1758,111,23
wurde 967,1756,91,25
nur 1070,1764,49,17
durch 169,1792,83,25
drei 268,1792,55,26
schmückende 340,1793,193,25
Elemente 549,1794,135,25
durchbrochen. 701,1794,207,25
<EOS>
Vom 926,1796,72,23
Hinter¬ 1014,1795,105,24
grund 168,1830,88,34
her 281,1830,47,25
blinkten 353,1830,119,26
die 498,1831,41,25
vergoldeten 565,1831,172,34
Schnörkel 764,1832,144,26
des 934,1832,44,26
Spiegel¬ 1006,1831,113,34
rahmens. 170,1868,127,25
<EOS>
Die 314,1869,51,24
Stuckdecke 381,1869,163,24
stammte 558,1875,120,19
aus 693,1879,44,16
der 754,1869,45,26
gleichen 813,1870,119,33
Epoche 947,1870,109,33
wie 1070,1869,49,25
das 169,1905,44,25
Kamin 232,1907,99,23
und 348,1906,55,25
zeigte 421,1907,83,33
einige 522,1907,84,34
schüchterne 625,1908,170,25
Kerbungen 812,1908,164,33
mit 994,1908,47,24
Gir¬ 1060,1908,59,24
landenmotiven. 168,1943,223,26
<EOS>
Die 412,1945,52,24
Hauptzierde 483,1945,177,33
aber 680,1945,62,25
bestand 760,1946,110,24
in 889,1946,27,24
dem 936,1946,61,24
Pastell¬ 1016,1945,103,25
bildnis 169,1981,96,25
eines 276,1982,69,24
Herrn 356,1982,86,25
in 451,1982,28,25
Allongeperücke 489,1982,229,34
und 727,1983,55,24
veilchenblauem 792,1983,223,25
Staats¬ 1027,1984,91,24
kleid. 170,2018,77,25
<EOS>
Es 258,2019,34,25
stellte 302,2018,82,26
den 394,2019,50,25
Syndic 454,2019,95,33
Ulisse 557,2020,85,25
Mangeois 650,2021,137,33
dar, 798,2021,53,30
der 861,2021,45,25
das 914,2021,44,25
Vermögen 968,2022,152,32
und 169,2057,55,24
spätere 236,2060,100,30
Ansehen 347,2057,125,25
der 483,2057,45,25
Familie 539,2058,106,24
begründet 657,2058,146,33
hatte. 814,2059,78,25
<EOS>
Wenn 908,2060,83,24
draußen 1004,2058,116,25
schönes 171,2094,110,25
Wetter 297,2096,98,23
war, 408,2103,62,22
spielten 491,2096,109,33
grüne 619,2098,83,31
und 715,2096,55,25
bläuliche 783,2096,129,25
Widerscheine 927,2096,194,26
auf 168,2131,47,25
dem 228,2132,60,24
Glas, 303,2132,71,30
durch 391,2132,83,25
welches 489,2133,110,25
er 619,2142,27,16
hervorlächelte. 660,2134,213,25
<EOS>
Dann 890,2134,79,25
sah's 985,2134,66,25
aus, 1067,2143,54,21
als 170,2169,35,26
ob 227,2169,35,26
aus 283,2178,45,17
der 349,2170,45,25
fixierten 413,2170,118,25
eine 550,2171,57,24
lebendige 627,2171,138,34
Freundlichkeit 784,2172,211,24
werden 1014,2172,106,24
wollte. 170,2207,96,26
<EOS>
Der 283,2208,55,25
alte 352,2208,48,25
Herr 415,2209,68,25
zwinkerte 497,2209,141,25
verständnisinnig 652,2209,239,35
und 905,2210,55,24
schien 975,2210,88,25
auf 1077,2209,47,25
längst 170,2245,86,34
vergessene 272,2254,155,25
Geschichten 445,2246,175,26
anzuspielen, 637,2248,173,33
die 829,2248,41,24
einmal 887,2248,94,24
neu 997,2256,52,16
und 1066,2247,55,25
skandalös 171,2283,138,25
gewesen 326,2293,120,24
waren. 462,2293,94,16
<EOS>
Aber 574,2284,72,26
sobald 663,2285,91,25
das 770,2285,45,26
Sonnenlicht 833,2286,170,25
erlosch 1019,2285,102,26
oder 171,2321,64,24
wenn 247,2330,78,16
gar 337,2330,46,25
die 396,2322,41,24
schwarze 450,2322,129,25
Bise 592,2323,58,24
den 664,2322,51,25
Himmel 727,2323,116,25
trübte, 856,2323,95,31
gerann 964,2332,99,25
das 1075,2322,45,26
Lächeln 171,2359,113,25
in 295,2360,28,23
Säuerlichkeit, 333,2359,193,31
und 538,2360,56,24
aus 605,2369,44,16
dem 660,2361,60,24
jovialen 732,2361,112,33
Zyniker 854,2361,114,33
wurde 976,2361,91,25
die 1080,2361,41,24
erstarrte 171,2403,119,18
Maske 314,2397,92,24
eines 429,2398,70,24
unguten 523,2405,119,26
und 665,2398,56,25
selbstgerechten 745,2399,219,33
Krämers. 988,2400,132,24
<EOS>
Falls 171,2434,66,25
aber 251,2434,61,26
gar 324,2443,46,25
ein 383,2435,42,25
Gewitter 439,2436,127,24
drohte 579,2436,94,24
und 686,2436,55,25
die 754,2437,42,24
Tiefe 809,2437,73,24
des 897,2437,43,24
Raums 954,2438,97,23
ver¬ 1064,2445,58,16
finsterte, 171,2471,124,32
so 312,2481,29,16
daß 358,2472,50,25
alles 424,2473,60,25
Dunkle 500,2474,108,24
im 623,2474,37,24
Dunklern 676,2474,138,25
versank, 830,2475,120,29
blieb 966,2475,69,24
doch 1052,2475,71,24
die 171,2509,42,25
Helle 220,2510,75,24
des 305,2510,44,24
Inkarnats 359,2510,135,25
in 504,2510,27,25
käsiger 541,2510,101,33
Weiße 651,2511,90,25
stehen. 751,2512,97,25
<EOS>
In 859,2513,31,23
solchen 900,2512,107,25
Augen¬ 1013,2512,107,33
blicken 171,2546,103,25
modellierte 285,2547,162,24
sich 458,2548,55,24
der 524,2548,45,24
Schädel 581,2548,108,25
eines 700,2549,69,24
fanatischen, 780,2548,168,31
asketischen 960,2549,162,27
Eiferers 171,2584,112,25
heraus, 296,2585,101,30
der 411,2584,46,25
nicht 469,2585,73,24
die 555,2585,41,25
Spur 610,2586,67,34
von 689,2595,55,15
Spaß 759,2587,67,33
verstand 839,2587,123,24
und 975,2587,55,24
selbst 1043,2587,79,25
die 172,2621,41,26
amüsantesten 228,2625,191,23
Sünder 435,2623,101,25
vor 549,2632,50,16
sein 614,2624,55,24
Konsistorium 683,2625,199,24
zitierte. 896,2625,106,24
<EOS>
Es 1019,2626,34,23
war 1068,2634,55,16
wohl 171,2659,72,26
aus 263,2669,45,17
einer 329,2660,71,26
Art 419,2660,49,26
rückbeschaulichen 489,2661,265,25
Taktgefühls 774,2662,172,34
geschehen, 966,2662,155,34
daß 172,2697,50,26
man 236,2707,60,16
die 310,2698,41,25
andere 364,2698,95,26
berühmte 472,2698,137,27
Vorfahrin 621,2699,144,26
des 778,2700,44,25
Hauses 837,2702,100,23
nebenan 951,2701,118,25
ins 1082,2702,40,24
Treppenhaus 172,2736,186,33
gehängt 376,2736,114,34
hatte. 507,2737,77,25
<EOS>
Die 602,2738,52,25
beiden 670,2737,95,26
würden 781,2738,109,26
sich 907,2738,54,26
trotz 977,2745,69,19
aller 1062,2739,61,25
nachweisbarer 172,2775,205,24
Verwandtschaft 392,2775,228,25
nicht 635,2775,72,25
vertragen 722,2782,138,27
haben. 875,2776,93,25
<EOS>
Denn 986,2777,79,25
die 1081,2777,42,25
Bilder 172,2811,88,24
führten 275,2812,106,24
ihr 397,2812,41,24
eigenes 454,2813,102,33
Leben 574,2813,89,25
neben 678,2813,86,25
dem 781,2813,60,25
Leben 857,2814,89,25
der 962,2813,46,26
Leben¬ 1024,2814,100,25
digen 173,2849,78,33
her. 266,2849,53,25
<EOS>
Der 335,2850,55,24
alte 404,2850,49,24
Syndic 469,2850,95,33
zeigte 577,2851,83,33
sogar 675,2859,78,26
noch 765,2852,71,24
das 850,2852,44,24
Wetter 911,2852,98,25
an 1023,2861,32,16
und 1068,2852,56,25
<EOS>
<EOP>
konnte 1202,168,100,26
somit 1319,168,79,26
füglich 1414,168,102,34
als 1532,167,35,26
Barometer 1585,168,151,24
dienen. 1753,166,101,26
<EOS>
Wenn 1875,168,85,24
nämlich 1977,164,113,27
der 2107,163,46,28
Föhn 1202,207,76,25
aufhörte 1296,207,125,24
und 1438,206,56,25
die 1513,206,41,24
flachen 1572,206,100,24
Wolkenkissen 1692,205,201,25
von 1911,213,56,16
jenseits 1985,205,102,33
her 2107,204,45,25
über 1202,245,65,24
die 1289,245,42,24
Jurakämme 1353,244,168,34
drückten, 1543,244,136,29
trat 1703,249,50,19
die 1775,243,42,25
bläuliche 1839,243,128,25
Andeutung 1989,242,163,33
des 1202,283,44,24
rasierten 1263,283,122,24
Kinns 1401,283,86,23
und 1503,281,55,25
der 1574,281,45,25
Wangen 1636,282,118,33
deutlicher 1770,281,143,25
in 1928,280,27,25
Erscheinung 1971,280,181,32
als 1202,320,36,25
an 1258,329,33,16
andern 1306,320,97,25
Tagen. 1417,320,98,33
<EOS>
Aber 1537,319,72,25
sobald 1628,318,92,26
der 1735,318,45,25
Regen 1794,320,90,32
gefallen 1904,318,111,34
und 2035,318,55,24
die 2111,317,42,25
klärende 1203,358,122,25
Bise 1334,358,59,25
zu 1402,366,32,16
erwarten 1445,363,126,19
war, 1580,366,61,22
änderte 1652,356,105,26
sich 1768,356,54,26
etwas 1832,362,78,19
um 1920,365,46,16
die 1976,356,41,25
Nüstern. 2027,356,124,25
<EOS>
Eine 1201,396,66,25
unfeststellbare 1281,395,207,26
und 1501,395,55,25
doch 1570,395,69,25
nicht 1652,395,73,24
zu 1737,403,33,16
leugnende 1782,394,148,34
Röterwerdung 1942,393,210,34
der 1203,433,45,25
Nasenflügel 1258,433,169,34
verkündete 1438,433,161,25
mit 1610,433,47,24
einiger 1667,433,98,33
Sicherheit 1776,433,143,24
besseres 1929,432,113,24
Wetter 2056,432,97,24
auf 1202,471,47,25
den 1264,472,51,24
folgenden 1332,471,143,34
Tag. 1494,471,63,33
<EOS>
Das 1576,471,55,24
Phänomen 1649,470,152,25
war 1819,478,53,16
bei 1890,470,42,24
gutem 1949,474,91,29
Willen 2059,468,94,26
aus 1202,518,44,16
der 1262,509,46,24
ungleichartigen 1322,509,224,33
Hygroskopie 1560,508,188,34
der 1764,507,44,26
Farbpigmente 1823,507,201,34
und 2039,506,55,26
der 2109,505,45,26
Beschaffenheit 1202,547,204,25
des 1420,546,44,25
Papiers 1477,547,103,32
zu 1593,554,33,16
erklären. 1639,546,124,24
<EOS>
Fachleute 1777,545,138,25
pflegten 1927,545,115,33
es 2056,554,25,15
frei¬ 2095,544,58,25
lich 1201,584,53,26
schmunzelnd 1270,584,187,26
ins 1472,584,40,25
Gebiet 1530,583,96,26
der 1642,583,45,25
Einbildung 1703,583,163,34
zu 1882,591,32,16
verweisen, 1930,583,152,30
und 2099,581,55,25
nur 1203,632,50,15
wer 1272,631,53,16
längere 1343,622,104,33
Zeit 1466,622,59,25
im 1542,622,37,24
Flause 1598,622,88,24
Mangeois 1705,621,137,33
gelebt 1863,621,86,33
hatte, 1967,621,79,30
verfiel 2065,619,89,26
blinder 1202,660,103,25
Gläubigkeit. 1321,660,177,33
<EOS>
<EOP>
Die 1256,699,50,24
Sitzordnung 1325,698,176,33
bei 1519,697,42,25
den 1578,697,51,25
Mahlzeiten 1647,697,157,24
war 1821,705,54,16
so 1892,705,30,16
festgelegt, 1939,696,146,34
daß 2104,695,50,25
die 1205,736,40,24
Eltern 1265,736,90,24
Mangeois 1373,736,138,33
das 1531,735,44,24
einwärts, 1594,736,129,29
der 1742,734,45,25
junge 1806,735,79,34
Pastor 1903,735,90,24
und 2012,729,55,30
seine 2085,734,69,25
Schwester 1206,774,143,24
das 1380,774,44,24
auswärts 1456,777,123,21
gerichtete 1611,773,142,33
Tischende 1784,772,146,26
beherrschten. 1961,771,191,27
<EOS>
Zwischenhinein 1205,812,228,25
saßen 1461,811,78,25
beidseitig 1565,810,138,34
gereiht 1730,810,100,34
die 1856,810,42,25
Pensionärinnen. 1924,810,229,26
<EOS>
Margrit 1204,850,112,33
hatte 1329,850,71,24
ihren 1412,849,75,25
Platz 1500,849,70,25
so 1584,858,30,16
ziemlich 1627,848,121,25
in 1759,849,28,24
der 1802,848,45,25
Mitte. 1861,848,84,25
<EOS>
Rechts 1961,848,95,25
neben 2070,847,86,25
ihr 1204,887,41,25
saß 1261,888,44,24
Florence 1321,887,124,25
Studley, 1462,886,114,33
eine 1593,886,57,25
rothaarige, 1666,886,155,33
sommersprossige 1838,886,247,33
und 2101,884,55,25
bebrillte 1204,925,118,25
Amerikanerin. 1340,925,207,24
<EOS>
Die 1570,925,51,24
Nachbarin 1641,924,151,25
zur 1812,932,46,16
Linken 1875,924,102,25
hieß 1998,924,60,24
Hilde 2077,922,79,25
Stöbermann. 1207,963,181,24
<EOS>
Sie 1408,963,41,24
war 1464,971,54,15
aus 1534,971,44,15
Kassel, 1592,962,100,30
und 1710,962,55,24
ihr 1781,962,41,24
Aeußeres 1834,962,132,24
bestand 1984,960,109,26
aus 2111,969,44,16
lauter 1206,1001,81,23
Widersprüchen, 1301,1000,228,34
oder 1543,999,64,25
vielmehr 1618,999,127,25
aus 1756,1008,45,16
Reizen, 1814,1000,105,30
die 1935,999,42,25
sich 1989,999,55,25
gegen¬ 2060,1006,96,26
seitig 1206,1039,75,32
aufhoben. 1298,1038,144,25
<EOS>
Kohlschwarze 1461,1037,204,26
Augen 1681,1037,96,33
zu 1792,1045,33,17
weißblonden 1842,1036,185,26
Haaren, 2044,1037,112,28
altjüngferlicher 1206,1075,220,34
Kneifer 1442,1074,109,26
zu 1566,1084,33,16
knappgefaßtem 1616,1074,221,34
Wandervogelmieder, 1855,1073,301,34
treuherzige 1206,1113,161,34
Gesichtsfarbe 1383,1113,194,26
zu 1597,1121,32,16
hochpolierten 1647,1113,200,33
Fingernägeln, 1863,1112,199,34
kurz, 2084,1112,72,29
das 1207,1151,44,25
Ganze 1273,1152,88,24
wirkte 1381,1151,93,25
wie 1494,1151,49,24
ein 1563,1151,42,24
durcheinandergeratenes 1626,1151,339,33
Zusammen¬ 1987,1151,169,23
setzspiel. 1206,1190,126,33
<EOS>
Margrit 1349,1190,111,33
gegenüber 1475,1189,150,34
saß 1640,1189,44,24
Mathilde 1700,1188,128,25
Peristil 1842,1188,100,25
aus 1957,1197,45,16
Basel, 2017,1187,83,31
ein 2116,1187,41,25
langes 1206,1227,88,34
schmales 1317,1227,124,25
Geschöpf, 1465,1226,145,34
welches 1632,1227,110,24
in 1763,1227,28,24
einer 1812,1227,70,24
Art 1902,1226,50,25
hochmütiger 1973,1225,184,33
Entrücktheit 1207,1265,183,25
dahinlebte, 1406,1264,156,31
um 1578,1273,47,16
nur 1639,1273,51,16
bei 1704,1264,42,25
seltenen 1762,1264,114,25
Anlässen 1891,1264,128,25
zu 2035,1272,32,16
uner¬ 2082,1271,75,17
wartet 1206,1309,91,19
flüssiger 1318,1303,119,33
Beredsamkeit 1458,1302,194,25
aufzutauen. 1673,1301,163,26
<EOS>
Sie 1861,1303,41,25
bildete 1922,1301,96,26
sich 2040,1301,56,26
am 2116,1309,41,17
Konservatorium 1207,1341,237,25
zur 1455,1349,45,16
Violonistin 1510,1340,162,26
aus, 1682,1349,55,21
während 1747,1339,124,26
ihre 1880,1340,56,25
seitliche 1946,1339,115,26
Nach¬ 2071,1339,86,25
barin, 1207,1378,82,31
Colette 1306,1378,101,25
Gnägi 1422,1378,88,33
aus 1524,1387,44,16
Agasul, 1582,1378,110,33
die 1707,1378,41,24
Kunstschule 1762,1378,179,25
besuchte. 1957,1378,132,24
<EOS>
Die 2107,1377,50,24
beiden 1207,1416,94,25
verkörperten 1316,1416,188,33
auf 1519,1416,46,24
denkbar 1578,1416,117,24
bildliche 1709,1416,123,24
Weise 1849,1416,85,25
die 1949,1415,42,25
starke 2006,1415,84,25
Ge¬ 2107,1415,51,24
gensätzlichkeit 1207,1454,213,34
ihrer 1448,1454,69,24
Heimatorte. 1545,1454,172,24
<EOS>
Mathilde 1748,1453,127,24
Peristil 1904,1453,100,24
war 2032,1461,54,16
auf 2115,1451,47,26
raffinierte 1207,1491,139,25
Weise 1360,1492,84,24
einfach 1456,1491,102,25
gekleidet 1570,1491,130,33
und 1711,1491,54,25
trug 1777,1497,60,27
als 1849,1491,36,25
einzigen 1897,1491,119,33
Schmuck 2029,1489,129,26
eine 1207,1530,57,24
wertvolle 1273,1529,136,25
Kamee, 1418,1530,109,30
die, 1540,1528,49,32
in 1601,1529,27,25
Agraffenform 1637,1528,195,34
gefaßt, 1843,1528,97,34
das 1953,1528,44,25
Kleid 2007,1527,78,26
über 2095,1527,64,25
der 1208,1567,45,25
Brust 1268,1568,77,24
zusammenhielt. 1360,1566,222,26
<EOS>
Es 1599,1567,35,24
verstand 1650,1566,123,26
sich 1788,1566,55,25
auf 1858,1566,47,26
bloße 1917,1566,79,25
Sicht, 2013,1565,78,31
daß 2108,1565,50,24
das 1207,1604,44,26
kunstreich 1271,1604,150,26
gearbeitete 1437,1604,156,34
Stück 1611,1604,80,26
alten 1708,1604,67,25
Familienbesitz 1792,1604,207,25
vorstellte, 2015,1603,142,30
der 1208,1643,46,24
sich 1264,1643,54,25
mindestens 1329,1643,159,24
seit 1499,1643,47,24
vier 1556,1643,55,24
Generationen 1622,1643,195,24
von 1826,1651,56,16
Mutter 1892,1643,99,23
zu 2002,1649,32,17
Tochter 2045,1641,114,25
vererbte. 1207,1680,127,25
<EOS>
Colette 1353,1680,101,25
Gnägi 1472,1680,87,34
war 1575,1688,53,16
fast 1643,1679,51,26
so 1710,1688,30,16
schlank 1757,1680,107,24
wie 1880,1680,50,24
Mathilde, 1945,1679,136,30
aber 2099,1678,60,25
mit 1207,1719,49,24
Unterbrechungen. 1272,1718,260,34
<EOS>
Ihre 1549,1718,60,24
Gesichtszüge 1626,1718,188,33
erklärten 1830,1718,128,24
sich 1974,1717,55,25
nicht 2045,1717,72,25
in 2132,1717,27,24
fertigen 1207,1756,112,34
Formen. 1331,1757,120,24
<EOS>
Alles 1465,1756,71,25
schien 1549,1756,88,25
halb 1648,1755,61,26
in 1720,1756,28,25
der 1760,1755,45,26
Masse 1817,1757,86,24
steckengeblieben 1916,1754,243,35
zu 1208,1803,34,16
sein. 1261,1794,62,25
<EOS>
Nasenflügel 1345,1793,169,35
und 1528,1793,55,26
Kinn 1599,1794,73,25
waren 1687,1802,87,17
um 1792,1802,46,17
ein 1858,1794,41,25
weniges 1914,1794,114,33
zu 2043,1801,33,16
groß 2091,1792,67,34
um 1208,1841,46,16
ein 1270,1832,42,25
bißchen 1328,1832,113,25
zu 1457,1840,32,16
rund, 1506,1831,76,31
die 1603,1831,41,25
Stirne 1662,1831,83,26
dagegen 1762,1831,118,33
wölbte 1896,1831,98,25
sich 2010,1831,55,25
kaum 2082,1830,78,25
und 1208,1869,56,25
verlief 1288,1869,94,26
zu 1401,1877,33,17
rasch 1458,1869,74,25
unterm 1554,1875,105,18
Haarwuchs. 1682,1869,170,25
<EOS>
Der 1876,1869,56,25
Gegensatz 1956,1869,147,33
zu 2127,1875,32,17
Mathildes 1208,1908,141,24
überfeinerter 1364,1907,186,25
Physiognomie 1565,1907,204,34
trat 1782,1913,50,18
gleichermaßen 1846,1907,209,34
in 2068,1907,27,23
den 2110,1906,50,24
Händen 1208,1945,114,25
zutag. 1340,1952,85,27
<EOS>
Die 1445,1946,52,23
Hände 1515,1945,94,24
der 1626,1945,46,24
Baslerin 1690,1945,115,24
konnten 1824,1945,117,24
ebensogut 1959,1945,148,32
als 2124,1943,35,25
Präzisionsinstrumente, 1208,1983,327,30
wie 1558,1983,50,24
auch 1631,1982,67,26
als 1720,1982,35,25
Ziergegenstände 1780,1982,238,34
für 2040,1982,43,25
ent¬ 2106,1986,54,20
schiedenes, 1209,2020,158,31
in 1378,2021,27,24
sich 1415,2020,54,25
selbst 1478,2020,79,25
berechtigtes 1565,2019,172,34
Nichtstun 1748,2020,143,25
gelten. 1899,2019,94,35
<EOS>
Diejenigen 2004,2019,157,33
Colettens 1210,2058,134,25
liefen 1358,2057,79,26
in 1451,2058,28,24
kurze 1493,2058,78,24
Fingerchen 1582,2058,161,33
aus, 1759,2066,54,22
und 1828,2057,56,26
auf 1899,2057,46,26
ihrem 1957,2058,83,24
Rücken 2051,2058,109,24
gab 1209,2096,51,33
es 1278,2105,25,16
Polster 1321,2096,101,24
und 1438,2096,55,24
Grübchen, 1510,2096,152,30
die 1681,2095,41,25
über 1739,2096,64,24
den 1820,2096,51,24
Gelenken 1889,2096,136,24
spielten. 2042,2095,117,34
<EOS>
Sehr 1211,2134,63,25
augenfällig 1293,2133,157,34
war 1469,2141,54,17
natürlich 1541,2134,129,24
der 1688,2133,45,25
Unterschied 1752,2133,172,25
in 1942,2134,27,24
der 1988,2133,46,24
Aufma¬ 2051,2132,109,25
chung. 1210,2172,96,33
<EOS>
Während 1324,2171,131,25
Mathilde 1471,2171,128,25
auf 1613,2171,46,25
jede 1670,2171,58,34
Kriegsbemalung 1742,2171,238,34
verzichtete, 1995,2171,165,29
ergab 1210,2209,79,34
sich 1304,2209,54,25
Colette 1374,2209,101,25
einer 1489,2209,71,25
modischen 1574,2208,154,26
Farbenlust, 1742,2209,161,30
die 1919,2209,41,25
sie 1975,2209,36,25
den 2025,2208,52,26
Wel¬ 2092,2208,68,26
schen 1210,2247,79,25
abgeguckt 1309,2247,149,33
hatte. 1477,2247,77,25
<EOS>
Was 1578,2248,60,24
aber 1659,2246,61,26
ihrer 1738,2246,70,26
angestammten 1827,2253,207,28
bürger¬ 2053,2246,107,34
lichen 1209,2285,86,25
Hölzernheit 1308,2285,171,25
keinen 1493,2284,93,25
Abbruch 1599,2284,128,25
tat. 1740,2290,43,20
<EOS>
Denn 1798,2285,80,25
der 1891,2284,45,26
Beweglichkeit, 1948,2284,212,34
mit 1210,2323,47,24
der 1271,2322,45,25
sie 1328,2322,36,25
den 1378,2322,50,25
Tagesgeboten 1441,2322,201,33
des 1654,2322,45,25
guten 1712,2328,81,27
Tons 1806,2322,73,25
Folge 1891,2322,83,34
leistete, 1985,2322,108,30
ent¬ 2107,2327,54,19
sprach 1210,2361,92,33
eine 1320,2361,57,24
merkwürdige 1394,2361,194,33
Schwerfälligkeit 1606,2360,232,34
des 1856,2360,44,25
Geistes 1919,2361,102,24
und 2039,2360,56,25
vor 2111,2367,51,18
allem 1209,2398,75,25
des 1299,2398,44,25
Gemüts. 1357,2399,120,24
<EOS>
<EOP>
Mathildes 1263,2439,140,25
Nachbarin 1421,2439,150,25
zur 1588,2448,46,16
Linken 1650,2439,102,25
war 1769,2449,53,16
das 1839,2439,45,26
einzige 1902,2440,99,33
unter 2018,2446,76,19
den 2111,2439,51,26
jungen 1211,2477,98,33
Mädchen 1325,2477,131,24
im 1472,2477,36,24
Hause 1524,2478,88,24
Mangeois, 1628,2477,147,33
das 1792,2477,44,25
sich 1853,2477,55,25
kein 1924,2477,61,25
bestimmtes 2000,2477,161,25
Ziel 1212,2510,56,28
gesetzt 1283,2521,98,27
hatte 1395,2515,70,23
und 1479,2514,55,24
den 1549,2514,51,24
Zweck 1615,2515,98,23
ihres 1726,2515,67,24
Hierseins 1809,2515,133,24
im 1956,2515,37,24
hoffnungs¬ 2007,2515,154,33
losen 1210,2552,74,24
Bestreben, 1300,2551,150,30
ihr 1466,2552,42,24
Französisch 1523,2552,169,24
zu 1709,2559,33,17
verbessern 1757,2552,153,24
und 1925,2551,55,25
magerer 1996,2560,117,25
zu 2129,2560,33,16
werden, 1210,2588,115,32
erschöpfte. 1348,2588,156,34
<EOS>
Nina 1527,2589,70,26
Pohnetramp 1612,2589,175,34
war 1805,2598,54,16
von 1880,2598,55,17
ungewöhnlich 1956,2589,206,34
reichlicher 1210,2627,151,25
Leibesbeschaffenheit. 1376,2626,302,26
<EOS>
Und 1695,2627,62,25
es 1771,2637,26,15
nützte 1812,2630,89,22
gar 1916,2637,46,24
nichts, 1975,2627,94,31
wenn 2084,2637,78,15
sie 1211,2665,36,25
während 1263,2664,125,26
vier 1405,2665,56,25
Wochen 1479,2664,119,27
jeden 1615,2664,76,34
Nachmittag 1708,2665,168,34
den 1894,2665,51,26
Mont 1962,2667,79,24
Revard 2058,2665,104,26
erstieg. 1212,2703,101,33
<EOS>
Denn 1337,2703,79,25
wenn 1438,2712,78,16
sie 1538,2703,37,25
wieder 1596,2703,97,25
herunterkam, 1715,2703,193,31
lag 1930,2703,42,34
gewöhnlich 1994,2703,168,34
eine 1212,2742,56,24
Konditorei 1280,2741,160,25
am 1453,2750,41,16
Weg, 1509,2742,73,33
in 1595,2742,28,24
der 1636,2741,45,25
es 1693,2750,26,16
ein 1732,2742,42,24
Schaufenster 1787,2742,182,24
leer 1980,2742,52,24
zu 2043,2750,33,16
essen 2089,2751,73,15
gab. 1212,2779,58,33
<EOS>
Nicht 1286,2779,81,24
einmal 1382,2779,94,24
die 1491,2779,41,24
kummervolle 1547,2779,190,24
und 1752,2779,55,24
aussichtslose 1821,2780,182,24
Liebe, 2017,2779,88,31
die 2121,2780,41,24
sie 1212,2817,36,24
für 1267,2816,43,25
den 1330,2816,50,25
jungen 1400,2817,99,33
Pastor 1518,2818,91,23
hegte 1627,2816,78,34
und 1725,2816,55,25
nicht 1799,2817,72,24
allzuverborgen 1891,2817,216,33
im 2125,2817,37,24
Herzen 1212,2855,105,24
trug, 1332,2859,68,28
vermochte 1416,2854,154,25
ihr 1584,2854,42,25
Format 1641,2855,106,25
zu 1761,2862,33,17
beeinflussen. 1810,2854,181,26
<EOS>
Nina 2007,2855,71,25
blieb 2093,2854,69,26
<EOS>
<EOP>
28 102,3006,29,22
<EOS>
<EOP>
