2310,3104
Ya 229,1302,24,41
<EOS>
<EOP>
V) 548,1528,27,30
"i 108,1573,79,63
<EOS>
<EOP>
:¦•:¦, 516,1888,51,24
'.¦¦ 573,1891,37,16
<EOS>
<EOS>
™ 516,1897,89,16
<EOS>
<EOP>
tè-- 594,1912,69,35
<EOS>
<EOP>
Zum 1350,308,58,21
Abschluß 1421,308,122,21
des 1557,309,40,21
Schuljahres 1611,308,152,29
pflegten 1776,308,104,29
die 1893,309,37,21
Appenzeller 1348,345,156,28
Kinder 1523,346,92,21
ihr 1633,346,37,21
Können 1689,346,103,21
und 1811,347,50,21
ihre 1880,347,50,21
Fortschritte 1350,384,156,21
im 1521,384,33,22
Schönschreiben 1571,384,202,22
durch 1789,384,75,22
eine 1879,384,51,22
Schriftprobe 1350,421,163,29
zu 1523,429,29,14
dokumentieren. 1563,422,204,22
<EOS>
Die 1780,422,43,22
Lehrer, 1834,422,94,27
meist 1347,459,69,21
gelernte 1437,459,105,28
Kalligraphen, 1563,460,178,28
produzierten 1761,460,168,29
zur 1347,505,42,13
Prüfungsschrift, 1411,497,210,28
deren 1644,498,71,21
Inhalt 1738,498,81,22
haupt¬ 1842,499,87,28
sächlich 1348,535,103,21
aus 1470,543,42,14
einem 1532,536,76,21
biblischen 1626,536,132,21
oder 1777,536,56,22
mora¬ 1851,544,77,14
lisierenden 1347,572,139,22
Sinnspruch 1505,573,145,29
bestand, 1666,574,109,25
eine 1793,574,50,21
groß¬ 1859,574,69,28
artige 1347,610,75,28
graphische 1447,611,139,28
«Ouvertüre». 1615,611,165,21
<EOS>
Bis 1808,612,39,21
zum 1872,620,55,13
ersten 1347,652,77,18
Drittel 1437,649,86,21
des 1536,649,39,22
19. 1587,649,35,22
<EOS>
Jahrhunderts 1637,649,176,22
standen 1825,650,102,21
diese 1346,686,62,22
Blätter 1419,687,93,21
in 1521,687,24,21
hoher 1555,687,74,21
Blüte, 1639,687,77,26
um 1728,695,40,14
dann 1778,687,64,22
in 1852,687,24,22
der 1886,687,41,22
Mitte 1346,726,69,22
des 1428,726,39,22
Jahrhunderts 1483,726,176,22
ganz 1672,734,59,20
zu 1743,734,29,14
verschwin¬ 1785,727,141,21
den. 1346,765,52,21
<EOS>
Aus 1417,765,50,21
dem 1486,765,54,21
unten 1558,768,75,18
abgebildeten 1651,765,167,27
Muster 1836,765,90,22
können 1345,803,96,21
wir 1455,803,42,20
ersehen, 1512,803,103,26
daß 1632,803,47,21
37 1694,803,29,22
Konkurrenten 1740,803,186,22
sich 1345,840,49,22
im 1407,841,32,21
Schönschreiben 1454,840,201,22
maßen, 1668,842,95,25
und 1775,842,50,21
es 1839,849,23,15
ver¬ 1875,849,50,14
rät 1345,880,38,19
uns 1400,886,44,14
eine 1461,879,50,21
kleine 1528,878,76,22
Nummer, 1622,879,122,26
daß 1763,880,45,21
Johann 1828,880,97,21
Jacob 1347,915,75,22
Knöpfel 1436,915,105,28
aus 1556,924,43,13
Urnäsch 1614,916,106,22
im 1735,917,32,20
Jahre 1781,917,73,21
1821 1866,917,57,21
trotz 1349,958,59,18
redlichen 1423,955,120,21
Bemühens 1556,955,135,22
in 1708,955,23,21
den 1748,956,46,21
27. 1806,956,36,21
<EOS>
Bang 1856,956,69,29
versetzt 1345,997,104,18
wurde. 1462,994,87,21
<EOS>
<EOP>
<; 2195,1307,50,126
l 694,1306,16,50
»•,*< 1808,1339,34,12
ai 706,1367,28,32
<EOS>
<EOP>
.i 1319,1419,39,149
<EOS>
flUUT 1922,1456,232,109
Hl 796,1466,88,105
f 1050,1470,30,98
H 982,1478,21,49
mi 1355,1463,105,108
ttitiu 1514,1463,210,108
firn 1805,1426,161,139
<EOS>
<EOP>
1 803,1677,11,20
¦in<i<i'j> 864,1676,155,33
>>/ 1157,1668,35,26
Ì 1218,1664,12,28
'i 1248,1680,21,13
u 1282,1679,22,15
nif 1314,1678,34,18
ut 1376,1678,35,18
il*/foi 1419,1659,127,42
' 1557,1674,3,6
>* 1576,1668,17,19
>* 1613,1676,22,14
''i 1646,1661,19,28
nfi'/tiH 1678,1667,140,32
f'.» 1839,1675,42,16
<EOS>
• 1900,1678,3,6
/, 2042,1659,26,33
<EOS>
<EOP>
i, 820,1753,11,11
¦'/,.,.-¦'(¦/ 842,1723,162,41
<EOS>
//./ 1026,1733,45,31
<EOS>
/*,,.-. 1098,1729,89,35
<EOS>
/nìJnr 1205,1730,126,40
a,'» 1345,1735,61,28
lfm 1442,1717,63,59
'<•* 1533,1732,49,27
H'iM*****} 1610,1718,193,60
ft.'<<( 1835,1726,106,30
<EOS>
J*'» 1958,1723,63,32
**«* 2052,1733,62,22
<EOS>
<EOP>
i 823,1818,8,14
.,-,'.„. 857,1801,108,31
<EOS>
• 1168,1816,5,9
<A 1208,1811,43,21
Yì/4 1265,1792,70,43
h 1385,1815,15,20
i- 1412,1815,20,15
»¦<../,.*••,»/ 1449,1812,171,18
<EOS>
.'/>»/,•.'.'<fi 1641,1792,201,45
<EOS>
* 1859,1805,10,20
it 1899,1809,23,17
*¦*¦*+! 1945,1808,84,17
<EOS>
ttnt 2040,1796,70,28
Y 836,1852,24,26
< 904,1861,4,11
' 1150,1858,5,10
/'• 1461,1847,24,31
<EOS>
<EOP>
' 1919,1836,5,6
<EOS>
<EOP>
; 1986,1840,4,22
' 2011,1837,10,21
i'.',,,* 815,1872,102,32
<EOS>
//,f,/.,,, 930,1882,142,16
<EOS>
,<Y« 1111,1872,62,25
.//'• 1206,1880,82,19
<EOS>
-• 1328,1885,28,7
" 1506,1879,16,10
m< 1566,1869,45,23
v 1632,1870,20,16
'" 1680,1874,38,16
'»"* 1748,1870,98,20
• 1880,1874,5,9
¦' 1900,1875,22,11
''• 1947,1869,30,17
<f, 1999,1875,33,19
sr 2196,1875,37,24
<EOS>
<EOP>
//, 820,1991,50,36
/m'('>''/* 896,1983,133,46
'e. 1052,1990,45,35
<EOS>
'$ 1112,1990,28,38
t 1172,2003,9,19
//i,- 1200,2007,56,18
if- 1290,1989,64,35
• 1373,2003,5,5
' 1406,2003,9,14
,/>//'>¦ 1715,1988,127,43
<¦•''¦ 1869,1989,63,24
<EOS>
<EOP>
!!,,,•.,. 818,2113,101,43
<EOS>
?,;/* 965,2119,90,50
<EOS>
-ti.,.,,, 1076,2111,159,41
<EOS>
*&*£& 1280,2095,164,56
//,.*"/«/// 1482,2110,205,35
<EOS>
/¦¦)<.¦ 1715,2098,83,43
<EOS>
'< 1938,2107,13,32
+*«&? 1984,2098,145,50
<EOS>
<EOP>
i 826,2272,5,10
<EOS>
<EOP>
i 871,2271,5,8
¦ 889,2269,3,4
<EOS>
<EOP>
; 913,2272,6,11
I 947,2270,6,13
<EOS>
<EOP>
r 965,2264,16,11
<EOS>
<EOP>
••>. 697,2371,26,13
<EOS>
inni! 750,2363,79,21
<EOS>
(', 854,2371,16,14
/,,l/'<¦ 877,2365,69,21
IH 954,2373,22,10
ti" 986,2366,29,21
I 1035,2374,6,9
<EOS>
<EOP>
¦ 1921,2199,3,5
ì 1971,2168,9,44
¦ 2037,2173,2,2
t 2141,2148,43,62
v/ 1030,2277,91,45
a} 1068,2340,70,77
///:: 1182,2322,98,66
<EOS>
<EOP>
'S 1681,2258,31,18
<EOS>
<EOP>
<EOS>
P 1908,2341,31,29
IMH, 1797,2380,78,13
V..IC1 1896,2376,54,18
<EOS>
Will 1962,2375,57,19
<EOS>
<EOP>
li 2112,2352,24,24
¦> 1771,2394,5,10
<EOS>
<EOP>
<EOS>
/M-.- 1904,2430,48,19
<EOS>
trat- 1974,2417,81,32
<EOS>
<EOP>
13 2152,3034,29,21
<EOS>
<EOP>
