2310,3104
LAIENSPIELE! 391,181,630,83
<EOS>
VOR 1087,185,149,79
DER 1306,186,157,76
KAMERA 1532,186,326,78
<EOS>
<EOP>
'•¦¦ 112,933,26,18
<EOS>
<EOP>
\ 241,1052,13,15
¦ 268,1052,4,5
'• 282,1052,20,8
<EOS>
<EOP>
WM 102,1312,66,33
<EOS>
<EOP>
Ein 205,411,45,21
Appenzeller 265,411,157,28
Film 438,412,60,21
ist 514,412,30,22
jetzt 561,413,61,28
fertig 639,414,70,28
geworden, 725,415,131,26
in 875,415,23,20
dem 917,415,53,20
alle 988,414,44,21
Darsteller 158,446,130,22
Laien 302,447,73,21
sind. 389,448,60,21
<EOS>
Wir 467,449,50,21
haben 528,449,79,22
uns 620,457,42,14
mit 675,450,45,21
ein 732,450,36,21
paar 780,457,58,21
Appenzellem, 851,450,179,28
Darstellern 157,483,147,21
im 315,483,33,22
Film 358,483,60,22
«I 433,484,22,21
ha 466,484,29,21
en 506,493,28,12
Schatz 545,484,87,22
gha», 644,486,67,27
unterhalten. 721,486,161,21
<EOS>
Wir 895,486,51,21
haben 954,486,78,21
sie 157,518,32,22
gefragt, 202,518,99,28
wie 318,519,42,22
es 376,527,22,14
ihnen 411,520,72,21
beim 494,520,63,22
Filmen 570,521,91,22
zumute 672,525,98,18
war. 781,529,56,14
<EOS>
<EOP>
Marie 205,554,73,22
Sutter, 294,554,89,27
die 399,555,36,22
Hauptdarstellerin, 451,555,242,30
ist 708,558,31,21
25 754,558,27,21
Jahre 798,557,72,22
alt, 886,558,40,25
hat 943,558,41,21
als 998,558,34,21
Kind 160,590,65,21
schon 241,591,74,21
besondere 330,591,130,22
Lust 477,592,59,22
und 552,593,49,21
Begabung 619,593,130,28
fürs 765,594,49,21
Singen 832,593,87,28
gehabt, 936,594,95,27
hat 160,627,42,20
mit 213,627,45,20
besonderer 270,627,141,22
Lust 423,627,60,22
in 494,628,24,21
heimatlichen 530,628,169,22
Aufführungen 710,629,184,28
und 906,629,48,21
Fest¬ 968,630,65,20
spielen 160,662,88,28
mitgespielt 259,662,145,29
und 416,664,49,20
mitgetanzt, 477,664,150,28
war 639,672,48,14
am 699,672,39,14
Spiel 751,665,63,28
der 826,665,41,21
Appenzeller 878,665,155,28
in 160,698,24,21
der 195,698,40,21
Landesausstellung 246,699,241,28
die 498,700,36,21
schöne, 545,700,93,26
lustige 650,701,86,27
Braut, 748,701,82,25
hat 842,701,43,21
für 895,701,38,21
Schall¬ 945,700,87,22
platten 160,734,94,28
gesungen 266,742,118,21
und 396,736,50,20
gejodelt 458,736,103,28
— 572,748,31,3
aber 615,737,56,21
eine 683,737,50,21
Festpuppe, 747,737,144,28
sozusagen 904,744,128,21
ein 162,770,36,22
appenzellisches 213,770,198,28
Schaustück 427,770,150,23
ist 590,772,31,21
sie 636,772,32,22
dabei 682,773,69,21
gar 765,781,42,20
nicht 820,773,67,21
geworden. 901,773,130,27
<EOS>
Sie 163,805,36,22
führt 213,806,66,21
seit 290,806,44,22
einigen 346,806,92,29
Monaten 450,807,113,22
mit 574,809,45,20
ihren 630,809,67,21
Geschwistern 711,809,173,21
zusammen 896,816,137,14
das 162,842,41,21
Gasthaus 218,842,119,22
«zum 352,848,65,16
Löwen» 428,843,100,21
in 543,843,23,21
Appenzell. 578,844,137,28
<EOS>
Das 734,845,47,20
Schwierigste, 798,844,170,28
sagt 980,848,54,23
sie, 160,878,40,25
sei 213,878,32,21
das 258,878,42,21
Zerstückelte, 312,878,168,26
das 494,880,42,21
Durcheinander. 549,880,202,22
<EOS>
Beim 765,881,67,21
Theaterspielen 842,880,192,28
<EOS>
<EOP>
könne 392,914,78,22
man 489,923,56,13
sich 572,916,49,21
von 640,924,48,13
Szene 709,915,72,22
zu 805,925,29,12
Szene 858,915,72,22
immer 951,916,84,21
hesser 391,951,78,21
in 487,951,24,21
die 528,952,37,21
Bolle 585,953,66,21
einfühlen. 665,952,127,22
<EOS>
Beim 811,953,67,21
Film 896,953,60,21
wisse 968,952,66,21
man 393,994,56,14
manchmal 467,988,136,20
gar 622,995,42,21
nicht 684,988,66,21
mehr, 771,988,74,25
warum 867,996,90,13
man 978,996,56,13
jetzt 392,1023,59,27
eigentlich 481,1024,125,27
streiten 633,1024,99,21
oder 758,1024,56,22
sich 837,1024,49,21
liebhaben 908,1024,127,21
müsse: 395,1061,88,19
Die 505,1059,43,21
Szene, 567,1059,80,26
die 668,1060,36,21
dazu 724,1060,60,21
passe, 804,1068,75,20
habe 899,1060,60,21
man 978,1068,56,13
doch 394,1094,61,22
vielleicht 464,1095,119,22
schon 594,1096,73,21
vor 676,1103,43,14
vielen 726,1096,76,21
Wochen 811,1096,106,21
gespielt. 928,1096,106,28
<EOS>
<EOP>
Wie 432,1130,51,21
es 500,1139,23,13
beim 540,1131,63,21
Filmen 620,1131,91,22
gehen 726,1132,76,27
könne, 820,1132,86,25
habe 927,1131,60,22
sie 1003,1132,32,20
schon 395,1166,72,21
früher 487,1167,80,21
erfahren. 588,1168,115,21
<EOS>
In 730,1167,28,22
London 779,1168,100,21
mußte 899,1168,83,21
sie 1003,1168,32,21
zu 393,1204,29,13
einem 435,1196,76,22
Spionagefilm, 524,1196,175,29
dessen 718,1198,82,21
Handlung 814,1198,129,27
in 958,1198,24,20
die 999,1197,36,21
Schweiz 395,1232,103,22
führt, 521,1234,73,25
mit 618,1234,45,21
ihrem 682,1234,74,22
Bruder 777,1234,92,21
einen 888,1234,66,21
alten 972,1234,63,21
Appenzellertanz 395,1268,211,28
aufführen. 615,1270,134,21
<EOS>
Stundenlang 762,1269,165,28
mußten 936,1269,99,21
sie 394,1304,32,21
warten, 443,1308,98,22
bis 561,1305,34,22
sie 613,1306,32,21
zur 663,1313,41,14
Aufnahme 721,1306,136,21
kamen. 875,1306,93,21
<EOS>
Mit 993,1306,43,20
Jassen 395,1339,87,22
die 494,1340,35,21
Zeit 542,1341,51,21
zu 605,1349,27,12
vertreiben, 645,1341,142,26
ging 803,1341,54,28
nicht 871,1341,66,21
an: 950,1349,41,13
In 1008,1341,27,20
der 163,1375,40,21
Garderobe, 218,1375,142,26
in 373,1376,25,21
der 415,1376,41,21
sie 472,1377,32,21
und 521,1377,48,21
ihre 586,1378,49,21
Begleiter 653,1378,116,27
saßen, 786,1378,79,25
gab 884,1378,45,27
es 947,1385,22,14
eine 986,1378,50,21
solche 164,1411,77,22
Menge 264,1411,82,28
von 367,1419,45,14
Spiegeln, 437,1412,117,28
daß 577,1413,45,21
alle 645,1413,43,22
Spieler 712,1413,89,28
einander 821,1413,112,22
in 953,1413,24,21
die 1000,1413,35,21
Karten 166,1446,91,22
sehen 273,1448,70,21
konnten! 361,1449,117,21
<EOS>
Diesmal 496,1449,104,21
sei 616,1449,32,22
es 663,1457,23,14
das 702,1449,41,22
Wetter 758,1449,93,22
gewesen, 866,1457,112,20
das 996,1449,40,22
ihnen 164,1483,72,21
die 248,1483,36,22
bösesten 297,1483,110,22
Streiche 421,1484,105,22
gespielt 538,1485,99,28
habe. 649,1485,67,21
<EOS>
Stundenlang 732,1485,165,28
habe 908,1486,61,20
mau 980,1494,57,12
auf 165,1518,41,21
Sonne 220,1518,77,22
gewartet, 312,1523,121,24
und 448,1521,49,21
wenn 511,1528,68,14
sie 594,1521,32,21
endlich 641,1521,92,22
schien, 745,1521,87,26
war 848,1529,48,14
die 912,1521,36,22
Stim¬ 966,1521,71,22
mung 165,1561,73,21
zum 253,1563,55,13
Spielen 322,1554,93,29
vielleicht 427,1556,119,21
gar 557,1564,42,20
nicht 610,1557,66,21
mehr 693,1557,66,21
da. 773,1558,37,20
<EOS>
Eigentlich 829,1557,133,28
habe 977,1557,60,21
man 164,1598,56,13
ihnen 233,1591,72,20
sehr 317,1592,52,20
wenig 380,1592,76,28
darüber 467,1593,102,21
gesagt, 581,1597,89,24
wie 687,1593,40,21
sie 739,1593,32,22
ihre 786,1593,50,22
Rollen 852,1593,84,22
spielen 949,1593,88,28
müßten. 165,1626,107,22
<EOS>
Sie 286,1626,37,22
hätten 334,1627,84,21
sich 429,1627,49,22
das 489,1628,42,21
selber 538,1629,76,20
zurechtgelegt. 621,1629,182,28
<EOS>
Auch 814,1629,70,21
die 894,1629,36,21
Sprech¬ 939,1628,99,29
texte 166,1665,65,18
seien 247,1662,63,22
nicht 326,1663,66,21
genau 408,1670,76,22
aufgeschrieben 501,1665,194,27
gewesen. 711,1672,112,20
<EOS>
Sie 842,1665,38,21
hätten 892,1665,84,21
also 989,1665,48,21
zum 165,1705,54,14
Teil 232,1698,48,22
sprechen 293,1699,113,27
dürfen, 419,1699,92,27
wie 524,1699,42,22
sie's 583,1700,51,21
für 651,1700,38,21
richtig 701,1701,85,28
hielten. 798,1701,94,21
<EOS>
Erst 908,1701,54,20
dann 975,1701,61,20
habe 166,1734,60,21
man's 239,1735,76,21
aufgeschrieben. 328,1735,199,28
<EOS>
Das 548,1736,47,21
sei 608,1737,32,20
ganz 652,1744,59,20
gut 724,1741,41,23
gegangen; 778,1744,131,20
denn 926,1737,62,21
die 1002,1737,36,21
Appenzeller 165,1770,156,27
seien 335,1771,62,21
ja 412,1771,24,28
nicht 451,1771,66,21
gerade 533,1772,84,27
auf 633,1772,42,21
den 690,1773,46,21
Mund 752,1773,74,20
gefallen. 842,1772,107,28
<EOS>
<EOP>
Vor 211,1809,49,21
vielen 275,1810,76,21
Zuschauern 367,1811,153,21
habe 535,1812,61,21
sie 612,1812,31,21
noch 660,1812,61,21
nie 737,1812,37,21
Angst 789,1812,78,28
gehabt. 883,1812,95,28
<EOS>
Die 996,1812,43,21
Appenzeller 165,1845,156,28
im 339,1846,32,21
Landifestspiel 390,1846,183,29
hatten 593,1847,84,22
es 697,1855,23,14
auf 739,1847,41,22
der 799,1847,42,22
Bühne 861,1847,84,22
sicher 964,1847,76,22
mindestens 165,1880,147,22
so 328,1890,25,12
lustig 368,1882,73,28
wie 461,1882,43,21
die 520,1883,37,21
Zuschauer. 573,1883,141,21
<EOS>
Sie 740,1883,36,21
habe 793,1884,60,21
doch 870,1883,61,22
damals 948,1883,90,21
keinen 166,1917,85,21
Augenblick 266,1918,148,28
daran 429,1919,75,20
gedacht, 518,1919,109,27
daß 644,1919,46,22
sie 705,1919,32,22
den 753,1919,45,22
Leuten 813,1919,92,22
da 920,1919,30,21
unten 964,1923,75,17
etwas 167,1957,72,17
vormachen 262,1953,144,21
müsse. 428,1957,85,18
<EOS>
Aber 535,1955,64,21
beim 621,1955,62,21
Filmen, 706,1955,98,25
besonders 827,1955,128,21
beim 977,1955,63,21
Synchronisieren, 168,1989,216,28
habe 406,1990,61,21
ihr 486,1990,36,21
zum 542,1998,55,14
Beispiel 617,1991,101,27
das 739,1991,41,21
kleine 800,1991,76,21
Mikrophon 897,1985,143,33
mehr 166,2025,68,21
Angst 246,2024,77,28
gemacht 336,2025,111,28
als 461,2026,33,20
vielhundert 508,2026,152,21
Zuschauer 673,2027,135,21
in 820,2027,25,20
der 859,2027,40,21
Festhalle. 914,2026,124,21
<EOS>
<EOP>
Immer 213,2065,88,20
filmen 319,2064,80,22
möchte 417,2066,95,21
die 532,2066,36,21
hübsche 588,2066,105,21
Marie 713,2066,72,21
nicht. 803,2066,74,23
<EOS>
Sie 899,2065,37,22
hat 955,2066,42,21
es 1017,2073,23,14
ziemlich 166,2101,107,21
streng 289,2104,79,24
bei 384,2101,37,21
ihrer 437,2101,63,22
Arbeit 515,2101,84,22
im 614,2102,32,21
Gasthaus; 665,2101,129,27
im 812,2102,32,21
Sommer 862,2101,107,22
hilft 985,2101,54,22
sie 166,2135,32,22
dazu 210,2136,60,20
noch 282,2136,60,21
auf 354,2136,41,21
dem 406,2136,53,21
väterlichen 471,2137,145,21
Bauernhof, 632,2138,140,24
und 786,2138,48,20
meistens 845,2138,112,20
steigt 969,2137,71,28
sie 166,2172,32,20
am 214,2179,39,13
Abend 268,2172,85,21
aus 368,2179,42,14
dem 427,2173,53,20
Dorf 496,2173,59,21
zum 569,2180,55,14
Elternhaus 641,2173,141,21
hinauf, 798,2173,90,25
um 907,2180,39,14
in 960,2173,25,20
der 1000,2173,41,21
vertrauten 166,2211,140,17
Kammer 315,2207,115,21
mit 438,2208,45,20
der 492,2208,41,20
weiten 540,2208,86,21
Aussicht 633,2208,113,21
auf 755,2209,41,20
Wiesen 804,2209,94,20
und 908,2208,48,20
Berge 965,2208,75,27
zu 166,2250,29,13
schlafen. 206,2242,112,21
<EOS>
Ein 334,2243,44,20
Filmliebling 390,2243,158,29
werden 559,2244,93,21
<EOS>
Umschwärmt 683,2244,177,22
sein 871,2244,49,21
<EOS>
Immer 953,2243,87,22
nur 166,2286,45,13
spielen 221,2278,89,28
und 323,2278,47,22
den 384,2279,44,21
Leuten 440,2278,93,22
etwas 549,2283,72,18
vormachen 634,2280,143,21
<EOS>
Ihre 814,2280,54,21
Eltern, 885,2279,89,26
ihre 991,2279,50,21
Geschwister, 168,2314,164,26
die 352,2315,37,21
liebe, 406,2315,67,25
freundliche 493,2315,146,22
Landschaft 660,2316,147,21
hier 826,2316,49,21
möchte 894,2316,95,21
sie 1008,2315,33,22
mit 166,2350,44,21
keinem 222,2350,93,22
Ruhm 329,2350,79,22
vertauschen. 419,2351,166,21
<EOS>
<EOP>
Den 214,2480,51,20
alten 276,2480,64,20
Dörig, 351,2480,79,28
«Boger 445,2480,88,29
Dörig» 544,2482,86,27
mit 639,2482,44,20
Spitznamen, 695,2481,163,28
Landarbeiter 870,2482,171,21
und 168,2517,48,21
Taglöhner, 224,2517,139,28
trafen 377,2518,75,21
wir 461,2519,41,20
mit 508,2519,45,21
seiner 561,2519,76,21
freundlichen 644,2519,164,21
Frau 817,2520,63,21
in 889,2520,24,20
der 923,2520,41,21
blitz¬ 973,2520,68,21
sauberen 166,2554,116,21
kleinen 295,2554,93,21
Wohnung; 399,2554,139,28
in 552,2555,24,21
der 588,2555,40,21
Küche 642,2555,83,21
funkelten 737,2555,125,21
die 875,2555,37,21
Pfannen, 925,2555,115,26
und 167,2589,48,20
die 226,2589,36,21
Böden 274,2589,82,21
waren 364,2598,79,13
geputzt, 454,2594,106,24
daß 573,2591,47,21
man 629,2598,57,14
darauf 695,2591,85,21
hätte 789,2591,68,22
essen 870,2598,66,15
mögen. 947,2594,93,25
<EOS>
Der 213,2629,48,20
Boger 280,2629,76,28
Dörig 374,2630,73,27
mußte 470,2630,83,21
mit 576,2631,45,20
drei 644,2631,49,20
anderen 712,2631,103,20
zusammen 834,2638,139,14
eine 991,2631,50,21
Jaßpartie 168,2664,126,28
«markieren». 318,2664,164,22
<EOS>
Für 505,2665,46,21
eine 572,2665,49,21
Szene 643,2665,74,21
von 737,2673,48,13
wenigen 805,2666,106,27
Minuten 932,2666,108,21
mußten 168,2699,100,21
sie 288,2700,31,20
den 340,2700,44,21
ganzen 405,2708,89,20
Tag 515,2701,49,27
um 583,2708,41,14
den 644,2701,46,21
Schiefertisch 711,2701,167,21
sitzen 897,2702,75,20
und 991,2702,50,20
Trümpfe 167,2735,113,28
ausklopfen. 295,2735,150,29
<EOS>
Wein, 459,2736,77,26
in 550,2736,25,22
der 589,2736,41,22
Flasche 645,2736,98,22
auf 758,2736,40,22
dem 813,2736,54,22
Tisch, 881,2736,77,27
sollte 974,2736,67,22
es 168,2778,22,13
immer 200,2770,84,22
gleich 293,2771,74,27
viel 375,2771,46,21
haben 430,2772,79,20
— 517,2784,31,2
da 555,2772,30,21
mußte 594,2772,84,21
man 687,2780,57,13
sie 754,2772,31,21
halt 795,2772,51,21
oft 854,2773,35,20
nachfüllen. 897,2772,143,21
<EOS>
<EOP>
Die 1241,414,42,21
«Knödli» 1300,413,114,22
taten 1429,418,65,16
dem 1509,414,53,20
Boger 1576,414,77,27
am 1665,421,39,13
folgenden 1718,413,126,28
Tag 1858,414,50,27
vom 1921,422,55,12
Trümpfe¬ 1990,412,123,30
klopfen 1240,449,95,29
noch 1350,450,62,21
weh. 1428,450,57,21
<EOS>
Lieber 1503,450,83,21
werche 1599,449,91,22
er 1706,456,24,15
streng 1744,453,81,24
den 1840,450,45,21
ganzen 1901,456,90,21
Tag, 2007,449,55,28
als 2079,450,33,21
so 1240,493,23,14
zu 1273,494,28,12
filmen. 1310,485,87,21
<EOS>
Er 1412,485,32,20
habe 1452,485,60,21
es 1522,493,22,13
dem 1555,486,53,20
Mock, 1618,485,76,26
dem 1709,485,53,21
Begisseur 1772,485,125,28
des 1909,485,40,21
Appenzeller 1958,484,155,29
Festspiels, 1240,522,133,27
zulieb 1387,522,76,20
getan. 1473,525,78,24
<EOS>
Der 1567,522,47,20
Mock 1622,521,70,22
habe 1703,521,61,21
ihm 1776,521,50,21
genau 1836,528,76,21
erzählt, 1922,521,96,25
was 2032,529,47,13
in 2090,521,22,21
dem 1239,557,54,21
Film 1303,557,60,21
passiere. 1373,557,109,28
<EOS>
Ja 1494,557,31,21
gewiß, 1534,557,82,28
es 1627,565,23,13
sei 1659,556,33,22
alles 1702,557,55,21
ganz 1766,564,59,21
natürlich 1836,557,119,21
und 1964,557,49,21
könnte 2023,557,89,21
wahr 1239,593,65,21
sein. 1317,593,55,21
<EOS>
Jetzt, 1389,593,74,26
das 1478,593,41,21
mit 1533,593,44,21
dem 1591,593,54,21
Amerikaner 1658,593,156,21
und 1826,593,49,20
der 1890,593,40,20
Kuh, 1944,593,63,25
freilich 2023,593,89,21
habe 1240,629,60,20
er 1314,636,24,13
so 1350,636,24,14
etwas 1389,632,72,17
noch 1474,628,61,21
nie 1548,628,37,21
gehört. 1599,628,89,28
<EOS>
Aber 1703,628,63,21
es 1780,636,22,13
seien 1815,628,64,21
ja 1891,628,24,28
in 1928,628,24,21
den 1965,628,46,21
letzten 2024,628,88,21
Jahren 1241,665,91,21
auch 1345,665,62,21
keine 1421,665,67,21
Amerikaner 1502,664,156,22
mehr 1671,664,67,22
gekommen. 1752,665,148,27
<EOS>
Also 1915,664,56,21
die 1986,664,37,21
Szene 2040,663,72,22
in 1240,701,22,20
der 1278,701,40,20
Wirtschaft, 1331,700,150,26
die 1497,700,36,21
habe 1548,700,61,21
so 1623,708,25,13
lange 1662,700,69,28
Zeit 1745,700,51,21
gebraucht, 1810,700,138,27
weil 1963,699,52,22
immer 2029,700,84,21
der 1240,737,40,21
Vächtryber 1291,734,150,31
aus 1452,743,42,15
dem 1506,737,54,21
Wyßbad 1571,736,112,28
zu 1695,744,29,13
schnell 1736,736,88,21
oder 1836,736,55,21
zu 1902,743,29,13
langsam 1941,736,109,28
auf¬ 2062,736,50,21
gestanden 1240,772,130,28
sei, 1382,772,40,26
oder 1435,772,56,21
weil 1504,772,49,21
einer 1565,772,63,21
von 1639,780,48,13
den 1699,772,45,20
vier 1756,772,50,21
Jassern 1819,771,96,22
seinen 1927,771,80,21
Spruch 2021,770,91,30
nicht 1240,808,66,22
recht 1317,809,67,21
gesagt 1396,811,81,25
habe. 1490,809,68,20
<EOS>
Er, 1573,808,38,25
Dörig, 1625,808,79,28
habe 1718,808,61,21
es 1792,814,22,15
schon 1826,808,74,21
recht 1912,808,67,21
gemacht 1991,807,110,28
; 2107,815,5,17
aber 1239,844,56,21
es 1307,851,23,14
wäre 1342,846,61,18
unnatürlich 1416,844,152,20
gewesen, 1580,851,112,20
wenn 1706,851,68,13
er 1786,851,24,13
alles 1823,843,55,21
gesagt 1891,847,81,23
hätte 1984,843,67,21
und 2063,843,50,21
die 1240,880,37,21
anderen 1291,881,103,20
nichts. 1409,880,85,21
<EOS>
Einmal 1511,880,94,21
habe 1620,880,60,21
er 1696,887,23,14
beim 1733,880,63,20
Ausspielen 1809,879,140,28
so 1963,886,26,14
über 2003,879,59,21
die 2076,879,36,21
Karte 1242,916,74,21
auf 1329,916,41,20
den 1383,916,45,21
Partner 1442,916,100,20
geschaut, 1554,915,121,28
wie 1690,915,41,21
man 1744,923,56,13
das 1813,915,41,21
beim 1868,915,62,21
Spielen 1945,914,94,29
etwa 2052,919,60,17
mache. 1240,952,91,21
<EOS>
Da 1348,952,35,21
habe 1399,952,61,21
der 1476,952,40,21
Operateur 1532,952,132,28
gesagt, 1679,955,89,25
so 1784,958,25,14
sei 1825,951,32,22
es 1872,958,23,14
recht, 1910,951,73,25
das 2001,951,40,21
solle 2057,951,56,21
er 1240,995,24,13
jetzt 1273,988,61,28
immer 1345,987,83,21
so 1438,995,25,13
machen. 1475,987,107,21
<EOS>
<EOP>
«Hätten 1291,1090,103,22
Sie 1412,1090,37,22
einem, 1466,1090,83,26
der 1568,1091,41,20
es 1625,1098,23,13
auf 1665,1091,41,20
Ihren 1723,1090,70,21
Schatz 1811,1090,86,21
abgesehen 1914,1090,131,27
hat, 2064,1090,49,25
wirklich 1241,1126,104,21
einen 1369,1126,68,21
Biberfladen 1462,1126,149,21
nachgeworfen 1636,1125,180,28
<EOS>
». 1840,1132,15,14
<EOS>
Das 1882,1125,48,21
fragten 1955,1125,94,28
wir 2073,1125,41,21
Armin 1240,1162,82,21
Broger, 1342,1162,95,28
der 1461,1162,40,21
als 1524,1162,33,21
Bierbrauer 1581,1162,140,21
in 1741,1162,24,21
Zürich 1788,1162,85,21
lebt. 1897,1161,55,22
<EOS>
«Vielleicht 1980,1161,134,21
noch 1238,1198,61,21
etwas 1322,1201,71,18
ganz 1416,1205,59,20
anderes 1499,1198,96,21
als 1623,1197,34,22
einen 1680,1197,67,22
Biberfladen», 1770,1196,170,27
meinte 1974,1197,88,21
er. 2084,1205,29,13
<EOS>
Armin 1240,1234,83,21
Broger, 1353,1234,95,28
der 1477,1234,42,21
männliche 1545,1234,135,21
Hauptdarsteller, 1710,1233,215,29
wurde 1957,1233,80,21
von 2066,1240,47,14
Hastöni 1241,1270,103,21
Mock 1362,1270,69,21
«entdeckt». 1453,1270,144,21
<EOS>
Er 1622,1269,32,21
spielte 1676,1269,83,28
zum 1781,1277,55,13
erstenmal 1859,1269,127,21
Theater, 2004,1268,110,25
als 1240,1306,33,21
sie 1292,1306,32,21
unter 1343,1309,70,18
Mocks 1432,1306,79,21
Regie 1528,1306,71,28
in 1618,1306,24,20
Appenzell 1656,1305,129,29
«Das 1803,1305,60,21
weiße 1882,1305,72,21
Rößl» 1970,1305,76,20
auf¬ 2065,1304,51,21
führten. 1243,1341,103,21
<EOS>
Nichts 1363,1341,83,21
von 1462,1349,48,13
Angst 1524,1341,77,28
oder 1616,1341,56,21
Befangenheit 1688,1340,172,28
auf 1875,1340,41,21
der 1931,1340,41,21
Bühne 1988,1339,83,22
— 2085,1352,30,3
<EOS>
<EOP>
aber 1242,1378,56,21
als 1310,1378,33,21
er 1356,1385,23,14
zum 1391,1385,54,13
erstenmal 1459,1377,126,22
vor 1597,1384,42,14
die 1652,1377,37,21
Kamera 1701,1377,104,21
mußte, 1817,1376,91,25
alle 1922,1376,43,21
die 1979,1376,36,21
«Fach¬ 2030,1376,85,21
leute 1240,1414,63,21
aus 1320,1421,41,13
Zürich» 1373,1413,99,21
und 1488,1413,50,21
die 1554,1413,37,21
neugierig 1608,1412,119,29
herumstehenden 1743,1412,216,22
Landsleute 1971,1411,145,22
sah, 1242,1449,50,27
wurde 1307,1449,79,22
er 1400,1457,23,14
sehr, 1437,1449,59,26
sehr 1511,1449,53,22
kleinlaut. 1576,1449,123,21
<EOS>
Später 1716,1448,85,29
ging 1814,1449,55,27
dann 1882,1449,64,20
alles 1960,1448,55,21
besser. 2029,1448,85,21
<EOS>
Auch 1243,1486,68,21
Armin 1329,1485,84,21
Broger 1435,1485,88,28
hatte 1543,1485,67,21
sich 1632,1484,50,22
schon 1703,1484,73,22
gedacht, 1798,1484,110,27
daß 1930,1484,46,21
da 1998,1484,30,21
nicht 2050,1483,66,22
alles 1245,1521,55,22
schön 1322,1521,74,22
der 1418,1521,42,21
Beihe 1483,1521,73,21
nach 1578,1521,62,21
und 1662,1521,49,21
aus 1734,1527,41,14
einem 1802,1520,76,21
Schwung 1902,1520,118,28
gehen 2041,1520,75,27
würde. 1244,1557,87,21
<EOS>
Er 1360,1557,31,21
habe 1411,1557,61,21
sich 1494,1557,49,21
über 1564,1557,58,20
das 1643,1557,42,20
Besondere 1707,1556,134,21
der 1863,1556,40,21
Filmaufnahme 1925,1555,191,21
einfach 1244,1593,93,22
aufklären 1352,1593,122,21
lassen; 1491,1593,86,25
er 1594,1600,24,14
habe 1632,1593,61,20
gelernt, 1709,1593,97,27
auf 1822,1592,41,21
die 1878,1592,37,21
Kamera 1931,1592,104,21
acht¬ 2051,1591,66,21
zugeben, 1244,1629,112,28
an 1370,1636,30,13
die 1413,1628,36,21
Tatsache 1462,1628,117,21
zu 1591,1636,29,13
denken, 1633,1628,100,26
daß 1748,1627,45,21
man 1806,1635,57,13
eigentlich 1875,1627,126,28
vor 2013,1634,43,14
vier 2068,1626,50,22
Wänden, 1244,1665,117,25
nicht 1377,1665,66,21
nur 1458,1671,45,14
vor 1517,1671,43,15
drei, 1576,1664,56,25
wie 1648,1664,42,21
auf 1706,1664,41,21
der 1762,1664,41,21
Bühne, 1819,1664,91,24
spielen 1926,1663,89,28
müsse. 2029,1665,86,18
<EOS>
Wie 1244,1701,51,21
er 1307,1709,23,13
seine 1341,1700,62,22
Bolle 1416,1700,67,21
im 1494,1700,32,20
einzelnen 1538,1699,119,22
zu 1668,1708,29,12
spielen 1708,1699,89,28
habe, 1807,1699,68,27
sei 1888,1699,31,21
ihm 1930,1699,50,21
eigentlich 1991,1698,127,28
nicht 1245,1737,66,22
gesagt 1324,1740,81,24
worden. 1418,1737,103,20
<EOS>
Er 1537,1736,31,21
habe 1582,1737,61,21
die 1656,1736,36,21
Bewegungen 1708,1736,163,28
gemacht, 1885,1735,117,28
die 2018,1735,36,21
ihm 2068,1734,50,21
<EOS>
<EOP>
natürlich 1475,1772,119,21
erschienen 1616,1771,136,22
seien, 1775,1771,71,26
und 1874,1771,49,21
dann 1949,1770,64,22
sei 2040,1770,32,22
es 2095,1777,22,14
meistens 1475,1808,112,21
der 1610,1808,40,21
Kameramann 1674,1808,179,21
gewesen, 1875,1814,113,21
der 2014,1807,42,21
ihn 2077,1806,41,21
geleitet 1475,1843,95,28
habe. 1597,1843,68,21
<EOS>
Ja, 1699,1843,38,26
manches 1765,1842,112,22
habe 1902,1842,61,22
er 1986,1850,24,14
fragen 2036,1842,82,27
müssen: 1475,1882,105,19
Im 1597,1880,35,20
Film 1645,1879,60,21
spiele 1718,1879,71,28
er 1803,1886,23,14
einen 1840,1879,68,21
Bauern, 1923,1878,101,25
davon 2039,1878,79,20
verstehe 1477,1915,107,21
er 1599,1923,23,13
aber 1635,1915,57,21
eigentlich 1704,1914,126,28
nicht 1845,1914,66,21
viel, 1924,1913,54,27
also 1995,1913,48,22
habe 2057,1913,61,22
man 1476,1958,56,14
ihm 1554,1951,50,21
die 1627,1951,38,21
bäuerlichen 1687,1950,152,22
Handgriffe 1859,1950,139,28
gezeigt. 2020,1949,97,28
<EOS>
Er 1478,1987,31,20
habe 1528,1987,61,21
es 1611,1994,23,14
dann 1656,1986,64,21
schon 1742,1986,73,21
so 1836,1994,26,13
gemacht, 1885,1985,117,28
daß 2025,1985,47,21
es 2096,1992,22,14
«aussehe 1480,2023,109,21
wie 1611,2022,43,22
recht». 1679,2023,87,20
<EOS>
Die 1794,2022,43,21
Handlung? 1861,2021,147,28
<EOS>
Zuerst 2035,2021,84,21
habe 1477,2059,61,21
er 1563,2066,24,13
gedacht, 1612,2058,109,28
sie 1753,2058,32,21
sei 1811,2057,32,22
«ein 1872,2057,47,22
Bruch»; 1946,2057,103,25
der 2079,2057,41,21
Hastöni 1480,2095,102,20
Mock 1603,2094,68,21
habe 1694,2094,60,21
eifrig 1775,2094,67,27
daran 1861,2094,74,20
geschrieben; 1956,2092,162,29
aber 1478,2130,56,21
man 1554,2137,57,14
habe 1635,2130,61,21
dann 1719,2129,63,22
das 1807,2129,41,21
von 1870,2137,49,14
Mock 1944,2129,68,21
Vorge¬ 2032,2129,88,27
schlagene 1477,2166,124,29
kaum 1634,2166,74,20
verwendet. 1741,2165,142,20
<EOS>
Armin 1915,2164,83,21
Broger 2033,2164,88,26
findet, 1477,2200,83,26
ähnlich 1578,2200,95,22
wie 1690,2200,42,22
Marie 1753,2200,72,21
Sutter, 1847,2199,88,26
es 1954,2207,23,14
sei 1995,2200,32,20
zuviel 2044,2199,76,21
«Sonntag» 1250,2236,133,28
in 1396,2237,25,20
diesem 1434,2237,88,20
Film; 1537,2236,71,25
die 1623,2236,36,21
Bräuche 1674,2235,108,21
und 1797,2235,49,21
Feste, 1860,2235,76,26
das 1952,2235,41,21
Wildern, 2006,2234,113,25
das 1247,2273,42,21
Hochzeiten 1300,2272,147,22
und 1457,2272,48,21
die 1516,2272,37,21
Witzeleien 1562,2272,139,21
seien 1710,2272,64,21
ganz 1783,2278,59,21
natürlich; 1853,2271,129,25
man 1994,2278,56,13
habe 2060,2270,61,21
ihnen 1246,2309,72,21
da 1330,2308,29,21
nichts 1371,2308,78,21
aufgeschwatzt. 1461,2308,193,28
<EOS>
Aber 1667,2308,64,20
es 1742,2315,22,13
sei 1777,2307,32,21
schade, 1820,2307,95,25
daß 1928,2306,46,21
man 1986,2314,56,13
nicht 2054,2306,66,21
mehr 1246,2344,67,22
Einfaches 1332,2344,125,22
aus 1477,2351,41,15
dem 1537,2344,53,22
täglichen 1608,2344,119,28
Leben 1745,2343,80,22
seiner 1842,2343,76,22
Landsleute 1935,2342,144,22
in 2097,2342,25,21
den 1247,2381,46,21
Film 1306,2380,61,22
aufgenommen 1378,2380,184,28
habe. 1574,2380,69,21
<EOS>
<EOP>
Alle 1293,2416,52,22
unsere 1361,2423,83,15
Gespräche 1463,2416,134,27
mit 1613,2416,45,21
den 1675,2416,45,21
Appenzeller 1736,2415,155,28
Laiendarstellern 1908,2414,215,22
zeigten 1247,2452,92,28
uns, 1351,2459,50,18
daß 1414,2451,47,21
sie 1472,2451,32,22
das 1516,2451,41,21
Auftreten 1568,2451,128,21
vor 1707,2459,42,13
der 1760,2451,41,21
Kamera 1813,2450,104,22
nicht 1929,2450,66,21
als 2006,2450,33,21
etwas 2051,2454,72,17
Natürliches 1249,2488,151,21
und 1414,2488,50,21
Ungezwungenes 1482,2487,205,28
auffassen. 1703,2487,127,21
<EOS>
Sie 1848,2486,38,22
sehen 1901,2487,71,21
mit 1986,2486,44,21
Recht 2046,2485,77,21
ein, 1248,2524,45,25
daß 1306,2523,46,21
die 1364,2523,37,21
ausdrucksreiche 1413,2523,209,21
Bewegungsfreiheit 1636,2522,241,28
erst 1889,2526,47,17
beim 1947,2521,63,22
Proben, 2023,2521,100,25
beim 1248,2559,63,22
eifrigen 1327,2559,96,28
Wiederholen 1438,2559,166,21
sich 1619,2559,49,21
einstellt. 1684,2559,110,21
<EOS>
Sie 1813,2558,37,22
haben 1865,2559,79,20
damit 1959,2558,76,21
etwas 2051,2561,72,17
Wesentliches 1247,2595,171,21
entdeckt: 1438,2594,124,21
daß 1583,2594,47,21
der 1650,2595,41,20
Spielfilm, 1711,2593,121,29
auch 1853,2594,61,21
mit 1933,2593,45,22
Laiendar¬ 1996,2592,128,22
stellern, 1249,2631,103,24
niemals 1367,2631,99,20
ein 1481,2631,36,21
Abbild 1532,2630,88,21
der 1635,2630,41,21
rohen 1689,2630,74,21
Wirklichkeit, 1776,2629,175,25
sondern 1966,2629,103,21
im¬ 2083,2628,43,21
mer 1248,2674,50,12
gestaltete, 1312,2666,133,27
neu 1461,2674,46,12
erzeugte 1521,2669,110,23
Wirklichkeit 1643,2664,167,22
ist, 1825,2664,38,26
und 1879,2664,49,22
daß 1943,2664,46,21
man 2004,2671,57,14
des¬ 2075,2664,51,21
halb 1249,2702,56,20
auch 1319,2701,62,21
beim 1394,2702,63,20
Laien-Spielfilm 1472,2701,201,27
packende 1687,2700,122,28
Lebensnähe 1824,2700,155,21
nur 1993,2707,45,13
durch 2051,2699,76,21
behutsame, 1249,2737,149,25
unaufdringliche 1420,2736,207,28
und 1648,2736,50,21
dennoch 1720,2736,109,22
sichere 1850,2736,90,21
Führung 1962,2735,114,28
zu 2097,2742,29,14
erreichen 1250,2773,118,21
vermag. 1386,2780,105,20
<EOS>
Hans 1901,2771,69,21
Laemmel 1981,2770,116,21
<EOS>
<EOP>
22 115,3005,28,20
<EOS>
<EOP>
