2310,3104
das 151,181,48,26
schenkt 214,181,118,26
Dir 347,180,50,27
die 410,180,43,27
Maschine 468,181,142,28
in 624,182,29,25
einer 666,182,75,27
halben 754,183,102,26
Stunde. 873,182,115,27
<EOS>
Du 1005,183,44,25
gewinnst 1063,182,136,35
Zeit, 1214,181,68,33
Zeit 1298,181,58,27
ist 1370,181,36,26
Geld, 1423,181,78,33
Geld 1520,181,68,26
ist 150,237,35,26
Freiheit, 197,237,130,33
Freiheit 340,237,121,27
ist 470,237,36,27
der 517,238,48,26
Traum 575,239,103,26
des 689,239,47,26
Lebens. 748,239,115,27
<EOS>
» 870,247,11,18
Zur 892,240,53,25
technischen 953,239,182,28
Erweiterung 1146,239,191,34
seines 1346,238,87,26
Betriebes 1445,237,143,27
aber 151,294,66,26
benötigt 229,294,128,35
der 371,295,47,25
Bauer 432,295,91,26
Kapital. 538,295,124,34
<EOS>
Er 677,295,38,26
findet 727,295,87,28
es 828,306,27,16
bei 869,295,44,27
den 925,295,54,28
Banken 993,295,117,28
in 1122,295,29,28
Form 1164,295,83,27
der 1260,295,48,26
«Zedel» 1324,295,111,26
und 1448,295,57,27
jetzt 1517,294,71,35
beginnt 151,351,116,34
der 284,351,49,27
verhängnisvolle 350,351,242,35
Kreislauf, 612,351,149,34
an 780,362,36,18
dessen 834,353,97,26
Endpunkt, 951,352,165,36
statt 1135,357,72,21
der 1224,352,49,26
ersehnten 1290,351,148,27
Freiheit, 1457,350,129,34
die 151,407,43,27
Versklavung 213,408,194,35
durch 425,408,88,27
die 531,408,43,27
Hypothekarschulden 594,410,324,34
steht. 936,410,83,26
<EOS>
Reicht 1041,409,100,27
aber 1159,409,67,26
einmal 1244,408,102,27
der 1364,409,48,25
Bauer 1431,408,91,26
der 1541,408,47,26
Maschine 151,464,141,28
die 312,464,44,27
Hand, 377,465,93,33
hört 490,466,65,26
er 572,475,27,17
auf, 613,466,57,33
sein 691,466,57,27
eigener 768,466,108,35
Handwerker 897,467,191,26
zu 1107,476,33,16
sein, 1160,465,67,33
so 1247,475,30,17
verändert 1296,465,151,27
sich 1466,464,59,27
die 1544,464,44,27
Grundlage 154,522,158,34
der 331,522,47,26
bäuerlichen 396,522,178,27
Kultur 594,522,105,27
weitgehend 715,522,174,36
und 908,523,56,26
als 983,523,39,26
erstes 1041,528,85,21
Opfer 1145,522,85,35
ist 1247,522,37,27
die 1301,522,44,26
Volkskunst 1363,522,174,27
zu 1554,531,34,17
beklagen 151,578,136,35
— 304,594,36,3
sie 356,578,38,27
stirbt. 412,578,92,27
<EOS>
An 524,579,44,26
Stelle 588,579,83,26
altbäuerlicher 690,579,214,27
Dankbarkeit 924,580,194,26
tritt 1135,579,64,26
die 1218,579,43,26
Forderung 1280,579,161,35
nach 1459,578,72,27
er¬ 1549,588,38,17
höhter 152,635,99,26
Rentabilität 265,635,189,27
des 467,636,46,26
Bodenertrages; 527,636,233,35
der 774,637,48,26
Segen 837,637,87,34
der 936,637,49,26
Arbeit 996,636,98,27
fließt 1106,636,78,27
nicht 1196,636,77,27
über 1285,637,69,25
in 1366,636,28,26
die 1406,635,43,27
schöpfe¬ 1462,635,125,35
rische 150,691,88,27
Welt 252,692,74,27
der 340,692,48,26
Gebräuche 404,692,162,28
und 581,693,57,27
der 652,693,48,27
Volkskunst, 714,693,182,33
sondern 911,693,119,28
in 1044,693,28,28
den 1086,693,54,27
Bilanzstrich. 1154,693,193,27
<EOS>
<EOP>
Nicht 243,771,84,27
der 340,771,49,27
Bauer 402,772,91,26
hat 505,772,50,26
sich 568,772,58,27
verändert, 638,773,159,33
wie 810,773,50,26
so 874,783,29,16
oft 916,773,41,26
behauptet 969,773,157,35
wird 1139,773,68,26
— 1218,789,37,3
die 1267,772,43,27
Sorgen, 1326,773,112,34
der 1453,773,47,25
Zins¬ 1513,772,75,26
dienst, 152,828,99,33
die 266,828,43,27
Lüge 323,829,74,35
vom 409,838,67,17
Glück 492,829,89,27
der 594,830,48,25
Maschine 654,830,141,26
haben 807,830,92,26
ihn 911,830,48,26
verwandelt 971,830,172,28
: 1151,841,4,15
er 1170,840,27,16
nähert 1210,830,100,26
sich 1322,829,57,27
zwangsläufig 1392,829,197,35
immer 151,886,99,26
mehr 265,886,79,26
dem 360,886,63,26
Farmertyp. 441,886,175,35
<EOS>
Das 637,886,56,27
gilt 710,886,49,36
leider 775,886,85,28
auch 876,887,72,27
vom 964,897,66,17
Appenzellerland. 1046,886,260,36
<EOS>
Einige 1325,886,97,35
Sätze 1441,886,80,27
aus 1538,895,50,17
einem 152,942,89,27
erschreckenden 259,942,235,27
Bericht: 512,942,125,27
<EOS>
<EOS>
<EOS>
«über 733,944,81,26
dem 831,944,63,26
schönen 911,944,121,27
Land, 1050,944,87,32
den 1156,944,53,27
sauberen 1226,943,135,26
Häusern, 1379,943,137,32
den 1535,943,53,26
dunkelgrünen 152,1000,211,34
Matten 373,1000,110,26
liegt 494,999,66,36
unsichtbar, 573,1000,172,33
aber 759,1001,66,25
nicht 837,1000,77,27
weniger 925,1000,119,35
wirklich, 1054,1000,132,33
die 1201,1000,43,26
Welt 1253,1000,74,26
der 1339,1001,48,25
Hypotheken 1398,1000,190,35
und 152,1057,57,25
Schulden, 230,1056,148,33
die 398,1056,43,27
Welt 460,1057,73,26
des 552,1057,47,26
ewigen 617,1057,104,35
Zinses. 740,1057,101,27
<EOS>
Wollen 860,1057,109,28
Sie 989,1057,42,27
ein 1049,1057,44,27
paar 1112,1068,67,24
Zahlen 1198,1057,103,27
<EOS>
310 1341,1057,52,26
Bauern 1411,1057,112,26
der 1541,1057,47,26
Gemeinde 154,1113,152,27
Urnäsch 324,1113,127,27
tragen 467,1118,99,30
eine 583,1113,60,27
Grundpfandschuld 662,1113,287,36
von 966,1124,57,16
6,3 1039,1113,44,34
Millionen 1101,1114,141,27
Franken, 1260,1114,138,32
zahlen 1416,1114,98,26
also 1531,1113,57,27
jährlich 151,1169,118,35
250 293,1170,52,26
000 355,1170,51,26
Franken 431,1170,129,27
Zins; 584,1170,76,33
andere 687,1171,101,27
sogenannte 812,1176,171,30
«offene» 1011,1171,122,26
Schulden 1157,1171,140,26
sind 1321,1170,61,26
dabei 1405,1170,83,26
nicht 1511,1169,77,27
eingerechnet. 152,1227,202,35
<EOS>
Die 376,1226,51,27
kleine 446,1227,90,27
Gemeinde 559,1227,151,27
Reute 730,1228,90,26
hat 840,1228,49,26
85 908,1228,34,26
Bauern 964,1228,110,27
mit 1093,1227,52,27
1,5 1165,1228,42,32
Millionen 1228,1227,141,27
Hypothekar¬ 1390,1227,198,35
schulden, 152,1284,142,33
der 313,1284,47,26
schöne 377,1284,101,27
Kurort 497,1284,106,27
Heiden 621,1284,109,26
179 748,1284,50,27
Bauern 815,1284,112,27
mit 943,1284,51,26
3,3 1012,1284,43,33
Millionen. 1073,1284,149,27
<EOS>
Aber 1240,1284,75,26
wohlverstanden: 1330,1284,257,27
das 152,1340,49,27
sind 218,1339,61,28
nur 295,1350,52,17
die 363,1339,43,28
Bauern. 423,1340,120,27
<EOS>
Die 562,1340,50,27
Handwerker, 630,1341,199,32
die 848,1340,44,27
Geschäftsleute, 910,1341,232,32
die 1159,1340,43,27
Gasthofbesitzer, 1222,1339,248,34
welche 1486,1340,102,27
mit 152,1396,51,27
ihrem 219,1397,89,26
Gewerbe 329,1397,130,27
in 476,1397,29,29
zwei 522,1397,66,27
Kriege 606,1397,100,36
und 724,1398,57,26
zwei 798,1397,66,27
Krisen 884,1398,100,27
gerieten, 1001,1398,130,35
die 1150,1397,43,27
Seidenweber, 1213,1397,200,33
die 1432,1397,43,27
Heim¬ 1494,1396,94,27
arbeiterinnen: 152,1454,218,28
sie 390,1454,38,27
alle 446,1455,52,26
haben 516,1455,92,27
Schulden 629,1455,139,26
in 786,1455,28,27
ähnlicher 832,1455,143,27
Flöhe, 994,1455,89,33
auf 1103,1455,48,26
ihren 1168,1455,78,27
notdürftig 1265,1454,158,34
geflickten 1441,1454,147,34
Dächern 153,1511,129,27
liegen 299,1510,89,35
dieselben 406,1510,140,28
«Zedel», 567,1511,119,32
dieselben 705,1511,140,27
Zinslasten. 863,1511,162,28
<EOS>
Begreifen 1046,1511,145,35
Sie, 1212,1510,51,33
warum 1282,1521,106,16
die 1406,1510,43,27
Bäuerin 1468,1510,121,27
das 152,1568,49,26
Röcklein 215,1567,136,27
dreimal 363,1567,116,27
flickt 491,1567,79,27
und 583,1568,57,26
es 654,1578,26,16
beim 693,1568,73,26
vierten 779,1567,109,27
Schranz 903,1568,121,27
doch 1037,1568,71,26
nicht 1121,1567,78,27
wegwirft 1212,1567,134,36
<EOS>
Sie 1383,1566,43,27
vermögen 1438,1571,151,31
es 152,1634,27,16
nicht, 194,1624,87,33
der 300,1625,48,26
Zins 362,1624,62,28
frißt 439,1624,68,27
alles 522,1625,64,26
weg. 600,1635,67,24
<EOS>
Das 685,1625,56,26
freie 754,1625,66,27
Volk 835,1625,72,27
der 921,1626,48,26
Appenzeller 981,1625,183,35
ist 1178,1625,35,26
ein 1228,1624,44,28
Volk 1286,1625,71,26
der 1372,1625,47,26
Schuldner 1436,1624,153,27
geworden, 152,1681,154,35
das 326,1681,48,26
schöne 392,1681,102,27
Land 511,1681,79,27
ein 608,1681,43,28
einziges 669,1681,117,36
Unterpfand 804,1681,178,35
für 999,1681,45,27
Hypotheken. 1063,1682,198,35
<EOS>
Noch 1281,1681,78,27
immer 1376,1681,98,27
tragen 1490,1687,99,29
die 153,1737,43,27
Appenzeller 214,1737,183,36
selbstbewußt 415,1738,201,26
den 635,1739,53,26
Degen 708,1739,95,34
zur 820,1748,49,16
Landsgemeinde; 887,1738,252,36
die 1158,1738,43,27
alten 1220,1739,75,27
Rechte 1315,1738,106,26
und 1438,1738,59,27
Frei¬ 1516,1737,72,27
heiten 152,1794,94,27
haben 259,1795,93,27
sie 364,1794,38,27
durch 415,1795,88,26
alle 516,1795,51,27
Stürme 583,1795,111,26
gerettet. 707,1800,128,30
<EOS>
Aber 850,1795,75,27
sie 937,1795,37,27
sind 987,1795,61,27
nicht 1062,1795,77,27
mehr 1151,1796,79,26
so 1243,1805,29,16
stolz 1285,1795,69,26
wie 1367,1795,50,26
früher; 1430,1795,107,32
sie 1551,1794,37,27
wissen, 152,1851,107,34
daß 275,1851,55,27
sie 345,1851,38,27
zu 397,1862,34,15
unfreien 445,1851,127,28
Zinsknechten 587,1852,205,28
geworden 807,1853,146,34
sind.» 967,1852,89,28
<EOS>
Wer 1069,1853,64,25
diesen 1149,1852,93,27
Bericht 1257,1852,113,26
liest, 1384,1852,71,33
hat 1471,1852,50,26
den 1536,1852,52,26
Beweis 154,1908,104,27
in 271,1908,29,27
den 313,1908,54,27
Händen, 381,1908,130,33
warum 524,1919,106,16
auf 643,1908,49,27
solchem 705,1908,121,27
Boden 841,1908,97,27
Volkskunst 951,1908,173,27
nicht 1138,1908,77,27
mehr 1229,1908,77,27
gedeihen 1320,1908,134,35
kann 1466,1908,77,27
— 1554,1921,37,9
<EOS>
<EOP>
und 152,1965,58,26
wer 228,1975,55,16
alsdann 301,1965,117,27
unsere 435,1975,98,17
Abbildungen 551,1965,198,35
betrachtet, 766,1965,169,33
muß 953,1965,68,26
das 1040,1966,49,25
Gefühl 1110,1965,101,27
haben, 1229,1965,100,32
er 1348,1975,28,16
blicke 1393,1964,90,27
in 1499,1964,29,27
ein 1546,1964,43,27
verlorenes 152,2022,157,26
Paradiesgärtlein. 327,2022,259,35
<EOS>
Nicht 606,2022,84,27
ohne 708,2023,70,26
Wehmut 795,2023,134,26
steht 946,2023,75,26
man 1037,2032,67,17
vor 1119,2032,51,17
einer 1186,2021,75,27
Welt, 1276,2022,83,33
die 1378,2021,43,27
unwieder¬ 1437,2021,151,28
bringlich 152,2078,137,35
der 306,2079,48,27
Vergangenheit 370,2079,223,35
angehört. 610,2079,144,35
<EOS>
<EOP>
Christoph 1304,2108,123,29
Bernoulli 1440,2108,119,22
<EOS>
<EOP>
