2278,3057
—1 53,987,38,17
<EOS>
<EOP>
t 1278,484,39,88
<EOS>
<EOP>
vW*W 1515,592,87,24
<EOS>
<EOP>
\ 1920,1148,29,119
<EOS>
<EOP>
Die 483,2338,44,21
Buben, 544,2338,92,26
das 653,2338,41,22
sind 712,2338,53,22
Cousins 776,2338,97,22
von 885,2345,48,15
Marie 945,2338,72,22
Sutter. 1030,2338,90,22
<EOS>
Hier 1140,2338,57,22
stehen 1212,2338,83,22
sie 1311,2338,33,22
hinter 1359,2338,79,22
der 1450,2338,41,22
Türe 1503,2338,60,22
und 1579,2338,49,21
lauern 1643,2338,83,22
auf 483,2374,41,21
den 542,2374,45,21
Amerikaner, 606,2374,162,25
der 787,2374,42,21
mit 845,2373,44,22
Marie 907,2373,72,22
anbändeln 997,2374,137,21
möchte 1153,2373,97,22
und 1268,2373,51,21
zu 1339,2382,28,12
diesem 1389,2374,88,21
Zweck 1496,2374,84,21
eine 1599,2374,51,21
Kuh 1669,2373,57,21
gekauft 483,2410,100,28
hat; 603,2410,53,26
die 679,2410,38,22
gibt 736,2410,51,28
er 807,2417,24,14
bei 847,2410,37,21
Marie 905,2410,72,21
«ins 995,2410,51,22
Futter». 1068,2410,106,21
<EOS>
Und 1199,2409,56,22
die 1272,2410,37,21
Buben 1330,2409,85,22
machen 1432,2410,101,21
ihre 1551,2410,50,21
Sprüche 1621,2409,105,29
darüber 483,2445,103,22
und 596,2445,50,21
spielen 658,2445,90,29
dem 761,2445,54,21
Amerikaner 823,2445,155,21
ihre 989,2445,50,21
Streiche. 1050,2445,113,22
<EOS>
Ob 1182,2445,37,22
sie 1232,2445,31,21
das 1275,2445,42,21
gern 1330,2453,56,20
gemacht 1395,2445,111,28
haben, 1516,2445,85,26
möchten 1613,2445,113,21
wir 481,2482,43,21
sie 539,2481,33,22
fragen. 587,2481,89,29
<EOS>
Aber 693,2481,66,22
sie 773,2481,33,22
sind 821,2481,52,22
über 888,2481,59,22
alle 963,2481,44,22
Berge, 1019,2482,83,28
auf 1118,2481,42,22
die 1175,2481,37,22
Seealp 1230,2481,83,29
oder 1330,2482,56,21
auf 1401,2482,42,21
die 1458,2482,37,21
Meglisalp 1512,2481,121,29
sogar. 1649,2488,76,21
<EOS>
Appenzellerbuben 481,2517,240,28
am 732,2524,39,14
Sonntag 784,2516,108,29
— 907,2529,31,3
was 952,2525,48,13
sollen 1015,2517,75,22
die 1106,2517,41,21
zu 1162,2525,31,13
Hause 1206,2516,80,22
sitzen? 1302,2516,94,23
<EOS>
Die 1416,2517,43,21
Eltern 1475,2516,82,22
sind 1573,2516,53,22
jedoch 1641,2516,85,28
da; 482,2554,42,25
wir 548,2553,43,21
plaudern 609,2553,117,28
mit 743,2553,44,21
ihnen 804,2553,72,21
auf 893,2553,43,21
der 953,2554,41,21
Bank 1012,2553,70,22
vor 1096,2560,44,15
dem 1157,2553,55,22
sauberen 1229,2553,117,21
Häuschen. 1361,2552,137,23
<EOS>
Ja, 1523,2553,38,26
das 1580,2553,42,21
Filmen 1641,2553,90,21
sei 481,2588,33,22
den 531,2589,46,21
Buben 589,2588,85,22
ganz 692,2596,59,21
selbstverständlich 766,2588,237,22
vorgekommen. 1019,2589,194,28
<EOS>
Streiche 1238,2587,105,23
spielen 1356,2588,89,28
und 1461,2588,49,22
Witze 1525,2588,77,22
machen, 1617,2587,109,27
habe 481,2625,62,21
man 561,2632,58,14
sie 634,2625,33,22
nicht 683,2624,68,22
lange 765,2624,69,29
lehren 848,2624,82,22
müssen. 944,2627,103,19
<EOS>
Ueberhaupt 1066,2624,157,29
waren 1234,2631,79,15
sie 1325,2624,32,22
schnell 1372,2625,91,21
im 1477,2624,34,22
Bild 1523,2624,53,21
: 1583,2632,5,13
Zunächst 1605,2623,122,22
rechneten 481,2660,130,22
sie 627,2660,33,22
den 676,2660,47,22
Stundenlohn 740,2659,167,23
aus, 925,2668,49,18
der 993,2660,42,22
beim 1052,2660,64,21
Filmen 1132,2660,91,22
herausschaute. 1240,2660,194,21
<EOS>
Sie 1460,2659,37,22
kamen 1512,2659,87,22
auf 1615,2659,41,22
zwei 1670,2659,57,22
Franken 483,2696,111,22
fünfzig. 605,2696,101,29
<EOS>
Aber 722,2696,64,22
später 797,2697,80,28
mußten 887,2696,103,22
sie 1001,2696,32,22
länger 1045,2696,82,29
herumstehen 1138,2695,169,22
und 1318,2696,49,21
warten 1376,2699,92,19
; 1477,2703,6,19
das 1501,2696,42,21
wurde 1554,2695,80,22
natür¬ 1646,2697,81,20
lich 481,2731,49,22
nicht 538,2731,68,22
großartig 616,2732,122,28
bezahlt. 748,2731,103,23
<EOS>
«Das 859,2732,64,21
Zuckerpapier 930,2732,176,28
hat 1114,2731,43,22
abgeschlagen», 1166,2731,194,29
verkündeten 1370,2731,167,22
sie 1549,2731,31,22
daraufhin. 1593,2731,134,22
<EOS>
<EOP>
23 2107,2956,28,22
<EOS>
<EOP>
