2310,3104
FHD. 148,158,104,34
<EOS>
Bäuerinnenhilfe 279,159,419,34
<EOS>
<EOP>
Abteilung 348,284,153,35
Vermittlung 152,329,188,36
freiwilliger 354,329,164,35
Hilfskräfte 534,330,166,26
Im 154,391,36,20
Büro 212,390,60,21
des 295,390,40,21
Frauenhilfsdienstes 354,390,256,21
(FHD.) 634,391,92,28
<EOS>
in 123,427,23,21
Zürich, 159,426,92,26
wo 267,434,34,13
alle 314,426,43,21
Fäden 372,426,81,21
der 466,427,41,21
Bäuerinnenhilfe 521,427,208,22
für 123,462,38,21
den 186,462,46,21
ganzen 257,469,91,21
Kanton 374,461,100,22
zusammenlaufen, 500,463,228,26
herrscht 124,498,107,21
reger 247,505,65,21
Betrieb. 329,498,104,21
<EOS>
Hieher 452,498,87,21
gelangen 555,499,114,28
alle 686,499,44,21
schriftlichen 124,533,162,22
und 300,534,48,21
telephonischen 360,534,195,27
Anforderun¬ 567,534,163,21
gen 124,577,44,20
vom 191,577,55,13
Lande 270,569,81,22
für 373,569,38,21
Hilfskräfte, 435,570,149,25
und 609,571,49,20
hier 682,570,49,21
stellen 124,605,83,22
sich 228,605,49,22
auch 298,605,61,22
alle 379,605,44,22
diejenigen 445,605,132,28
persönlich 597,606,134,27
vor, 124,649,50,17
welche 187,641,88,22
freiwillig 290,641,114,28
helfen 417,641,79,22
wollen. 510,642,90,21
<EOS>
Frau 156,677,62,22
C. 228,677,23,22
<EOS>
Andres-Schurter, 261,676,226,27
Abt. 501,677,56,22
<EOS>
Bäuerinnen¬ 570,677,161,22
hilfe 124,713,55,21
des 194,714,39,20
zivilen 246,713,84,22
Frauenhilfsdienstes 344,713,255,22
des 612,715,39,20
Kan¬ 666,714,65,21
tons 127,753,52,17
Zürich, 189,748,92,27
teilte 294,748,64,22
unserer 367,755,97,15
Mitarbeiterin, 473,749,181,26
Frau 669,750,61,20
Olga 126,785,59,27
Nievergelt, 207,784,143,28
in 370,784,25,21
einem 415,785,77,21
«Interview» 514,785,152,22
aus 688,793,43,14
der 126,821,40,21
Fülle 185,820,65,22
ihrer 269,820,63,22
Erfahrungen 351,820,165,28
folgendes 535,821,120,28
mit: 675,821,54,21
Aus 156,857,49,21
der 220,857,41,20
Sprechstunde. 276,856,185,29
<EOS>
(Frau 478,857,71,28
Andres 563,857,91,21
blät¬ 670,858,61,21
tert 128,896,46,18
in 191,892,24,22
ihren 233,892,67,22
Tagebuch 318,892,128,27
<EOS>
<EOS>
<EOS>
Mit 527,892,44,22
welch 589,893,73,21
ver¬ 681,901,51,14
schiedenen 126,929,142,21
Ideen 281,928,71,21
und 365,929,49,20
Ansichten 426,928,131,22
kommen 569,929,113,22
die 694,929,38,22
Leute 127,964,74,22
in 216,964,24,22
unser 256,972,69,14
Büro! 342,964,73,22
<EOS>
Beginnen 433,964,122,28
wir 570,965,41,21
mit 626,965,45,21
den 686,965,46,21
gefreuten 126,1000,123,28
Fällen! 269,1000,91,21
<EOS>
Da 382,1000,36,21
haben 438,1000,78,21
wir 535,1001,41,20
z. 594,1008,19,14
<EOS>
B. 635,1001,26,21
<EOS>
eine 682,1002,50,20
Frau 128,1036,62,21
mit 201,1036,45,21
eigenem 257,1035,105,28
Haushalt, 376,1035,127,27
die 516,1036,36,21
schon 564,1036,74,21
letztes 649,1036,83,21
Jahr 129,1072,61,21
zu 202,1080,30,12
uns 246,1079,44,13
gekommen 304,1072,142,27
ist 460,1071,30,22
mit 505,1072,44,20
den 563,1072,45,21
Worten: 623,1073,109,21
«Sie 130,1107,49,22
können 196,1107,94,21
mir 306,1107,45,21
einfach 365,1107,94,21
anläuten, 473,1107,121,26
wenn 611,1115,68,14
Sie 696,1108,36,21
mich 127,1143,63,22
brauchen!» 207,1143,147,21
<EOS>
Und 371,1143,55,21
in 442,1143,24,21
der 483,1143,41,21
Tat, 540,1143,53,26
wenn 610,1151,69,14
ich 695,1144,38,21
hier 129,1179,49,22
auf 189,1179,41,21
dem 241,1179,54,21
Vermittlungsbüro 306,1179,236,28
in 553,1179,24,21
großer 588,1179,85,28
Not 685,1180,48,21
bin, 127,1215,47,25
läute 186,1215,65,20
ich 262,1215,38,20
ihr 310,1215,36,20
eben 357,1214,59,21
an. 427,1223,37,12
<EOS>
Wenn 476,1215,77,21
sie 564,1215,31,21
es 607,1223,23,13
irgend¬ 641,1215,92,28
wie 129,1251,40,21
richten 181,1251,92,21
kann, 285,1251,72,25
kommt 371,1251,93,21
sie 476,1251,32,21
zu 520,1258,29,14
Hilfe. 563,1251,69,21
<EOS>
So 648,1251,30,21
hat 691,1251,42,22
sie 128,1286,31,22
nun 179,1294,48,13
schon 246,1286,73,21
manches 337,1286,112,21
Mal 468,1286,48,21
einfach 535,1286,93,21
da 647,1287,29,21
ge¬ 695,1295,37,20
holfen, 130,1322,85,25
wo's 228,1322,55,22
gerade 295,1322,84,28
nötig 390,1322,67,28
war. 469,1329,53,14
<EOS>
Diese 536,1322,69,22
Frau 616,1322,63,22
hat 690,1322,42,22
die 128,1358,36,21
Gabe, 180,1358,73,25
ihren 268,1358,67,21
Haushalt 350,1357,119,22
so 483,1366,24,13
einzuteilen, 522,1358,148,25
daß 686,1359,46,21
es 129,1402,22,14
dort 170,1394,54,21
vorübergehend 243,1394,196,28
auch 457,1394,61,22
ohne 538,1394,60,21
sie 616,1394,33,22
geht. 667,1395,64,27
<EOS>
Denn 129,1430,68,21
selbstverständlich 206,1430,237,21
ist 451,1430,32,21
es 492,1438,22,13
nur 524,1438,44,13
dann 576,1430,63,21
Dienst 651,1431,81,21
am 129,1473,38,15
Vaterland, 179,1466,139,25
wenn 331,1473,68,14
hei 411,1466,37,21
solcher 461,1466,90,22
Hilfeleistung 565,1466,167,28
der 129,1501,40,21
eigene 190,1501,78,28
Haushalt 290,1501,121,21
nicht 430,1501,67,22
darunter 518,1502,114,21
leidet. 651,1502,79,22
<EOS>
<EOP>
SV 440,1670,88,54
U<3> 391,1724,197,61
j 500,1773,44,41
x 572,1776,44,36
¦^j 437,1819,90,35
Ì/ 344,1834,66,57
<EOS>
<EOP>
y 543,1897,37,30
n 456,1930,27,55
% 467,1963,38,40
--* 241,2034,52,34
<EOS>
<EOP>
™ 348,2112,49,15
<EOS>
<EOP>
Und 163,2262,52,21
da 227,2263,30,20
ist 271,2262,30,21
eine 312,2263,50,20
junge 372,2263,72,27
Lehrerin, 457,2263,117,26
kräftig 587,2264,88,27
und 687,2264,47,20
stark. 130,2299,72,21
<EOS>
Voller 217,2298,78,21
Tatendrang 306,2299,154,28
kam 471,2299,56,21
sie 538,2300,32,20
zu 582,2307,28,13
uns, 622,2307,51,17
und 687,2300,48,20
ich 129,2333,37,22
sandte 179,2334,84,21
sie 275,2334,32,21
an 320,2342,31,13
einen 362,2334,69,21
Ort, 443,2334,51,27
wo 507,2343,36,13
— 555,2347,29,3
wie 596,2335,42,21
es 651,2343,23,13
sich 686,2335,50,21
nachträglich 129,2370,164,27
zeigte 306,2370,75,28
— 395,2383,29,1
ihre 437,2370,49,21
Hilfe 501,2371,64,21
weder 579,2371,77,21
nötig 669,2371,67,28
noch 131,2405,59,22
angebracht 216,2405,146,28
war. 388,2413,53,14
<EOS>
Sie 469,2405,37,22
sah 528,2406,43,21
sofort 593,2406,74,21
ein, 690,2406,45,26
daß 130,2441,45,21
sie 202,2441,31,21
da 259,2441,31,21
nicht 312,2441,66,22
am 400,2449,39,13
richtigen 466,2442,116,28
Platz 605,2442,67,21
sei, 695,2443,40,25
und 130,2477,49,21
sie 205,2477,32,22
meldete 262,2477,103,22
es 390,2485,23,14
telephonisch 439,2477,163,28
unserem 627,2486,108,13
Büro. 130,2513,71,21
<EOS>
Sie 216,2512,37,22
wurde 266,2513,79,21
beauftragt, 358,2513,146,28
sofort 517,2514,76,20
mit 605,2514,44,21
ihrem 660,2514,76,21
Velo 130,2548,56,21
weiterzuziehen 203,2548,194,22
an 412,2556,31,14
einen 459,2548,68,22
andern 542,2549,90,21
ürt 648,2550,44,20
zu 706,2557,30,13
einer 129,2583,63,21
bäuerlichen 205,2583,153,21
Familie 373,2584,97,21
mit 483,2584,45,21
neun 541,2592,63,13
Kindern. 620,2585,114,21
<EOS>
Aber 128,2619,64,21
diesmal 203,2619,99,21
war 313,2626,49,14
sie 373,2619,32,21
am 417,2626,39,14
richtigen 467,2620,116,27
Ort 594,2620,44,21
<EOS>
Es 663,2620,30,22
ist 705,2620,31,22
unumgänglich 129,2654,186,28
nötig, 340,2654,75,28
daß 443,2655,46,21
jede 515,2655,53,28
Placierung 596,2655,140,29
durch 129,2690,74,21
unsere 213,2697,82,14
Gemeindevertreterin 308,2690,273,22
stattfindet, 588,2692,146,25
die 129,2726,37,21
uns 179,2733,44,14
den 237,2726,46,21
einzelnen 296,2725,121,22
Fall 432,2726,50,21
selber 495,2726,77,21
meldet 584,2727,89,21
und 686,2728,50,20
genau 128,2769,78,21
beschreibt. 216,2761,142,22
<EOS>
<EOP>
Da 831,161,36,21
sich 881,161,49,21
im 943,161,32,20
Verhältnis 989,161,137,21
zu 1140,169,27,13
den 1183,162,46,20
Anfragen 1242,161,120,28
zu 1376,169,29,13
wenig 798,196,76,28
Leute 895,196,74,22
gemeldet 990,196,117,28
hatten, 1129,197,92,25
gelangte 1243,196,109,28
die 1368,196,37,22
Vermittlungsstelle 798,232,243,28
des 1053,233,40,21
Frauenhilfsdienstes 1107,231,254,24
an 1374,240,31,13
die 798,268,37,21
großen 861,268,89,27
Geschäftshäuser. 977,268,221,22
<EOS>
Diese 1226,268,69,22
teilten 1322,268,83,21
unser 798,312,71,12
Anliegen 880,303,115,28
ihrem 1010,303,76,22
Personal 1107,304,111,21
mit, 1235,303,51,26
und 1303,304,49,20
der 1366,303,40,21
Erfolg 801,340,80,27
war 895,347,48,14
äußerst 958,340,96,21
erfreulich. 1069,340,132,21
<EOS>
Es 1218,340,30,21
stellte 1263,340,78,21
sich 1356,340,49,21
dabei 799,375,70,22
heraus, 880,375,91,26
daß 984,375,46,22
Frauen 1042,376,93,21
und 1146,376,49,21
Töchter, 1206,376,109,25
die 1328,376,36,21
an 1375,383,30,14
regelmäßige, 798,411,165,28
disziplinierte 990,411,167,28
Arbeit 1184,411,83,22
gewöhnt 1293,411,111,28
sind 798,448,54,20
(selbst 867,448,81,27
die 962,448,36,21
jüngste 1011,448,96,28
Lehrtochter), 1121,448,174,27
sich 1309,447,49,21
als 1371,447,34,21
sehr 798,483,54,22
anpassungsfähig 867,483,215,28
erweisen 1098,483,110,22
und 1224,483,49,22
sich 1289,483,49,22
des¬ 1353,483,51,22
halb 799,519,56,21
sehr 875,519,53,21
gut 946,523,43,23
einfügen 1005,519,111,28
am 1131,527,39,13
bäuerlichen 1185,519,153,21
Ort. 1353,519,51,21
<EOS>
Ja, 800,555,39,25
daß 863,555,46,21
sie 933,555,32,21
sich 988,555,50,21
sogar 1060,562,69,21
in 1151,555,23,21
allereinfachsten 1198,555,207,21
bäuerlichen 801,591,152,20
Verhältnissen 964,591,179,21
derart 1154,591,80,20
gut 1245,594,43,24
zurecht¬ 1299,590,107,21
finden, 800,627,87,25
daß 903,627,45,21
sie 962,627,32,21
dort 1008,627,54,21
wirklich 1074,627,106,21
eine 1194,627,50,21
große 1257,627,71,27
Hilfe 1343,626,62,22
bedeuten. 799,662,127,21
<EOS>
Dabei 944,662,75,21
kommt 1034,663,95,21
es 1144,670,22,13
gar 1182,670,41,20
nicht 1238,662,67,21
darauf 1320,662,85,21
an, 800,705,38,19
aus 864,706,42,14
welchem 936,699,112,21
Arbeitsgebiet 1073,698,176,28
sie 1278,698,32,22
kom¬ 1339,699,66,20
men; 801,742,65,17
handle 886,734,87,21
es 992,742,22,13
sich 1034,734,50,21
um 1102,742,41,13
einen 1162,734,67,21
Bürobetrieb 1249,734,157,21
oder 801,770,56,21
um 870,777,42,14
ein 926,770,38,21
Schneiderinnen-Atelier, 980,769,309,26
seien 1305,770,62,21
es 1383,776,22,15
Verkäuferinnen 801,805,205,21
oder 1030,806,55,20
Modistinnen: 1110,805,171,21
sie 1306,805,32,21
alle 1361,805,44,21
leisten 800,842,85,21
ganze 897,848,72,21
Arbeit. 980,842,91,21
<EOS>
Es 1086,842,30,21
war 1129,849,47,13
uns 1187,848,43,14
dabei 1243,842,69,20
immer 1323,842,84,20
eine 802,877,50,21
Freude, 870,877,99,26
wie 987,877,42,21
die 1046,877,37,21
Direktionen 1102,877,155,21
dieser 1275,877,75,21
Ge¬ 1364,877,44,21
schäftshäuser 801,913,178,21
unserer 986,920,95,14
Frauenhilfsdienst-Sache 1090,912,317,22
größtes 802,949,95,27
Verständnis 909,949,157,21
entgegenbrachten. 1079,949,240,27
<EOS>
Es 1334,949,30,20
ist 1377,949,30,20
für 803,985,38,21
einen 861,985,68,21
jungen 948,985,90,28
Menschen 1059,985,127,21
unbedingt 1207,985,133,28
von 1361,992,47,14
großem 803,1021,97,26
Wert, 917,1020,74,26
wenn 1010,1028,69,13
er 1097,1029,24,12
im 1139,1020,31,21
Elternhaus 1190,1020,144,21
oder 1352,1020,57,21
Geschäftsbetrieb 804,1056,220,21
so 1036,1064,26,13
erzogen 1074,1063,99,21
wird, 1184,1057,66,24
daß 1264,1057,47,20
er 1324,1063,23,14
sich 1359,1057,49,20
zu 803,1100,28,13
jeder 844,1092,66,27
Zeit 923,1092,52,21
seines 987,1092,75,21
Lebens 1076,1092,91,21
in 1180,1092,25,21
eine 1218,1092,50,21
durch 1283,1092,74,21
die 1371,1092,37,21
Umstände 804,1128,133,21
gegebene 956,1128,118,27
oder 1093,1128,56,21
notwendig 1167,1128,137,28
gewor¬ 1322,1135,86,21
dene 803,1163,59,21
Situation 877,1163,120,21
mühelos 1010,1164,107,20
finden 1129,1164,81,20
kann. 1222,1164,73,20
<EOS>
So 836,1231,30,21
hat 879,1231,42,21
z. 933,1240,19,12
<EOS>
B. 967,1232,26,20
<EOS>
eine 1007,1231,50,21
Modistin 1070,1231,114,21
im 1195,1231,33,21
letzten 1240,1231,88,21
Som¬ 1343,1231,66,21
mer 803,1275,50,13
etwas 870,1271,72,17
fertiggebracht, 960,1267,193,28
das 1172,1267,41,22
sie 1231,1267,32,21
nur 1280,1275,46,13
ihren 1342,1267,67,21
geschickten 803,1303,152,28
Händen 969,1303,104,21
zu 1085,1311,29,12
verdanken 1128,1303,138,21
hatte. 1280,1303,75,21
<EOS>
Sie 1372,1303,37,21
mußte 803,1339,83,21
mitten 904,1339,87,21
im 1009,1339,33,21
Sommer 1062,1339,107,21
aussetzen 1186,1342,125,18
wegen 1330,1346,79,21
flauen 803,1374,79,22
Geschäftsganges 897,1374,214,29
in 1124,1374,24,21
ihrem 1161,1375,75,20
Atelier, 1249,1374,96,26
und 1361,1375,48,20
sie 803,1411,32,21
war 854,1418,49,14
bereit, 917,1411,82,25
während 1014,1411,113,21
dieser 1141,1411,75,21
unfreiwilligen 1230,1411,179,27
Ferien 805,1447,81,21
irgendwo 901,1447,119,27
fest 1035,1447,46,20
einzustehen, 1096,1447,160,25
wo's 1272,1447,56,21
nötig 1343,1447,67,27
war. 802,1490,55,14
<EOS>
Ich 875,1483,42,21
sandte 933,1483,84,21
sie 1034,1483,31,21
in 1081,1483,24,21
eine 1122,1483,50,21
Weingegend, 1187,1483,169,27
wo 1373,1490,36,14
noch 802,1518,62,21
viele 875,1518,59,21
Reben 950,1518,80,21
zu 1040,1526,28,12
finden 1080,1518,80,21
sind. 1171,1518,60,21
<EOS>
Dort 1245,1518,61,21
half 1317,1518,49,21
sie 1377,1518,32,21
der 803,1554,40,21
Bäuerin 859,1554,104,21
im 978,1554,33,20
Haushalt. 1027,1554,127,21
<EOS>
Letztere 1172,1554,108,21
war 1296,1561,49,14
just 1359,1554,50,28
eine 803,1589,50,21
der 871,1589,42,21
wenigen, 930,1589,113,28
die 1063,1589,37,21
den 1118,1590,45,20
Rebbau 1184,1589,100,21
noch 1304,1589,60,21
so 1383,1597,25,14
richtig 803,1626,85,27
verstehen. 900,1625,132,22
<EOS>
Eines 1047,1625,70,22
schönen 1129,1625,104,22
Tages 1244,1625,74,28
wollte 1331,1625,78,22
diese 803,1661,63,21
Bäuerin 876,1661,103,21
Reben 989,1661,82,21
binden. 1080,1660,96,23
<EOS>
Ihre 1189,1661,52,21
Hilfe 1251,1661,64,21
fragte, 1327,1661,81,28
ob 803,1698,29,20
sie 847,1697,32,21
mitgehen 894,1697,120,28
dürfe, 1029,1697,75,25
um 1119,1704,40,14
diese 1173,1697,63,21
Arbeit 1250,1697,84,21
auch 1348,1698,61,20
einmal 803,1733,86,20
zu 902,1741,28,12
machen. 942,1732,108,21
<EOS>
Gut, 1065,1732,57,26
sie 1135,1732,32,21
könne 1179,1733,78,20
schon 1269,1733,74,20
mit¬ 1355,1733,54,20
kommen; 803,1769,122,24
aber 940,1769,56,20
das 1008,1769,42,20
Rebenbinden 1064,1769,173,20
sei 1249,1769,33,21
halt 1295,1768,50,21
eine 1358,1769,50,20
ganz 803,1812,59,20
spezielle 881,1803,106,28
Sache, 1008,1803,82,27
die 1110,1804,36,21
man 1164,1812,56,13
nicht 1238,1804,67,21
nur 1322,1812,45,13
so 1384,1812,25,13
schnell 802,1840,89,21
erlernen 905,1840,105,21
könne, 1024,1840,85,25
denn 1124,1841,63,20
sie 1201,1840,32,21
brauche 1246,1840,104,21
viel 1365,1840,45,21
Uebung. 806,1875,106,28
<EOS>
Doch 941,1875,67,22
siehe: 1033,1875,74,22
Die 1136,1876,42,21
junge 1204,1876,72,27
Helferin 1304,1875,106,22
zeigte 804,1912,75,27
eine 897,1912,50,20
derartige 964,1912,118,27
Geschicklichkeit 1102,1912,215,21
dabei, 1334,1912,77,25
daß 804,1947,47,22
sie 861,1947,32,22
ganz 903,1955,59,19
bald 972,1947,55,22
ihre 1036,1947,50,22
eigene 1096,1947,79,27
«Reihe» 1189,1947,100,22
schneller 1297,1947,115,22
fertig 806,1983,69,28
hatte 886,1983,68,21
als 966,1983,34,21
die 1013,1983,36,21
Bäuerin 1063,1983,102,21
die 1178,1984,36,20
ihrige. 1227,1983,80,28
<EOS>
So 1322,1983,31,21
daß 1366,1983,46,21
diese 804,2018,63,22
höchst 880,2018,84,22
erstaunt 975,2023,110,17
fragte: 1096,2019,88,27
«Jetzt 1200,2019,78,21
sagen 1290,2026,71,20
Sie 1375,2018,36,22
mir 803,2054,45,21
einmal, 858,2054,94,25
wie 961,2054,43,21
ist 1013,2055,31,20
das 1053,2055,42,20
nur 1105,2062,45,13
möglich, 1158,2055,109,27
was 1278,2062,47,13
haben 1334,2055,77,20
Sie 807,2090,37,21
denn 864,2090,62,21
eigentlich 947,2090,126,28
für 1092,2090,38,21
einen 1151,2090,67,22
Beruf?» 1239,2090,105,21
<EOS>
Mo¬ 1363,2090,49,21
distin 804,2125,73,21
war 888,2133,48,13
sie 947,2125,32,21
<EOS>
Das 1003,2125,48,21
kam 1063,2126,54,21
also 1129,2126,50,21
von 1191,2134,46,12
ihren 1248,2126,67,20
behen¬ 1326,2126,86,20
den, 805,2162,53,25
gelenkigen 878,2162,138,27
Fingern, 1036,2162,110,27
die 1166,2162,36,21
an 1222,2169,30,14
Stroh 1273,2162,72,21
und 1363,2162,49,21
Draht 806,2197,77,20
und 895,2197,49,20
Bänder 958,2197,94,20
gewöhnt 1064,2197,111,27
waren. 1188,2204,85,13
<EOS>
<EOP>
Unsere 838,2264,88,22
Vermittlungsarbeit 952,2265,251,28
hat 1227,2265,42,21
natürlich 1291,2265,120,21
auch 806,2300,62,22
negative 877,2300,110,28
Seiten. 1000,2300,87,22
<EOS>
Vor 1097,2300,49,22
allem 1155,2300,70,22
sollten 1234,2300,86,22
unsere 1330,2308,82,14
Stadtleute 807,2336,136,21
nicht 954,2336,66,21
zu 1030,2344,29,13
schnell 1069,2337,89,20
den 1169,2337,46,20
Mut 1226,2336,52,21
verlieren, 1289,2336,121,25
wenn 805,2379,68,14
ihnen 892,2372,71,21
die 981,2372,37,21
ersten 1037,2376,79,17
paar 1134,2379,58,20
Tage 1210,2372,63,27
im 1290,2372,33,21
unge¬ 1341,2379,71,20
wohnten 806,2408,113,21
bäuerlichen 939,2408,152,21
Betrieb 1113,2408,95,21
etwas 1229,2411,73,17
schwer 1323,2407,88,22
fallen. 807,2443,78,22
<EOS>
Möchten 900,2443,112,22
sie 1025,2443,32,22
dabei 1071,2443,69,22
doch 1154,2443,61,22
nie 1229,2443,37,22
vergessen, 1278,2450,133,21
daß 806,2479,47,21
ja 870,2479,25,28
die 914,2479,36,21
Bauernfrau 969,2479,149,21
diese 1137,2479,62,21
strenge 1218,2482,93,24
Arbeit 1328,2479,84,21
jahraus, 805,2515,106,28
jahrein 929,2515,92,28
auch 1039,2515,62,21
aushalten 1118,2515,127,21
muß. 1262,2515,66,21
<EOS>
Wird 1345,2515,66,21
sie 806,2550,32,20
aber 855,2550,57,21
vergrämt 928,2552,122,26
durch 1067,2550,74,21
eine 1158,2550,51,21
Städterin, 1228,2549,130,26
die 1376,2550,37,20
die 807,2586,36,20
Flinte 859,2586,77,20
ins 950,2586,35,21
Korn 1001,2585,66,22
wirft, 1081,2586,70,25
kann 1167,2586,64,20
sie 1245,2586,32,20
ihre 1290,2586,50,20
Ent¬ 1356,2586,58,20
täuschung 809,2621,133,27
darüber 966,2620,102,22
kaum 1092,2620,73,22
mehr 1189,2620,67,22
vergessen. 1280,2628,131,20
<EOS>
Daran 808,2657,80,21
muß 905,2656,57,21
die 980,2656,37,21
Städterin 1036,2656,123,22
denken, 1177,2656,101,25
wenn 1295,2664,69,13
sie 1381,2656,32,21
mutlos 807,2692,88,22
werden 919,2692,94,21
und 1037,2692,49,21
umkippen 1111,2692,130,28
will. 1265,2692,53,21
<EOS>
Denn 1345,2692,68,21
selbstverständlich 807,2728,238,21
kann 1068,2728,66,21
man 1157,2736,56,13
nicht 1238,2728,66,21
in 1328,2728,23,20
die 1376,2728,36,20
«Ferien» 809,2764,109,21
gehen 930,2764,73,27
via 1017,2764,37,21
unsere 1067,2771,83,14
Vermittlungsstelle. 1161,2764,250,27
<EOS>
<EOP>
Auch 1507,162,68,20
sonst 1587,165,67,17
kann 1665,161,65,20
man 1741,168,56,13
bei 1809,160,37,21
uns 1858,168,44,13
allerhand 1914,159,122,21
er¬ 2049,167,33,13
leben: 1476,197,78,21
So 1575,196,30,22
kommt 1624,196,94,22
z. 1735,204,19,13
<EOS>
B. 1775,196,26,21
<EOS>
eine 1820,196,51,21
junge 1889,196,72,28
Tochter 1980,195,103,21
mitsamt 1476,232,109,22
der 1598,232,40,21
Mutter 1651,232,90,20
in 1753,232,24,20
unser 1789,239,71,13
Büro. 1873,231,70,21
<EOS>
Die 1959,231,43,20
über¬ 2014,231,68,20
große 1476,268,71,28
Aengstlichkeit 1569,268,190,27
und 1781,268,49,20
übertriebene 1842,267,166,21
Für¬ 2026,267,56,21
sorge 1476,312,66,20
dieser 1551,304,75,20
Mutter 1636,303,90,21
ertötet 1735,306,88,18
jeden 1831,303,71,28
frohen, 1911,302,91,26
spon¬ 2013,310,70,20
tanen 1477,344,72,17
Tatendrang 1560,340,154,27
in 1724,340,24,20
der 1759,340,40,20
Tochter. 1809,339,110,21
<EOS>
Ob 1931,339,37,21
sie 1979,339,32,21
doch 2022,339,61,20
ja 1476,376,23,28
wieder 1515,376,86,21
heim 1616,375,64,21
dürfe, 1696,375,75,25
wenn 1787,383,69,13
es 1873,382,23,14
ihr 1911,374,36,21
nicht 1963,374,66,21
ge¬ 2046,382,37,20
fallen 1476,411,72,22
sollte? 1562,411,86,22
<EOS>
Ob 1665,411,36,21
die 1717,411,36,21
Stelle 1770,410,72,22
doch 1858,411,61,21
ja 1933,410,24,29
nicht 1972,410,67,21
zu 2053,418,29,13
streng 1476,450,80,25
sei 1570,448,33,20
für 1617,447,38,21
sie? 1670,447,49,21
<EOS>
Ob 1736,447,35,21
der 1787,447,41,20
betreffende 1843,446,146,21
Haus¬ 2006,446,77,21
halt 1476,483,51,21
doch 1542,483,61,22
ja 1616,483,25,28
sauber 1655,483,86,21
und 1754,483,49,20
hygienisch 1814,482,138,28
sei? 1963,482,50,21
<EOS>
usw. 2024,489,57,14
<EOS>
Oder 1477,519,62,21
jener 1561,519,67,27
Vater, 1650,518,81,26
der 1757,518,41,21
seiner 1820,518,77,21
hilfsbereiten 1919,517,163,21
Tochter 1477,555,102,21
(die 1599,554,44,28
übrigens 1661,554,110,28
ihr 1789,554,36,20
Billett 1844,554,83,20
aufs 1944,553,52,21
Land 2014,553,67,21
schon 1476,590,73,21
in 1565,590,25,20
der 1606,590,42,20
Tasche 1664,589,89,21
hatte) 1770,589,77,28
noch 1866,589,61,21
schnell 1943,588,89,22
als 2049,589,33,21
ermutigendes 1477,626,175,28
Geleitwort 1675,625,137,22
mit 1832,625,45,21
auf 1897,625,41,21
den 1958,625,46,21
Weg 2024,624,58,29
gab, 1477,662,53,28
das 1547,662,41,20
sei 1604,661,33,21
doch 1653,661,60,21
«blöd», 1731,661,88,26
so 1836,669,25,13
streng 1877,665,80,23
auf 1972,660,41,22
dem 2029,660,53,22
Lande 1478,698,80,21
zu 1572,705,29,13
arbeiten 1616,698,108,21
für 1737,697,38,21
«nichts». 1792,697,110,21
<EOS>
Gottloh 1510,772,99,22
gibt's 1625,772,72,28
auch 1713,772,61,21
andere 1789,772,86,21
Fälle. 1892,772,71,21
<EOS>
So 1981,771,30,22
kam 2027,772,56,21
einmal 1478,809,86,22
ein 1582,809,36,21
junges 1634,809,84,28
Mädchen 1737,808,116,22
zu 1869,816,29,13
uns, 1914,815,52,18
schmal, 1984,808,97,25
zart 1477,848,51,18
gebaut, 1538,845,96,27
elegant; 1645,844,103,28
es 1759,852,23,13
hatte 1792,844,68,21
daheim 1870,844,95,21
noch 1974,843,62,22
nie 2046,843,37,21
etwas 1477,885,73,17
anrühren 1565,881,120,21
müssen 1699,883,95,18
und 1808,881,50,20
stets 1872,883,59,18
nur 1946,887,45,14
hinter 2005,880,79,21
den 1478,917,45,21
Schulbüchern 1532,916,179,22
gesteckt. 1719,916,114,28
<EOS>
Aber 1842,915,63,22
es 1913,923,22,13
war 1941,923,49,13
beseelt 1995,915,88,22
von 1480,960,46,14
einem 1536,953,76,21
riesengroßen 1624,953,166,27
und 1802,953,49,20
ehrlichen 1864,952,118,21
Helfer¬ 1993,952,90,21
willen! 1477,988,88,21
<EOS>
Und 1582,988,54,21
dieser 1648,988,75,21
gab 1736,988,45,27
mir 1794,988,46,20
den 1852,988,45,21
Mut, 1911,987,59,26
es 1985,995,22,13
trotz 2020,991,63,17
seiner 1477,1024,76,21
scheinbaren 1566,1024,155,21
Unfähigkeit 1737,1024,155,27
aufs 1906,1023,51,21
Land 1973,1023,67,21
zu 2053,1031,30,13
schicken. 1478,1059,119,22
<EOS>
Drei 1618,1059,55,21
Wochen 1690,1059,107,21
lang 1814,1059,55,27
hörte 1887,1059,68,21
ich 1973,1059,38,21
kein 2029,1058,54,22
Wort 1478,1096,69,21
von 1560,1103,48,14
dieser 1622,1095,75,21
jungen 1709,1096,89,27
Helferin. 1814,1095,113,21
<EOS>
Dann 1943,1095,70,20
aber 2027,1095,57,21
meldete 1478,1131,102,21
mir 1598,1130,45,21
die 1660,1130,38,21
betreffende 1715,1131,146,21
Bäuerin, 1880,1130,111,26
es 2010,1138,23,13
sei 2051,1130,32,21
ganz 1479,1175,59,20
unglaublich, 1550,1167,159,28
wie 1721,1167,42,21
sich 1773,1167,49,21
das 1833,1167,42,21
junge 1884,1167,72,27
Mädchen 1967,1167,117,21
in 1479,1203,24,21
ihrem 1515,1203,74,21
strengen 1600,1207,111,21
Haushalt 1725,1202,119,21
anstelle. 1856,1202,105,21
<EOS>
<EOP>
Studentenhilfe 1550,1391,358,35
auf 1948,1391,66,34
<EOS>
<EOP>
dem 1655,1452,82,34
Lande 1778,1452,131,34
Es 1513,1548,28,22
ist 1556,1549,30,21
keine 1601,1549,67,20
Frage: 1685,1549,85,27
das 1786,1549,42,20
Wissen 1843,1548,92,21
des 1950,1548,40,20
Gebil¬ 2007,1548,79,20
deten, 1479,1585,79,25
die 1573,1584,37,20
sogenannte 1624,1588,146,23
allgemeine 1784,1583,138,27
Bildung, 1934,1582,109,28
ist 2056,1583,30,21
in 1480,1621,24,21
mancher 1522,1620,113,21
Beziehung 1655,1620,135,27
sehr 1808,1619,54,21
lückenhaft. 1880,1618,149,22
<EOS>
Da 2051,1619,36,21
weiß 1480,1656,58,21
man 1551,1664,56,12
von 1621,1663,47,13
vielen 1681,1655,75,21
Stätten 1770,1655,98,21
der 1880,1655,41,21
Kultur 1935,1654,89,22
und 2035,1655,49,21
Kunst, 1482,1692,87,25
man 1593,1698,56,14
hat 1673,1691,42,21
sie 1738,1691,32,21
einmal 1794,1691,86,21
gesehen 1904,1690,100,28
oder 2029,1691,55,20
möchte 1480,1727,95,22
sie 1592,1727,32,21
einmal 1642,1726,85,22
sehen. 1744,1726,79,22
<EOS>
An 1841,1726,38,22
den 1896,1726,45,22
ursprüng¬ 1957,1729,128,24
lichen 1479,1764,77,21
Sinn 1577,1762,58,22
des 1654,1763,40,20
Wortes 1714,1762,93,21
«Kultur»: 1830,1762,124,21
Landbe¬ 1978,1762,106,21
bauung 1479,1799,97,27
Landwirtschaft, 1608,1798,209,26
denkt 1849,1798,75,21
man 1953,1805,57,14
we¬ 2040,1805,45,14
nig 1480,1836,39,27
mehr, 1532,1835,73,25
ja, 1621,1835,32,28
genauere 1665,1842,115,20
Kenntnisse 1796,1834,145,21
der 1955,1834,41,20
Land¬ 2010,1833,78,21
wirtschaft 1483,1871,132,21
und 1631,1870,48,21
des 1696,1870,40,21
Bauerntums 1753,1870,159,21
gehören 1929,1869,101,28
gar 2046,1876,41,21
nicht 1483,1907,66,21
zur 1560,1914,42,14
allgemeinen 1614,1906,155,28
Bildung. 1782,1906,110,27
<EOS>
An 1906,1905,37,21
der 1956,1905,40,21
Matur 2008,1905,81,21
kann 1482,1943,65,20
man 1570,1950,56,13
dann 1649,1942,65,21
Wörter 1737,1941,93,22
wie 1853,1941,43,22
pflügen 1919,1941,94,28
und 2037,1941,49,21
säen, 1483,1980,63,24
Sichel 1567,1978,76,22
und 1662,1978,49,21
Pflug, 1731,1977,74,28
Aehre 1825,1977,77,21
und 1920,1977,49,20
Frucht, 1990,1976,96,26
Wein 1483,2014,67,21
und 1565,2014,48,21
Most 1628,2014,63,21
in 1704,2013,25,22
vier, 1743,2013,56,26
fünf 1815,2013,54,21
Sprachen 1884,2013,121,27
über¬ 2018,2013,70,20
setzen. 1483,2054,87,17
<EOS>
Wenn 1591,2050,77,21
der 1689,2049,41,21
studierte 1749,2049,116,21
Herr 1887,2048,60,21
aber 1967,2048,57,21
mit 2043,2048,45,20
einem 1483,2086,76,21
Bauer 1578,2085,78,22
ins 1673,2085,36,21
Gespräch 1730,2084,120,28
kommt 1868,2084,93,21
und 1980,2084,49,20
ihn 2046,2084,42,20
hört, 1483,2122,60,24
wie 1573,2121,41,21
er 1641,2129,24,13
redet 1690,2120,67,21
vom: 1784,2128,65,13
Bäbe 1879,2119,66,21
schüeppe, 1961,2119,127,28
Mädli 1483,2157,71,21
mache, 1572,2156,91,26
Mischt 1681,2156,86,22
verzettle, 1784,2156,122,24
Runkle 1925,2155,93,21
ver¬ 2035,2162,52,14
dünnere 1483,2193,105,20
usw., 1604,2200,63,17
<EOS>
so 1683,2199,26,13
kann 1723,2192,64,20
er 1803,2199,23,13
sich 1840,2191,50,21
das 1905,2191,41,20
Gemeinte 1963,2190,123,21
gar 1483,2236,40,20
nicht 1533,2228,66,22
oder 1610,2228,55,21
doch 1676,2228,61,21
nur 1746,2235,45,13
recht 1800,2227,67,21
mangelhaft 1876,2226,149,28
vor¬ 2035,2234,54,13
stellen. 1482,2264,90,21
<EOS>
Nun 1514,2300,56,21
hat 1589,2300,43,21
aber 1653,2300,56,21
vor 1731,2306,41,14
allem 1792,2299,70,21
die 1882,2298,37,21
Gefahr 1942,2298,88,21
die 2051,2297,36,21
Blicke 1485,2336,79,21
aller 1581,2335,56,21
auf 1653,2335,40,21
die 1709,2334,38,21
Landwirtschaft 1764,2333,201,22
gelenkt: 1981,2333,106,28
die 1483,2372,37,21
Gefahr, 1541,2371,96,25
hungern 1657,2371,107,27
zu 1783,2377,28,14
müssen. 1830,2372,104,19
<EOS>
Sogar 1955,2369,74,28
der 2048,2369,41,21
Philosophieprofessor 1484,2406,270,29
begann 1770,2406,93,27
von 1877,2413,47,14
Mehranbau 1941,2405,147,21
zu 1483,2451,28,13
reden. 1521,2443,78,21
<EOS>
Und 1611,2443,55,21
unten 1676,2446,74,17
in 1761,2442,23,21
der 1794,2442,41,21
Universität 1845,2441,149,21
Zürich 2003,2440,86,21
malte 1483,2479,72,21
man 1578,2486,57,13
das 1658,2478,41,21
Schreckgespenst 1720,2477,216,28
des 1955,2477,40,21
leeren 2014,2477,76,21
Bauches, 1484,2515,115,24
der 1617,2514,41,21
das 1674,2514,41,21
Ende 1733,2514,66,20
allen 1815,2513,62,21
Studierens 1894,2512,137,22
sei, 2047,2512,41,25
den 1483,2550,46,20
Studenten 1544,2549,135,21
tagtäglich 1693,2548,132,28
an 1839,2555,30,14
die 1884,2548,36,21
Wand. 1934,2548,89,21
<EOS>
Bei¬ 2039,2547,51,21
nah 1483,2586,48,20
wie 1542,2585,42,21
die 1597,2585,36,20
Amerikaner, 1645,2584,164,25
die 1822,2584,37,20
den 1871,2583,46,21
Autofahrern 1928,2582,162,22
den 1485,2620,47,22
Tod 1541,2620,50,21
zur 1600,2627,42,14
Warnung 1650,2620,124,27
drohend 1784,2619,107,21
an 1901,2626,30,13
die 1941,2619,37,20
Straßen 1989,2618,103,21
stellen. 1483,2656,91,21
<EOS>
Man 1589,2655,56,21
hoffte, 1659,2655,83,26
daß 1757,2654,46,22
der 1819,2654,40,21
Schreck 1875,2653,103,22
allen 1991,2653,62,22
in 2067,2653,23,21
die 1483,2692,37,21
Glieder 1543,2691,94,22
fahren 1657,2691,84,21
werde. 1760,2691,84,21
<EOS>
Eine 1515,2727,57,21
Studentin 1593,2726,131,22
kommt 1742,2726,94,21
zu 1855,2734,29,13
einer 1903,2725,64,22
Bäuerin 1986,2725,104,21
mit 1485,2764,45,21
fünf 1547,2763,53,22
Kindern. 1619,2763,115,22
<EOS>
Die 1754,2763,43,21
Frau 1815,2762,63,22
hat 1896,2762,42,21
schon 1955,2761,74,22
viel 2047,2761,46,21
<EOS>
<EOP>
20 105,2987,28,21
<EOS>
<EOP>
