1970,2898
m. 1002,624,25,13
<EOS>
<EOP>
~> 961,731,26,13
<EOS>
<EOP>
t^ 1486,1361,30,13
<EOS>
<EOP>
ß// 1042,2108,120,76
ÜJIutMjuct 1181,2107,368,77
<EOS>
<EOP>
PROFESSOR 407,2381,220,25
DR. 649,2382,63,24
<EOS>
HANS 724,2382,102,24
PALLMANN 847,2382,212,26
1903-1965 1084,2383,154,25
Ehrenmitglied 406,2432,208,33
S.I.A. 628,2433,84,26
<EOS>
G.E.P., 727,2434,108,31
<EOS>
Präsident 849,2434,138,26
des 1000,2435,46,25
Schweizerischen 1060,2435,236,26
Schulrates 1311,2436,150,26
1949-65 1477,2437,123,25
<EOS>
<EOP>
Schweiz. 36,2740,87,18
<EOS>
Bauzeitung 133,2741,110,20
• 260,2747,4,5
83. 279,2741,28,16
<EOS>
Jahrgang 316,2740,94,21
Heft 420,2740,41,17
47 469,2741,21,16
• 506,2747,6,5
25. 527,2742,28,16
<EOS>
November 566,2741,100,17
1965 676,2742,42,16
Tafel 1606,2737,61,22
39 1681,2739,28,21
(zu 1724,2738,36,27
Seite 1775,2737,63,23
862) 1852,2739,53,27
<EOS>
<EOP>
