1974,2850
Mauerwerk, 292,660,370,59
-Aussenwand- 690,661,441,50
und 1162,661,111,49
-Dachplatten 1301,660,404,58
<EOS>
<EOP>
die 781,738,49,28
bewährten 846,738,164,28
Bauweisen 1028,740,163,25
DURISOL 668,807,202,26
VILLMERGEN 906,808,302,25
AG 1244,807,64,25
Verwaltung 425,859,180,35
Badenerstrasse 618,859,231,27
21 861,861,30,25
8953 946,860,71,26
Dietikon 1030,859,129,27
Telefon 1208,859,115,27
051 1335,859,48,27
/ 1400,859,12,27
88 1422,859,36,26
69 1470,859,35,26
81 1516,859,29,26
<EOS>
<EOP>
r^ 71,969,31,16
CO 70,988,32,20
CO 70,1044,32,20
rr 71,1077,31,21
CM 71,1101,31,20
<EOS>
<EOP>
<ü 80,1268,21,21
<EOS>
<EOP>
Laboreinrichtungen 147,1146,270,33
<EOS>
<EOP>
r* 1872,1412,31,17
CO 1871,1432,33,20
eö 1871,1471,32,38
CM 1872,1544,31,21
<EOS>
<EOP>
Jenny 822,2016,216,80
Zeicnen 1063,2016,294,62
<EOS>
<EOP>
Zei 1063,2082,111,62
cn 1184,2098,82,47
<EOS>
<EOP>
maschinen 1371,2014,391,63
enständer 1277,2082,363,63
Die 819,2157,63,32
hervorragende 898,2156,293,43
Zeichenkombination. 1207,2156,418,33
<EOS>
Basis¬ 1642,2155,122,33
verstellung 820,2197,217,42
und 1070,2197,70,32
Rasterschaltung 1174,2195,322,42
über 1530,2195,90,33
ganzei 1650,2201,131,36
360 820,2235,77,33
Grad. 916,2234,110,34
<EOS>
Für 1051,2235,66,33
Rechts 1141,2235,133,33
und 1299,2235,70,33
Linkshänder. 1394,2234,254,33
<EOS>
Erst-I 1672,2228,109,43
klassiger 822,2274,179,42
Service. 1018,2274,157,33
<EOS>
Schweizer 1190,2274,204,33
Präzisions-Arbeit. 1411,2273,356,33
<EOS>
I 806,2326,3,38
Verlangen 819,2332,204,42
Sie 1042,2331,62,34
unseren 1126,2340,158,25
Spezial-Katalog 1303,2330,313,42
OZALID 816,2385,374,53
ZÜRICH 1226,2374,391,63
Seefeld 818,2444,150,36
Strasse 974,2448,144,32
94 1128,2445,51,35
Telefon 1194,2445,150,32
051/2447 1353,2443,201,34
57 1565,2443,50,34
<EOS>
<EOP>
Schweiz. 69,2723,87,16
<EOS>
Bauzeitung 168,2723,109,19
• 294,2729,4,4
83. 313,2724,27,14
<EOS>
Jahrgang 351,2723,93,20
Heft 456,2723,38,16
47 504,2724,20,15
• 542,2730,3,4
25. 561,2725,27,15
<EOS>
November 600,2724,99,16
1965 710,2725,42,15
27 1886,2715,28,21
<EOS>
<EOP>
