1974,2850
KRUGER 225,176,427,77
Bauaustrocknung 142,348,559,64
Grossraumheizung 140,422,594,67
mit 135,518,59,33
Koco-Ölheizöfen 142,592,698,84
9 134,736,12,22
wichtige 158,736,115,29
Vorteile 284,737,108,24
• 135,781,23,24
vollautomatisch, 176,781,222,28
Hochdruckbrenner, 428,784,261,30
Elektrodenzündung, 719,787,269,33
Flammenkontrolle 179,812,243,25
0 135,842,23,23
Hochdruckgebläse, 179,842,265,30
vollkommen 461,845,160,24
reine 640,848,65,22
Heissluft 724,848,120,24
Ä 135,872,23,14
Rauchgasabscheidung, 178,872,316,32
unbehindertes 511,875,193,26
Arbeiten 720,878,117,24
in 854,881,20,21
jedem 889,881,83,27
D 179,903,16,10
Raum 179,903,72,22
• 134,933,23,25
Grösstmögliche 177,933,216,29
Sicherheit, 405,935,146,28
Brennstoffbehälter 566,937,256,25
nicht 835,941,64,22
mit 911,942,40,22
<EOS>
<EOP>
dem 178,963,55,23
Apparat 246,964,110,28
zusammengebaut 367,967,238,28
• 135,993,23,25
Hoher 178,992,83,24
Wirkungsgrad, 273,993,199,31
billigster 487,996,119,29
Betrieb, 620,998,106,28
stärkste 740,1000,107,23
Heizleistung 863,1002,167,29
• 134,1024,24,24
Einfachste, 178,1022,150,28
robuste 346,1024,104,24
Bauart, 469,1026,96,27
leichte 585,1028,90,23
Zugänglichkeit 694,1030,204,30
bei 917,1032,39,24
<EOS>
<EOP>
Servicearbeiten 178,1052,216,26
• 133,1085,24,24
EMPA-geprüft 176,1083,197,30
• 133,1114,24,25
Leistung 177,1114,114,29
bis 305,1114,37,23
110 355,1117,42,22
000 406,1117,44,22
kcal. 461,1117,61,23
<EOS>
9 133,1145,24,25
Preisermässigung 176,1144,243,31
bei 431,1146,41,23
Saisonmiete 483,1147,169,26
<EOS>
<EOP>
^SK 1589,437,92,41
<EOS>
<EOP>
Günstige 1081,1124,123,30
Miet- 1218,1125,70,23
und 1301,1125,48,23
Kaufbedingungen 1363,1125,241,30
30jährige 1082,1155,125,29
Erfahrung 1220,1155,132,29
<EOS>
<EOP>
¦ 250,1220,8,9
¦ 266,1221,9,8
KRUGER 138,1231,294,52
+ 455,1248,28,30
CO. 504,1239,115,50
<EOS>
9113 693,1240,146,49
Degersheim 869,1241,375,59
Telephon 1317,1255,181,41
<07i) 1524,1255,95,40
541544 1643,1257,156,32
<EOS>
<EOP>
wmm,. 1249,2077,69,15
<EOS>
IPtvR 1249,2087,69,16
<EOS>
<EOP>
f 136,2232,8,17
l 216,2232,8,17
i 298,2232,9,16
<EOS>
<EOP>
rrn 224,2465,374,112
¦ 364,2578,1,1
¦>-¦.:¦: 374,2572,29,7
<EOS>
<EOP>
- 1184,2543,7,4
_ 1221,2543,13,5
<EOS>
<EOP>
"Ti 286,2569,219,86
« 287,2641,8,9
1 360,2633,12,21
1 493,2636,11,17
<EOS>
<EOP>
« 1594,2604,15,11
V 1615,2604,13,11
<EOS>
<EOP>
30 57,2708,27,18
<EOS>
<EOP>
Schweiz. 1217,2719,86,16
<EOS>
Bauzeitung 1315,2719,109,20
• 1442,2726,3,4
83. 1462,2720,27,16
<EOS>
Jahrgang 1500,2719,92,21
Heft 1604,2719,39,17
47 1653,2720,21,16
• 1691,2727,4,4
25. 1712,2721,27,15
<EOS>
November 1751,2720,99,16
1965 1861,2722,41,15
<EOS>
<EOP>
