1970,2898
Die 139,108,46,22
Verleihung 203,108,137,25
des 359,107,40,22
«Prix 420,106,66,22
d'Athenes» 505,105,141,23
erfolgte 663,104,96,27
anlässlich 776,104,120,21
des 917,102,39,22
8. 80,143,22,21
<EOS>
Kongresses 110,143,142,25
der 263,141,41,22
Union 315,141,81,22
Internationale 409,140,179,23
des 603,139,40,22
Architectes 654,138,140,23
(UIA) 809,137,77,27
vom 902,143,56,15
5. 82,177,19,21
<EOS>
bis 112,176,33,22
18. 159,177,34,21
<EOS>
Juli 202,176,44,22
1965 261,176,54,21
in 328,175,24,22
Paris. 363,174,70,23
<EOS>
Über 443,169,64,27
diesen 518,174,77,22
Kongress 603,174,118,26
hat 732,173,40,21
Jul 783,172,39,22
Bachmann 831,171,127,23
in 80,210,24,22
der 116,210,40,22
«Neuen 168,211,97,21
Zürcher 277,208,100,23
Zeitung» 389,208,111,26
(Sonntagsausgabe 517,207,224,27
vom 756,213,55,15
22. 823,207,34,20
<EOS>
August 867,206,91,25
1965, 82,245,63,25
Nr. 153,245,43,21
<EOS>
3432) 206,244,65,26
ausführlich 284,242,139,23
berichtet. 435,242,116,22
<EOS>
<EOP>
Wie 139,285,50,22
schon 198,285,74,22
in 281,284,25,22
den 315,284,46,22
Jahren 370,284,86,22
1955, 466,283,63,26
1958, 542,283,63,26
1961 618,282,54,22
und 683,281,50,23
1963 745,282,54,21
wurde 810,280,79,22
auch 898,279,60,23
dieses 81,319,72,23
Jahr 166,319,55,22
im 233,318,32,23
Rahmen 278,318,106,22
des 395,318,40,22
Kongresses 449,318,140,26
der 602,316,40,22
UIA 654,316,58,22
ein 724,315,37,22
internationaler 774,314,184,23
Wettbewerb 80,353,151,23
unter 244,356,67,19
Architekturstudenten 323,351,269,23
ausgeschrieben. 604,349,194,28
<EOS>
Zum 811,349,60,22
ersten 884,351,74,19
Male 81,387,65,23
gelangte 157,388,103,26
dieses 273,386,71,22
Jahr 356,385,55,23
der 423,385,41,22
«Prix 477,384,69,23
d'Athenes» 559,384,141,23
zur 711,389,42,17
Verleihung, 764,382,144,26
ge- 921,389,37,20
!||n|et 67,415,85,38
<EOS>
von 160,428,48,15
C. 216,421,28,22
<EOS>
Doxiades 252,420,119,23
und 378,419,50,22
dem 436,419,53,22
Technologischen 498,417,210,27
Institut 715,416,94,23
Athen. 815,417,86,22
<EOS>
Der 910,416,49,21
Preis 82,455,60,23
wurde 151,454,77,23
an 236,461,31,15
zwei 273,454,55,22
durch 337,453,71,23
ein 416,453,38,22
internationales 461,452,185,23
Preisgericht 654,450,146,28
ausgewählte 808,449,151,28
^Mektverfasser 67,483,216,39
verliehen 294,487,113,23
und 418,487,50,22
ermöglicht 479,486,136,27
jedem 623,484,77,27
von 712,491,47,16
ihnen, 771,483,76,28
ein 859,483,38,23
Jahr 904,483,55,22
lang 81,523,54,26
in 147,522,25,22
Griechenland 185,521,167,23
zu 365,528,30,16
studieren, 407,521,120,26
wobei 542,520,73,22
frei 629,519,42,23
gewählt 683,518,98,28
werden 792,518,91,22
kann 896,518,62,21
zwischen 82,557,110,21
Mitarbeit 207,555,119,23
an 339,561,31,16
den 383,555,46,22
Studien 442,555,96,22
des 550,555,41,22
«Ekistics 606,554,110,21
Center» 731,553,99,22
in 843,552,26,22
Athen 881,551,79,22
oder 83,591,56,22
einer 151,590,62,23
anderen 224,590,100,22
Studientätigkeit. 337,588,204,27
<EOS>
Während 555,588,116,22
dieses 683,587,71,22
Jahres 767,586,79,23
erhalten 858,585,102,23
die 82,625,38,22
Gewinner 128,624,123,23
jeden 257,623,69,28
Monat 335,624,86,21
300 429,623,44,21
$ 483,622,13,23
ausbezahlt, 505,621,138,27
und 653,621,50,22
die 712,621,37,22
Hin- 758,621,57,21
und 825,620,49,22
Rück¬ 882,619,77,22
reise 81,658,57,23
wird 150,658,57,23
vergütet. 218,660,109,25
<EOS>
Der 340,657,49,22
eine 400,657,50,22
besucht 462,656,95,22
Griechenland 570,654,168,24
1965/66, 752,654,101,27
der 867,654,41,22
an¬ 919,660,40,16
dere 83,693,52,22
1966/67. 147,691,100,27
<EOS>
<EOP>
In 141,734,27,21
der 183,733,41,22
Ausschreibung 237,732,185,27
des 437,732,40,22
Wettbewerbes 491,730,175,24
wurde 681,730,77,22
unter 772,732,67,20
anderem 853,729,108,22
verlangt, 82,768,109,26
dass 205,767,53,22
die 271,766,37,23
Projekte 320,766,106,27
von 437,772,48,16
einem 496,765,76,22
einzigen 583,765,104,27
Studenten 699,764,126,22
und 836,763,49,22
nicht 897,761,64,23
von 83,809,47,15
einer 138,802,63,22
Gruppe 210,802,95,26
bearbeitet^Ärden. 316,795,232,37
<EOS>
Die 558,798,47,23
Ausarbeitung 613,798,169,26
des 792,798,39,22
Program- 841,798,119,25
mes 83,842,49,16
wurde 139,835,78,23
jeder 222,835,64,27
einzelnen 293,834,117,23
Schule 418,834,82,22
fiberlassen, 507,832,139,27
wobei 654,831,74,23
gewünscht 737,831,130,28
wurde, 875,830,85,27
dass 84,870,52,22
das 150,870,41,22
Programm 204,869,134,26
sich 351,869,47,21
«vollkommen 413,867,170,23
dem 597,867,53,21
Stand 663,866,71,22
der 748,866,39,20
sozialen 802,865,97,21
und 913,864,48,22
technischen 83,903,146,22
Entwicklung» 241,902,176,27
des 430,902,41,22
betreffenden 484,901,156,23
Landes 654,899,90,23
anpasse. 759,906,102,20
<EOS>
Weiter 877,897,85,24
hiess 83,937,59,23
es: 149,943,35,16
«Gewisse 194,936,119,22
Architekturschulen 321,936,238,22
besitzen 567,936,99,21
kein 674,935,52,20
Studienprogramm 735,934,225,25
und 83,971,49,23
keine 141,970,66,23
Organisation, 218,969,169,28
wie 398,969,42,22
sie 450,969,32,22
notwendig 491,968,131,26
und 631,968,49,23
wünschbar 690,966,136,24
wären 835,968,77,21
zur 920,972,42,16
Ausbildung 85,1005,145,26
derjenigen 245,1004,128,27
Menschen, 389,1003,133,27
die 538,1002,37,22
als 589,1002,33,22
Architekten 638,1001,149,23
fähig 799,1000,65,27
wären, 879,1001,82,25
den 84,1040,46,22
Rahmen 139,1039,107,22
der 255,1038,40,22
heutigen 303,1037,108,27
Gesellschaft 420,1036,152,23
zu 580,1043,30,15
schaffen. 619,1036,108,21
<EOS>
Der 737,1036,50,21
oder 795,1035,58,22
die 861,1034,38,23
Ver¬ 907,1034,56,22
fasser 84,1074,71,22
des 167,1073,40,22
Programmes 220,1074,156,25
müssen 389,1074,91,19
diese 493,1070,61,23
Gedanken 566,1070,128,22
berücksichtigen 706,1068,196,27
und 913,1068,49,22
ein 84,1107,37,22
Programm 133,1107,134,26
aufstellen, 279,1106,126,26
das 418,1106,41,22
den 472,1105,44,22
Geist 528,1104,66,23
des 606,1104,40,22
Unterrichts, 658,1102,150,27
das 822,1102,41,22
Raum- 875,1102,87,22
programm 86,1147,131,21
und 228,1140,48,22
die 288,1140,36,22
Eigenheiten 334,1139,147,27
des 492,1139,40,22
gewählten 543,1137,126,28
Platzes 678,1138,88,22
zum 776,1143,55,15
Ausdruck 842,1136,120,22
bringt.» 86,1174,99,27
<EOS>
Das 197,1174,51,22
Preisgericht 261,1173,145,28
setzte 420,1175,69,20
sich 501,1173,49,22
zusammen 560,1178,134,17
aus: 707,1177,52,17
Jose 772,1170,54,23
Luis 838,1170,55,22
Sert, 906,1169,57,26
USA 86,1209,62,22
(Präsident), 158,1207,143,28
Igor 313,1208,53,26
Rogii^ 377,1201,100,38
UdSSR, 483,1206,103,27
Jean 597,1207,57,22
Dubuisson, 663,1205,142,26
Frankreich, 817,1203,146,27
Kunio 86,1242,79,23
Maekawa, 175,1242,128,26
Japan, 312,1242,82,25
Mohamed 405,1240,127,23
S. 540,1241,23,21
<EOS>
Makiya, 574,1240,102,27
Irak, 686,1240,60,26
Karl 755,1239,57,22
Schwanzer, 822,1238,141,26
Österreich, 86,1273,136,29
Heikki 232,1275,86,23
Siren, 328,1274,71,27
Finnland. 409,1274,122,23
<EOS>
<EOP>
Während 144,1317,117,22
der 279,1317,41,22
Vorentscheidungen 337,1316,240,26
unterschied 595,1314,145,23
das 758,1314,41,22
Preisgericht 818,1312,148,28
zwischen 86,1351,112,23
Projekten, 213,1350,127,28
die 357,1350,38,22
«ausgehend 411,1350,148,26
von 574,1356,47,16
einer 637,1349,62,22
bestimmten 713,1347,146,24
.Anzahl 874,1347,90,22
<EOS>
Grundelementen 87,1385,209,23
derart 312,1384,76,23
organisiert 403,1383,134,28
sind, 552,1383,58,27
dass 627,1383,52,22
sie 695,1382,33,23
den 743,1383,44,21
Bedürfnissen 803,1380,162,24
einer 87,1419,61,23
Weiterentwicklung 158,1418,237,27
und 405,1418,48,22
des 465,1418,40,22
Wachstums 516,1417,145,22
Rechnung 671,1416,129,27
tragen» 810,1418,96,24
und 916,1415,49,22
Projekten, 87,1453,128,27
die 225,1452,37,23
«ausgehend 272,1452,148,26
von 428,1458,48,16
einem 484,1451,74,22
festen 566,1451,74,22
Programm 649,1451,133,26
derart 792,1449,75,23
organi¬ 876,1449,90,26
siert 86,1487,55,23
sind, 152,1487,59,25
dass 225,1487,53,22
keine 290,1486,67,23
spätere 370,1487,88,26
Anpassung 472,1487,138,26
an 623,1490,31,17
veränderte 666,1484,133,22
Verhältnisse 812,1483,153,22
mehr 86,1521,66,22
möglich 159,1521,100,26
ist». 268,1521,51,22
<EOS>
Sodann 329,1521,95,21
stellte 433,1520,72,23
das 513,1520,42,22
Pi-eisgericht 565,1519,145,25
fest, 719,1519,49,24
dass 778,1518,53,22
keines 839,1516,77,23
der 925,1516,41,23
Projekte 88,1555,105,27
sehr 202,1554,52,22
erwähnenswert 262,1554,188,22
sei 459,1552,32,24
in 500,1553,26,22
bezug 535,1554,73,25
auf 617,1553,43,22
seine 667,1552,62,23
«architektonische 743,1549,224,24
Lösung 88,1589,94,26
als 191,1588,33,22
Antwort 235,1588,106,22
auf 351,1588,42,22
ein 400,1588,39,22
Programm 448,1588,135,26
für 591,1587,38,23
eine 636,1587,50,22
moderne 694,1587,110,21
Architektur¬ 810,1585,156,22
schule, 87,1623,84,26
ausgerüstet 186,1623,141,26
mit 340,1621,42,23
ausgedehnten 395,1621,170,27
Arbeitsräumen 577,1620,188,23
und 778,1620,48,22
modernen 840,1619,126,22
Unterrichtsmitteln, 88,1656,239,26
wie 340,1655,42,23
audio-visuelle 395,1654,172,24
Einrichtungen, 578,1654,184,27
Fernsehprojek¬ 776,1653,190,27
tion 87,1691,52,23
usw». 146,1696,73,17
<EOS>
<EOP>
Nachdem 146,1731,122,23
in 277,1731,24,22
einem 311,1731,75,22
ersten 395,1734,73,19
Rundgang 480,1731,130,26
74 621,1730,29,23
und 660,1730,45,21
in 719,1730,21,21
einem 751,1729,75,22
zweiten 835,1728,94,23
22 939,1728,29,21
Projekte 88,1766,104,27
ausgeschieden 200,1765,175,27
worden 383,1765,92,21
waren, 484,1771,81,19
fielen 573,1764,67,22
aus 648,1770,41,16
den 701,1764,45,22
10 759,1764,27,21
verbleibenden 792,1762,176,24
deren 89,1800,68,22
3 166,1801,12,21
in 188,1799,25,22
die 220,1799,37,23
engste 264,1803,78,23
Wahl: 350,1798,78,23
Gorm 439,1799,73,21
Schmidt 522,1797,103,23
(Universität 632,1797,150,28
Kopenhagen), 791,1796,175,28
Etienne 88,1834,97,22
Dusart 194,1835,88,21
(Ecole 291,1832,80,28
d'Architecture 380,1832,182,23
djlff'ournai, 568,1826,145,35
Belgien), 724,1830,109,28
Jürg 841,1831,56,26
Lang 903,1830,66,27
(ETH 90,1868,73,27
Zürich). 172,1868,99,25
<EOS>
<EOP>
Die 147,1909,45,21
Verleihung 200,1908,137,27
des 345,1908,39,22
«Prix 394,1908,69,22
d'Athenes» 471,1907,141,23
für 620,1907,38,23
das 665,1907,41,22
Jahr 715,1907,55,22
1965/66 779,1905,94,28
scheint 881,1905,88,23
dem 90,1943,52,22
Preisgericht 152,1942,147,27
keine 306,1941,67,24
grossen 383,1948,93,21
Schwierigkeiten 485,1941,196,27
bereitet 690,1941,93,22
zu 792,1947,28,15
haben. 830,1940,83,22
<EOS>
Die 923,1939,46,22
Wahl 90,1976,68,23
fiel 168,1976,39,22
auf 218,1976,44,22
das 271,1976,41,22
Projekt 325,1976,92,26
von 428,1981,49,16
Gorm 489,1976,69,21
Schmidt. 569,1974,107,23
<EOS>
Das 688,1974,51,22
Projekt 751,1974,93,28
zählt 855,1973,63,23
zur 928,1980,41,15
ersten 91,2013,74,20
Gruppe 179,2010,97,27
(siebe 290,2009,71,27
oben, 375,2009,68,26
Red.), 459,2008,75,27
<EOS>
indem 550,2008,77,23
es 641,2015,24,16
Gebäude 681,2008,111,23
aufweist, 808,2007,109,26
die 933,2007,37,22
aus 91,2051,41,16
Grundelementen 146,2044,210,23
aufgebaut 368,2043,126,27
sind 506,2042,50,23
und 571,2042,50,23
sich 634,2043,47,21
so 695,2048,26,16
zur 736,2048,40,16
Vergrösserung 789,2042,180,26
und 91,2079,47,22
zur 152,2084,40,17
Weiterentwicklung 204,2076,235,28
eignen. 452,2077,87,25
<EOS>
Das 554,2077,50,22
Preisgericht 617,2076,147,27
sieht 777,2076,56,21
in 847,2075,24,22
diesem 884,2075,85,22
System 91,2112,88,28
gewisse 194,2112,92,26
Vorteile. 299,2111,107,23
<EOS>
Als 422,2111,42,22
Kritik 478,2110,78,23
wurde 569,2111,78,22
angebracht, 661,2109,146,27
das 821,2109,43,23
Projekt 878,2108,93,28
könnte 91,2146,88,22
«plastisch 191,2145,124,28
besser 329,2145,76,22
ausgearbeitet» 416,2144,179,28
sein, 608,2143,54,28
die 676,2144,36,22
Verkehrswege 724,2143,173,26
seien 910,2142,61,23
zu 91,2187,29,16
lang 135,2180,54,27
und 204,2179,49,23
die 269,2179,37,23
grosse 322,2186,77,20
überbaute 415,2178,126,23
Fläche 556,2178,85,22
mache 656,2178,81,22
es 753,2184,23,15
schwierig, 793,2177,123,26
die 933,2177,37,22
Schule 91,2214,83,23
in 185,2213,24,23
ein 219,2213,38,23
schon 268,2213,73,23
bestehendes, 352,2213,155,26
dichtes 521,2212,85,22
Stadtgefüge 619,2211,146,28
einzubauen. 776,2211,149,23
<EOS>
<EOP>
Nach 149,2256,69,22
langer 229,2256,79,26
Diskussion 318,2254,140,23
wurde 471,2254,78,22
dem 560,2254,55,22
Projekt 627,2254,91,25
von 731,2260,44,14
Jürg 788,2253,57,26
Lang 855,2253,64,25
der 930,2252,41,22
«Prix 94,2289,69,22
d'Athenes» 175,2289,142,22
für 329,2289,38,22
das 378,2289,42,22
Jahr 433,2288,55,23
1966/67 501,2287,94,28
verliehen, 608,2287,119,26
undpiwar 741,2280,121,36
aus 874,2293,41,15
fol¬ 928,2286,42,22
genden 91,2323,89,28
Gründen: 191,2323,121,22
<EOS>
<EOP>
- 91,2374,16,3
«Aus 123,2361,63,22
dem 196,2361,53,22
Projekt 257,2361,92,27
geht 357,2360,54,28
hervor, 418,2360,89,26
dass 517,2360,53,22
der 579,2360,40,21
Autor 628,2360,76,21
sich 712,2359,47,22
bcmüht 770,2358,92,22
hat, 874,2359,44,23
das 930,2358,40,22
Gebäude 122,2395,113,22
in 241,2394,26,22
die 274,2394,38,23
sehr 319,2394,53,23
ausgeprägte 378,2395,149,26
städtische 534,2393,123,23
Umgebung 668,2394,135,25
einzufügen.» 811,2392,160,25
<EOS>
<EOP>
- 93,2449,15,4
«Die 124,2436,60,23
Architekturschule 192,2436,224,23
wurde 425,2435,77,23
im 511,2435,32,22
Rahmen 553,2435,104,21
einer 668,2435,59,21
schon 737,2434,73,23
bestehenden 819,2433,153,23
Hochschule 122,2471,146,22
geplant.» 278,2471,116,26
<EOS>
<EOP>
- 92,2525,16,3
«Ihre 124,2512,69,23
architektonische 204,2510,205,24
Formgebung 420,2510,162,27
nimmt 592,2510,82,22
Rücksicht 686,2510,125,22
auf 822,2509,42,23
die 874,2509,37,23
um¬ 921,2515,50,17
gebenden 123,2546,117,27
alten 251,2546,61,23
Bauten, 320,2546,97,26
und 427,2545,48,23
die 485,2545,38,22
Jury 532,2545,55,26
hat 596,2544,42,22
diese 647,2543,61,23
Harmonisierung 717,2543,206,26
der 932,2543,42,22
zeitgenössischen 123,2580,203,27
Architektur 334,2579,148,23
mit 490,2579,42,22
den 541,2580,45,21
älteren 594,2579,85,22
Bauten 688,2579,88,21
als 786,2578,33,22
nützlich 827,2576,101,23
für 936,2576,38,23
die 122,2614,37,23
Entwicklung 168,2614,160,28
der 338,2614,40,23
neuen 388,2620,74,16
Architektengeneration 472,2612,281,26
angesehen.» 763,2612,151,27
<EOS>
<EOP>
- 92,2672,16,5
«Die 124,2659,63,24
verschiedenen 196,2659,175,24
Elemente 380,2659,117,22
der 507,2659,41,22
Schule 558,2658,81,23
sind 650,2658,50,23
gut 711,2660,41,25
differenziert 762,2657,150,24
aus- 922,2663,51,17
<EOS>
<EOP>
aSäfe 1447,160,176,68
n. 1332,185,35,23
<EOS>
r 1755,189,24,20
<EOS>
<EOP>
__i_Ut 1539,221,70,15
M 1505,223,27,25
na 1495,253,37,29
<EOS>
<EOP>
Südostansicht 1012,389,154,20
Masstab 1179,389,90,18
rd. 1284,389,27,18
<EOS>
1:800 1325,389,58,17
<EOS>
<EOP>
B 1024,610,11,17
- 1048,619,5,2
B 1067,612,14,17
<EOS>
<EOP>
«m 1406,664,61,36
^^Ws 1325,688,78,22
<EOS>
<EOP>
T\ 1818,890,7,15
nrv 1510,902,72,17
* 1594,903,10,16
d 1715,904,41,46
TOT 1356,914,82,29
rv 1452,914,37,15
E 1019,919,11,17
-E 1042,918,31,18
sS 1459,953,24,16
SF1 1249,956,34,17
I--HH 1279,973,43,12
Ui* 1386,974,34,11
SP 1250,995,30,18
<EOS>
<EOP>
uu 1389,1011,34,11
<EOS>
<EOP>
Querschnitte 1012,1113,141,22
rd. 1167,1113,28,20
<EOS>
1:800 1209,1114,59,18
(Schnittbezeichnungen 1282,1113,251,23
siehe 1549,1111,57,19
S. 1620,1112,20,19
<EOS>
867, 1649,1112,46,21
1 1709,1112,6,17
er 1725,1116,23,13
Etage) 1759,1108,71,27
gedrückt 1039,1205,115,26
Die 1162,1203,46,23
Ateliers 1215,1203,96,23
befinden 1318,1203,108,22
sich 1433,1202,49,23
in 1488,1202,24,22
grossen 1521,1208,93,21
zusammenhängenden 1621,1201,269,27
Räumen 1038,1240,106,22
gegen 1157,1245,71,20
die 1240,1238,37,23
freie 1288,1237,55,23
Seite 1355,1237,60,23
des 1427,1237,39,22
Grundstückes 1479,1234,174,24
hin, 1665,1235,48,27
die 1726,1235,38,22
kleineren 1775,1234,116,23
Räume 1038,1274,91,21
befinden 1138,1273,107,22
sich 1255,1272,49,22
hinter 1311,1271,75,24
den 1394,1271,47,22
Ateliers 1449,1270,97,23
und 1555,1270,49,22
sind 1614,1269,51,23
von 1674,1276,48,16
diesen 1731,1269,78,22
durch 1818,1268,73,23
eine 1039,1306,51,23
grosse 1101,1313,78,21
Verkehrszone 1190,1306,171,22
getrennt. 1372,1307,111,25
<EOS>
Das 1495,1305,51,22
Auditorium 1558,1302,149,24
ist 1719,1303,29,23
gut 1759,1306,41,24
ausge¬ 1812,1309,79,20
prägt 1038,1343,68,25
und 1114,1340,49,23
plaziert.» 1173,1339,118,28
<EOS>
<EOP>
- 1009,1395,16,4
«Die 1041,1383,62,22
Sonnenbrecher 1114,1381,187,24
und 1311,1380,49,23
die 1370,1380,37,22
verschiedenen 1416,1379,176,23
Einzelheiten 1602,1378,154,23
sind 1765,1378,52,22
sorg¬ 1828,1384,63,21
fältig 1038,1416,67,27
studiert 1115,1416,95,22
und 1218,1416,49,22
passen 1277,1421,83,21
gut 1369,1417,41,24
in 1418,1414,26,22
die 1453,1413,37,23
Umgebung.» 1499,1413,165,27
<EOS>
Als 1069,1458,42,22
Kritik 1125,1457,79,23
wurde 1217,1456,79,23
angebracht, 1310,1455,145,28
dass 1472,1455,53,22
die 1539,1455,38,22
Aussenräume 1591,1455,170,22
trotz 1775,1456,61,20
der 1851,1454,42,22
genannten 1010,1494,130,25
Vorteile 1147,1491,101,23
des 1256,1490,40,23
Projektes 1304,1490,117,27
nicht 1428,1489,65,22
gut 1500,1492,41,24
angeordnet 1549,1488,141,27
seien 1698,1488,62,22
und 1767,1488,50,22
keine 1825,1488,66,22
Weiterführung 1010,1525,185,26
der 1207,1526,40,21
Innenräume 1258,1525,153,22
darstellten. 1422,1523,138,22
<EOS>
Die 1572,1522,47,23
Anordnung 1630,1522,145,27
gewisser 1788,1521,104,27
auf 1012,1560,42,22
dem 1063,1560,53,22
Situationsplan 1125,1559,182,27
vorgesehener 1317,1558,163,27
Bauten 1489,1558,91,21
sei 1590,1555,32,24
wenig 1632,1556,74,27
studiert. 1716,1555,103,24
<EOS>
<EOP>
5 1070,1602,14,21
weitere 1093,1601,89,22
Projekte 1190,1599,105,28
wurden 1303,1599,95,23
mit 1405,1599,44,22
einer 1455,1599,64,22
«Mention» 1527,1598,144,23
ausgezeichnet, 1679,1597,179,27
es 1867,1604,25,15
waren 1011,1642,76,16
diejenigen 1102,1635,127,27
von 1243,1641,47,15
Belgien, 1305,1633,99,27
Deutschland, 1420,1632,165,27
England, 1602,1632,113,27
Ungarn 1731,1632,97,26
und 1842,1631,50,22
Russland; 1012,1669,126,27
sie 1148,1669,32,23
alle 1190,1668,44,23
wurden 1242,1668,95,22
von 1345,1674,48,16
der 1402,1667,41,22
Jury 1451,1667,55,26
mit 1519,1666,42,22
Lob 1575,1665,51,23
und 1639,1665,49,23
Tadel 1701,1665,72,22
bedacht, 1785,1665,106,27
deren 1013,1703,70,23
Wiedergabe 1089,1703,149,25
sich 1245,1702,50,23
hier 1300,1702,50,22
wegen 1356,1708,78,19
ihres 1441,1700,60,23
nur 1508,1707,45,16
in 1560,1700,24,22
ganz 1592,1706,57,21
allgemeinen 1658,1698,149,28
Zügen 1814,1699,79,27
gehaltenen 1013,1737,135,27
Inhaltes 1157,1737,100,22
nicht 1267,1736,64,22
lohnt 1339,1735,74,23
<EOS>
<EOP>
Für 1071,1779,47,22
die 1131,1778,37,23
ETH 1182,1778,63,22
und 1258,1777,49,23
ihre 1322,1777,47,21
Architekturabteilung 1384,1775,263,27
bedeutet 1661,1775,107,22
die 1781,1774,38,23
Aus¬ 1832,1774,60,23
zeichnung 1013,1813,126,26
eines 1151,1812,61,23
schweizerischen 1225,1810,197,25
Projekts 1434,1810,104,27
in 1550,1809,25,23
diesem 1588,1809,85,23
Studenten-Wett¬ 1687,1808,205,23
bewerb 1013,1847,90,22
unter 1117,1849,67,20
Architekturschulen 1198,1846,240,22
der 1451,1844,41,23
ganzen 1505,1850,88,21
Welt 1605,1844,60,21
- 1679,1856,14,2
dank 1707,1842,63,23
der 1783,1842,42,22
Stel¬ 1838,1842,56,23
lungnahme 1013,1880,140,28
der 1164,1880,42,22
hervorragenden 1216,1879,198,26
Jury 1425,1880,56,25
zugunsten 1491,1880,127,25
eines 1628,1877,63,23
Vorschlags 1702,1876,138,27
mit 1850,1875,45,24
besonderer 1013,1914,138,23
Berücksichtigung 1168,1913,217,27
gegebener 1404,1913,125,27
natürlicher, 1546,1911,145,27
baulicher 1709,1910,118,24
und 1844,1909,49,23
städtebaulicher 1014,1948,191,23
Umgebung 1214,1947,139,27
- 1362,1960,16,3
eine 1387,1946,51,23
wertvolle 1447,1946,114,23
Anerkennung 1572,1946,171,26
dieser 1753,1944,73,24
Ten¬ 1836,1945,58,22
denz 1014,1983,59,22
in 1082,1982,25,22
der 1116,1982,41,22
verfolgten 1166,1981,126,27
Unterrichtsmethode. 1301,1980,260,24
<EOS>
<EOP>
Andres 1587,2013,86,23
Nydegger, 1682,2013,125,27
Zürich 1812,2012,84,23
* 1450,2048,12,14
Innerhalb 1074,2106,122,23
des 1218,2106,40,23
Concours 1281,2107,121,22
international 1423,2105,163,23
d'emulation 1608,2104,149,22
entre 1778,2106,64,19
les 1864,2103,32,21
etudiants 1016,2140,114,22
des 1138,2140,40,22
ecoles 1185,2140,75,22
d'Architecture 1267,2140,182,22
blieb 1455,2139,61,23
es 1525,2145,24,17
den 1557,2139,45,23
einzelnen 1609,2138,117,23
Hochschulen 1733,2136,164,24
überlassen, 1016,2174,136,26
das 1162,2174,41,22
Programm 1210,2175,132,26
für 1348,2173,39,23
«Une 1394,2174,69,22
Ecole 1469,2173,70,22
d'Architecture» 1546,2172,196,23
festzulegen. 1749,2171,145,26
<EOS>
Die 1016,2209,44,21
Architekturabteilung 1068,2208,263,26
an 1339,2214,30,16
der 1377,2208,40,22
ETH 1423,2207,64,22
hat 1494,2207,40,22
den 1542,2207,45,22
Wettbewerbsgegenstand 1594,2205,302,27
zur 1015,2249,42,15
Aufgabe 1064,2242,107,27
einer 1179,2241,61,23
Semesterarbeit 1249,2241,184,23
gemacht 1441,2241,105,26
(7. 1554,2241,30,26
<EOS>
Sem. 1595,2241,59,21
<EOS>
1964/65). 1665,2239,112,28
<EOS>
Auf 1786,2239,50,22
dem 1842,2239,54,22
Hanggelände 1017,2276,164,27
zwischen 1194,2276,112,23
dem 1318,2276,53,22
Hauptgebäuden 1384,2275,200,27
der 1598,2275,39,21
ETH 1650,2274,64,22
und 1726,2273,48,23
der 1786,2273,41,23
Uni¬ 1839,2272,58,22
versität 1016,2310,92,22
war 1122,2316,48,17
ein 1183,2309,38,23
Neubau 1234,2310,101,23
für 1349,2310,40,22
etwa 1400,2312,60,20
400 1473,2310,45,22
Studierende 1532,2308,149,24
vorgesehen 1695,2307,140,27
und 1847,2306,50,22
generell 1016,2344,97,27
waren 1129,2350,76,16
zu 1221,2350,29,16
projektieren 1266,2343,153,29
Institute 1434,2343,105,23
für: 1555,2342,48,23
Orts-, 1621,2342,71,26
Regional- 1710,2340,121,27
und 1847,2340,50,23
Landesplanung; 1016,2377,202,28
Bauforschung; 1229,2377,186,28
Form- 1426,2377,80,23
und 1516,2377,49,22
Strukturforschung. 1575,2375,237,27
<EOS>
<EOP>
Neuartig 1075,2419,112,27
war 1197,2425,48,17
das 1256,2419,41,23
Vorgehen 1307,2419,122,26
zur 1439,2425,42,16
Erarbeitung 1490,2417,151,27
des 1653,2418,39,21
Raumprogram- 1703,2417,195,27
mes, 1017,2459,55,21
das 1091,2453,42,23
ebenfalls 1150,2453,111,23
Gegenstand 1278,2453,149,27
der 1444,2453,42,22
Semester-, 1503,2452,128,26
bzw. 1648,2451,58,23
<EOS>
Wettbewerbs- 1725,2449,172,24
Arbeit 1017,2486,80,24
war. 1126,2493,53,17
<EOS>
Grundlage 1207,2487,133,27
hierfür 1365,2486,86,24
bildeten 1475,2486,101,24
die 1600,2485,37,23
Einzelarbeit 1662,2484,151,24
jedes 1834,2484,64,27
Teilnehmers 1016,2521,154,23
und 1184,2521,49,22
darauf 1247,2521,85,22
die 1344,2521,37,22
Gruppenarbeit 1395,2520,186,28
über 1594,2520,58,23
die 1665,2519,38,23
Probleme 1716,2519,120,23
und 1849,2518,49,23
Möglicpceiten 1020,2548,179,39
der 1219,2555,41,21
Architektenerziehung. 1280,2554,276,27
<EOS>
Das 1578,2555,49,21
Thema 1648,2553,88,23
ist 1756,2551,30,25
für 1803,2552,40,24
die 1863,2552,37,22
Architekturabteilung 1019,2589,262,26
der 1290,2589,41,22
ETH 1338,2588,64,23
von 1410,2595,47,16
besonderer 1466,2588,138,23
Aktualität 1612,2587,128,22
im 1748,2587,33,22
Hinblick 1789,2586,111,23
auf 1018,2622,42,23
die 1075,2622,38,23
Behebung 1129,2621,124,28
des 1271,2623,39,22
Raummangels 1328,2623,179,25
an 1524,2628,30,17
den 1571,2622,45,23
meisten 1633,2621,95,23
Abteilungen 1746,2620,153,27
der 1019,2657,40,23
ETH. 1068,2657,71,22
<EOS>
Red. 1844,2655,53,21
<EOS>
868 95,2739,45,22
Schweiz 1211,2742,79,16
Bauzeitung 1308,2742,110,22
• 1433,2748,5,5
83. 1451,2742,27,16
<EOS>
Jahrgang 1488,2742,94,21
Haft 1597,2742,40,16
47 1649,2742,21,16
• 1684,2747,5,6
25 1703,2742,19,15
November 1741,2740,100,18
1965 1854,2741,43,16
<EOS>
<EOP>
