1970,2898
den 72,106,45,23
Studenten 128,106,125,24
leicht; 263,108,78,27
er 352,114,25,17
hatte 386,108,64,23
Verständnis 460,110,147,22
für 617,109,38,23
die 665,110,37,22
Jugend 712,111,87,26
und 811,110,46,22
genoss 870,117,81,19
ihr 72,140,36,23
Vertrauen. 116,141,132,23
<EOS>
Die 258,142,45,22
Bedürfnisse 312,142,145,23
und 466,144,48,21
die 523,144,36,22
Schwierigkeiten 569,143,195,28
der 774,145,40,21
Studieren¬ 823,144,128,23
den 72,175,45,22
beschäftigten 135,174,164,29
ihn 318,177,38,22
intensiv; 376,176,106,28
er 500,185,25,15
förderte 543,178,100,22
nachdrücklich 661,179,177,22
die 856,178,36,23
Er¬ 911,179,40,22
richtung 72,210,104,26
einer 185,210,61,22
neuen 256,218,73,15
Mensa 340,212,82,22
und 432,212,46,22
den 490,213,43,21
Bau 544,213,48,21
einer 603,212,61,22
Studentensiedlung 673,212,229,27
auf 911,213,42,22
dem 72,243,52,22
Hönggerberg. 135,244,171,27
<EOS>
<EOP>
In 130,293,27,20
der 175,293,41,22
zweiten 234,294,94,22
Hälfte 345,293,79,23
des 443,295,40,22
20. 501,295,36,22
<EOS>
Jahrhunderts 546,294,164,23
befindet 729,295,100,23
sich 847,295,48,23
die 914,295,36,23
Wissenschaft 72,326,163,24
in 257,328,23,21
einer 302,328,61,22
Phase 386,329,72,22
explosionsartiger 480,329,213,26
Ausdehnung. 715,329,165,26
<EOS>
Mit 904,330,46,21
dieser, 71,360,79,26
alle 166,362,43,22
bisherigen 224,362,126,27
Vorstellungen 365,362,173,27
umwälzenden 552,362,171,22
Entwicklung 737,363,158,26
hat 909,364,40,21
die 71,395,37,22
ETH 118,395,62,22
Schritt 192,396,81,21
gehalten. 284,396,111,26
<EOS>
Hier 407,396,56,22
liegt 473,396,53,26
das 537,396,40,22
grösste 588,397,87,26
Verdienst 685,397,118,22
von 814,403,46,16
Schul- 871,397,78,22
ratspräsident 70,429,164,27
Pallmann. 243,430,126,21
<EOS>
Er 380,430,31,21
hat 420,430,41,22
sich 471,430,47,22
nicht 528,430,63,22
von 601,436,46,16
den 658,431,44,21
Bedürfnissen 712,431,161,22
über¬ 883,432,66,21
raschen 72,462,93,22
lassen, 174,463,81,27
sondern 264,464,100,22
er 372,470,24,15
hat 404,464,41,22
weitsichtig 452,464,132,26
geplant, 593,464,98,26
vorausgeschaut 701,465,191,26
und 900,466,48,22
vorgesorgt. 70,500,139,24
<EOS>
Ein 217,497,43,22
besonders 267,498,123,22
eindrückliches 396,498,179,22
Ergebnis 582,498,109,26
dieser 698,499,72,22
methodischen 776,498,172,24
Arbeit 70,530,81,23
finden 158,530,78,23
wir 246,532,39,21
in 295,532,23,21
den 328,532,45,22
modernen, 380,532,133,26
gut 520,535,40,23
eingerichteten 567,531,175,27
Untersuchungs¬ 751,533,197,27
und 70,565,49,22
Forschungsanlagen 134,565,240,27
der 389,565,40,22
Eidg. 443,566,64,26
<EOS>
Materialprüfungs- 522,566,226,27
und 763,566,48,22
Versuchs¬ 826,567,121,22
anstalt 71,599,84,22
in 166,599,24,22
Dübendorf. 202,599,145,22
<EOS>
Alle 361,599,50,22
Bedingungen 425,599,163,27
für 599,599,38,22
eine 648,599,51,22
nützliche 710,600,113,22
Tätigkeit 835,599,112,28
im 70,632,32,22
Dienste 119,633,94,21
unserer 229,639,92,16
Wirtschaft 337,632,132,23
sind 485,633,51,22
hier 552,633,49,22
erfüllt. 616,633,83,23
<EOS>
Das 716,635,50,21
angrenzende, 783,635,163,26
noch 69,667,62,21
freie 143,666,54,22
Areal 211,667,68,22
wird 295,667,56,21
die 363,666,37,22
Neubauten 413,667,138,22
der 564,668,40,21
Eidg. 616,666,64,28
<EOS>
Anstalt 694,669,92,21
für 798,668,37,22
Wasser¬ 848,669,99,22
versorgung, 70,707,144,20
Abwasserreinigung 242,701,237,26
und 504,702,48,21
Gewässerschutz 578,702,198,22
aufnehmen. 800,702,146,23
<EOS>
Dass 69,735,61,22
praktische 151,734,129,28
Bedürfnisse 300,734,145,23
unseres 467,742,90,15
Landes, 578,735,97,27
wie 698,736,41,22
diejenigen 760,736,126,27
des 907,737,40,22
Gewässerschutzes, 70,769,226,25
bei 310,769,35,22
Prof. 354,768,61,23
<EOS>
Pallmann 422,769,118,22
gut 552,772,41,23
aufgehoben 604,769,144,27
waren, 759,776,83,21
beweist 854,770,93,22
die 70,803,37,22
Tatsache, 124,803,116,26
dass 261,803,51,22
er 330,809,25,16
auch 373,803,59,22
das 450,803,41,22
Präsidium 509,803,127,22
der 654,803,40,22
von 710,810,48,16
der 776,804,40,22
Industrie 833,803,114,23
finanzierten 69,835,145,24
Stiftung 223,836,99,27
für 328,837,37,22
die 373,836,36,23
Förderung 417,837,132,27
des 557,837,39,22
Gewässerschutzes 605,837,221,23
zu 832,844,29,15
seinen 869,838,78,22
zahlreichen 69,870,141,22
Aufgaben 219,870,123,27
hinzu 351,870,70,22
übernahm. 430,870,134,23
<EOS>
<EOP>
Aus 126,919,50,22
daRvon 187,919,97,23
Prof. 295,919,61,22
<EOS>
Pallmann 369,919,117,22
entworfenen 498,919,154,22
Botschaft 663,920,118,22
des 793,921,40,21
Bundes¬ 844,920,102,23
rates 69,956,58,19
vom 140,958,54,17
6. 207,953,21,22
<EOS>
Februar 241,953,101,22
1959, 356,953,62,26
in 433,953,23,22
welcher 468,953,96,22
der 576,954,40,21
Ausbau 628,953,97,23
der 737,954,40,22
ETH 789,954,63,23
in 864,953,24,23
den 901,955,44,22
nächsten 67,986,111,23
Dezennien 184,986,133,22
vorgezeichnet 329,986,171,27
wird, 512,987,63,26
zitiere 584,986,76,23
ich 673,988,37,21
folgenden 722,988,123,26
Passus: 853,989,90,22
«Unsere 70,1021,103,21
Generation 185,1021,139,21
muss 338,1027,61,15
den 412,1021,44,21
Mut 470,1022,53,21
aufbringen, 535,1020,144,28
für 693,1022,37,21
die 743,1022,35,22
kommenden 790,1023,155,22
Jahrzehnte 68,1053,135,23
zu 212,1062,27,14
denken 250,1054,89,22
und 347,1054,48,22
auch 405,1055,60,22
zu 472,1062,30,15
handeln. 510,1055,106,22
<EOS>
Mit 628,1056,45,21
Sicherheit 682,1056,125,23
ist 814,1056,29,23
voraus¬ 851,1063,94,16
zusehen, 68,1087,104,27
dass 182,1089,53,21
die 244,1088,37,22
Forschungs- 288,1088,154,27
und 451,1089,48,22
Unterrichtsstätten 508,1088,226,24
der 743,1091,40,21
ETH 792,1091,62,21
für 863,1090,37,23
die 908,1091,38,22
nationale 68,1122,116,22
Selbstbehauptung 200,1123,220,25
immer 435,1123,81,22
wichtiger 532,1124,112,24
werden 660,1124,90,22
und 765,1124,48,22
dass 830,1124,51,22
ihre 897,1124,49,22
Ansprüche 68,1156,134,27
an 219,1162,31,16
Raum, 267,1157,84,26
an 370,1162,30,15
Ausstattung, 417,1157,158,27
an 594,1162,31,17
Lehr- 642,1157,68,22
und 727,1158,49,21
Hilfskräften 794,1157,151,24
ständig 68,1189,89,26
wachsen. 174,1190,111,22
<EOS>
Hier 304,1190,57,22
gilt 378,1190,39,26
es, 435,1196,31,21
eine 484,1190,51,22
genügende 552,1191,132,27
Anzahlung 702,1191,136,27
an 857,1198,29,16
die 908,1192,37,22
Zukunft 68,1223,102,22
zu 179,1230,29,15
leisten.» 218,1223,103,23
<EOS>
<EOP>
Dieser 124,1271,81,24
Konzeption 226,1273,147,26
entsprang 394,1276,122,24
der 538,1273,39,22
Ankauf 598,1273,97,22
eines 714,1274,61,22
ausreichend 796,1273,148,25
grossen 67,1311,93,22
Geländes 169,1306,115,22
auf 294,1306,42,22
dem 344,1306,53,22
Hönggerberg 406,1307,165,27
und 580,1306,47,23
der 638,1307,40,22
Beginn 687,1308,86,26
des 784,1309,39,21
Baus 834,1310,60,21
der 904,1309,40,23
Aussenstation 67,1340,175,22
der 251,1340,39,22
ETH. 299,1341,69,21
<EOS>
Wie 378,1340,50,22
richtig 435,1340,81,29
erweist 524,1341,86,22
sich 620,1340,47,23
doch 676,1342,61,22
heute 746,1343,66,21
die 822,1344,35,20
in 867,1343,23,21
den 898,1343,45,22
50er 67,1374,52,21
Jahren 124,1373,84,23
von 214,1381,46,15
Prof. 266,1374,62,22
<EOS>
Pallmann 335,1374,119,23
erarbeitete 460,1375,132,22
und 597,1375,49,22
später 652,1377,75,25
vertiefte 734,1376,100,23
Planung 840,1376,104,28
des 66,1408,39,21
Ausbaus 115,1408,108,22
unserer 231,1415,93,15
Bundeshochschule! 333,1408,240,23
<EOS>
Wiejoankbar 584,1408,164,28
sind 756,1410,53,23
wir 818,1410,41,23
dafür, 868,1410,74,28
dass 66,1442,52,21
rechtzeitig 132,1442,129,26
ein 273,1442,38,22
günstig 324,1442,90,26
gelegenes 428,1443,116,26
Areal 558,1443,68,22
gesichert 641,1444,109,25
wurde, 765,1444,82,26
sodass 863,1445,78,21
uns 64,1482,44,16
die 117,1475,36,22
Möglichkeit 161,1476,151,26
offen 320,1476,63,23
steht, 390,1477,66,26
die 466,1477,36,22
modernsten 510,1477,147,22
und 664,1477,49,22
aussichtsreichsten 721,1477,222,23
Forschungsrichtungen 65,1509,278,28
zu 351,1516,30,16
pflegen 389,1510,89,27
und 488,1510,48,22
die 545,1510,37,22
ETH 590,1510,64,23
für 662,1511,38,22
die 710,1511,36,22
Aufnahme 755,1512,131,22
von 896,1519,47,15
10 67,1543,26,22
000 102,1543,43,22
Studierenden 157,1543,163,22
zu 332,1550,29,15
erweitern, 372,1544,122,26
einen 507,1544,65,22
Bestand, 585,1545,106,26
der 704,1545,39,22
auf 755,1546,42,21
Grund 808,1546,82,22
der 903,1547,39,21
viel 64,1576,44,23
späteren 119,1577,105,27
Untersuchungen 236,1578,206,26
der 456,1578,39,22
Expertenkommission 506,1578,265,27
Labhardt 784,1580,118,22
zu 914,1587,28,15
erwarten 64,1613,110,20
ist. 185,1611,36,22
<EOS>
Das 234,1612,50,22
vom 295,1618,56,16
wissenschaftlichen 361,1610,229,24
wie 601,1611,42,24
vom.architektonischen 654,1613,287,25
<EOS>
Gesichtspunkt 65,1644,180,28
aus 253,1652,41,15
ebenso 303,1646,85,22
grosszügig 397,1646,130,27
geplante 536,1646,105,27
ETH-Zentaim 649,1647,183,23
auf 841,1647,42,23
dem 890,1648,51,22
Hönggerberg 64,1679,164,26
wird 241,1679,56,22
auf 312,1680,42,21
alle 366,1679,43,23
Zeiten 422,1680,79,22
mit 516,1680,41,22
dem 571,1681,53,21
Namen 638,1681,91,22
Hans 743,1681,66,22
Pallmann 823,1681,119,22
verbunden 64,1712,132,23
bleiben. 210,1713,96,23
<EOS>
Nicht 323,1713,70,23
allein 407,1714,68,22
die 489,1714,38,22
kommenden 540,1714,156,23
Generationen 710,1715,171,22
von 896,1722,45,16
Forschern, 65,1746,133,27
Lehrern 219,1747,100,22
und 340,1747,48,22
Studenten, 409,1748,131,27
sondern 562,1748,100,22
weitestes 682,1748,112,25
Kreise 800,1748,81,23
des 902,1750,39,22
Schweizervolkes 64,1780,202,23
werden 295,1781,89,22
die 413,1781,37,22
hervorragenden 478,1781,197,27
Leistungen 704,1782,136,27
dieses 869,1783,72,24
Schulratspräsidenten 64,1814,260,28
in 337,1814,25,23
dankbarer 374,1814,129,23
Erinnerung 516,1815,142,27
behalten. 672,1816,112,23
<EOS>
Wenn 798,1817,75,22
man 886,1824,55,16
bedenkt, 64,1847,105,28
welche 182,1848,84,23
Bedeutung 277,1848,134,27
die 423,1849,37,22
Forschung 472,1849,133,27
und 616,1850,49,22
der 676,1851,41,21
wissenschaftliche 729,1850,212,24
Unterricht 64,1881,132,23
für 207,1882,38,22
die 257,1882,36,23
Zukunft 305,1882,103,23
des 421,1883,39,22
Landes 472,1883,90,23
und 574,1883,49,22
für 635,1883,37,23
sein 684,1884,48,23
Ansehen 744,1885,109,22
in 864,1884,24,23
der 901,1886,40,22
Welt 64,1916,59,22
einnehmen, 128,1915,142,27
dann 278,1916,62,22
dürfen 346,1916,82,24
wir 433,1917,41,22
das 481,1918,41,22
ETH-Zentrum 528,1918,182,23
auf 716,1919,42,22
dem 763,1918,52,23
Höngger¬ 821,1919,119,27
berg 64,1950,54,26
als 128,1949,32,23
nationale 171,1950,115,23
Tat 296,1951,44,22
bezeichnen 350,1951,136,22
und 496,1952,48,21
würdigen. 554,1951,122,27
<EOS>
<EOP>
Mitten 121,1997,84,24
aus 219,2005,42,16
dieser 276,1999,72,22
gewaltigen 363,2000,131,26
Aufbauarbeit, 509,1999,177,28
aus 702,2007,41,16
unermüdlicher 759,2002,180,21
und 62,2032,48,22
rastloser 125,2032,107,23
Tätigkeit 246,2033,113,26
wurde 374,2034,77,22
uns 467,2040,43,16
Prof. 527,2035,58,21
<EOS>
Pallmann 603,2034,120,23
entrissen. 737,2035,116,22
<EOS>
Noch 871,2035,68,22
konnte 62,2066,87,22
er 162,2073,24,15
die 199,2067,36,21
Botschaft 250,2067,117,23
an 381,2073,30,16
die 425,2067,37,23
Eidg. 475,2068,64,27
<EOS>
Räte 554,2068,59,22
entwerfen, 627,2068,128,27
durch 770,2068,72,23
welche 856,2069,84,23
Kredite 63,2099,94,23
im 169,2100,33,22
Betrag 214,2101,83,26
von 310,2107,46,16
444 369,2101,44,22
Millionen 428,2101,121,22
Franken 562,2101,106,23
für 681,2101,38,23
den 732,2103,44,22
Ausbau 790,2103,96,22
des 900,2103,39,23
Hauptgebäudes 62,2134,194,27
sowie 270,2134,69,23
verschiedener 352,2134,170,23
Institute 535,2135,104,23
und 652,2137,47,21
besonders 715,2137,123,22
für 851,2135,39,24
die 903,2137,37,23
Errichtung 62,2167,134,28
der 210,2168,40,22
Physikbauten 263,2168,170,27
auf 445,2169,43,22
dem 500,2169,52,23
Hönggerberg 566,2170,164,27
und 743,2171,49,22
in 805,2171,25,22
Villigen 842,2170,97,28
beantragt 62,2201,118,27
werden. 188,2202,96,23
<EOS>
Wir 294,2202,48,23
stehen 350,2202,78,23
vor 437,2209,42,16
der 487,2203,40,23
bedeutsamsten 535,2203,182,24
Bauetappe 726,2205,133,27
in 866,2204,25,23
der 899,2206,41,22
Geschichte 62,2234,136,25
der 211,2236,40,22
ETH. 264,2237,70,22
<EOS>
Schon 350,2236,75,23
bei 439,2237,37,22
der 490,2237,41,23
Beratung 544,2238,115,27
in 672,2238,23,22
den 710,2239,44,22
parlamentari¬ 768,2239,170,27
schen 61,2269,70,22
Kommissionen 140,2269,187,24
werden 337,2270,90,23
wir 437,2271,41,22
die 487,2272,36,21
eindringlichen 533,2271,177,27
Darlegungen 720,2272,161,28
und 890,2273,47,22
die 61,2302,37,24
überzeugenden 110,2302,186,28
Argumente 308,2305,141,26
von 461,2311,46,16
Prof. 520,2305,61,22
<EOS>
Pallmann 594,2305,120,23
vermissen. 726,2306,130,23
<EOS>
Noch 869,2306,69,24
mehr 61,2337,63,23
werden 134,2338,90,22
sein 232,2338,49,23
klarer 289,2338,74,23
Blick 372,2338,64,23
und 445,2339,48,22
seine 503,2339,61,23
sichere 573,2338,85,24
Hand 667,2340,70,22
bei 747,2340,35,22
den 792,2341,45,22
schwie¬ 847,2340,91,24
rigen 60,2371,63,27
und 141,2372,49,22
vielfältigen 208,2372,137,27
Detailfragen 363,2372,156,27
fehlen, 538,2373,83,26
die 641,2374,36,22
bei 699,2375,33,21
der 753,2375,39,21
Erstellung 811,2374,127,28
wissenschaftlicher 60,2405,224,23
Bauten 293,2406,89,22
auftreten. 391,2406,120,23
<EOS>
<EOP>
Die 117,2453,45,24
besonders 177,2454,123,23
enge 314,2460,56,22
Verbundenheit 385,2454,185,25
mit 584,2456,42,22
seiner 641,2456,72,23
ETH 726,2457,63,22
hat 803,2457,41,23
Schul¬ 859,2456,78,25
ratspräsident 59,2488,163,27
Pallmann 231,2488,120,23
nicht 361,2488,62,24
daran 434,2489,71,23
gehindert, 517,2491,123,25
seine 653,2490,61,23
reiche 724,2491,74,23
Erfahrung 808,2491,129,28
für 59,2521,38,22
die 105,2521,37,23
Förderung 152,2521,132,28
der 294,2523,40,22
Wissenschaft 343,2522,162,24
auch 514,2524,60,23
ausserhalb 583,2524,132,23
der 726,2526,38,21
Bundeshoch¬ 777,2526,159,22
schule 60,2556,75,21
zur 149,2561,42,17
Verfügung 204,2556,132,28
zu 351,2564,26,14
stellen. 394,2558,83,21
<EOS>
Hier 494,2558,55,22
muss 564,2564,62,17
ich 641,2558,35,23
ebenfalls 692,2559,107,22
von 815,2566,44,15
einer 875,2559,62,23
abschliessenden 59,2588,196,25
Aufzählung 265,2590,146,29
seiner 422,2592,72,22
Verwüste 505,2592,132,23
absehen. 647,2592,107,23
<EOS>
Er 765,2593,31,22
sprach 807,2592,82,28
ein 898,2593,38,23
massgebliches 60,2622,172,27
Wort 240,2625,66,23
mit 312,2625,42,23
in 362,2625,22,21
der 393,2625,40,23
vom 439,2631,55,17
Delegierten 503,2626,140,26
für 651,2626,38,23
Arbeitsbeschaffung 696,2626,240,28
präsidierten 58,2656,148,28
Kommission 232,2659,158,22
zur 416,2665,40,16
Förderung 482,2659,134,27
der 641,2660,41,23
wissenschaftlichen 707,2660,229,24
<EOS>
<EOP>
Forschung 997,111,134,27
und 1145,112,49,22
bewies 1210,112,81,22
damit 1306,111,73,23
sein 1393,112,49,23
lebhaftes 1457,113,111,22
Interesse 1583,112,110,23
an 1707,119,32,16
der 1754,113,41,22
ange¬ 1808,119,69,21
wandten 997,146,106,21
Forschung. 1112,146,139,26
<EOS>
Er 1260,146,31,22
gehört 1298,145,81,28
mit 1387,146,42,22
Prof. 1436,146,62,22
<EOS>
Alexander 1507,146,129,22
von 1643,153,47,15
Muralt 1699,147,87,21
zu 1794,153,30,15
den 1831,146,46,23
Initianten 997,179,122,22
des 1135,179,39,23
Nationalfonds 1190,179,180,23
zur 1386,186,41,16
Förderung 1442,180,134,27
der 1592,180,39,22
wissenschaftlichen 1647,180,229,23
Forschung. 997,213,140,27
<EOS>
Prof. 1146,213,61,22
<EOS>
Pallmann 1218,214,118,22
unterstützte 1345,216,149,20
den 1501,215,45,21
Departementschef 1554,215,230,25
bei 1791,214,36,23
der 1836,214,40,23
im 997,246,31,22
Gang 1040,247,67,26
befindlichen 1120,247,150,23
Vorbereitung 1280,247,167,28
der 1458,249,40,21
Subventionierung 1508,248,222,28
kantonaler 1740,248,136,23
Hochschulen. 996,280,169,23
<EOS>
Die 1174,281,45,22
Einsetzung 1227,281,137,26
eines 1372,282,60,22
Gremiums, 1442,282,138,26
welches 1588,283,95,22
Bundesrat 1692,283,127,23
und 1826,283,49,22
Departement 997,316,163,25
des 1168,316,39,22
Innern 1215,316,84,22
in 1306,316,24,21
Fragen 1338,316,89,27
der 1434,317,40,21
Wissenschaftspolitik 1481,316,256,28
zu 1745,323,29,16
beraten 1781,317,94,23
hat, 995,348,47,27
habe 1051,349,60,22
ich 1118,348,37,23
mit 1162,349,42,22
dem 1212,350,54,22
Schulratspräsidenten 1272,350,259,26
in 1539,351,25,22
seinem 1571,350,87,23
ruhigen, 1664,351,102,27
schönen 1773,351,102,22
Heim 995,383,70,22
in 1079,383,23,21
Zollikon 1117,383,106,22
besprochen. 1240,384,145,26
<EOS>
Das 1402,385,49,21
Resultat 1466,385,105,21
war 1585,390,47,16
die 1645,384,37,22
Schaffung 1697,385,123,26
des 1835,385,39,22
Schweizerischen 996,416,200,23
Wissenschaftsrates, 1209,417,240,28
als 1462,418,34,22
dessen 1509,418,79,22
Mitglied 1603,418,104,27
er 1720,426,24,15
selbstver¬ 1756,419,118,22
ständlich 995,450,112,22
berufenggrurde, 1124,450,195,33
und 1337,452,49,21
der 1403,452,40,22
bei 1459,452,36,22
seiner 1513,452,73,23
verantwortungsvollen 1602,452,273,27
Aufgabe 994,484,106,27
der 1110,484,40,22
Förderung 1158,485,134,27
und 1300,484,48,23
der 1357,485,41,23
Koordinierung 1406,486,187,26
der 1602,486,40,22
Anstrengungen 1650,487,192,26
in 1849,486,25,23
Forschung 995,518,133,26
und 1144,519,48,22
Lehre, 1209,519,79,26
den 1306,520,45,21
erfahrenen 1367,520,135,22
und 1518,520,48,23
klugen 1582,519,85,28
Rat 1684,522,47,21
von 1747,527,47,16
Prof. 1811,521,60,22
<EOS>
Pallmann 994,552,119,22
besonders 1123,552,124,23
schätzte. 1258,554,104,21
<EOS>
<EOP>
Wir 1052,594,48,22
erweisen 1110,594,108,22
dem 1228,594,52,22
Verstorbenen 1292,595,168,22
die 1471,595,37,22
höchste 1516,595,98,23
Ehre, 1624,595,67,27
wenn 1702,603,68,15
wir 1779,596,41,22
das 1831,595,42,23
begonnene 993,627,134,27
Werk 1138,628,69,22
in 1218,627,25,23
seinem 1253,628,86,22
Geiste 1350,628,78,23
weiterführen. 1439,629,165,23
<EOS>
Der 1616,630,49,21
schönste 1676,630,107,22
Dank, 1793,629,78,27
den 993,661,45,22
unser 1046,667,68,16
verehrter, 1122,662,118,26
lieber 1250,662,69,23
Hans 1327,662,66,23
Pallmann 1401,663,120,23
von 1528,670,47,15
uns 1582,669,44,17
erwarten 1634,666,111,20
darf, 1753,664,57,26
liegt 1819,663,55,28
darin, 993,695,72,26
dass 1082,695,53,22
wir 1150,695,40,23
seine 1204,696,62,22
grosszügige 1280,697,144,26
Konzeption 1439,697,149,27
der 1602,697,41,22
den 1658,698,45,22
kommenden 1717,698,156,22
Anforderungen 992,729,192,27
entsprechenden 1202,730,194,27
ETH 1415,732,62,21
verwirklichen, 1497,730,176,28
und 1692,732,50,22
dass 1760,732,53,22
wir 1832,731,41,23
Forschung 992,763,134,27
und 1135,764,49,22
Lehre 1194,765,72,21
in 1276,765,24,21
der 1311,765,39,22
Schweiz 1360,764,100,23
auch 1470,765,59,22
in 1539,765,24,22
Zukunft 1573,765,104,22
internationales 1686,765,186,23
NiveauS§i|hern. 991,792,196,34
<EOS>
<EOP>
Hans 1627,834,65,21
Peter 1701,834,69,21
Tschudi 1779,832,95,23
<EOS>
<EOP>
Mit 1050,940,46,22
diesen 1113,940,75,22
Ausführungen 1205,941,178,26
hat 1400,941,40,23
Bundesrat 1455,941,129,23
Hans 1599,941,66,23
Peter 1682,942,65,22
Tschudi, 1762,941,107,28
Vorsteher 991,974,122,22
des 1126,974,40,23
Eidg. 1179,975,64,26
<EOS>
Departements 1257,975,176,27
des 1446,975,39,22
Innern, 1499,976,90,26
dem 1604,975,53,23
die 1670,976,36,22
ETH 1719,977,63,20
unter¬ 1795,980,74,17
steht, 991,1008,65,25
am 1069,1013,40,17
16. 1122,1008,34,22
<EOS>
Okt. 1166,1008,54,22
<EOS>
1965 1231,1009,55,21
anlässlich 1299,1008,121,23
der 1431,1009,41,22
Trauerfeier 1483,1008,140,24
im 1635,1009,32,23
Fraumünster 1675,1011,163,22
in 1846,1009,25,23
Zürich 991,1041,83,22
Abschied 1090,1041,115,23
genommen 1222,1048,137,20
von 1374,1050,48,15
Schulratspräsident 1438,1043,231,26
Pallmann, 1685,1044,126,26
der 1830,1044,41,22
in 991,1074,23,23
der 1025,1075,40,22
Morgenfrühe 1076,1076,165,26
des 1251,1076,40,23
13. 1303,1077,34,21
<EOS>
Oktober 1347,1076,104,23
ganz 1461,1084,58,19
unerwartet 1528,1080,137,20
an 1674,1084,31,16
einem 1714,1078,75,22
Herz¬ 1798,1078,71,22
schlag 991,1109,77,26
gestorben 1086,1110,121,25
ist. 1225,1110,37,23
<EOS>
Beim 1280,1111,65,22
gleichen 1363,1111,102,26
Anlass 1483,1111,83,23
umriss 1585,1111,83,23
Pfarrer-Jakob 1687,1112,182,22
Schiltknecht, 991,1143,160,27
ehemaliger 1173,1144,137,27
Studentenseelsorger, 1330,1144,254,28
den 1606,1145,45,22
Lebenslauf 1671,1146,140,22
des 1830,1146,39,22
Verstorbenen, 991,1177,173,27
während 1186,1178,108,22
Rektor 1314,1178,89,23
Prof. 1422,1179,61,22
<EOS>
Dr. 1493,1179,42,22
<EOS>
Hans 1556,1179,66,22
Leibundgut 1643,1179,146,27
seine 1808,1179,62,23
f^WBgenschaftliche 975,1208,228,35
Leistung 1215,1212,108,27
würdigte. 1335,1212,117,27
<EOS>
Und 1466,1212,56,22
nochmals 1534,1212,120,23
trat 1666,1216,47,19
die 1725,1213,38,23
Persön¬ 1774,1214,95,22
lichkeit 990,1245,91,22
von 1096,1251,47,16
Hans 1158,1246,65,22
Pallmann 1239,1246,119,22
in 1372,1246,25,22
ihrer 1411,1246,60,22
ganzen 1486,1253,87,20
Frische 1588,1246,92,23
und 1693,1247,49,22
Herzens¬ 1758,1248,112,22
wärme 989,1279,85,21
vor 1085,1284,44,16
das 1141,1279,41,23
geistige 1195,1279,92,27
Auge 1300,1281,67,25
aller, 1379,1280,61,26
die 1455,1280,37,23
mit 1505,1280,42,23
ihm 1560,1280,48,23
zusammen 1620,1288,133,16
wirkten, 1765,1281,103,27
als 989,1312,33,22
viele 1035,1313,56,21
Redner 1104,1313,91,22
des 1207,1314,40,22
ETH-Tages 1260,1314,145,26
vom 1417,1321,55,15
12. 1488,1316,31,20
<EOS>
November, 1529,1315,139,26
sowohl 1681,1315,90,23
anläss¬ 1783,1315,86,23
lich 989,1346,45,22
der 1047,1347,40,21
Feier 1101,1347,63,22
im 1177,1347,34,23
ETH-Hauptgebäude 1223,1348,256,27
wie 1492,1349,42,22
des 1548,1349,40,22
Essens 1600,1349,82,22
im 1696,1349,32,22
Kongress¬ 1741,1350,128,26
haus, 988,1380,65,27
in 1064,1381,25,21
allerster 1099,1381,98,22
Linie 1207,1382,66,22
ihm 1283,1382,44,22
dankten. 1338,1382,107,23
<EOS>
<EOP>
Für 1046,1422,48,22
unsere 1102,1428,80,16
Leserschaft, 1190,1422,149,27
welcher 1348,1423,96,22
die 1452,1423,37,22
Fachgebiete 1497,1423,151,27
Pallmanns, 1655,1424,137,26
Agri¬ 1803,1424,65,26
kulturchemie 988,1455,164,23
in 1166,1456,24,22
ihrem 1202,1456,74,23
Bezug 1288,1458,77,25
auf 1377,1458,42,21
Land- 1430,1458,76,21
und 1519,1458,48,21
Forstwirtschaft, 1582,1457,198,27
ferner 1793,1458,76,23
liegen, 988,1489,79,27
war 1077,1495,47,16
der 1133,1491,39,20
Heimgegangene 1181,1490,198,27
als 1388,1492,34,22
Schulratspräsident 1430,1491,233,28
von 1670,1499,47,15
Bedeutung, 1726,1493,141,26
und 987,1524,48,21
als 1047,1523,33,23
solchen 1092,1523,93,23
hat 1195,1525,42,22
ihn 1248,1525,40,22
Bundesrat 1300,1525,126,22
Tschudi 1438,1525,99,23
gewürdigt 1549,1526,131,27
Hinzuzufügen 1692,1526,177,26
bleibt 989,1558,68,21
aber 1069,1558,55,21
noch 1135,1558,61,22
ein 1207,1559,38,21
Wort'über 1256,1558,134,24
sein 1400,1559,49,23
Wirken 1460,1559,93,23
in 1564,1560,24,21
der 1599,1559,41,23
G.E.P. 1652,1560,90,22
<EOS>
Hier 1753,1560,58,22
war 1821,1566,48,16
es 987,1598,24,15
sein 1021,1591,48,22
grosses 1080,1598,88,20
Verdienst, 1177,1593,126,26
dass 1315,1593,52,22
er 1377,1599,25,16
in 1411,1593,24,22
den 1445,1593,45,22
Jahren 1499,1593,84,22
1950 1596,1593,56,22
bis 1662,1593,35,23
1960 1709,1594,55,21
viermal 1774,1594,95,22
zur 987,1632,41,15
Generalversammlung 1039,1626,267,27
sprach, 1317,1626,88,28
oft 1418,1627,36,21
in 1464,1627,24,22
Form 1499,1627,71,22
einer 1580,1626,63,23
Tischrede, 1653,1627,128,27
in 1792,1628,25,22
der 1827,1627,41,23
seine 987,1659,61,22
ganze 1061,1665,71,21
Begeisterungsfähigkeit 1146,1659,281,28
aufstrahlte 1440,1661,134,23
und 1587,1661,48,22
die 1649,1661,37,22
Zuhörer 1699,1662,104,22
mit- 1817,1662,49,21
riss. 987,1693,48,22
<EOS>
Nie 1050,1694,43,21
ging 1107,1692,53,28
man 1172,1700,55,16
von 1239,1700,47,16
solchen 1298,1693,93,24
Anlässen 1404,1695,113,22
nach 1528,1694,60,23
Hause, 1601,1695,86,27
ohne 1701,1696,61,22
ein 1774,1696,37,22
fest 1824,1695,43,23
geprägtes 987,1728,117,25
Bild 1118,1726,50,23
vom 1182,1734,55,15
Stand 1251,1728,71,22
der 1336,1728,41,22
ETH, 1389,1729,70,26
ihren 1472,1729,66,22
jüngsten 1548,1729,107,27
Leistungen 1668,1729,137,27
und 1818,1729,49,23
ihren 988,1761,62,20
Zukunftssorgen 1067,1761,195,26
mitzutragen. 1278,1762,157,27
<EOS>
Zum 1451,1763,60,22
Ehrenmitglied 1526,1763,177,26
der 1719,1763,40,22
G.E.P. 1775,1764,90,22
<EOS>
wurde 986,1795,77,21
Präsident 1074,1795,117,22
Pallman 1201,1795,104,23
anlässlich 1315,1795,120,24
der 1445,1797,41,22
Generalversammlung 1496,1797,268,27
1956 1775,1797,56,22
in 1842,1797,24,22
Amsterdam 986,1828,147,23
ernannt; 1147,1832,108,24
dem 1271,1830,52,22
Ausschuss 1338,1830,129,23
gehörte 1483,1830,94,27
er 1591,1836,24,17
1946 1632,1830,56,23
bis 1703,1830,36,23
1956 1756,1831,56,22
an. 1827,1836,37,17
<EOS>
Im 986,1862,35,22
S.I.A., 1032,1863,86,25
<EOS>
dessen 1130,1863,81,23
Ehrenmitglied 1220,1863,177,27
er 1407,1870,25,16
seit 1442,1864,42,22
1955 1495,1864,55,22
war, 1561,1870,54,21
nahmen 1626,1864,100,23
ihn 1736,1864,41,23
in 1786,1864,25,23
den 1820,1864,45,23
letzten 987,1897,81,21
Jahren 1078,1896,84,23
hauptsächlich 1171,1897,173,27
die 1355,1897,37,22
Titelfragen 1402,1898,137,26
in 1549,1898,24,22
Anspruch. 1583,1898,130,27
<EOS>
<EOP>
Zum 1044,1942,59,21
Schluss 1113,1941,91,23
seien 1213,1942,62,22
noch 1284,1941,61,23
die 1355,1942,36,22
Lebensdaten 1401,1943,158,22
unseres 1568,1949,92,16
unvergesslichen 1670,1944,194,26
Kollegen 986,1975,112,27
kurz 1104,1975,57,22
zusammengestellt: 1167,1976,230,26
Geboren 1405,1976,110,23
am 1521,1983,39,16
21. 1566,1977,36,21
<EOS>
Mai 1612,1977,51,23
1903 1671,1977,55,23
in 1734,1978,25,22
Frauen- 1765,1978,101,23
feld, 986,2009,51,26
kam 1052,2010,53,20
Hans 1117,2009,66,23
Pallmann 1194,2010,119,22
schon 1325,2009,72,23
in 1408,2010,25,23
früher 1443,2010,78,23
Jugend 1532,2011,88,26
als 1632,2012,33,22
Waise 1676,2011,77,23
zu 1763,2018,30,16
einer 1803,2011,63,24
Tante 985,2043,72,22
nach 1073,2042,60,24
Wädenswil, 1149,2044,143,26
die 1310,2043,37,23
sich 1362,2044,49,23
seiner 1427,2045,72,22
in 1516,2045,24,22
aufopfernder 1555,2044,164,28
Liebe, 1734,2046,76,27
die 1828,2045,37,23
reiche 985,2077,73,22
Frucht 1068,2077,85,22
getragen 1162,2080,105,25
hat, 1276,2078,47,26
annahm. 1334,2079,108,22
<EOS>
Auf 1452,2079,50,22
die 1510,2078,36,23
Schuljahre 1556,2079,130,26
am 1696,2085,39,16
Zürichsee 1744,2079,120,22
folgte 985,2111,70,26
die 1069,2110,37,24
Ausbildung 1121,2112,144,27
in 1278,2112,25,22
der 1317,2112,39,22
landwirtschaftlichen 1371,2112,251,22
Schule 1637,2112,82,23
in 1733,2113,24,22
Cernier 1771,2112,94,24
und 985,2145,47,22
hierauf, 1043,2144,96,28
1922 1153,2145,56,22
bis 1220,2145,36,22
1927, 1268,2145,63,28
das 1344,2145,41,23
Studium 1397,2145,106,23
an 1514,2152,31,16
der 1556,2146,41,22
Naturwissenschaftli¬ 1607,2146,257,24
chen 984,2178,58,23
Abteilung 1052,2178,124,28
der 1185,2179,41,22
ETH. 1234,2179,70,22
<EOS>
Es 1315,2179,30,22
schloss 1356,2179,86,23
sich 1451,2180,48,22
bis 1509,2179,35,23
1935 1553,2180,55,22
eine 1615,2180,50,23
durch 1671,2180,72,23
Ausland¬ 1749,2180,115,24
aufenthalte 984,2212,140,23
unterbrochene 1140,2213,181,23
Assistententätigkeit 1337,2213,246,28
am 1599,2220,38,17
agrikulturchemi¬ 1654,2214,210,27
schen 984,2246,69,23
Institut 1067,2246,92,24
der 1173,2247,40,23
ETH 1226,2248,63,22
an; 1303,2253,41,20
1929 1360,2248,56,22
promovierte 1429,2248,154,27
Hans 1597,2248,66,23
Pallmann 1677,2249,120,23
zum 1810,2255,54,17
Doktor 983,2281,94,22
der 1096,2281,39,22
Naturwissenschaften 1151,2280,260,25
und 1428,2282,49,22
1932 1497,2283,56,21
habilitierte 1569,2281,136,24
er 1722,2289,26,16
sich 1764,2283,50,22
als 1830,2283,34,22
Privatdozent 984,2315,159,23
für 1162,2316,37,22
spezielle 1218,2315,102,28
Agrikulturchemie. 1339,2316,227,26
<EOS>
1935 1588,2316,55,22
wählte 1663,2316,83,23
ihn 1764,2316,40,23
der 1823,2316,41,23
Bundesrat 984,2350,127,22
zum 1122,2355,54,17
a. 1188,2355,20,17
<EOS>
o. 1218,2355,22,17
<EOS>
Professor 1254,2350,118,22
für 1383,2350,38,22
das 1433,2350,40,23
gleiche 1486,2350,85,27
Fach, 1582,2350,71,27
ein 1665,2350,38,22
Jahr 1715,2351,55,21
darauf 1781,2351,84,22
schon 983,2383,73,22
wurde 1066,2383,78,23
er 1154,2389,25,17
o. 1189,2390,23,16
<EOS>
Professor. 1221,2383,124,23
<EOS>
Das 1356,2383,50,23
Vertrauen 1417,2384,126,23
seiner 1554,2383,73,24
Kollegen 1637,2385,114,26
liess 1760,2384,52,23
ihn 1823,2383,41,24
1947 985,2417,56,22
Rektor 1052,2416,88,24
der 1153,2418,40,21
ETH 1204,2418,63,22
werden; 1278,2416,100,28
seine 1391,2418,61,23
Reden 1466,2419,78,21
am 1555,2423,39,18
ETH-Tag 1605,2418,122,28
sind 1738,2418,52,23
noch 1801,2418,63,23
heute 982,2450,69,23
in 1072,2451,24,22
frischer 1118,2450,94,24
Erinnerung. 1234,2452,149,27
<EOS>
Von 1404,2452,53,23
den 1478,2452,46,23
Ehrungen, 1545,2452,130,27
die 1692,2452,37,23
Professor 1744,2452,119,24
Pallmann 983,2485,119,23
als 1114,2486,33,22
Fachmann 1160,2486,133,22
zuteil 1305,2485,68,24
wurden, 1384,2486,100,27
sei 1498,2486,31,23
nur 1542,2492,44,17
der 1597,2486,40,23
Ehrendoktor 1648,2487,163,22
der 1822,2486,42,24
Hochschule 982,2519,147,23
für 1140,2520,38,22
Bodenkultur 1188,2520,159,23
in 1358,2519,25,24
Wien 1393,2520,67,23
genannt. 1471,2523,106,24
<EOS>
Auch 1589,2520,69,23
sei 1669,2521,32,22
hingewiesen 1711,2521,152,27
auf 982,2553,42,22
das 1036,2553,41,23
Sonderheft, 1092,2553,143,28
das 1251,2554,40,22
die 1306,2554,36,22
SBZ 1356,2554,55,22
zu 1424,2561,30,16
seinem 1467,2554,86,23
60. 1566,2554,35,22
<EOS>
Geburtstag 1617,2554,139,27
heraus¬ 1770,2555,92,22
gegeben 983,2587,99,26
hat 1093,2587,41,23
(81. 1146,2587,44,28
<EOS>
Jahrgang, 1204,2587,120,28
Hefte 1339,2587,68,24
21 1419,2588,25,23
und 1459,2588,49,23
22). 1520,2588,45,27
<EOS>
Beilage: 982,2665,95,25
Tafel 1092,2665,60,26
39 1162,2666,27,20
862 59,2736,44,22
Schweiz. 1173,2749,87,16
<EOS>
Bauzeilung 1272,2749,109,20
* 1398,2755,6,7
63. 1419,2750,29,17
<EOS>
Jahrgang 1456,2749,95,22
Haft 1561,2749,42,19
47 1610,2751,22,17
¦ 1648,2756,6,7
26. 1669,2751,29,17
<EOS>
November 1708,2749,100,19
1965 1817,2750,43,17
<EOS>
<EOP>
