1974,2850
Was 185,439,116,44
zu 334,450,59,33
beweisen 188,543,254,45
war 466,553,97,34
<EOS>
<EOP>
<EOS>
<EOP>
¦ 1777,361,1,1
V 1786,360,6,9
..; 1799,362,11,7
<EOS>
<EOS>
<EOP>
V 780,430,73,81
l 730,514,46,114
11 1136,572,49,38
<EOS>
<EOP>
Flumser 213,806,271,97
Steinwolle 505,803,350,100
ist 920,851,58,46
elastisch, 1003,849,244,54
federnd 1282,848,208,47
und 1527,847,95,45
sackt 1658,846,138,46
nicht 191,975,127,43
zusammen. 351,984,303,35
<EOS>
Ueberdies 682,972,276,46
absolut 991,969,194,46
unbrennbar 1219,967,312,46
und 1565,966,94,45
kinderleicht 190,1055,310,45
zu 531,1066,59,33
verarbeiten! 624,1053,326,46
<EOS>
Von 1000,1052,103,44
Fachleuten 1139,1050,293,46
geschätzt, 1466,1046,268,56
von 189,1147,92,34
Bauherren 314,1137,279,44
gelobt, 628,1135,178,55
hat 843,1135,80,44
sich 954,1134,102,46
Flumser 1093,1134,214,45
Steinwolle 1340,1129,275,48
tausendfach 189,1218,327,45
bewährt! 553,1216,233,47
<EOS>
Schmelzwerk 1287,1237,240,30
Spoerry 1549,1236,143,33
AG 1712,1234,49,29
<EOS>
<EOP>
Flums 1286,1291,107,28
SG 1416,1289,49,29
Tel. 1496,1289,61,28
<EOS>
085 1580,1289,69,28
8 1671,1289,21,26
31 1705,1289,33,26
48 1753,1289,46,26
<EOS>
<EOP>
Siegfried 80,2132,299,70
Keller 406,2131,193,58
AG 614,2130,104,59
<EOS>
<EOP>
Telefon 83,2526,251,61
051 359,2528,110,58
93 499,2527,85,58
32 607,2527,85,56
32 716,2526,85,58
Wallisellen-Zürich 82,2606,613,59
<EOS>
<EOP>
Industrieverglasungen 1157,2124,745,71
Glasdächer 1157,2205,386,61
Vordächer 1155,2284,359,60
Shedfenster 1158,2364,418,60
Vertikalverglasungen 1157,2441,713,71
und 1162,2523,121,58
alles 1308,2522,152,58
was 1158,2615,137,44
dazugehört 1317,2598,386,72
<EOS>
<EOP>
Schweiz. 87,2748,87,16
<EOS>
Bauzeitung 186,2747,109,20
¦ 312,2754,4,4
83. 332,2748,26,16
<EOS>
Jahrgang 369,2747,92,20
Heft 473,2747,39,17
47 522,2747,20,16
• 559,2753,4,5
25. 579,2748,27,16
<EOS>
November 618,2747,99,16
1965 728,2747,42,16
<EOS>
<EOP>
31 1906,2732,21,19
<EOS>
<EOP>
