1970,2898
Süd 83,654,39,19
gelb 82,684,42,22
<EOS>
<EOP>
2. 137,654,18,20
<EOS>
Autobahn 179,654,104,20
Rotterdam 300,655,112,20
- 422,665,7,6
Den 439,656,40,20
Haag. 496,657,61,24
<EOS>
2 574,659,11,17
x 594,664,11,12
dreispurig, 616,657,117,25
Natriumdampflicht 751,659,206,24
rd. 147,684,27,21
<EOS>
48 189,687,24,17
Ix 229,686,16,18
<EOS>
<EOP>
vis. 610,1158,36,19
<EOS>
<EOP>
Bild 74,1295,42,20
den 74,1326,37,19
<EOS>
<EOP>
3. 133,1296,19,20
<EOS>
Autobahn 177,1296,103,21
Amsterdam 298,1297,126,20
- 433,1309,8,4
Haarlem, 450,1299,99,24
aussergewöhnlich 127,1328,197,22
dichten 340,1328,78,20
Verkehr. 435,1330,92,20
<EOS>
<EOP>
Natriumdampfiicht. 570,1300,211,25
<EOS>
Man 801,1302,44,20
beachte 865,1303,85,19
<EOS>
<EOP>
-a*?" 607,1666,36,14
<EOS>
<EOP>
Bild 69,1926,41,19
4. 130,1928,19,18
<EOS>
Brienenoord-Verzweigung 179,1928,284,25
in 487,1931,17,18
Rotterdam. 527,1931,120,21
<EOS>
Pro 670,1933,34,19
Mast 727,1933,53,19
24 801,1935,25,17
Natrium¬ 848,1935,96,20
dampflampen 69,1957,146,24
200 230,1958,39,20
W, 284,1959,26,23
mittlere 327,1959,85,20
Beleuchtungsstärke 429,1961,217,24
50 662,1964,25,18
Ix 703,1963,17,20
<EOS>
<EOP>
Bild 1012,91,41,18
1. 1068,92,17,19
<EOS>
Autobahn-Ring, 1114,91,170,24
nördlich 1298,91,90,21
von 1400,99,36,12
Köln. 1451,93,54,20
<EOS>
7 1519,95,11,17
km 1544,94,30,19
beleuchtete 1588,94,128,20
Strecke, 1731,96,90,22
AEG- 1835,95,56,20
System, 1012,121,86,24
in 1123,123,17,18
Längsrichtung 1165,122,155,24
rd. 1351,122,27,21
<EOS>
10 1405,125,24,17
m 1451,129,17,14
über 1493,124,48,19
der 1564,124,35,20
Fahrbahn 1622,124,101,21
aufgehängte 1755,126,136,24
Fluoreszenzlampen 1012,152,212,24
2 1238,154,12,18
x 1258,159,11,13
65 1278,155,25,18
W, 1312,154,27,22
Distanz 1354,154,81,19
der 1449,154,36,20
Leuchten 1499,154,99,20
rd. 1612,156,27,20
<EOS>
10 1655,157,25,18
m, 1692,162,25,17
Beleuchtungs¬ 1732,157,159,24
stärke 1011,182,68,20
21 1091,184,22,18
Ix 1130,183,17,19
<EOS>
<EOP>
Es 1065,248,31,21
ist 1103,247,29,22
nun 1139,254,48,16
nicht 1194,248,62,22
ein 1263,249,37,21
S 1309,250,12,20
teckenpferd 1326,250,143,26
des 1478,251,40,22
schweizerischen 1525,250,197,24
Perfektionis¬ 1729,252,161,24
mus, 1007,288,57,19
noch 1082,281,61,22
gar 1158,288,40,20
der 1214,282,40,22
Schweizerischen 1270,282,202,24
Beleuchtungskommission1) 1487,284,338,30
und 1840,288,49,22
allenfalls 1007,315,110,23
anderer 1133,315,96,23
Kreisel 1244,312,87,28
bei 1346,317,37,23
gewissen 1400,318,107,26
erhöhten 1522,318,112,23
Verkehrsleistungen 1648,319,240,29
auf 1006,349,42,21
der 1059,349,40,22
Autobahnbeleuchtung 1110,349,280,29
zu 1401,358,30,15
beharren, 1443,352,117,27
sondern 1573,354,100,21
eine 1685,355,51,21
Erkenntnis, 1742,355,145,28
die 1007,383,36,21
sich 1057,383,48,23
allenthalben 1119,384,154,22
in 1286,384,25,22
Europa 1325,385,93,26
Bahn 1433,386,66,22
bricht. 1513,386,80,23
<EOS>
Die 1609,388,45,22
deutsche 1668,388,108,23
Parade¬ 1791,389,97,22
strecke 1006,417,87,22
der 1118,417,40,22
Autobahnbeleuchtung, 1182,418,287,28
Köln-Leverkusen 1495,421,223,23
(2mal 1744,422,70,27
drei 1840,422,46,24
Spuren, 1006,450,95,27
richßmgsgetrennt), 1113,450,237,29
hat 1361,452,41,24
bereits 1414,453,81,23
eine 1506,454,51,23
Erweiterung 1567,456,154,27
erfahren, 1732,456,112,27
da 1857,458,31,21
nun 1005,490,47,16
ein 1064,484,37,22
Teil 1113,485,47,22
des 1172,484,39,24
nördlich 1224,486,102,22
um 1339,493,39,16
Köln 1390,488,64,21
herumführenden 1465,488,207,23
Autobahnringes 1685,490,201,27
nach 1005,518,60,22
den 1080,518,44,22
Vorschlägen 1140,520,155,26
der 1311,521,39,22
AEG 1365,521,67,23
beleuchtet 1447,522,127,22
wurde 1589,522,78,24
(Bild 1682,524,60,26
1). 1760,524,29,27
<EOS>
Dieses 1805,524,81,24
System 1006,552,87,26
benutzt 1104,552,93,23
die 1207,554,38,22
heute 1254,554,68,23
gebräuchlichen 1332,555,189,26
Fluoreszenzlampen 1532,556,242,29
65 1785,559,27,21
Watt 1823,559,63,23
als 1005,586,33,22
Lichtquellen, 1050,586,163,28
die 1227,588,36,22
in 1275,588,25,22
Doppelleuchten 1311,588,199,28
in 1521,590,25,22
einem 1557,590,75,23
Abstand 1643,591,107,24
von 1762,599,47,15
10 1823,593,27,22
m 1862,599,24,16
an 1004,627,31,15
einem 1045,620,75,23
Seflsystem 1130,620,129,29
in 1270,621,23,22
Längsrichtung 1305,623,181,27
über 1496,624,57,22
dem 1564,625,52,22
Mittelstreifen 1628,625,169,24
aufge¬ 1808,627,77,27
hängt 1003,654,71,27
sind, 1085,654,58,27
so 1155,661,26,16
dass 1192,655,53,22
je 1252,655,24,27
eine 1285,656,51,22
Röhre 1346,657,79,22
nach 1435,658,60,22
links 1505,658,60,23
und 1574,659,49,22
eine 1633,658,50,24
nach 1693,659,60,23
rechts 1763,660,75,23
die 1849,660,37,23
beiden 1005,688,80,22
Fahrbahnen 1102,688,154,23
beleuchtet. 1273,688,133,25
<EOS>
Die 1425,691,46,22
Vorteile 1488,692,100,23
sind 1604,693,52,22
bestechend: 1674,693,147,23
Die 1839,694,47,23
Leuchten 1002,722,116,22
wachsen 1127,721,106,24
in 1240,723,25,22
der 1274,723,41,23
Perspektive 1323,725,144,27
des 1476,726,40,22
Fahrer 1525,726,85,22
(Aufhängehöhe 1620,726,194,28
10 1825,728,28,22
m 1860,736,26,15
über 1004,756,54,21
der 1065,756,40,21
Fahrbahn) 1112,756,133,28
zu 1251,764,28,16
einer 1285,758,62,22
grandios 1353,759,108,26
führenden 1466,759,128,23
Lichtkurve 1600,760,137,23
zusammen, 1743,768,140,21
die 1002,789,37,22
weit 1053,790,51,21
voraus 1118,797,83,16
die 1215,791,38,22
Streckenführung 1267,791,209,29
erkennbar 1489,794,128,22
macht. 1631,795,84,22
<EOS>
Die 1730,796,46,22
Masten 1791,797,94,22
für 1002,824,36,20
das 1048,825,40,21
AufhängetStem 1097,820,210,31
sind 1316,826,51,22
60 1377,827,28,21
m 1413,833,24,15
weit 1446,827,53,22
auseinandergestellt 1506,828,238,27
und 1753,830,48,22
lassen 1810,831,74,22
die 1002,857,36,22
meisten 1060,858,94,22
Unterbrüche 1176,859,159,22
und 1356,861,49,22
konstruktiven 1426,861,174,23
Unregelmässigkeiten 1622,864,261,27
SillSigken 988,886,171,34
und 1168,892,48,22
überspringen. 1225,892,169,28
<EOS>
Da 1405,895,39,21
auf 1453,895,41,22
je 1498,895,24,27
8,50 1532,896,50,26
m 1590,903,25,15
Strecke 1624,897,92,22
eine 1725,897,49,22
Leuchte 1784,898,100,22
von 1000,930,48,17
je 1053,925,25,28
1,50 1089,926,50,26
m 1148,932,24,15
Länge 1180,927,78,26
folgt, 1267,926,65,27
ergibt 1342,928,74,26
sich 1424,928,48,23
eine 1482,929,50,22
beispielhafte 1541,930,157,27
Gleichmässig- 1708,931,176,27
keit 1001,958,47,22
desdüchtes 1061,959,142,24
auf 1216,961,42,21
der 1269,960,41,23
Fahrbahn, 1322,962,131,27
eine 1466,963,50,22
Gleichmässigkeit, 1530,963,219,28
die 1764,965,37,23
selbst 1814,966,69,22
minime 1000,992,94,23
Richtungswechsel 1111,993,223,28
der 1350,996,40,22
vorausfahrenden 1407,997,210,23
Fahrzeuge 1634,998,131,28
klar 1782,1000,50,22
er¬ 1848,1007,34,15
kennen 1000,1027,91,22
lässt. 1100,1027,61,23
<EOS>
<EOP>
Trotzdem 1057,1061,123,24
die 1195,1062,37,22
Fluoreszenzröhre 1245,1063,218,24
in 1477,1064,23,22
ihrer 1515,1065,59,22
normalen 1587,1067,120,22
Bauart 1720,1067,87,23
noch 1819,1068,62,22
keinen 999,1094,83,22
besonders 1094,1095,124,23
leistungsfähigen 1229,1096,201,28
Umsetzer 1442,1098,119,23
von 1572,1106,48,16
elektrischer 1631,1100,144,24
Energie 1786,1102,96,27
in 1000,1128,23,21
Licht 1035,1129,66,22
darstellt, 1113,1129,107,27
ist 1233,1130,29,22
der 1273,1130,40,22
mit 1324,1131,42,22
dem 1378,1131,52,22
AEG-System 1441,1133,165,26
beschrittene 1617,1134,151,23
Weg 1779,1136,57,26
als 1847,1137,33,21
einer 999,1162,62,22
der 1070,1162,41,23
erfolgversprechendsten 1120,1163,288,27
zu 1417,1173,29,15
betrachten. 1455,1165,140,24
<EOS>
<EOP>
Eine 1057,1196,56,22
bessere 1124,1196,88,23
Lichtausbeute 1221,1198,177,24
als 1407,1200,34,22
bei 1451,1200,36,23
den 1498,1201,44,22
Fluoreszenzlampen 1553,1201,243,28
bieten 1805,1203,76,23
die 999,1229,36,22
Quecksilberdampf 1045,1230,231,28
leuchten 1277,1232,105,23
mit 1390,1234,43,21
Fluoreszenzmantel 1442,1234,236,24
und 1686,1236,49,22
neuerdings 1744,1237,136,27
Quecksilberdampflampen 999,1263,321,30
mit 1334,1267,43,22
Beimischung 1389,1267,161,28
von 1565,1276,46,14
Halogenen 1625,1269,136,27
und 1775,1271,49,22
sel¬ 1838,1272,42,22
tenen 997,1300,69,19
Erden 1081,1298,76,22
direkt 1173,1298,74,23
im 1263,1300,33,22
Quecksilberentladungsrohr 1312,1300,340,29
an, 1668,1310,37,20
betragen 1723,1304,108,27
sie 1847,1306,33,22
doch 997,1331,61,23
schon 1070,1332,71,22
über 1154,1333,56,23
60 1222,1334,28,21
Lumen 1262,1334,88,22
pro 1361,1340,42,22
Watt 1416,1336,62,21
bei 1491,1336,35,22
der 1539,1337,39,21
erstgenannten 1590,1340,174,25
Art 1776,1339,43,22
und 1830,1339,48,22
bereits 997,1365,82,23
90 1090,1367,28,21
Im/W 1128,1366,71,27
bei 1208,1367,37,22
den 1256,1367,44,22
neuesten 1311,1372,108,19
Lampentypen 1429,1370,174,28
der 1612,1371,41,23
zweiten 1661,1372,95,22
Gattung. 1767,1372,111,28
<EOS>
<EOP>
Unübertroffen 1055,1400,181,23
bleibt 1246,1401,71,22
jedoch 1325,1402,86,26
die 1422,1403,37,22
Lichtausbeute 1469,1404,177,23
bei 1656,1405,36,22
den 1704,1406,46,23
Natrium¬ 1760,1407,119,22
dampflampen, 997,1433,182,28
in 1187,1434,24,22
denen 1218,1435,74,23
pro 1299,1442,43,20
Watt 1350,1436,63,23
elektrische 1419,1437,133,24
Energie 1558,1438,96,28
bis 1661,1439,35,22
zu 1703,1447,29,14
150 1741,1440,42,22
Lumen 1789,1441,90,22
Lichtstrom 996,1466,139,24
erzeugt 1149,1472,91,23
wird. 1256,1469,61,23
<EOS>
Dieses 1334,1470,81,23
Licht 1431,1471,66,23
ist 1511,1472,30,22
nun 1555,1479,49,15
aber 1620,1473,55,23
nicht 1689,1473,64,23
nur 1768,1481,44,16
gelb 1827,1475,51,28
äOTSprechend 983,1501,176,32
der 1170,1501,41,24
Spektrallinie 1221,1502,158,28
des 1389,1505,39,22
Natriums, 1439,1505,126,27
sondern 1576,1507,100,23
darüber 1687,1507,99,24
hinaus 1795,1509,83,23
monochromatisch, 995,1535,233,27
d. 1244,1537,22,22
<EOS>
h. 1275,1537,24,23
<EOS>
es 1313,1544,25,16
wird 1351,1538,57,22
praktisch 1422,1539,117,26
nur 1552,1546,45,16
in 1610,1540,25,23
einer 1648,1541,62,23
Wellenlänge 1724,1542,154,28
erzeugt, 995,1572,96,23
und 1109,1570,48,22
die 1174,1569,38,23
sichtbare 1227,1571,113,22
Helligkeit 1356,1572,122,27
oder 1496,1574,56,22
Leuchtdichte 1568,1575,164,23
der 1748,1576,41,23
damit 1805,1576,73,24
beleuchteten 995,1602,156,24
Flächen 1168,1604,99,22
hängt 1282,1605,72,27
einzig 1369,1606,74,27
von 1458,1613,47,16
der 1521,1608,40,23
Reflektierbarkeit 1576,1609,213,23
dieses 1805,1610,72,23
gelben 994,1637,81,25
Schtes 1085,1632,93,29
ab. 1191,1638,37,22
<EOS>
Da 1242,1639,39,22
einerseits 1294,1639,114,24
das 1422,1641,41,23
Erkennen 1476,1642,122,23
von 1610,1648,48,17
farbigen 1670,1643,104,28
Gegen¬ 1787,1645,90,27
ständen 994,1670,97,23
bei 1102,1671,35,22
niedrigen 1149,1672,117,26
Beleuchtungsstärken 1276,1673,259,28
ohnehin 1546,1676,102,23
erschwert 1658,1678,120,22
ist 1788,1678,30,22
und 1827,1679,49,22
<EOS>
<EOP>
') 1049,1717,16,25
Vgl. 1080,1719,47,24
<EOS>
den 1141,1720,42,21
Bericht 1196,1720,85,22
über 1294,1721,53,21
deren 1360,1721,63,21
Tagung 1437,1724,90,24
vom 1538,1731,51,14
15. 1606,1726,30,19
<EOS>
Nov. 1650,1726,58,20
<EOS>
1963 1725,1726,50,21
in 1788,1726,21,21
SBZ 1824,1727,51,21
1964, 997,1749,57,23
H. 1066,1748,28,22
<EOS>
6, 1106,1750,19,23
S. 1136,1751,21,19
<EOS>
95; 1168,1751,36,24
ferner 1216,1751,69,21
frühere 1295,1752,85,21
Berichte 1390,1753,97,21
in 1497,1753,22,21
SBZ 1529,1754,51,21
1963, 1593,1756,58,23
S. 1663,1757,19,18
<EOS>
66 1695,1758,25,18
und 1731,1757,44,20
283. 1786,1758,46,18
<EOS>
Bild 997,1808,40,19
6. 1060,1810,19,19
<EOS>
Versuchsstrecke 1110,1809,185,22
der 1319,1813,35,19
Firma 1378,1813,61,19
«Novelectric» 1464,1814,151,22
in 1641,1817,18,18
Buchs 1684,1816,65,20
- 1758,1828,6,3
Dällikon. 1775,1818,98,19
<EOS>
Quecksilberdampflicht 997,1840,249,24
mit 1274,1843,36,19
Halogenen 1335,1842,116,26
im 1480,1846,25,18
Brenner, 1532,1846,94,23
Beleuchtungsstärke 1655,1847,218,24
14 997,1870,23,18
Ix. 1041,1869,22,21
<EOS>
Personenwagen 1085,1870,173,26
Marke 1278,1873,68,20
Volvo 1367,1875,59,18
mit 1448,1876,35,19
Abblendlicht. 1501,1876,147,21
<EOS>
Man 1670,1878,43,19
beachte 1736,1879,84,19
die 1841,1879,32,19
starke 995,1900,67,19
Blendwirkung 1078,1900,148,26
von 1240,1908,38,15
Abblendlichtern 1293,1904,175,22
bei 1483,1906,33,19
der 1530,1907,35,20
an 1578,1913,25,13
und 1618,1908,36,19
für 1670,1908,30,20
sich 1714,1909,43,20
genügen¬ 1773,1910,99,25
den 995,1930,36,19
Beleuchtungsstärke, 1052,1931,225,26
die 1296,1934,33,20
sogar 1348,1941,63,18
ein 1428,1937,33,20
Fahren 1480,1937,74,21
mit 1574,1939,36,18
Standlichtern 1627,1939,148,21
ermög- 1796,1941,77,24
lichen 996,1961,63,19
würde 1074,1963,66,19
<EOS>
<EOP>
870 58,2713,45,22
<EOS>
<EOP>
Schwatz. 1174,2731,88,18
<EOS>
Bauzeitung 1273,2732,110,22
* 1400,2740,5,7
83. 1421,2735,28,17
<EOS>
Jahrgang 1459,2734,93,24
Heft 1564,2736,40,17
47 1612,2736,22,17
- 1650,2743,5,5
25. 1671,2737,28,17
<EOS>
November 1710,2737,101,18
1965 1820,2739,43,17
<EOS>
<EOP>
