1970,2898
mehr 82,104,64,22
auf 157,103,42,23
Winter-Semester 207,103,208,22
1965-1966 427,102,128,22
in 565,102,24,21
Kraft 601,102,67,21
tretenden 678,100,118,24
neuen 806,106,75,16
Lehr- 891,99,68,22
programmes 83,144,157,21
herausgegeben.2) 248,136,209,27
<EOS>
<EOP>
Im 141,179,36,23
Jahre 185,179,66,22
1960 262,179,56,22
wurde 324,178,77,22
mit 410,177,41,23
der 459,178,40,21
Einführung 507,177,142,25
des 658,176,38,22
sogenannten 705,178,156,24
Grund¬ 869,174,93,22
kurses 83,213,79,22
und 171,213,48,22
der 229,213,41,22
ORL-Planungsfächer 279,211,266,27
ein 555,210,36,23
erster 600,213,71,19
Schritt 681,209,82,23
zur 772,215,41,16
Anpassung 822,209,139,26
des 84,248,40,22
Lehrprogrammes 135,247,215,26
an 361,252,30,16
die 402,246,37,22
dringenden 450,244,139,28
Forderungen 601,244,162,26
der 774,243,40,22
Zeit 826,242,49,23
getan. 886,245,74,24
<EOS>
Die 84,281,46,22
nunmehr 142,280,115,23
stattfindende 268,279,162,23
Veränderung 442,279,164,26
zeichnet 618,278,103,22
sich 733,276,49,24
dadurch 795,276,103,23
aus, 912,282,49,19
dass 86,316,52,22
in 146,315,23,22
vorausschauender 176,313,224,24
Weise 408,313,73,21
versucht 489,312,105,22
wird, 601,311,63,27
in 672,312,24,22
Richtung 704,311,116,26
der 827,311,41,22
sich 875,307,48,25
im 930,309,32,22
Berufsbild 86,348,126,23
des 233,349,40,21
Architekten 292,346,148,24
deutlich 461,346,99,22
abzeichnenden 580,345,183,22
Entwicklungs¬ 782,344,179,26
tendenzen 85,383,125,22
die 222,382,36,23
nötigen 269,381,94,27
Öffnungen 375,377,132,29
zu 518,387,29,15
schaffen. 559,378,109,24
<EOS>
Die 681,378,45,23
wesentlichen 737,378,159,22
Ver¬ 908,377,53,22
änderungen 85,417,146,25
gegenüber 246,416,127,26
dem 388,415,53,22
alten 455,415,61,22
Lehrprogramm 531,414,192,26
sind 737,412,51,23
kurz 803,412,56,22
zusam- 873,417,89,16
mengefasst 86,450,137,27
die 233,450,36,22
folgenden: 279,449,132,27
<EOS>
<EOP>
I. 514,482,18,22
<EOS>
Koordination 145,516,171,23
der 334,516,39,22
technischen 390,515,146,23
Unterrichtsfächer 553,514,221,23
mit 791,513,42,22
strengem 850,516,113,22
Aufbau.,auf 86,551,159,25
<EOS>
den 262,551,44,22
wissenschaftlichen 325,549,230,23
Grundlagen 573,549,149,26
der 742,548,39,22
Mathematik, 803,545,159,27
Statik, 87,585,81,27
Bauphysik, 179,584,139,28
Materialkunde 330,583,185,23
und 524,583,48,22
Physiologie. 583,582,150,27
<EOS>
Diese 744,581,70,23
Basisfächer 824,580,141,26
werden 86,620,92,22
im 191,619,33,22
1. 240,620,18,21
<EOS>
Jahreskurs 273,618,135,23
vermittelt. 421,616,128,23
<EOS>
Im 565,617,36,21
2. 615,617,21,21
<EOS>
und 644,616,49,22
3. 709,616,20,22
<EOS>
Jahreskurs 738,615,134,23
folgen 886,613,78,28
Tragwerke 86,653,134,27
und 240,652,50,23
Installationen, 311,651,178,25
bzw. 511,651,57,22
<EOS>
Fundationen 591,649,161,23
und 772,649,48,22
Statisches 842,648,122,23
Kolloquium. 87,686,159,28
<EOS>
Der 256,687,48,21
Konstruktionsunterricht, 313,684,313,26
die 635,683,37,23
Synthese 681,683,109,27
der 798,682,40,22
technolo¬ 847,682,117,22
gischen 88,721,91,27
Grundlagen 191,721,149,26
und 351,720,49,22
deren 411,720,70,21
Verarbeitung 492,718,164,26
im 667,717,32,22
Entwurf 710,716,105,23
und 825,716,48,22
dessen 886,715,79,22
Durcharbeitung 87,754,201,27
^feä 297,752,58,34
bis 365,753,36,23
zum 411,759,55,17
3. 477,754,21,21
<EOS>
Jahreskurs 506,752,135,23
ausgedehnt 651,751,141,26
und 802,750,50,22
in 862,749,25,23
enger 897,755,69,21
Zusammenarbeit 88,787,210,24
mit 308,787,42,22
der 360,787,39,22
Semesterarbeit 411,786,182,23
durchgeführt. 603,785,169,27
<EOS>
<EOP>
II. 511,828,29,21
<EOS>
Einführung 146,863,144,26
von 310,868,47,16
Wahlfächern 383,861,150,28
im 555,860,33,23
4. 607,861,22,21
<EOS>
Studienjahr 639,859,144,27
zur 803,865,41,16
Vervoll¬ 865,859,101,22
kommnung 88,897,145,27
der 247,897,42,22
Grundlagen 302,896,151,26
und 467,896,48,21
Vertiefung 531,894,132,27
des 677,894,41,22
Studiums 733,892,118,23
in 865,892,26,22
einer 904,892,64,22
Richtung 89,931,116,26
speziellen 216,930,118,28
Interesses 345,930,121,22
oder 478,929,55,22
besonderer 544,928,138,23
Neigung. 693,927,112,27
<EOS>
Gleichzeitig 819,925,147,28
Konzentration 89,964,183,23
des 281,964,40,22
Unterrichtes 330,964,156,22
auf 495,963,42,23
die 544,963,37,22
folgenden, 590,962,129,26
allgemein 730,960,118,27
gültigen, 859,958,105,29
wesentlichen 89,997,158,24
Grundzüge: 257,997,141,27
<EOS>
<EOP>
— 90,1046,29,3
Entwickeln 133,1031,140,24
und 289,1031,49,23
Vervollkommnen 354,1030,218,23
einer 588,1030,61,22
individuellen 665,1029,161,23
Entwurfs¬ 842,1027,125,23
<EOS>
<EOP>
methode 133,1066,107,23
anhand 257,1065,94,23
einer 367,1064,61,23
Reihe 446,1063,72,23
von 535,1070,47,16
sorgfältig 599,1063,118,28
aufeinander 734,1062,147,23
abge¬ 899,1062,66,25
stimmten 133,1100,115,23
Entwurfsproblemen 273,1099,246,26
mit 544,1097,42,23
zunehmender 609,1096,168,23
Komplexität. 801,1095,164,28
<EOS>
Intensivieren 134,1134,161,23
des 301,1134,39,22
systematischen 348,1131,184,28
Einbezugs 538,1131,127,27
der 671,1131,41,22
technischen 717,1129,146,24
Wissen¬ 869,1129,98,22
schaften, 135,1168,109,26
der 258,1168,40,22
Planung 311,1168,101,25
und 425,1166,48,22
der 486,1166,41,22
Geisteswissenschaften 539,1163,273,25
in 824,1163,24,22
der 862,1163,39,22
Ent¬ 914,1163,54,22
wurfsarbeit. 134,1201,148,22
<EOS>
<EOP>
— 91,1249,29,2
Solide 135,1235,77,22
Grundkenntnisse 222,1234,212,23
in 445,1234,23,22
Baukonstruktion. 478,1232,219,24
<EOS>
<EOP>
— 91,1283,30,2
ORL-Planung, 135,1269,183,26
aufbauend 325,1267,136,23
auf 470,1267,43,22
historischen, 520,1266,157,27
soziologischen, 688,1265,188,27
rechts¬ 884,1264,85,23
<EOS>
<EOP>
wissenschaftlichen, 135,1302,235,26
kulturgeographischen 380,1300,271,28
und 659,1300,49,22
verkehrstechnischen 717,1298,252,24
Grundlagen. 135,1337,156,26
<EOS>
<EOP>
— 91,1383,30,4
Geisteswissenschaftliche 135,1369,302,24
Fächer 460,1368,86,23
als 569,1368,34,23
unentbehrliche 626,1367,185,23
Grundlage 835,1367,134,25
jeder 133,1405,64,26
akademischen 206,1404,176,23
Arbeit. 390,1402,88,24
<EOS>
Die 151,1446,45,21
Vertiefung 205,1445,131,27
der 345,1444,40,23
Kenntnisse 396,1444,136,22
in 543,1444,21,21
einer 574,1444,62,22
speziellen 645,1442,118,28
Richtung 772,1442,116,26
durch 897,1441,72,22
3) 147,1502,16,24
Die 179,1499,41,22
Broschüre 232,1500,120,21
kann 362,1500,59,21
gegen 434,1505,65,19
Einsendung 513,1499,136,23
von 660,1505,44,14
Fr. 717,1499,35,20
<EOS>
3.— 765,1498,49,20
<EOS>
beim 825,1497,57,20
Sekre¬ 895,1498,72,18
tariat 91,1531,64,21
des 173,1532,36,20
Vorstandes 227,1531,131,20
der 375,1530,38,20
Abteilung 431,1530,115,24
I 563,1530,10,20
(Architektur) 591,1528,155,26
der 765,1527,37,21
Eidg. 820,1527,60,25
<EOS>
Techn. 887,1527,80,21
<EOS>
Hochschule 92,1561,139,21
in 240,1562,20,19
Zürich 271,1561,78,20
bezogen 359,1560,95,24
werden. 463,1560,92,20
<EOS>
<EOP>
die 1006,98,36,22
Wahlfachkurse 1050,98,189,22
geschieht 1245,96,116,28
demnach 1367,96,113,23
von 1487,102,46,16
der 1541,96,41,22
Grundlage 1588,95,134,26
einer 1729,94,62,22
soliden 1797,93,89,23
allgemeinen 1006,132,148,26
Architekturausbildung 1173,130,285,27
aus. 1476,135,50,17
<EOS>
Die 1545,129,47,23
Überbewertung 1610,124,197,31
eines 1825,127,62,23
speziellen 1007,167,118,26
Gesichtspunktes 1136,164,204,28
soll 1350,164,44,22
dadurch 1404,163,103,23
verhindert 1516,163,130,22
werden. 1655,163,98,22
<EOS>
<EOP>
Für 1064,201,47,21
die 1119,200,37,22
Wahlfachvorlesungen 1164,198,272,26
stehen 1444,196,78,24
6 1532,198,13,20
Wochenstunden 1554,196,201,23
oder 1764,196,56,22
40% 1827,195,60,28
der 1007,234,40,22
Vorlesungszeit 1057,233,182,26
des 1249,233,40,22
letzten 1298,233,83,21
Studienjahres 1391,231,169,27
zur 1569,237,41,16
Verfügung. 1620,230,139,27
<EOS>
Folgende 1770,229,116,28
drei 1007,267,46,23
Fach-Richtungen 1065,268,217,25
sind 1292,265,51,24
vorläufig 1353,265,113,26
vorgesehen: 1474,265,149,26
<EOS>
<EOP>
— 1008,315,28,2
Gebiete 1052,301,96,22
der 1158,301,40,22
Kunstgeschichte, 1208,299,211,28
der 1431,300,40,21
Soziologie 1482,299,128,26
und 1620,299,46,21
der 1678,298,41,22
Planung. 1727,298,110,26
<EOS>
<EOP>
— 1006,349,30,2
Spezielle 1051,334,108,28
Gestaltungsprobleme. 1168,334,274,27
<EOS>
<EOP>
— 1006,383,29,2
Spezielle 1051,369,107,27
Kapitel 1168,368,93,27
aus 1269,374,42,16
dem 1320,368,53,21
Bereich 1382,367,94,22
der 1484,367,40,22
technischen 1532,366,146,23
Wissenschaften. 1687,365,199,24
<EOS>
<EOP>
m. 1421,409,41,22
<EOS>
Ein 1067,444,43,22
weiterer 1121,444,100,22
Aspekt 1232,443,90,27
der 1333,443,40,22
Neuerungen 1383,443,154,25
bezieht 1549,440,88,24
sich 1648,441,49,23
auf 1708,441,42,22
die 1759,440,38,23
Unter¬ 1810,442,78,21
richtstechnik: 1008,478,167,22
<EOS>
<EOP>
Nach 1067,511,68,23
der 1146,512,39,21
bisherigen 1196,511,128,27
Ordnung 1336,510,113,27
war 1460,516,46,16
ein 1517,509,37,23
Jahreskurs 1565,509,134,23
stets 1710,511,55,21
den 1776,509,45,21
zwei 1832,507,55,23
gleichen 1008,545,101,28
Entwurfs-Professoren 1121,544,271,23
fest 1403,544,44,22
zugeteilt. 1458,544,112,27
<EOS>
Die 1582,542,46,24
neue 1638,549,59,17
Regelung 1710,543,116,26
hin¬ 1836,542,51,22
gegen 1010,586,70,20
sieht 1092,579,58,23
vor, 1162,585,48,20
dass 1223,579,53,22
ein 1288,578,37,22
Professorenteam 1336,578,208,22
sukzessive 1556,577,128,22
den 1695,577,45,22
Zyklus 1752,576,84,27
des 1849,576,40,22
2. 1009,615,21,21
<EOS>
bis 1040,614,35,22
4. 1085,614,22,22
<EOS>
Jahreskurses 1117,612,158,23
durchläuft. 1286,612,137,23
<EOS>
Der 1435,612,50,22
Kontakt 1496,611,108,22
zwischen 1612,610,114,23
Schüler 1736,610,94,22
und 1839,610,50,22
Lehrer, 1009,648,91,25
der 1111,648,40,22
für 1160,647,39,22
einen 1207,647,67,22
individuellen 1284,646,161,23
Unterricht 1455,644,133,23
unentbehrlich 1596,643,174,23
ist, 1779,643,35,28
kann 1825,643,64,22
dadurch 1009,682,104,22
intensiviert 1124,681,138,22
werden. 1272,680,97,23
<EOS>
Gleichzeitig 1381,679,149,27
ergibt 1539,678,74,27
sich 1622,678,49,23
die 1681,678,38,22
Möglichkeit, 1730,677,157,27
das 1011,715,41,22
Programm 1069,715,134,27
der 1220,715,41,22
Entwurfsaufgaben 1277,714,229,26
über 1523,713,57,22
grössere 1598,714,100,24
Zeiträume 1715,711,130,23
zu 1860,717,31,16
disponieren. 1011,749,151,26
<EOS>
Dem 1181,750,61,20
Studenten 1262,748,123,22
bleibt 1404,747,72,23
die 1493,747,38,22
Freiheit 1547,746,100,23
in 1664,746,24,22
der 1705,747,41,21
Wahl 1764,745,67,22
der 1849,745,42,22
Professoren 1010,783,147,22
erhalten, 1163,781,110,28
indem 1280,781,79,23
er 1365,788,24,15
nach 1396,781,60,22
wie 1464,781,42,22
vor 1512,787,43,16
zwischen 1561,780,113,23
zwei 1681,780,54,22
Professoren 1742,779,148,22
innerhalb 1010,817,119,22
eines 1140,816,61,23
Kurses, 1212,817,94,25
oder, 1317,815,63,27
durch 1393,815,72,22
Einschalten 1475,814,146,23
der 1632,814,40,23
Praxis, 1683,813,83,26
zwischen 1777,813,113,23
den 1011,851,46,22
zwei 1069,851,54,21
Professoren 1137,851,146,21
des 1296,850,41,22
übers 1349,849,68,23
Jahr 1429,849,57,22
nachrückenden 1498,848,190,23
Kurses 1703,849,85,20
wählen 1803,847,88,22
kann. 1011,885,70,22
<EOS>
<EOP>
Das 1068,919,50,22
Praktikumsreglement 1131,918,268,26
hat 1411,917,40,22
insofern 1463,916,102,23
eine 1576,916,51,22
Änderung 1639,911,126,30
erfahren, 1778,914,111,26
als 1011,953,33,22
mindestens 1060,952,138,23
6 1215,953,13,21
der 1245,952,39,22
vorgeschriebenen 1299,951,217,27
12 1532,951,28,22
Monate 1576,951,99,21
Praxis 1690,948,77,23
ununter¬ 1781,951,110,19
brochen 1011,986,102,23
an 1123,992,31,16
einer 1162,986,63,22
Arbeitsstelle 1234,985,155,23
absolviert 1398,984,123,23
werden 1529,984,92,22
müssen. 1630,985,100,21
<EOS>
<EOP>
* 1445,1025,13,14
Die 1069,1061,45,23
Erfahrungen 1124,1061,158,26
mit 1291,1060,43,22
dem 1343,1060,52,22
neuen 1405,1066,74,16
Lehrplan 1488,1059,115,27
müssen 1612,1060,92,21
nun 1714,1064,48,16
beweisen, 1771,1057,119,26
inwieweit 1011,1096,118,22
die 1150,1095,37,23
getroffenen 1208,1095,140,26
Massnahmen 1366,1094,165,22
geeignet 1552,1093,102,26
sind, 1674,1091,58,27
dem 1755,1092,53,21
über¬ 1825,1091,66,22
geordneten 1013,1129,138,28
Ziel 1161,1129,48,22
zu 1218,1135,30,16
dienen 1257,1129,83,22
- 1350,1140,15,4
ob 1373,1128,33,22
durch 1416,1127,72,23
eine 1497,1127,52,22
intensivierte, 1557,1126,159,26
wissenschaft- 1726,1124,166,23
lich 1014,1164,43,21
fundierte, 1076,1163,118,25
bautechnische 1207,1162,176,23
Ausbildung, 1400,1161,152,27
durch 1571,1160,72,23
(solide 1661,1160,82,27
allgemeine 1760,1158,133,27
Architekturausbildung 1012,1196,284,27
voraussetzende) 1306,1195,198,27
Forderung 1515,1195,133,26
besonderer 1659,1194,138,22
Veran¬ 1806,1193,86,22
lagung 1013,1232,83,26
und 1106,1231,49,22
schliesslich 1165,1229,137,24
durch 1312,1229,73,22
verbesserten 1394,1229,154,22
Einsatz 1557,1229,93,22
der 1660,1228,41,22
Lehrkräfte 1710,1226,135,24
ein 1855,1226,38,22
Beitrag 1013,1264,91,28
zur 1110,1272,41,15
Hebung 1158,1264,101,26
der 1267,1264,40,22
Qualität 1314,1263,103,26
unseres 1423,1269,93,16
Bauschaffens 1524,1262,163,22
geleistet 1694,1261,102,28
werden 1801,1260,93,23
kann. 1013,1300,71,22
<EOS>
<EOP>
Im 1072,1334,35,21
Bewusstsein 1117,1332,150,23
der 1278,1332,39,22
Notwendigkeit 1328,1330,186,27
ständiger 1523,1329,115,27
Evolution 1648,1328,125,23
muss 1783,1334,63,16
die 1856,1328,37,22
Diskussion 1013,1367,139,22
zum 1166,1372,54,17
Thema 1233,1366,88,23
Ausbildung 1335,1365,145,25
des 1494,1365,40,22
Architekten 1549,1362,148,25
offen 1712,1363,62,22
gehalten 1789,1362,104,27
werden, 1013,1401,98,26
bleibt 1123,1400,72,23
doch 1207,1400,62,22
eine 1278,1400,53,22
Reihe 1341,1399,74,23
von 1426,1405,47,16
Problemen 1484,1398,137,23
noch 1632,1397,63,23
zu 1705,1404,31,15
lösen: 1745,1396,76,23
Bau¬ 1833,1396,60,22
forschung, 1013,1435,132,26
Nachdiplom-Studium 1156,1433,273,28
- 1436,1445,15,4
um 1457,1438,42,17
nur 1512,1438,44,17
zwei 1569,1431,54,24
der 1638,1432,39,21
dringendsten 1692,1430,161,26
zu 1864,1436,32,15
nennen. 1013,1476,96,16
<EOS>
<EOP>
Adresse 1068,1525,92,21
des 1167,1525,37,20
Verfassers: 1210,1524,129,20
Prof. 1347,1523,57,20
<EOS>
H. 1411,1524,28,19
<EOS>
Ronner, 1449,1524,89,22
dipl. 1544,1521,52,26
<EOS>
Arch. 1603,1521,66,21
<EOS>
ETH, 1676,1521,66,24
8032 1748,1521,54,20
Zürich, 1808,1519,86,24
Steinwiesstrasse 1015,1555,186,21
52. 1211,1554,34,21
<EOS>
«Architects 94,1636,228,31
of 340,1634,39,32
Tomorrow» 395,1636,223,29
Notizen 97,1690,82,19
zur 194,1695,33,13
Wanderausstellung 240,1688,211,24
AA-School 465,1687,116,20
of 596,1687,20,19
London 630,1687,77,18
(Juni 722,1686,55,24
1965 792,1687,50,18
in 856,1687,19,18
der 888,1686,37,19
ETH) 936,1685,54,24
Von 96,1726,47,23
Architekt 157,1726,116,22
Prof. 286,1726,58,23
<EOS>
Heinz 358,1726,69,22
Ronner, 442,1726,95,24
ETH, 552,1724,56,26
Zürich 621,1724,80,22
<EOS>
<EOP>
Den 152,1775,53,20
regelmässigen 218,1773,172,26
Leser 404,1772,67,22
englischer 484,1771,124,27
Architekturzeitschriften 621,1770,298,23
be¬ 933,1770,38,22
sticht 94,1807,68,23
das 170,1807,42,23
hohe 220,1807,61,22
N 290,1808,22,20
i 317,1807,2,20
veau, 323,1813,63,18
auf 396,1806,43,22
dem 445,1805,54,23
aktuelle 505,1805,99,23
Architekturthemen 609,1803,238,24
allgemein 853,1803,119,27
behandelt 95,1841,122,23
weiden. 229,1840,97,23
<EOS>
Auffallend 337,1839,137,23
ist 485,1838,30,24
die 525,1838,38,23
vielseitige 574,1838,121,27
Bezogenheit 705,1837,153,27
der 868,1837,41,23
Dis¬ 920,1837,52,21
kussion: 97,1875,102,22
Soziale, 218,1875,94,25
philosophische, 329,1872,192,29
ökonomische, 538,1872,172,26
technologische 726,1871,184,27
und 925,1871,48,22
kunstgeschichtliche 97,1908,238,27
Gesichtspunkte 357,1907,193,27
sind 570,1906,51,23
im 642,1906,32,22
Spiel 695,1905,60,28
und 776,1905,48,23
ergründen 844,1905,128,27
Beziehungen 95,1942,158,27
von 269,1948,47,15
Bauwerk 333,1941,111,22
oder 461,1941,55,22
Einzelproblem 533,1940,182,27
in 732,1939,23,23
deren 773,1939,69,23
weitesten 858,1938,115,23
kulturellen 95,1976,136,23
Umgebung. 240,1974,146,28
<EOS>
Die 395,1974,47,23
Ausstellung 450,1974,148,27
über 606,1974,58,22
das 672,1974,43,22
Lehrprogramm 725,1974,189,26
und 924,1972,49,23
die 97,2010,37,23
Ausbildungsmethoden 144,2009,277,26
der 432,2008,40,22
AA-School 481,2007,140,23
lässt 631,2007,55,23
erkennen, 695,2007,121,27
mit 827,2007,43,22
welcher 879,2006,95,23
Sorgfalt 97,2044,99,27
die 208,2043,38,23
Tradition 257,2042,120,24
einer 389,2042,61,23
solchen 463,2041,93,23
Betrachtungsweise 570,2040,228,28
architektoni¬ 812,2040,161,23
schen 97,2078,68,23
Schaffens 177,2076,117,24
in 306,2076,24,23
Grossbritannien 342,2075,202,25
gepflegt 555,2076,97,26
wird. 665,2074,62,23
<EOS>
<EOP>
Wohl 154,2111,70,23
das 236,2111,42,23
augenfälligste 290,2110,171,27
Merkmal 474,2109,115,23
des 602,2109,40,23
Schulbetriebs 655,2109,166,21
liegt 835,2109,51,25
darin, 900,2107,72,27
dass 98,2146,52,21
der 159,2145,40,22
Student 207,2145,96,22
seine 311,2145,61,22
Arbeit 380,2144,81,23
am 468,2150,39,17
Schluss 515,2143,90,24
des 615,2143,39,22
Semesters 663,2143,121,22
vor 792,2148,43,16
einer 842,2141,62,23
Jury, 912,2141,62,27
bestehend 97,2178,124,23
aus 232,2185,42,16
Professoren, 286,2178,153,27
praktizierenden 452,2177,194,28
Architekten, 660,2176,154,26
Spezialisten 828,2174,146,29
und 96,2212,49,23
sogar 155,2219,67,20
Laien 232,2211,70,24
zu 312,2219,29,16
präsentieren 351,2211,153,28
und 513,2211,48,23
zu 572,2217,29,17
verteidigen 610,2210,137,27
hat. 757,2210,46,22
<EOS>
Er 815,2211,31,20
wird 855,2209,56,23
dem 921,2209,54,23
heilsamen 97,2246,125,23
Zwang 237,2247,86,26
unterworfen, 340,2246,158,25
seine 515,2245,61,22
Beweggründe 591,2244,168,28
zu 775,2250,28,16
formulieren, 820,2243,154,26
diffus 99,2281,67,21
Gefühltes 177,2280,119,23
zu 306,2287,29,16
präzisieren, 344,2279,143,27
Wertigkeiten 498,2278,160,27
zu 667,2284,30,16
argumentieren, 706,2278,187,27
lauter 903,2277,73,23
Tätigkeiten, 97,2314,149,28
die 262,2314,39,23
wohl 315,2313,62,23
Bestandteile 392,2313,152,23
des 560,2312,39,23
Entwurfvorganges 615,2311,229,27
sind 860,2311,51,23
und 926,2311,49,22
wesentlich 98,2348,129,23
die 241,2348,38,23
Qualität 294,2347,102,28
eines 411,2347,61,23
Projektes 488,2346,115,28
mitbestimmen. 619,2345,184,24
<EOS>
Im 819,2345,35,22
Rahmen 870,2344,106,23
der 98,2382,41,23
in 156,2382,24,23
kontinentalen 198,2382,173,23
Schulen 390,2381,98,24
gebräuchlichen 507,2380,186,28
Schlusskritik 715,2378,160,24
jedoch 891,2378,85,28
findet 98,2416,71,23
eine 182,2416,50,23
derartige 246,2416,110,27
Sammlung 369,2416,134,27
der 516,2415,40,23
Gesichtspunkte 570,2415,191,25
und 775,2413,48,23
Argumente 837,2413,140,26
im 100,2450,30,22
Gespräch 146,2449,120,28
zwischen 279,2449,113,24
Student 406,2449,98,23
und 517,2449,49,22
den 582,2448,45,23
Vertretern 641,2449,130,22
verschiedenster 786,2446,192,24
Disziplinen 98,2483,142,28
üblicherweise 253,2483,167,24
kaum 434,2483,71,23
Platz. 519,2483,67,21
<EOS>
Die 605,2482,41,22
Vorzüge 660,2482,105,27
dieser 779,2481,72,23
Methode 865,2480,112,23
der 98,2518,41,23
Arbeitsbesprechung 152,2517,248,28
für 411,2517,38,23
den 461,2517,45,23
Studenten 519,2516,125,24
sind 657,2515,52,24
im 721,2515,33,23
Hinblick 765,2515,110,22
sowohl 889,2514,87,23
auf 99,2552,42,23
die 151,2552,36,23
Bewertung 197,2554,133,25
der 340,2553,40,21
eigenen 389,2552,94,27
Fähigkeiten 492,2550,148,28
als 654,2550,33,23
auch 700,2550,59,22
auf 770,2549,41,22
die 820,2549,36,21
Entwick¬ 865,2548,113,22
lung 101,2587,53,26
einer 167,2586,61,23
sicheren 240,2586,102,23
und 357,2587,44,20
individuellen 418,2586,158,21
Arbeitsmethode 591,2584,199,23
offensichtlich. 805,2583,170,21
<EOS>
Die 97,2620,47,23
Gewohnheit, 159,2620,159,27
mit 335,2620,42,22
Vertretern 395,2620,129,22
verschiedener 544,2618,169,24
Spezialgebiete, 732,2616,183,29
mit 936,2615,42,23
Praktikern 98,2654,134,23
und 249,2653,49,24
Laien 316,2653,71,23
über 406,2653,55,23
ein 479,2653,37,22
Architekturprojekt 537,2653,234,26
zu 787,2658,28,16
diskutieren, 831,2648,146,29
<EOS>
<EOP>
DK 1750,1634,44,20
378.972 1807,1633,88,21
<EOS>
<EOP>
dürfte 1017,1768,75,22
auch 1107,1766,60,24
eine 1180,1765,52,24
ausgezeichnete 1246,1765,184,28
Vorbereitung 1444,1764,167,26
auf 1626,1763,42,23
die 1681,1763,38,22
spätere 1732,1763,89,26
Aus¬ 1836,1762,60,22
übung 1017,1802,79,26
des 1107,1802,39,22
Berufes 1158,1801,92,21
sein. 1262,1801,54,21
<EOS>
Gibt 1329,1799,58,23
es 1397,1806,24,16
doch 1433,1797,61,24
kaum 1504,1798,71,22
eine 1585,1797,51,23
Phase 1647,1797,73,22
in 1730,1796,23,23
der 1764,1796,40,22
Arbeit 1815,1795,82,23
des 1018,1836,39,22
Architekten, 1066,1836,154,24
die 1229,1834,38,23
nicht 1278,1833,64,24
in 1352,1833,26,23
irgend 1388,1833,79,27
einer 1478,1832,64,23
Hinsicht 1552,1830,107,24
das 1670,1830,43,23
Gespräch 1725,1830,117,26
mit 1853,1829,44,23
Fachleuten 1019,1869,138,22
oder 1167,1869,56,22
Laien 1233,1868,71,22
verlangt. 1315,1868,107,25
<EOS>
<EOP>
Im 1075,1903,37,22
obigen 1126,1902,84,28
Zusammenhang 1224,1901,201,27
ist 1439,1900,30,23
ferner 1483,1900,75,23
die 1572,1899,38,23
Auffassung 1624,1898,142,26
vom 1781,1903,54,16
Ge¬ 1851,1897,46,22
schichtsunterricht 1018,1935,222,24
bemerkenswert. 1251,1935,196,22
<EOS>
Die 1459,1935,45,21
AA-School 1517,1933,138,23
weitet 1668,1932,74,23
das 1753,1931,42,23
histori¬ 1806,1930,91,24
sche 1018,1971,54,22
Gesichtsfeld 1085,1969,154,27
über 1252,1969,58,22
die 1323,1969,38,22
Betrachtung 1374,1968,154,27
der 1542,1968,41,22
Kunstgeschichte 1596,1965,206,28
hinaus 1814,1964,84,23
auf 1019,2004,44,23
Technologie, 1078,2003,160,27
Ökonomie, 1258,1999,138,30
die 1416,2002,37,23
sozialen 1471,2002,100,22
Entwicklungen 1589,2000,188,27
und 1794,1999,48,23
die 1862,1998,37,23
Philosophie; 1019,2037,155,28
ein 1189,2037,36,22
Indiz 1238,2037,65,22
dafür, 1316,2036,74,27
wie 1403,2036,43,22
ernsthaft 1458,2035,112,23
Architektur 1582,2035,148,22
als 1742,2033,33,23
Bestand¬ 1788,2032,110,24
teil 1019,2072,38,23
eines 1073,2073,60,21
grösseren 1149,2073,118,26
kulturellen 1282,2070,136,23
Zusammenhangs 1433,2069,211,27
gesehen 1661,2068,97,28
wird. 1772,2067,64,23
<EOS>
Die 1852,2066,46,23
<EOS>
<EOP>
-Momentaufnahme- 1023,2147,219,19
aus 1262,2151,37,15
einer 1318,2146,55,18
Preisgerichts-Sitzung 1393,2145,236,22
<EOS>
<EOP>
1 1023,2289,40,49
\n 1024,2332,54,28
<EOS>
<EOP>
1 1466,2471,40,39
<EOS>
<EOP>
864 101,2735,44,20
Schweiz. 1214,2734,86,16
<EOS>
Bauzeitung 1313,2733,109,19
* 1439,2737,7,7
83. 1461,2733,27,15
<EOS>
Jahrgang 1498,2731,94,22
Heft 1602,2731,41,16
47 1651,2731,22,16
• 1688,2736,7,7
26. 1710,2731,28,16
<EOS>
November 1749,2730,102,17
1965 1859,2731,43,16
<EOS>
<EOP>
