1970,2898
Verleihung 80,110,216,35
des 323,110,68,30
«Prix 410,108,104,31
d'Athenes» 531,108,221,30
durch 770,105,114,31
die 910,104,59,31
Union 997,104,114,31
Internationale 1133,102,284,33
des 1434,102,68,31
Architectes 1521,100,233,31
(UIA) 1773,93,102,48
<EOS>
<EOP>
DK 1765,152,45,20
727.3 1825,151,60,20
<EOS>
W 1134,202,30,20
<EOS>
<EOP>
JN1VER51TE 1348,427,93,11
<EOS>
<EOP>
ifc'1!!^ 1476,433,200,31
<EOS>
lPF 713,439,29,12
<EOS>
<EOP>
£ 683,570,22,28
a 770,568,32,29
<EOS>
<EOP>
hk 1144,623,27,12
<EOS>
<EOP>
S 1556,632,50,39
<EOS>
<EOP>
MEN 347,714,32,12
<EOS>
<EOP>
SHi 430,750,41,18
<EOS>
<EOP>
J/—1 617,802,65,20
<EOS>
<EOP>
m 1085,835,45,27
wr' 1090,872,62,23
<EOS>
<EOP>
nui 982,958,34,13
<EOS>
<EOP>
tfc^r 1070,967,44,11
BEÜ 608,1009,27,11
<EOS>
<EOP>
SRiBtN 1028,1052,63,17
sav-t» 955,1063,51,16
<EOS>
<EOP>
<EOS>
T 1211,1076,7,10
1 1268,1071,6,14
\ 1282,1074,5,13
r-1-« 1102,1097,182,44
r 1324,1104,38,36
0 1633,1100,10,12
5 1654,1100,7,11
10 1671,1100,16,11
20 1705,1099,18,12
30 1748,1099,18,11
40 1787,1098,20,12
50m 1830,1097,36,13
<EOS>
<EOP>
Situation 90,1193,98,19
1:1250 205,1193,73,18
Erläuterungen 88,1249,153,22
LES 92,1293,27,13
ATELIERS 141,1292,75,13
CT* 235,1289,22,17
LES 269,1291,27,15
TERRASSES 316,1290,92,14
QUI 427,1290,27,14
FORMENT 479,1289,76,13
LE 572,1289,18,13
GRAND 620,1288,53,13
HALL 699,1289,41,12
<EOS>
<EOP>
INDIVIDU 182,1524,64,12
GROUPE 295,1524,63,12
COMMUNAUTE 407,1522,110,13
<EOS>
<EOP>
UN 98,1600,21,14
PIAFOND 135,1600,71,14
DE 219,1600,17,12
LUMIERE 250,1599,68,14
SURVOLE 343,1599,70,13
L" 439,1599,10,13
ENSEMBLE 454,1598,84,13
<EOS>
<EOP>
LA 1480,1290,19,13
PENTE 1511,1289,50,14
VIERGE 1574,1288,71,15
I 1019,1337,37,52
<EOS>
<EOP>
i 1345,1528,37,37
<EOS>
<EOP>
CONTENANT 1597,1500,95,13
LES 1712,1498,29,13
FUNCTIONS 1600,1521,87,14
COMMUNES: 1705,1519,97,13
AUDiTOIRES 1602,1541,91,17
BIBliOTHEGUE 1600,1565,115,17
EX 1603,1592,18,12
POSITION 1624,1590,69,14
5 1696,1591,7,12
'•>.:; 1750,1594,46,16
<EOS>
Ü 1800,1584,7,25
DES 1603,1613,28,13
CONTACTS 1642,1611,82,14
A1SES 1737,1610,45,14
GARE 1602,1637,42,12
DE 1658,1634,20,14
METRO 1696,1633,53,15
<EOS>
<EOP>
DETACHE 1456,1767,71,14
DES 1456,1792,29,12
TERRASSES 1500,1791,92,12
LE 1367,1815,17,14
BÄTIMENT 1405,1815,77,12
SERPENT 1505,1814,75,14
AVEC 1329,1841,35,12
LES 1379,1840,27,13
ATELIERS 1428,1839,77,14
<EOS>
<EOP>
CABINETS 1604,1830,78,15
DE 1710,1830,21,13
TRAVAIL 1756,1829,63,13
<EOS>
<EOP>
Modellansfcht 92,1911,156,20
aus 263,1916,37,14
Südwesten 316,1911,118,19
<EOS>
<EOP>
•$*» 439,2002,29,16
<EOS>
<EOP>
**m 205,2127,32,13
<EOS>
<EOP>
•ßk 777,2159,46,32
<EOS>
<EOP>
*£gmkk 989,2190,64,19
m 1140,2198,59,41
m 1096,2247,27,14
<EOS>
<EOP>
«** 1421,2432,28,18
uta 635,2480,32,12
<EOS>
<EOP>
*r 1793,2493,29,16
*»- 1693,2493,29,18
»k» 1236,2500,32,19
LT 411,2539,168,114
Jß 1297,2554,87,53
<EOS>
<EOP>
k 920,2594,26,38
A 666,2612,41,30
A 594,2654,37,28
*A 878,2653,66,27
866 94,2736,43,22
Schweiz. 1209,2737,87,19
<EOS>
Bauzeitung 1307,2739,110,21
• 1434,2745,5,6
83. 1455,2739,28,17
<EOS>
Jahrgang 1493,2738,93,22
Heft 1598,2739,40,17
47 1646,2740,22,16
• 1684,2746,5,5
25. 1705,2739,28,17
<EOS>
November 1744,2737,101,19
1965 1854,2739,43,16
<EOS>
<EOP>
