1974,2850
2 146,540,24,27
£sE 137,572,60,34
•H 147,606,51,32
ra» 652,605,51,20
<EOS>
<EOP>
^•^t^ 537,630,146,35
IE 77,715,40,28
iTTrr.c»k: 597,732,108,17
<EOS>
33i 80,803,55,29
rrrriTTTK; 588,798,103,19
<EOS>
<EOP>
:i...::u*a 588,818,118,17
<EOS>
c^iiy^i^fc* 533,877,176,23
m 444,926,80,38
arj 80,1016,38,27
<EOS>
<EOP>
F 525,1085,31,30
<EOS>
<EOP>
...t. 467,1157,46,11
<EOS>
<EOP>
rr- 531,1187,26,14
<EOS>
<EOP>
<•:¦: 864,1199,33,14
'h. 146,1216,45,46
<EOS>
i?w» 268,1244,46,18
<EOS>
<EOP>
* 197,1262,26,25
<EOS>
<EOP>
bietet 70,1427,75,22
als 164,1427,33,23
solider 218,1427,89,22
Mehr¬ 326,1427,78,22
zweckkessel 69,1460,158,23
schweizeri¬ 259,1460,146,23
scher 70,1494,66,22
Herkunft 157,1493,111,25
für 288,1494,35,22
Win- 341,1495,63,22
lerarbeiten 69,1527,142,23
im 248,1530,29,20
Bauge¬ 314,1529,91,27
werbe 70,1560,79,23
bei 165,1561,40,23
konkurrenzlo¬ 222,1561,182,22
sem 70,1602,47,14
Preis 135,1595,60,21
eine 212,1596,56,20
maximale 282,1594,123,22
Leistung 69,1629,109,27
Der 69,1704,44,21
OBERBURG-Hoch- 160,1703,243,23
leistungskessel 69,1737,191,27
ist 290,1738,27,21
auch 345,1737,59,22
als 69,1770,32,22
Vollautomal 122,1770,158,22
mit 301,1772,39,20
Dü- 361,1772,43,20
sen-Oelbrenner 69,1803,205,24
u. 295,1812,21,14
<EOS>
auto- 337,1808,67,18
maf. 69,1839,50,21
<EOS>
Wasserspeisung 137,1839,208,28
lie¬ 364,1838,41,22
ferbar. 69,1871,83,23
<EOS>
<EOP>
Technische 69,2032,142,22
Beratung 226,2034,114,26
und 356,2033,47,22
.inverbindliche 69,2065,192,23
<EOS>
Probevor- 274,2066,130,22
lührung 69,2098,99,28
durch 185,2098,73,23
<EOS>
<EOP>
NOTTARIS 344,2450,228,42
& 597,2450,25,42
WAGNER 648,2451,195,42
Eisengiesserei 343,2523,167,20
& 527,2524,17,16
Ofenfabrik 560,2523,131,16
Gegr. 719,2524,66,20
<EOS>
1842 800,2523,45,17
Oberburg-Burgdorf 341,2559,241,20
Telefon 600,2559,89,16
(034) 706,2559,53,22
2 776,2559,10,16
3011 793,2559,49,16
<EOS>
<EOP>
Säulen 1074,98,839,337
BOXÜULTRA 1263,478,346,72
<EOS>
<EOP>
I 1558,1060,31,41
1 1626,1060,15,40
<EOS>
<EOP>
BOX 1520,1590,101,54
0 1642,1588,56,57
STAHL 1715,1588,148,56
<EOS>
<EOP>
34 67,2729,28,20
<EOS>
<EOP>
des 1278,1786,193,141
<EOS>
<EOP>
„ 1076,2056,75,40
<EOS>
<EOP>
modernen 1364,1919,537,143
Bauens 1075,2056,399,139
Immer 1080,2217,121,28
mehr 1217,2215,97,30
fortschrittliche 1328,2214,287,30
Fachleute 1631,2213,187,31
ver¬ 1832,2222,72,22
wenden 1078,2255,148,28
für 1234,2254,55,29
Eisenbetonkonstruktionen 1297,2253,511,30
aller 1819,2253,85,29
Art 1079,2294,56,28
die 1163,2292,57,30
hochwertigen, 1250,2292,271,35
naturharten 1546,2292,223,29
BOX- 1801,2291,102,30
Stähle. 1078,2332,130,29
<EOS>
Umfassende 1080,2369,240,30
Versuche 1330,2368,181,31
haben 1526,2368,115,30
die 1654,2368,57,30
besonde¬ 1726,2367,178,31
ren 1080,2416,58,22
bautechnischen 1154,2407,305,31
Vorteile 1471,2407,149,30
klar 1633,2406,74,30
erwiesen: 1718,2407,185,29
Optimaler 1079,2447,191,36
Verbund, 1292,2446,172,33
erhöhte 1487,2444,147,31
Brandsicher¬ 1656,2445,248,30
heit, 1080,2486,78,34
Schweissbarkeit 1173,2484,322,31
ohne 1509,2484,94,30
Festigkeitsein¬ 1619,2483,284,37
busse, 1079,2525,124,33
grosse 1229,2531,131,28
Materialzähigkeit, 1385,2522,339,36
höchste 1749,2522,154,30
Festigkeit: 1080,2561,201,37
BOX-ULTRA. 1298,2560,254,31
<EOS>
MONTEFORNO 1076,2609,826,80
STAHL- 1075,2699,149,31
UND 1237,2700,90,31
WALZWERKE 1340,2700,261,31
A.G. 1615,2701,82,30
<EOS>
BODIO/TI 1711,2700,190,34
<EOS>
<EOP>
