1974,2850
mm 941,119,23,11
<EOS>
<EOP>
Drahtseile 95,447,394,66
<EOS>
<EOP>
*r 352,825,110,64
<EOS>
<EOP>
Zuverlässigkeit 513,1059,263,32
begründet 513,1101,176,30
das 703,1102,59,23
Vertrauen 510,1141,166,24
in 693,1142,28,24
unsere 737,1149,115,19
Produkte 512,1181,156,26
<EOS>
<EOP>
Schweizerische 521,2424,374,36
Seil-Industrie 521,2480,324,37
AG 860,2482,69,37
Schaffhausen 521,2537,324,38
Telephon 524,2629,156,29
053/54241 696,2629,192,24
<EOS>
<EOP>
zeitgemäss 1248,155,657,127
bauen 1248,278,356,104
<EOS>
<EOP>
solomatic 1089,565,86,17
Raff- 1184,565,43,17
und 1089,606,33,16
Rollstoren 1132,605,91,17
alu-color 1088,657,83,17
Aluminium- 1086,699,105,16
rolladen 1087,743,73,16
Jalousieladen 1086,784,126,17
Sonnenstoren 1088,834,125,18
Stoffrouleaux 1086,878,122,17
I 1081,897,5,32
1 1234,896,8,33
Holz-und 1088,931,86,16
Stahl¬ 1184,930,55,17
blechrolladen 1088,973,123,17
Roll- 1087,1015,42,16
und 1140,1015,33,16
Scherengitter 1085,1058,124,19
—Il 1024,1085,61,23
il—7 1234,1085,105,31
Kipp- 1086,1110,50,19
und 1146,1110,34,16
/ 1300,1108,25,18
Schwenktore 1086,1151,118,17
X 1261,1142,30,25
<EOS>
<EOP>
/\ 1876,513,29,37
<EOS>
<EOP>
S 1621,663,38,25
Zk 1621,760,39,35
z 1514,812,108,102
<EOS>
<EOP>
•Zk 1085,1314,39,27
Verdunkelungs¬ 1084,1383,145,20
anlagen 1084,1423,72,20
holoplast 1085,1472,83,19
Trennwände 1082,1515,115,17
<EOS>
<EOP>
Aadorf 1080,1932,61,17
052 1080,1955,33,15
47112 1122,1954,60,17
<EOS>
<EOP>
lESSER 1321,1740,582,149
<EOS>
<EOP>
Basel 1080,2013,49,16
061 1079,2037,29,16
346363 1120,2037,77,18
Bern 1079,2070,43,17
031 1077,2091,30,17
22642 1118,2091,66,17
<EOS>
<EOP>
Lausanna 1078,2203,89,17
021 1078,2224,29,17
261840 1118,2224,74,18
Lugano 1078,2283,67,20
091 1076,2307,30,16
34431 1117,2306,62,17
Luzern 1077,2341,63,15
041 1074,2361,31,16
27242 1116,2361,66,16
<EOS>
<EOP>
Zürich 1076,2473,58,17
051 1075,2495,30,17
237398 1116,2495,77,18
<EOS>
<EOP>
S! 1615,2294,36,27
<EOS>
Si 1613,2392,39,35
<EOS>
<EOP>
T 1758,2526,32,126
\ 1862,2543,34,37
<EOS>
<EOP>
26 55,2725,27,22
Schweiz. 1214,2738,86,16
<EOS>
Bauzeitung 1312,2738,109,21
• 1439,2747,3,3
83. 1460,2741,27,14
<EOS>
Jahrgang 1498,2739,91,19
Heft 1601,2739,40,16
47 1650,2740,20,15
• 1688,2747,4,3
25. 1709,2741,28,15
<EOS>
November 1748,2740,99,17
1965 1858,2742,41,15
<EOS>
<EOP>
