1974,2850
Kork 108,552,82,30
ist 207,550,38,31
ein 262,552,49,29
hochwertiges 332,550,227,37
Isoliermaterial 578,550,235,30
ge¬ 833,557,55,29
gen 105,605,63,29
Kälte 191,598,85,29
und 298,598,62,29
Wärme. 380,597,130,30
<EOS>
Seine 532,597,95,30
Wärmeleitzahl 648,596,239,30
beträgt 107,643,121,35
nur 242,650,57,23
0,028 312,643,96,33
Kcal/m, 421,643,131,34
h, 566,643,27,34
°C 605,642,40,30
(Bestwert 660,643,163,34
bei 838,643,49,28
Zimmertemperatur*). 107,689,354,36
<EOS>
Kork 472,689,82,29
altert 563,690,86,28
nicht, 660,689,86,33
schwin¬ 758,687,131,30
det 108,737,53,28
nicht 182,735,80,30
und 283,736,62,29
wird 367,736,71,29
geschätzt 460,735,163,36
wegen 643,742,112,28
seines 778,734,110,30
Verhaltens 106,781,184,30
gegenüber 300,781,187,36
Feuchtigkeit; 496,781,217,35
seine 723,780,91,30
luft¬ 825,781,63,28
gefüllten 108,828,143,36
Zellen 270,828,103,29
sind 393,828,68,29
wasserabstossend 480,827,323,30
und 826,826,62,29
können 108,874,126,29
atmen. 251,875,111,28
<EOS>
Jedes 378,874,104,29
hochwertige 498,874,208,35
Isolierma¬ 723,872,166,30
terial 106,920,83,29
muss 218,926,90,23
elastisch 336,919,147,30
sein; 512,919,80,34
Kork 620,919,81,29
ist 728,919,37,29
sogar 792,925,97,29
dauerelastisch. 109,965,256,31
<EOS>
<EOP>
1Ä 807,1391,98,47
;-". 639,1421,34,28
<EOS>
<EOP>
k 866,1459,24,23
<EOS>
<EOP>
' 505,1526,2,4
-¦.:'' 518,1527,20,11
<EOS>
<EOP>
'•y 531,1554,35,27
<EOS>
<EOP>
Kork 117,1857,81,29
ist 214,1857,37,28
ausserdem 267,1853,191,31
preiswert. 476,1852,166,35
<EOS>
Er 660,1850,36,29
eignet 711,1849,104,35
sich 831,1847,66,29
besonders 117,1902,183,31
für 325,1900,47,30
Isolationen 399,1898,183,31
im 608,1897,36,28
Hochbau, 671,1895,158,33
für 853,1893,45,29
Flachdächer 119,1947,208,32
und 340,1946,61,29
Kühlanlagen. 417,1944,218,35
<EOS>
<EOP>
Voll 119,2067,61,29
Vertrauen 192,2066,170,29
wird 374,2062,73,29
der 461,2062,56,29
Verarbeiter 528,2058,194,31
den 735,2058,62,29
Kork, 813,2056,89,33
den 122,2112,62,30
er 206,2118,34,22
kennt, 262,2110,101,33
verlegen 385,2108,147,34
und 555,2105,61,29
aufziehen, 638,2104,171,32
d. 832,2101,28,30
<EOS>
h. 877,2101,26,29
<EOS>
fachgemäss 120,2157,207,36
behandeln. 341,2154,187,30
<EOS>
Auf 123,2258,57,30
Kork 194,2257,81,29
ist 288,2257,37,28
Verlass, 334,2256,135,32
er 481,2261,34,21
ist 528,2253,38,29
ewig 578,2250,77,36
neu, 670,2257,68,26
und 751,2249,61,29
doch 824,2247,81,30
alt, 124,2305,45,33
ein 183,2303,49,30
bewährtes 246,2302,178,31
Naturprodukt. 439,2297,234,37
<EOS>
<EOP>
*) 126,2481,22,34
Verlangen 167,2478,174,36
Sie 362,2477,55,30
das 438,2477,61,28
Merkblatt 520,2473,162,31
Nr. 700,2472,46,29
<EOS>
17 764,2472,35,27
«Ver¬ 821,2470,88,29
gleiche 128,2525,120,37
mit 262,2525,49,29
Wärmeleitzahlen» 319,2521,299,32
beim 630,2519,80,29
Sekretariat 723,2515,188,33
der 129,2573,56,30
Schweizerischen 209,2569,288,32
Korkfabriken, 523,2565,229,33
Walche- 773,2562,139,30
strasse 129,2620,127,28
25, 268,2618,49,32
8035 330,2616,87,29
Zürich. 428,2614,116,29
<EOS>
<EOP>
¦ 1524,173,1,1
<EOS>
<EOP>
-, 1545,178,9,7
<EOS>
<EOP>
Bohr- 1029,404,336,103
Pfähle 1029,538,383,104
<EOS>
<EOP>
y 1387,1383,54,66
<EOS>
<EOP>
Pfahldurchmesser 1031,1692,362,34
80-120 1409,1691,136,34
cm 1555,1698,57,26
Pfahllänge 1030,1748,209,41
bis 1252,1748,57,33
30 1323,1748,51,33
m 1384,1755,32,26
Pfahlfussdurchmesser 1032,1804,447,35
240-360cm 1493,1803,228,33
Tragkraft 1030,1861,182,41
pro 1225,1869,64,32
Pfahl 1305,1859,95,34
bis 1416,1860,56,33
900t 1487,1860,97,33
<EOS>
<EOP>
Grossbohrungen 1032,1996,339,40
bis 1387,1995,57,34
300 1458,1995,76,34
cm 1544,2002,56,26
0 1618,1992,35,35
Sondierbohrungen 1031,2051,375,41
Grundwasserbrunnen 1033,2108,436,35
Ausführung, 1032,2244,243,39
Beratung 1292,2243,179,39
Kostenvoranschläge 1035,2298,407,40
BLESS 1035,2434,288,70
& 1349,2435,57,66
CO. 1430,2432,150,68
<EOS>
Bauunternehmung 1037,2526,519,55
Zürich, 1034,2610,140,41
Aarau, 1187,2610,132,40
Chur, 1332,2609,109,40
St. 1455,2608,55,33
<EOS>
Gallen 1518,2607,132,35
<EOS>
<EOP>
Schweiz. 79,2747,86,17
<EOS>
Bauzeitung 177,2747,109,21
* 303,2753,4,5
83. 323,2747,27,16
<EOS>
Jahrgang 360,2747,92,21
Heft 464,2747,40,17
47 513,2747,20,16
• 550,2753,5,5
25. 571,2747,26,16
<EOS>
November 610,2746,99,17
1965 719,2747,42,15
<EOS>
<EOP>
25 1895,2731,29,22
<EOS>
<EOP>
