1970,2898
Polyball 59,91,156,38
1965 235,90,103,31
Der 119,158,49,21
Einladung 178,157,129,26
«Sei 319,157,51,22
im 381,156,31,23
Olymp 424,157,85,26
ein 519,156,38,22
gern 567,162,55,20
gesehener 633,154,121,28
Gast» 765,155,75,22
folgten 850,154,87,26
am 948,159,38,16
13. 999,153,34,22
<EOS>
November 1045,152,133,22
rund 1188,152,59,22
6000 62,193,57,20
Besucher 130,191,113,23
des 252,191,39,22
Polyballs. 301,191,121,27
<EOS>
Manches 434,190,112,23
entfiel 555,190,77,22
im 642,189,31,22
nachfolgenden 683,189,182,26
Bericht 875,187,91,23
dem 976,187,53,22
Schreiber 1039,186,118,23
ob 1166,185,32,23
der 1208,186,41,22
Fülle 62,225,64,23
des 137,226,40,22
Gebotenen. 190,225,143,22
<EOS>
Er 345,225,32,21
bittet 388,224,66,23
um 465,231,40,15
Nachsicht. 517,224,132,22
<EOS>
Die 662,223,45,22
in 718,223,25,22
Anfuhrungszeichen 754,221,243,27
erwähnten 1008,221,131,22
örtlich¬ 1151,216,97,26
keiten 62,260,76,22
entsprechen 147,259,148,27
der 306,259,40,22
Bezeichnung 356,258,158,26
im 524,257,32,23
Programmheft. 566,257,188,27
<EOS>
Polymp 62,315,110,33
<EOS>
<EOP>
Freude 120,361,84,22
bewegte 214,361,97,26
im 322,362,29,21
Herzen 362,361,88,21
die 461,360,35,22
Scharen 506,359,98,22
beim 614,358,58,23
Anblick 682,357,96,23
der 787,357,40,22
wärmenden 837,356,137,23
Flamme, 984,356,105,27
vergleichbar 1100,355,150,28
Olympischer 64,395,152,27
Lohe, 224,395,68,26
beleuchtend 303,394,144,23
die 455,394,35,22
harrende 500,393,107,22
Stätte 616,393,75,22
festlichen 696,391,118,27
Treibens 826,391,102,22
zu 937,398,28,14
Zürich; 975,390,93,25
«Polymp» 64,429,125,27
heut 198,429,51,21
geheissen, 257,428,122,28
wohin 391,428,70,22
sie 470,428,33,22
nun 512,434,43,16
strebten, 565,427,104,26
Terpsichoren 681,426,156,26
zu 846,432,28,15
Ehren 883,425,72,22
und 965,424,46,22
eigener 1019,425,88,26
Lust. 1113,425,62,20
<EOS>
Eifrig 63,463,72,26
hatten 143,463,77,22
die 229,462,36,22
Hallen 274,462,83,22
mit 367,463,41,21
kundger 417,461,99,28
Hand 525,461,71,22
sie 602,461,33,22
geschmücket, 643,460,164,27
die 816,459,37,22
alltags 863,459,81,26
Bänke 953,458,78,23
dort 1040,458,51,22
(bücken, 1100,457,104,27
Begierig 64,498,102,25
zu 175,504,28,15
hören 212,496,68,22
die 290,496,35,22
geflügelten 333,495,132,28
Worte 480,496,73,21
der 562,494,40,22
Lehrer 609,494,84,22
und 701,494,47,22
die 754,494,36,22
Fragen 799,494,86,26
der 895,493,39,22
Prüfung. 943,492,106,27
<EOS>
Denn 63,532,64,21
also 137,530,48,23
schult 195,530,72,23
sich 276,529,47,23
die 333,530,35,22
Jugend 378,529,88,27
im 474,531,30,20
Tempel 515,528,89,27
der 612,528,39,22
Technik 662,527,96,23
und 767,527,46,22
Künste, 820,528,91,26
der 922,527,40,22
geweiht 969,526,94,27
ist 1073,527,29,21
Pallas, 1111,525,83,27
Der 64,566,47,21
augenleuchtenden 120,564,213,27
Göttin, 344,565,83,25
kuppelgekrönt 438,562,175,28
auf 621,562,45,26
rundumschauender 671,560,226,24
Warte 910,561,74,22
des 993,560,40,23
Berges. 1041,560,89,26
<EOS>
<EOP>
Paarweis 122,599,112,22
halten 243,598,74,23
den 327,598,41,22
Einzug 378,599,85,25
Studenten, 472,597,127,25
geleitend 609,596,112,27
den 728,596,42,21
Besen; 780,596,83,24
doch 872,594,57,22
auch 939,594,56,22
ältre 1005,594,56,22
Semester 1072,595,112,21
Anhand 64,632,96,22
der 168,632,39,22
nährenden 216,632,124,22
Gattin 351,632,76,22
nahen 437,631,70,23
gemessenen 516,637,142,20
Schrittes 668,630,108,22
den 785,629,42,22
Toren 838,630,70,21
des 918,628,39,22
Tempels. 968,628,104,26
<EOS>
Nach 64,666,65,23
Ansehn 139,666,89,22
und 237,666,47,22
Grösse 291,666,82,21
verschieden, 383,665,145,26
in 539,665,22,22
lichte 572,664,66,23
Gewänder 648,664,122,22
gehüllet 776,663,98,27
und 882,662,48,23
umwunden 936,662,128,22
mit 1074,663,41,20
Schmuck, 1124,660,119,27
Erfreuen 65,700,106,26
das 181,700,41,23
Auge 231,700,64,26
die 304,700,36,22
irdischen 350,699,107,22
Schönen, 467,699,108,26
so 586,705,26,16
wie 623,699,39,21
die 671,698,36,22
Natur 717,698,74,22
sie 799,698,32,21
schuf 841,696,69,27
und 914,696,46,22
der 968,696,39,22
Schneider. 1017,695,126,23
<EOS>
Doch 65,735,65,22
drangvolle 139,733,126,28
Enge 274,735,62,24
wartet 346,737,78,18
nun 433,740,43,15
ihrer 487,733,57,21
in 555,733,22,21
den 586,732,41,22
länglichen 638,732,122,27
Gütigen 771,732,91,26
des 872,731,40,22
Poly, 921,730,63,27
bis 995,730,35,22
hilfreich 1038,729,102,28
Chariten 67,769,104,22
die 180,768,36,22
Mäntel 226,768,90,22
verwahren 324,767,124,23
und 459,766,46,23
neue 511,774,55,14
Schönheit 577,765,119,23
der 704,765,40,22
«Büchse 755,765,100,22
Pandoras» 865,764,131,23
erblühet. 1006,764,105,22
<EOS>
Der 64,803,48,22
«Sehnsucht 123,802,137,23
nach 269,801,56,23
Helena» 335,801,103,22
frönen 444,800,81,27
die 534,800,37,22
Söhne 580,799,74,23
der 663,799,40,22
Musen 712,800,82,21
und 804,798,46,23
technischen 858,798,138,22
Künste, 1005,798,91,27
im 1107,798,31,22
Arm 1147,798,55,22
Die 65,837,43,22
hingegebene 118,836,147,27
Dame 274,837,74,20
des 357,835,39,22
Herzens 406,836,100,21
und 516,834,45,22
die 568,834,37,22
Weisen 618,834,84,22
lärmender 713,832,123,23
Geschirre 846,832,115,22
im 971,833,31,21
Ohre. 1013,831,67,22
<EOS>
<EOP>
Kühle 124,870,72,22
finden 200,870,78,27
die 286,870,37,22
Gäste 333,870,68,22
in 411,870,22,22
der 443,869,40,22
Halle 491,868,69,23
des 568,868,41,22
brunnengeschmücketen 616,866,280,28
Eingangs 905,867,113,25
«Agora», 1029,866,114,26
Wo 71,905,38,21
einst 121,905,57,21
sich 187,903,47,23
trafen 244,903,72,27
die 325,903,37,22
Glieder 372,903,88,22
des 468,903,40,22
Volkes 522,902,80,23
und 611,902,46,22
Ältre 664,898,63,26
heut 738,902,52,21
muntere 802,904,98,19
Reden 910,900,76,22
dort 995,899,51,23
fuhren. 1051,899,89,27
<EOS>
Noch 65,938,65,22
liegt 141,938,53,26
es 202,945,26,14
ferne, 232,937,72,27
den 315,937,43,22
«Schierlingsbecher» 368,936,245,27
zu 621,942,29,16
leeren, 660,936,78,25
wie 750,936,40,21
weiland 800,934,94,23
Sokrates, 901,934,114,26
obwohl 1026,933,89,23
das 1122,933,41,22
Bier 1171,934,54,21
Aus 65,973,48,21
Hürlimanns 122,971,145,23
Fässern 275,972,94,21
und 379,970,46,23
lüpfige 433,970,80,27
Ländler, 521,969,102,27
gedudelt 632,969,105,28
von 746,976,41,15
Zinsli, 798,968,77,27
den 886,968,42,22
Schweizer 938,968,123,22
wohl 1071,968,58,22
locken. 1137,967,86,23
<EOS>
<EOP>
Doch 124,1005,64,23
wehe! 199,1005,70,22
<EOS>
Wen 281,1006,53,21
zieht 343,1004,59,23
nicht 411,1004,61,22
hinab 480,1003,67,23
Ewigweibliches 558,1003,185,27
zur 753,1010,39,14
«Spelunke 801,1002,126,28
am 938,1009,37,15
Hafen 987,1001,76,28
Piräus» 1074,1002,94,22
<EOS>
«Jamals 67,1041,99,21
le 178,1040,20,22
dimanche», 209,1039,137,27
also 358,1039,48,22
lautet 420,1039,69,23
die 500,1038,37,22
Inschrift 547,1037,105,27
darüber, 663,1037,100,26
doch 776,1036,56,23
fehlt 840,1036,60,27
uns 912,1043,41,15
der 963,1036,40,22
Glaube. 1013,1035,93,23
<EOS>
Es 66,1075,31,21
drohen 102,1074,83,22
zu 193,1080,27,16
bersten 228,1074,87,22
die 320,1073,36,22
Stände 362,1072,84,23
im 452,1074,31,21
«Reiche 489,1072,98,22
Kairos» 592,1072,97,22
unter 695,1074,64,19
den 765,1070,43,23
Lasten 812,1071,82,21
der 902,1070,39,22
Schätze 948,1069,95,23
und 1051,1068,46,23
erstrahlt 1102,1068,105,24
das 1212,1068,42,23
Schnittige 68,1107,122,28
Auto, 199,1107,67,27
als 277,1107,35,22
Lockpreis 318,1107,122,27
gestiftet 447,1106,101,27
vom 558,1113,49,15
Händler, 617,1105,107,26
und 736,1104,45,23
gross 787,1111,65,20
ist 862,1105,29,21
die 899,1103,37,23
Menge 945,1103,85,27
der 1039,1103,40,22
Flaschen. 1087,1102,114,23
<EOS>
Noch 67,1141,64,22
hat 141,1141,39,22
nicht 188,1141,62,22
geschlagen 256,1140,133,28
die 399,1140,35,22
Stunde 444,1140,84,22
des 537,1140,40,22
Schicksals 588,1139,127,23
den 725,1139,41,22
Sterblichen, 776,1138,144,26
die 931,1138,36,22
harren 976,1137,80,23
des 1065,1137,40,22
Treffers. 1115,1137,101,26
<EOS>
Doch 67,1175,63,22
freut 137,1175,62,27
sich 207,1175,48,22
der 264,1175,41,22
diebische 313,1174,110,23
Hermes 432,1174,96,22
ob 538,1173,28,22
all 577,1173,32,22
der 616,1173,40,22
Moneten, 665,1173,115,26
die 791,1173,35,22
zarteste 837,1176,94,19
Hände 941,1171,82,23
gescheffelt. 1030,1171,137,27
<EOS>
<EOP>
Weit 130,1210,55,21
ist 192,1211,28,20
noch 226,1209,56,23
der 288,1208,40,23
Weg, 335,1209,59,26
oh 399,1207,29,23
leichtfüssiger 434,1207,160,27
Wandrer, 604,1207,111,27
durch 720,1207,67,22
die 794,1207,36,22
Gänge 835,1207,77,26
und 918,1206,46,22
Hallen 966,1205,82,23
impolympischen 1055,1204,200,28
Tempel 69,1243,88,27
der 166,1243,38,22
männlichen 215,1242,135,23
Jungfrau; 360,1242,120,27
doch 489,1241,57,23
zagt 556,1245,53,23
nicht, 617,1240,67,27
es 695,1247,26,16
lohnt 730,1240,61,22
sich 800,1240,47,22
der 857,1240,40,22
Lauf 903,1240,65,26
noch 971,1240,58,22
am 1037,1246,37,16
Ende. 1084,1239,68,23
<EOS>
Meidet 67,1277,87,23
des 163,1277,40,22
«Acherons» 214,1277,143,22
Tiefe, 368,1276,67,27
die 446,1276,36,22
Ihr 491,1275,39,23
lenkt 539,1275,61,23
Eure 609,1276,59,21
Schritte 677,1274,98,23
in 785,1276,22,20
«Tartaros» 818,1275,136,21
Räume 964,1274,86,21
zum 1059,1280,51,15
Swing. 1119,1273,82,27
<EOS>
In 67,1312,27,21
«Elystons» 105,1311,132,27
Gefilden 247,1311,100,27
der 356,1311,41,22
Seel'gen 405,1310,106,27
erholt 521,1309,72,23
Euch 600,1309,63,22
bei 672,1309,39,22
Büffet 717,1309,75,26
und 803,1308,45,22
Bar, 855,1309,53,25
um 919,1315,38,14
darnach 965,1307,98,22
erneut 1073,1311,77,18
Terpsichoren, 69,1345,162,27
verrenkend 242,1344,137,23
die 384,1345,38,22
Glieder, 433,1344,94,25
zu 540,1350,28,16
huld'gen 577,1343,105,27
bei 693,1343,37,22
fansbegeisternden 735,1341,218,28
Dorados, 964,1341,110,26
Doch 68,1379,63,22
bringt 143,1378,73,27
auch 225,1378,57,23
im 292,1380,31,21
«Parthenon» 334,1378,156,22
oben 500,1378,57,22
Marino 567,1378,92,22
die 669,1377,35,22
älteren 714,1377,84,22
Paare 808,1377,73,21
in 892,1377,21,21
wabernde 925,1375,120,23
Schwünge. 1054,1374,129,26
<EOS>
Erwähnt 68,1412,103,23
sei 180,1414,35,21
auch 223,1412,56,23
«Troja» 290,1413,97,26
mit 398,1413,40,21
unheildrohendem 448,1411,204,23
Pferde, 662,1411,87,27
barweis 760,1411,93,22
umgeben 863,1410,106,26
von 979,1416,42,16
Gästen. 1032,1410,90,22
<EOS>
«Orakel» 69,1447,116,22
mitunter 196,1448,103,21
gibts 306,1446,61,26
zwar 376,1453,59,15
auch 446,1445,56,23
am 514,1453,37,14
Poly, 560,1445,64,27
doch 636,1444,56,23
heute 702,1444,65,22
funktioniert 772,1444,148,27
nur 930,1449,41,17
das 980,1444,41,22
alte 1030,1443,45,22
«von 1087,1449,56,16
Delphi». 1151,1442,104,28
<EOS>
<EOP>
Glücklich 127,1480,115,23
der 252,1480,39,22
Grieche, 301,1480,99,26
der 411,1480,39,22
zur 459,1487,40,14
Griechin 509,1479,101,22
gefunden; 619,1478,121,27
ihn 750,1478,37,22
neiden 797,1478,77,22
die 883,1477,36,22
Götter* 930,1478,88,27
süss 1024,1478,50,21
aber 1083,1477,55,22
ist 1146,1477,30,22
auch 1184,1477,57,22
Der 68,1516,49,21
Schlummer, 124,1514,144,27
der 277,1514,40,23
seelig 323,1514,69,27
umfanget 400,1514,113,26
den 520,1514,43,22
müden 571,1513,79,22
Besucher 658,1513,112,22
Polymps 776,1512,106,26
in 891,1513,22,20
den 920,1511,44,22
Armen 970,1512,84,21
des 1061,1510,41,23
Morpheus. 1108,1510,132,28
<EOS>
<EOP>
G.R. 1197,1545,59,21
<EOS>
Die 69,1598,64,34
Beleuchtung 152,1599,249,33
von 419,1605,70,23
Autobahnen 508,1597,240,30
Von 71,1648,47,23
Werner 131,1648,94,22
Flockiger, 238,1648,124,28
dipl. 376,1648,52,28
<EOS>
Arch. 438,1648,66,22
<EOS>
ETH, 514,1648,57,25
SIA, 585,1648,51,24
Zürich 649,1647,79,22
<EOS>
<EOP>
m*A 1673,1487,54,18
<EOS>
<EOP>
DK 1581,1606,45,20
628.971.6:625.711.3 1637,1605,236,21
<EOS>
<EOP>
Wir 129,1695,49,22
haben 189,1695,76,22
den 276,1694,45,23
Verfasser 332,1695,117,22
um 463,1701,41,15
diesen 519,1694,77,22
Beitrag 607,1693,91,27
gebeten, 709,1692,102,28
nicht 824,1693,63,22
weil 898,1692,50,23
aalpls 57,1725,86,37
Architekt 157,1729,121,22
und 291,1729,50,22
Vertreter 355,1729,115,22
des 488,1728,40,22
S.LA. 543,1728,73,22
<EOS>
der 630,1728,41,22
Schweizerischen 687,1727,203,23
Be¬ 906,1727,43,22
leuchtungskommission 70,1762,286,28
angehört, 373,1762,118,27
sondern 507,1762,101,22
weil 624,1761,51,23
er 691,1768,25,16
sich 732,1761,49,22
dort, 798,1761,60,26
neben 874,1761,75,22
andern 69,1797,88,22
Aufgaben, 168,1797,130,27
vor 310,1803,43,16
allem 364,1797,68,22
als 443,1797,34,22
Automobilist 488,1795,166,23
mit 665,1795,43,23
dem 720,1795,52,23
Problem 786,1795,106,22
der 908,1795,40,22
Strassenbeleuchtung 70,1830,256,27
befasst 337,1830,86,23
hat. 433,1830,48,22
<EOS>
<EOP>
Red. 892,1863,55,22
<EOS>
Obschon 129,1913,111,23
wir 247,1913,40,22
in 295,1913,24,22
der 327,1913,40,22
Schweiz 375,1912,98,23
bis 482,1912,34,23
heute 524,1912,68,22
nur 599,1919,44,15
über 651,1913,55,21
wenige 715,1912,84,27
zusammen¬ 807,1919,142,15
hängende 69,1947,122,27
Autobahnteilstrecken 204,1946,270,23
verfügen, 489,1946,115,27
hat 618,1946,42,23
wohl 674,1946,62,23
jeder 747,1946,65,27
Schweizer 826,1945,125,23
Automobilist 71,1981,167,23
sich 251,1980,50,23
schon 314,1980,72,23
seine 400,1980,61,23
Erfahrungen 475,1980,157,27
auf 647,1980,42,22
den 701,1980,46,22
durchgehenden 760,1980,191,26
Autobahnen 70,2015,157,23
des 240,2014,41,23
Auslandes 294,2014,129,23
geholt, 436,2013,85,27
wobei 535,2013,74,23
wohl 622,2013,63,23
meistens 697,2013,106,23
die 817,2013,37,22
Tages¬ 867,2014,82,26
stunden 71,2049,98,24
benutzt 186,2049,94,22
werden, 296,2048,98,27
um 411,2054,41,16
Sicherheit 470,2048,122,21
und 609,2048,48,22
Schnelligkeit, 675,2047,166,27
wie 859,2046,42,24
sie 918,2046,32,23
diese 71,2084,61,23
Anlagen 145,2083,105,26
ermöglichen, 262,2082,160,28
richtig 436,2081,81,27
geniessen 530,2082,114,26
zu 658,2088,30,16
können. 699,2081,102,23
<EOS>
Neben 814,2081,84,22
der 910,2081,41,22
absoluten 71,2117,121,23
Freiheit 206,2116,99,24
von 318,2123,47,16
Gegenverkehr 380,2115,175,28
und 569,2116,48,22
der 632,2116,40,22
strikten 686,2115,95,23
Fernhaltung 795,2115,155,25
aller 71,2151,56,23
nicht 134,2151,65,22
motorisierten 205,2150,169,23
und 382,2150,49,23
nicht 439,2150,63,22
genügend 510,2149,120,27
schnell 638,2149,86,24
sich 731,2149,49,23
fortbewegen¬ 787,2149,164,27
den 73,2185,45,23
Verkehrsteilnehmer, 130,2184,253,27
zeichnen 397,2184,108,22
sich 519,2183,48,23
diese 580,2183,61,23
Pisten 654,2183,76,23
vor 743,2189,43,17
allem 798,2183,69,23
durch 880,2183,73,23
die 72,2219,37,23
sorgfältig 119,2219,118,27
geplanten 249,2218,120,27
Sichtverhältnisse 380,2217,209,23
aus. 599,2223,50,16
<EOS>
Ist 660,2217,33,22
doch 703,2217,62,22
der 775,2217,40,22
Überblick 826,2212,127,27
auf 72,2253,42,23
die 123,2253,37,23
eigene 170,2252,78,27
Fahrbahn 258,2251,125,23
auf 394,2251,41,23
Kilometer 444,2251,128,23
hinaus 581,2251,83,22
gewährleistet, 675,2250,169,28
und 855,2250,49,23
die 915,2250,38,22
Strassenbauingenieure 73,2286,279,27
scheuen 369,2286,98,22
sich 485,2284,48,24
nicht, 550,2285,71,27
durch 639,2284,73,23
masstäblich 730,2285,145,21
kon¬ 893,2284,59,23
struierte 72,2321,103,23
Perspektiven 191,2320,160,28
die 367,2319,37,23
Linienführung 419,2319,181,27
der 616,2319,41,22
Strasse 673,2319,87,22
im 776,2318,32,23
voraus 823,2325,84,16
zu 923,2325,29,15
überprüfen 72,2355,140,28
und 217,2354,49,23
gegebenenfalls 272,2353,180,28
durch 458,2353,71,23
das 537,2353,42,23
Ausmerzen 584,2354,142,22
aller 731,2353,56,22
toten 792,2355,66,20
Winkel 862,2352,91,23
zu 73,2396,29,15
verbessern. 116,2388,137,23
<EOS>
Dazu 267,2388,69,22
kommen 349,2388,110,22
die 472,2387,38,23
meist 522,2387,67,23
vorbildlichen 602,2386,165,24
Hinweistafeln 781,2386,172,23
für 73,2423,38,22
alle 116,2423,45,22
Abzweigungen, 166,2421,191,28
so 365,2427,28,17
dass 400,2421,53,22
dem 459,2421,54,22
Automobilisten 519,2420,196,23
alle 721,2420,44,23
Informationen 770,2420,184,23
für 73,2457,37,23
die 120,2456,37,23
Lenkung 167,2456,112,26
seines 289,2454,72,24
Fahrzeuges 371,2455,141,27
rechtzeitig 522,2454,130,28
übermittelt 661,2454,139,23
werden. 809,2454,98,23
<EOS>
<EOP>
Doch 131,2509,70,23
ändern 215,2509,87,23
sich 316,2508,48,23
diese 378,2508,61,22
Verhältnisse 453,2507,153,23
schlagartig 621,2507,135,27
in 769,2507,24,22
den 808,2507,45,23
Nacht¬ 866,2506,87,24
stunden. 74,2543,105,23
<EOS>
Die 190,2543,46,22
schlanke 246,2542,110,23
Linienführung 366,2542,180,26
der 557,2542,41,22
Strecke 609,2541,91,23
lässt 710,2541,55,23
auch 776,2540,60,24
den 847,2540,45,24
weit 902,2540,52,24
entfernt 73,2577,101,23
entgegenkommenden 183,2576,267,27
Wagen 461,2576,87,26
in 559,2576,26,22
das 595,2576,43,22
eigene 649,2576,77,26
Scheinwerferlicht 738,2574,217,24
geraten, 75,2614,99,24
so 182,2617,27,16
dass 218,2610,52,23
man 279,2616,55,16
gezwungen 340,2616,138,21
wird, 485,2609,64,27
auf 558,2609,41,23
Abblendlicht 605,2609,164,23
umzuschalten. 775,2609,178,22
<EOS>
Dabei 74,2644,75,24
entfällt 159,2644,89,23
das 257,2644,42,22
Reflexlicht 309,2643,134,23
des 452,2643,40,23
entgegenkommenden 501,2643,265,27
Fahrzeugs 776,2642,128,28
auf 914,2642,41,23
<EOS>
<EOP>
der 993,1692,41,22
eigenen 1041,1692,95,26
Fahrbahn, 1145,1691,131,26
das 1286,1691,42,22
beim 1336,1690,63,23
gewohnten 1406,1690,137,27
Gegenverkehr 1552,1689,177,27
oft 1737,1688,36,23
wesent¬ 1781,1691,94,20
lich 993,1726,46,22
zur 1044,1731,41,17
Information 1088,1725,155,23
über 1245,1725,57,22
die 1306,1725,38,22
Strasse 1347,1725,87,22
beiträgt, 1437,1724,105,27
vollständig. 1545,1723,147,27
<EOS>
Die 1695,1723,47,23
Fahrzeuge 1744,1723,132,26
auf 994,1759,42,22
der 1048,1759,40,22
Gegenfahrbahn 1102,1759,196,27
sind 1310,1759,51,22
nur 1374,1764,45,17
als 1432,1758,34,23
gespenstisch 1479,1756,154,29
vorüberhuschende 1646,1756,231,24
Scheinwerferpaare 994,1793,231,26
auszumachen. 1234,1792,176,23
<EOS>
Ihre 1421,1792,51,22
plötzliche 1482,1792,122,27
und 1614,1792,50,22
oft 1673,1792,36,22
unvermutete 1718,1793,158,21
Erscheinung 993,1827,156,26
ängstigt 1162,1827,98,26
den 1272,1827,45,22
Fahrer 1329,1826,87,22
über 1427,1825,57,24
Gebühr, 1497,1825,103,28
obschon 1615,1825,105,23
er 1731,1831,26,16
ja 1765,1825,27,28
weiss, 1803,1825,72,27
dass 994,1862,53,22
sich 1063,1861,50,23
die 1129,1861,37,22
kreuzenden 1182,1861,145,22
Automobile 1343,1859,151,24
auf 1510,1859,43,23
der 1568,1859,40,23
Gegenfahrbahn 1626,1859,195,27
be¬ 1837,1858,39,23
wegen. 994,1902,84,20
<EOS>
Ebenso 1090,1895,91,23
beeinträchtigen 1191,1894,193,28
weit 1394,1894,53,23
hinten 1455,1893,81,24
auftauchende, 1546,1893,175,27
im 1733,1893,31,22
gleichen 1775,1892,102,27
Strom 995,1930,79,22
schwimmende 1084,1929,177,23
Fahrzeuge 1272,1929,131,26
die 1413,1928,39,23
Sicherheit, 1463,1927,132,27
wenn 1607,1934,68,16
sie 1685,1927,34,23
nicht 1729,1927,65,23
schon 1804,1926,74,23
auf 996,1963,42,22
weite 1048,1963,66,22
Distanz 1126,1963,98,22
— 1234,1975,18,4
ebenfalls 1263,1963,111,22
wegen 1387,1969,78,20
der 1478,1962,41,23
schlanken 1532,1962,125,22
Trasseführung 1669,1961,182,26
- 1864,1974,15,2
<EOS>
<EOP>
auf 995,1997,43,23
Abblendlicht 1050,1996,165,23
umschalten. 1228,1996,150,23
<EOS>
Das 1394,1996,51,22
alles 1460,1996,55,22
gilt 1529,1996,42,27
schon 1585,1995,74,23
bei 1672,1995,39,23
einem 1725,1995,76,23
recht 1814,1995,65,22
dünnen 996,2031,94,22
Verkehr 1096,2030,104,23
mit 1207,2030,43,23
weit 1257,2030,52,23
auseinandergezogenen 1317,2029,281,28
einzelnen 1605,2029,117,22
Fahrzeugen 1731,2029,147,27
und 995,2065,50,23
daraus 1058,2065,83,22
bedingten 1157,2064,121,27
äusserst 1293,2066,99,21
bescheidenen 1405,2063,166,23
Verkehrsleistungen 1583,2062,242,27
der 1837,2062,42,23
bei 997,2099,36,23
Tage 1043,2100,61,25
so 1115,2106,26,15
überaus 1152,2099,98,22
leistungsstarken 1260,2098,201,27
und 1469,2097,49,23
sicheren 1528,2097,103,23
Verkehrswege. 1639,2097,183,26
<EOS>
<EOP>
Bei 1055,2133,40,22
aller 1107,2133,55,22
Diskussion 1172,2133,139,22
um 1322,2139,41,16
den 1374,2132,45,22
Bau 1430,2133,51,21
unserer 1491,2138,94,16
schweizerischen 1595,2130,198,24
Auto¬ 1803,2131,76,23
bahnen 997,2167,93,22
geht 1099,2167,53,27
es 1160,2173,24,16
wohl 1193,2166,62,23
nicht 1263,2166,64,23
so 1335,2173,27,16
sehr 1372,2166,52,23
um 1432,2173,41,15
den 1481,2166,46,22
Bau, 1535,2166,58,25
sondern 1602,2165,101,23
vor 1710,2171,44,17
allem 1763,2165,67,23
um 1838,2171,42,16
die 997,2201,38,22
Leistung 1046,2200,111,28
dieser 1169,2200,74,23
mit 1255,2200,43,23
Millionensummen 1311,2200,228,23
zu 1552,2206,30,16
erstellenden 1594,2199,151,23
Transver¬ 1758,2200,122,22
salen. 997,2235,70,22
<EOS>
Wer 1077,2235,53,22
aber 1139,2234,55,23
den 1202,2234,46,22
Verkehr 1256,2234,103,22
auf 1367,2234,43,22
unseren 1416,2240,98,16
Hauptarterien 1522,2233,179,27
in 1709,2233,25,23
den 1742,2233,45,23
letzten 1797,2233,83,23
Jahren 997,2269,84,22
aufmerksam 1096,2268,155,23
verfolgt 1267,2268,96,26
hat, 1378,2268,48,26
ist 1441,2267,30,23
um 1485,2274,42,16
die 1541,2267,38,22
Frequenz 1593,2267,119,27
auf 1726,2267,44,22
unseren 1781,2273,98,16
zukünftigen 997,2302,149,27
Autobahnen 1157,2302,157,23
nicht 1323,2301,65,23
besorgt 1397,2301,99,27
Im 1508,2301,35,22
Gegenteil, 1554,2300,127,28
man 1692,2307,56,16
kann 1757,2301,64,22
sich 1831,2300,49,23
mit 997,2336,43,23
Fug 1052,2337,50,27
und 1113,2337,49,22
Recht 1174,2336,75,23
fragen, 1260,2336,86,27
ob 1361,2336,30,21
nicht 1404,2335,63,23
durch 1479,2335,73,23
den 1564,2335,45,22
Einbau 1621,2334,91,23
einer 1723,2334,63,23
durch¬ 1797,2334,83,23
gehenden 999,2371,119,26
Beleuchtung 1128,2370,156,27
die 1295,2370,38,22
Verkehrsleistung 1345,2369,211,27
in 1567,2369,25,22
den 1604,2369,46,22
unstreitig 1661,2369,119,26
gefähr¬ 1792,2368,89,27
lichen 999,2405,75,22
Nachtstunden 1086,2404,176,23
gesteigert 1274,2404,120,27
werden 1405,2403,92,23
soll, 1510,2403,50,27
um 1574,2409,41,17
eine 1627,2403,51,22
Entlastung 1691,2403,137,26
des 1841,2403,39,22
jetzt 998,2438,54,29
schon 1059,2438,73,23
nachrechenbaren 1139,2438,213,22
Verkehrsaufkommens 1360,2437,276,23
während 1643,2437,109,22
des 1760,2437,40,22
Tages 1808,2438,72,25
herbeizuführen. 998,2472,196,23
<EOS>
Es 1207,2472,32,22
kommt 1251,2471,93,23
nicht 1355,2470,64,24
von 1431,2477,47,16
ungefähr, 1490,2471,120,27
dass 1624,2471,52,22
eine 1689,2471,51,22
der 1753,2471,41,22
ersten 1806,2473,74,20
Kritiken 999,2506,107,23
an 1112,2513,31,16
der 1150,2506,40,22
Autobahn 1195,2505,129,23
Genf-Lausanne 1332,2504,198,24
das 1537,2504,41,23
Fehlen 1586,2504,86,23
der 1678,2504,41,22
Beleuchtung 1725,2504,156,27
bemängelt 999,2540,129,27
hat. 1138,2540,46,22
<EOS>
Berücksichtigt 1196,2539,180,27
man 1385,2545,55,17
ferner, 1449,2539,83,27
dass 1543,2539,52,22
seit 1605,2538,43,23
der 1658,2538,40,23
Eröffnung 1707,2538,129,27
bis 1845,2537,35,24
Ende 999,2575,65,22
1964 1074,2575,57,22
auf 1139,2574,43,23
dieser 1188,2574,74,22
ersten 1268,2576,77,21
grösseren 1351,2575,120,25
Autobahnstrecke 1478,2572,217,24
sich 1702,2572,50,23
55 1760,2573,28,22
% 1793,2570,26,30
aller 1826,2572,57,23
Unfälle 1001,2609,93,22
während 1106,2608,108,23
der 1228,2608,40,23
Nacht 1280,2607,78,24
ereignet 1370,2607,99,27
haben, 1481,2607,83,27
so 1577,2613,27,17
vermag 1617,2613,93,21
man 1723,2613,55,16
die 1791,2606,36,23
Be¬ 1841,2607,40,21
deutung 1000,2642,102,27
der 1112,2642,39,22
Autobahnbeleuchtung 1161,2641,280,27
zu 1450,2648,30,16
erkennen. 1489,2641,122,23
<EOS>
<EOP>
Schweiz. 78,2729,88,18
<EOS>
Bauzeitung 176,2730,111,21
• 302,2736,6,6
83. 322,2730,29,17
<EOS>
Jahrgang 359,2728,94,22
Heft 464,2728,41,18
47 511,2729,23,16
* 549,2735,6,7
25. 570,2730,28,16
<EOS>
November 609,2728,100,18
1965 719,2730,41,15
869 1838,2719,43,23
<EOS>
<EOP>
