1974,2850
ESCHER 329,113,589,100
WYSS 969,109,431,102
baut 331,286,83,28
Dreizugkessel 432,287,263,35
mit 715,286,59,28
innerer 332,323,132,29
wassergekühlter 480,324,312,36
Wendekammer 330,362,284,28
für 329,399,54,29
Dampf 402,399,123,36
und 544,400,67,28
Heisswasser 635,400,233,28
<EOS>
<EOP>
Drücke 941,285,133,28
bis 1091,284,54,28
25 1162,284,45,28
atü 1222,284,57,28
Leistungen 941,323,205,34
bis 1166,323,52,28
8 1235,323,21,28
Gcal/h 1276,322,126,29
<EOS>
<EOP>
Robuste 1500,283,153,29
Bauart 1670,283,125,28
Geringer 1501,320,164,36
Platzbedarf 1682,319,217,29
Hoher 1502,358,112,29
Wirkungsgrad 1626,357,260,36
<EOS>
<EOP>
l 1215,651,52,97
äß 1267,695,45,38
-:,• 1176,729,26,13
J 785,754,19,27
<EOS>
<EOP>
¦". 1212,784,5,7
<EOS>
::/;; 1224,781,18,13
<EOS>
<EOP>
' 656,831,2,6
r1" 350,832,43,40
Jr" 408,838,57,34
f"ACfi 488,831,122,43
¦ 1564,861,1,1
t 747,858,24,38
LJ 569,921,54,36
::-,:, 674,925,19,8
<EOS>
<EOP>
<EOS>
¦%¦* 591,1009,119,45
ww 1223,1099,61,28
^x::; 1024,1102,39,12
<EOS>
<EOP>
#1 329,1523,49,43
<EOS>
<EOP>
rr 447,1564,32,36
v. 508,1583,25,19
<EOS>
<EOP>
• 121,1631,4,2
''-:> 609,1623,27,22
<EOS>
<EOP>
£ 389,1660,25,29
*, 713,1664,25,28
<EOS>
<EOP>
«7»» 225,1817,88,30
<EOS>
<EOP>
N 428,1963,26,25
^ 285,1968,38,37
# 320,1968,10,18
<EOS>
<EOP>
im 706,1993,35,22
<EOS>
<EOP>
¦'.:. 127,2280,14,13
<EOS>
\ 119,2313,4,17
<EOS>
<EOP>
H 389,2338,27,36
¦ 130,2373,2,2
<EOS>
<EOP>
% 273,2514,27,36
<EOS>
<EOP>
Die 1463,1473,59,31
ideale 1540,1473,108,30
Verbindung 1663,1472,211,38
Isolierstoff+Putzträger 1463,1527,412,37
<EOS>
<EOP>
abscherfest 1668,1609,209,29
<EOS>
<EOP>
Vollwärmeschutz 773,1896,487,46
mit 1279,1895,88,46
XCH 776,1974,305,105
ICHTEX 1101,1974,573,105
spart 781,2106,144,50
Heizkosten 943,2102,311,47
<EOS>
<EOP>
Technische 1749,2286,125,19
Unterlagen 1752,2316,122,23
und 1654,2348,39,18
Beratung 1703,2348,100,21
durch 1813,2347,61,18
<EOS>
<EOP>
Bau-f- 1770,2468,105,31
Industriebedarf 1531,2512,272,30
AG 1819,2511,56,31
4002 1527,2557,62,21
Basel, 1599,2556,76,25
Lange 1690,2556,70,25
Gasse 1769,2556,75,21
19 1851,2556,25,21
<EOS>
<EOP>
Telefon 1631,2587,90,22
061352065 1729,2587,147,21
<EOS>
<EOP>
Schweiz. 59,2736,87,15
<EOS>
Bauzeitung 157,2735,110,20
• 284,2742,3,4
83. 303,2736,26,15
<EOS>
Jahrgang 340,2736,93,19
Heft 445,2736,38,16
47 493,2736,21,16
• 531,2742,3,5
25. 551,2737,26,15
<EOS>
November 590,2736,99,17
1965 699,2737,42,16
33 1875,2728,28,20
<EOS>
<EOP>
