1974,2850
Elektrische 108,103,698,107
Steuerungen 105,244,810,130
für 104,389,173,107
Industrie- 109,532,593,105
Anlagen 106,676,518,128
<EOS>
<EOP>
gründliche 1488,605,160,29
Planung 1664,604,119,29
und 1488,646,55,24
einwandfreie 1488,687,193,24
Ausführung 1698,687,171,29
<EOS>
<EOP>
CARL 547,1414,50,18
MA1ER-CIE 606,1415,104,17
SCHAFFHAUSEN 721,1416,151,17
<EOS>
<EOP>
QOQCI 329,1527,146,17
<EOS>
<EOP>
«¦*•» 234,1610,70,21
I 311,1610,10,21
aoarj 329,1612,145,19
<EOS>
<EOP>
-•¦ 953,1696,24,5
¦•-. 989,1697,20,6
<EOS>
- 1036,1699,10,4
<EOS>
QOUQ 329,1698,145,18
»'•SS 191,1717,114,31
<EOS>
<EOP>
~'- 945,1760,38,12
'¦'¦¦ 1031,1758,16,12
¦'" 1109,1757,20,13
<EOS>
<EOP>
8 627,1873,16,18
O 675,1874,18,18
-« 710,1873,33,18
• 774,1874,18,17
™Tß^c 169,1897,71,20
<EOS>
<EOP>
...::l: 852,2282,41,14
<EOS>
1 904,2280,6,13
<EOS>
<EOP>
Ji 1278,2316,24,18
<EOS>
<EOP>
Die 1490,1327,53,25
langjährige 1558,1326,184,32
Erfah¬ 1759,1326,97,25
rung 1489,1386,72,26
in 1575,1379,26,26
der 1614,1379,53,26
Herstellung 1679,1379,186,32
von 1488,1441,57,20
elektrischen 1560,1434,200,26
An¬ 1776,1434,55,26
lagen 1490,1488,87,33
ermöglicht 1593,1488,176,32
unseren 1489,1547,130,20
Spezialisten, 1635,1541,207,31
alle 1488,1594,57,27
diesbezüglichen 1560,1594,268,32
Probleme 1489,1648,155,25
klar 1660,1648,60,25
zu 1735,1654,35,19
erfassen 1488,1700,138,26
und 1643,1700,59,26
zu 1717,1707,36,19
lösen. 1769,1700,95,26
<EOS>
CMC 1492,1751,68,40
-Steuerungen 1571,1757,222,33
sind 1803,1758,66,25
übersichtlich, 1489,1811,221,31
zweckmässig 1488,1864,215,33
und 1720,1864,59,26
betriebssicher. 1490,1918,242,26
<EOS>
Der 1491,1972,57,25
Einbau 1564,1971,111,26
unserer 1491,2030,124,21
eigenen 1627,2024,130,33
Schalt¬ 1770,2024,115,26
apparate 1491,2079,145,31
und 1652,2078,58,25
die 1727,2078,48,25
Verwendung 1490,2132,206,32
einfacher 1712,2131,154,26
Normbauteile 1492,2185,220,26
ergeben 1728,2184,134,33
eine 1490,2239,69,26
für 1573,2239,44,26
Sie 1632,2239,50,26
preisgünstige 1491,2293,222,32
Lösung. 1730,2293,127,31
<EOS>
<EOP>
Carl 104,2511,147,62
Maier 284,2513,203,59
& 513,2513,53,59
Cie 593,2511,119,62
Schaffhausen 787,2512,503,60
Fabrik 111,2604,95,25
elektrischer 220,2604,178,25
Apparate 408,2604,141,31
und 563,2604,55,25
Schaltanlagen 633,2604,217,30
Tel. 1063,2604,55,25
<EOS>
053 1133,2604,51,24
5 1194,2605,16,23
61 1218,2604,30,24
31 1259,2604,30,24
CMC 1480,2478,319,180
28 69,2716,28,20
Schweiz. 1229,2724,86,17
<EOS>
Bauzeitung 1327,2724,109,21
* 1453,2731,5,5
83. 1474,2725,27,16
<EOS>
Jahrgang 1511,2724,93,21
Heft 1615,2724,41,17
47 1665,2725,21,16
• 1703,2731,5,5
25. 1724,2725,27,17
<EOS>
November 1763,2724,99,18
1965 1872,2725,42,16
<EOS>
<EOP>
