1970,2898
Ein 79,85,60,30
neuer 160,93,114,23
Lehrplan 292,86,175,37
an 488,95,45,22
der 552,87,65,32
Architekturabteilung 634,87,419,37
der 1073,90,67,31
ETH 1157,90,84,32
Von 81,135,47,22
Architekt 142,135,115,22
Prof. 270,136,59,23
<EOS>
Heinz 341,136,70,22
Ronner, 423,137,96,26
ETHSgürich 533,132,148,30
<EOS>
<EOP>
DK 1694,98,45,21
378.962:72 1752,99,130,21
<EOS>
<EOP>
Gespräche 137,197,131,27
über 281,198,56,22
die 351,199,35,20
Architekten-Ausbildung 399,199,302,27
gehen 715,201,72,26
heute 798,201,68,23
in 880,201,23,22
der 916,202,41,21
Regel 79,231,69,26
von 157,237,48,16
zwei 213,231,54,22
Feststellungen 278,232,178,27
aus, 465,240,48,19
die 524,233,36,22
unsere 570,240,79,16
Berufssituation 659,234,190,23
am 859,241,38,16
auf¬ 906,235,50,22
fallendsten 78,264,135,24
kennzeichnen: 223,265,178,24
<EOS>
<EOP>
Der 135,302,50,22
Architekt 192,302,119,23
hat 318,304,40,21
in 367,303,22,22
der 398,304,40,22
Ausübung 445,304,129,28
seines 583,305,70,23
Berufes 661,306,93,23
eine 762,306,49,22
ständig 820,306,90,27
zu¬ 917,313,38,16
nehmende 78,335,127,24
Anzahl 213,337,90,22
technischer 312,337,140,24
Fakten 461,338,88,23
zu 557,345,28,17
verarbei|eä|. 594,335,148,34
<EOS>
Die 749,340,47,22
in 804,340,23,22
der 837,340,39,22
Folge 885,341,70,26
der 78,369,40,22
technologischen 126,370,200,27
Entwicklung 334,371,159,28
entstehenden 500,373,162,22
neuen 671,379,74,16
Materialien 755,373,143,23
und 907,374,47,22
Methoden 78,403,129,24
oder 218,405,57,21
die 287,405,36,23
Anforderungen 336,406,191,26
neuer 539,412,70,17
Gebrauchssituationen 621,406,273,24
ver- 907,415,47,15
grössern 77,439,103,24
das 192,438,41,22
Quantum 245,439,117,25
der 374,439,39,22
technischen 424,439,144,23
Belange, 578,440,104,27
die 695,441,37,22
Zusammenhänge 742,441,212,27
werden 76,472,91,22
komplexer, 178,472,138,28
und 326,473,47,22
es 385,479,24,15
ist 421,472,29,24
offensichtlich, 461,473,171,27
dass 640,474,52,22
dadurch 704,475,103,22
architdHo||; 817,472,149,35
nische 76,505,78,22
Form 160,505,71,23
in 237,505,25,22
zunehmendem 268,507,180,22
Masse 456,508,77,22
von 541,514,46,16
technischen 594,508,144,23
Gesichtspunkten 745,508,208,29
beeinflusst 76,538,131,24
wird. 218,540,61,21
<EOS>
<EOP>
Zugleich 134,572,108,28
mit 256,573,41,22
dieser 312,574,71,22
Konzentration 397,575,183,23
in 594,576,23,22
einem 632,575,74,24
Punkt 720,577,76,22
drängt 809,577,83,28
sich 904,577,50,22
aber 75,605,55,23
auch 138,608,60,21
eine 205,607,51,22
massive 264,610,95,20
Ausweitung 367,609,149,26
des 525,610,38,21
Gesichtsfeldes 572,610,176,22
auf, 760,610,47,27
z. 816,617,20,16
<EOS>
B. 845,612,26,21
<EOS>
durch 881,610,72,23
die 75,639,38,23
zunehmende 124,641,157,23
Bedeutung 294,642,134,27
der 440,643,40,22
ORL-Planung, 494,643,182,27
wo 691,650,36,16
eine 740,643,51,22
solche 803,644,78,23
Aus¬ 893,645,60,22
weitung 75,674,99,28
durch 185,675,72,22
den 269,675,45,23
notwendigen 325,676,159,28
Einbezug 495,676,117,28
von 623,683,47,16
soziologischen, 682,678,186,26
oeko- 882,680,70,20
nomischen, 75,708,140,26
juristischen, 240,709,150,27
historischen 417,710,149,22
und 591,711,48,22
technischen 666,712,143,21
Gesichts¬ 837,713,114,21
punkten 75,743,101,24
am 191,748,38,17
augenfälligsten 242,743,186,27
in 441,744,24,22
Erscheinung 478,744,154,27
tritt. 644,744,55,23
<EOS>
Es 714,747,30,21
wird 757,745,56,22
zusehends 826,746,126,23
schwerer 75,775,109,23
und 195,776,47,22
langwieriger, 254,777,157,26
die 424,777,37,23
angestrebte 472,779,141,25
Kompetenz 624,778,145,28
in 779,779,24,22
der 814,780,40,23
ganzen 864,787,88,20
Breite 75,809,74,22
des 162,809,40,23
Berufes 214,810,93,23
zu 320,818,29,14
erreichen, 362,811,121,26
ja 494,811,26,27
der 533,812,40,22
Architekt 586,812,119,23
läuft 719,814,56,21
Gefahr, 790,814,93,25
zum 897,820,55,17
Hansdampf 74,842,150,29
mallen 226,844,100,23
Gassen 334,845,89,21
zu 430,852,30,16
werden. 467,846,97,22
<EOS>
Diese 576,846,69,22
Situation 654,846,112,24
begünstigt 775,848,127,26
die 914,848,37,22
Tendenz 74,877,105,23
zur 189,884,40,16
Spezialisierung 240,878,186,27
als 435,880,33,22
Planer, 478,879,88,27
als 577,881,33,22
Entwerfer 620,881,124,22
oder 754,881,56,22
Konstruk¬ 820,881,131,23
teur, 73,913,57,23
wie 141,911,43,23
wir 195,910,40,23
sie 246,911,32,22
zum 288,919,53,15
Teil 352,912,48,22
heute 411,912,70,24
in 491,914,22,20
der 527,914,38,21
Praxis 577,914,76,22
schon 665,914,72,23
kennen 748,914,90,23
und 848,915,49,23
wie 908,915,43,22
sie 73,944,32,22
sich 114,944,49,23
zusehends 172,945,125,23
deutlicher 307,946,125,23
abzeichnet. 441,946,137,23
<EOS>
<EOP>
Wenn 130,979,74,22
es 213,986,23,15
gilt, 245,979,46,26
der 301,980,40,22
geschilderten 349,980,162,26
Berufssituation 519,980,191,25
im 716,982,34,23
Lehrprogramm 758,982,191,28
einer 72,1011,61,22
Hochschule 152,1012,145,23
Rechnung 317,1013,127,28
zu 461,1021,29,15
tragen, 509,1017,85,25
muss 614,1021,62,17
davon 697,1016,76,22
ausgegangen 792,1022,157,23
werden, 71,1046,97,27
dass 182,1047,52,21
nicht 246,1046,63,23
einfach 321,1046,90,23
eine 423,1048,50,22
beliebige 485,1048,109,27
Fülle 608,1049,63,22
von 683,1056,46,16
Lehrstoff 742,1050,117,23
in 868,1051,24,22
den 904,1051,45,22
Rahmen, 72,1080,112,27
der 196,1080,40,22
durch 247,1080,72,23
die 331,1080,36,23
normale 378,1083,104,22
Studiendauer 494,1082,165,24
gegeben 669,1085,101,26
ist, 781,1084,35,26
eingesetzt 828,1085,122,27
werden 71,1113,90,22
kann, 171,1114,69,26
ohne 253,1114,61,23
die 325,1114,37,23
Qualität 373,1115,103,26
des 487,1116,40,22
Unterrichtes 538,1117,155,22
in 704,1118,24,22
Frage 739,1118,73,26
zu 822,1124,29,16
stellen. 862,1118,85,22
<EOS>
Daraus 71,1147,91,23
ergibt 172,1147,73,27
sich 254,1147,48,24
die 312,1149,38,22
Forderung 359,1149,134,27
nach 503,1150,59,22
strenger 572,1154,100,23
Selektion 682,1151,116,23
des 807,1151,40,23
Stoffes. 858,1152,89,22
<EOS>
Gleichzeitig 73,1181,145,26
muss 235,1189,61,16
dem 313,1183,53,22
Studierenden 382,1183,163,23
aber 562,1184,55,23
die 633,1184,37,23
Gelegenheit 687,1185,146,27
geboten 850,1186,98,26
<EOS>
<EOP>
werden, 1002,202,97,27
sein 1107,202,50,23
Wissen 1162,202,89,23
in 1258,202,23,23
Studienzweigen, 1289,202,199,28
die 1498,204,35,22
ihn 1541,204,40,22
besonders 1588,204,123,24
interessieren, 1719,204,161,28
über 1002,235,55,23
den 1070,235,45,23
Bereich 1127,235,94,23
des 1234,236,39,23
derart 1287,236,74,22
konzentrierten 1375,237,182,24
Studienplanes 1570,238,173,28
hinaus 1755,238,84,24
zu 1851,244,29,17
vertiefen. 1001,269,114,23
<EOS>
<EOP>
Betrachtet 1058,307,128,23
man 1202,314,54,16
weiter 1273,307,75,23
als 1364,309,33,22
zentrales 1413,309,108,23
Anliegen 1538,310,110,25
des 1665,311,39,21
Architekten- 1720,310,160,23
Berufes 1001,341,93,21
die 1104,341,37,23
räumlich-plastische 1151,341,242,28
Synthese 1403,343,108,26
aus 1522,350,42,16
den 1574,344,46,21
Anforderungen 1629,344,192,27
ver¬ 1831,351,49,15
schiedener 1000,374,131,24
Teilgebiete, 1140,375,141,27
so 1290,382,27,16
hat 1326,376,41,22
ein 1374,377,37,22
Lehrstoff 1420,376,117,24
nur 1543,383,44,17
dann 1595,378,64,22
seinen 1666,378,78,22
sinnvollen 1752,378,128,22
Platz 1000,408,63,22
innerhalb 1071,408,119,24
des 1201,409,39,23
Lehrplanes, 1249,409,145,28
wenn 1405,417,67,16
er 1480,417,25,16
direkt 1514,411,74,22
oder 1597,411,57,22
indirekt 1662,411,98,23
zu 1769,418,29,16
dieser 1808,411,72,23
Synthese, 1001,442,115,28
nämlich 1126,443,99,23
der 1235,443,40,23
architektonischen 1284,443,221,24
Entwurfsübung, 1511,445,201,27
in 1719,445,23,22
Beziehung 1749,445,131,27
steht, 1000,477,65,25
sei 1080,477,30,22
es 1123,483,23,17
im 1158,477,33,22
Stadium 1203,477,104,23
der 1320,478,40,22
Analyse, 1372,478,105,27
des 1491,478,40,23
Programmierens, 1543,479,214,26
der 1770,479,40,24
Syn¬ 1822,480,56,26
these 999,510,63,23
im 1077,510,32,23
Gestaltungsprozess 1125,511,240,27
oder 1380,512,57,22
der 1452,512,41,22
Durcharbeitung. 1506,512,208,28
<EOS>
Das 1730,514,50,22
Einbe¬ 1796,513,83,23
ziehen 998,543,80,23
eines 1087,544,61,22
speziellen 1158,544,119,28
Gesichtspunktes 1286,544,205,29
in 1500,546,25,23
den 1534,546,46,23
Entwurfsvorgang 1588,547,218,28
muss 1814,554,64,16
zudem 998,577,82,22
im 1087,577,33,23
richtigen 1126,578,109,27
Zeitpunkt 1242,578,125,27
und 1372,579,50,23
am 1428,586,39,16
geeigneten 1474,581,130,26
Objekt 1612,581,85,27
geübt 1703,582,69,25
werden. 1780,581,96,23
<EOS>
Daraus 998,612,92,21
folgt, 1098,611,64,28
dass 1174,612,52,22
der 1235,612,41,23
Lehrstoff 1284,613,117,23
im 1408,613,31,23
Hinblick 1449,613,109,24
auf 1566,615,43,21
die 1616,615,37,23
Entwicklung 1661,615,160,28
und 1828,615,49,23
Vervollkommnung 998,645,236,27
einer 1258,647,62,22
methodischen 1344,647,172,23
Denk- 1541,649,80,22
und 1645,649,48,22
Arbeitsweise 1719,649,158,23
organisiert 998,679,133,26
werden 1140,680,91,22
muss. 1240,687,71,17
<EOS>
<EOP>
Die 1055,721,46,22
Förderung 1116,721,135,27
selbständigen 1266,721,167,28
Denkens 1449,723,110,23
und 1574,723,48,22
die 1639,724,37,22
Anpassung 1691,724,139,27
an 1847,731,29,15
die 997,754,37,22
individuelle 1057,754,145,23
Entwicklungsfähigkeit 1224,755,280,28
des 1528,758,39,21
Studenten 1592,757,124,23
schliesslich 1739,758,137,23
verlangen 996,788,121,26
nach 1121,788,60,23
einem 1184,788,75,23
hohen 1262,789,79,23
Grad 1346,790,65,23
von 1415,797,47,15
Flexibilität 1466,791,138,23
des 1607,791,41,23
Lehrprogra 1652,792,142,27
mmeS, 1797,796,78,23
sowie 997,821,68,24
einer 1084,822,62,23
liberalen 1166,823,107,23
und 1290,824,49,22
gleichzeitig 1359,824,138,27
auf 1516,825,42,23
die 1575,825,37,22
Erzielung 1630,826,121,27
höchster 1768,826,108,23
Qualität 997,856,101,25
ausgerichteten 1108,856,180,27
Anwendung 1297,858,152,27
desselben 1460,859,116,22
auf 1587,859,42,22
den 1637,859,44,22
Einzelfall. 1691,859,125,24
<EOS>
<EOP>
Mit 1055,953,45,22
dem 1107,955,54,21
Titel 1168,954,57,22
«Die 1234,956,59,21
Ausbildung 1300,955,136,27
des 1443,956,39,22
Architekten», 1487,957,168,27
hat 1664,958,40,22
die 1712,957,36,23
Arehitek- 1755,958,120,22
turabteilung 995,987,153,28
der 1160,988,40,22
ETH 1212,989,63,22
anlässlich 1288,989,120,23
des 1421,990,40,22
8. 1474,991,21,21
<EOS>
Kongresses 1505,991,142,26
der 1659,992,40,21
U.I.A.1) 1712,991,100,28
<EOS>
eine 1825,991,50,23
Broschüre 995,1021,128,24
von 1135,1028,46,16
43 1194,1023,26,21
Seiten 1236,1023,75,22
mit 1322,1023,44,22
der 1378,1024,39,22
illustrierten 1430,1024,143,23
Darstellung 1585,1025,147,27
ihres 1744,1024,59,24
nun- 1815,1032,59,15
<EOS>
<EOP>
') 1051,1100,15,24
Der 1081,1101,45,19
Schweiz. 1141,1100,96,21
<EOS>
Beitrag 1245,1100,86,25
bestand 1346,1101,90,22
aus 1453,1108,39,15
der 1508,1103,37,21
Darstellung 1562,1103,137,25
der 1715,1103,38,21
Lehrpro¬ 1768,1104,106,25
gramme 994,1135,96,19
der 1102,1130,38,21
drei 1151,1130,45,21
Architektur-Hochschulen 1209,1131,300,22
ETH, 1521,1133,67,24
EPUL 1601,1134,75,20
und 1687,1134,47,20
EAUG 1747,1135,83,20
im 1843,1134,30,20
Rahmen 994,1160,99,20
einer 1105,1161,58,20
internationalen 1173,1160,180,22
Ausstellung 1364,1162,139,25
zum 1513,1169,50,15
genannten 1576,1167,120,20
Thema, 1707,1164,90,25
sowie 1808,1164,66,21
der 994,1190,37,21
Beteiligung 1041,1190,132,25
am 1183,1196,35,15
Wettbewerb 1229,1191,140,21
von 1379,1198,43,15
Studentenarbeiten. 1433,1193,220,22
<EOS>
Studienplan 73,1250,148,29
für 235,1251,36,22
die 285,1251,38,24
Ausbildung 338,1252,140,30
des 494,1253,44,23
Architekten 553,1255,145,21
an 714,1262,29,16
der 759,1255,41,22
ETH* 815,1256,70,22
Uohr 100,1293,54,18
lljohr 520,1296,63,17
1. 98,1327,14,13
<EOS>
Semesrer 118,1326,79,16
(T.x.) 202,1328,33,17
<EOS>
2 311,1329,7,13
Seme&rer 328,1328,78,13
(1 414,1330,9,13
w) 432,1329,18,17
3. 521,1328,14,15
<EOS>
Semesrer 538,1329,78,15
(1 623,1331,10,15
t.) 643,1330,15,17
<EOS>
4. 731,1332,14,13
<EOS>
Semesrer 749,1331,77,14
0 834,1332,10,15
IV 853,1334,14,11
W/AWAV/,%%- 98,1350,157,19
<EOS>
<EOP>
Diplom 1770,1336,60,23
<EOS>
<EOP>
IV.Ooh 1359,1303,59,16
<EOS>
d.SemesrerM 1152,1334,114,16
<EOS>
iv: 1273,1338,16,12
3. 1571,1337,11,15
<EOS>
Semesrer 1586,1337,78,15
h.iw 1666,1338,33,15
<EOS>
1\L 679,1395,46,21
X 681,1419,44,21
<EOS>
<EOP>
*K 923,1483,27,19
<EOS>
<EOP>
i 924,1571,30,44
<EOS>
<EOP>
•; 662,1707,9,13
fi 679,1707,8,12
•3 1057,1711,16,14
a 1079,1711,12,14
m 1098,1711,13,10
13 306,1744,12,12
wocher 324,1744,57,12
18 516,1745,14,12
Wochen 537,1745,61,14
la 728,1750,11,10
Wocher 742,1747,57,13
is 98,1744,11,11
wocnen 117,1744,59,12
iß 936,1749,11,10
Wochen 955,1749,58,13
i 1153,1753,5,10
Wochen 1162,1751,62,13
1 1568,1754,4,12
Wochen 1578,1753,66,15
S 1358,1753,7,11
Wochen 1370,1754,63,12
10 1764,1757,13,12
Woche 1782,1757,48,12
<EOS>
<EOP>
1. 516,1774,13,14
<EOS>
Vor 532,1774,31,14
dipl 565,1775,34,18
o 601,1776,10,13
i.Vordipl 936,1777,87,20
<EOS>
j 1763,1786,8,12
Diplom 1782,1784,64,20
<EOS>
<EOP>
Plastische 673,1820,88,16
Synthese 774,1821,80,19
Menschlicher 179,1819,108,17
und 297,1820,32,16
sozialer 343,1820,68,16
Aspekt 421,1820,61,20
Technischer 1044,1828,98,16
Aspekt- 1155,1829,57,18
A 1304,1826,14,15
Bewertung 1333,1827,91,22
von 1439,1832,29,12
Übungen 1483,1825,81,26
o 1642,1831,12,12
Prüfungen 1669,1827,90,23
Lehrstoff 69,1871,99,21
Winterhalbjahr 183,1874,164,23
(Beginn 362,1874,83,23
1. 462,1876,16,18
<EOS>
<EOP>
Semester 99,1908,97,19
Allgemeinbildung 100,1932,178,22
Einführung 101,1955,106,20
in 224,1956,16,16
Architektur 256,1955,114,19
Kunstgeschichte 100,1978,166,21
Grundkurs 101,2001,102,17
Zeichnen* 98,2024,100,20
Perspektive 218,2024,117,21
Architektur, 97,2046,121,20
Uebungen 235,2046,97,22
Konstruktion 100,2069,126,18
Baustatik 99,2092,94,18
Bauphysik 98,2115,101,22
Mathematik 97,2138,117,18
und 230,2139,34,17
darstellende 281,2139,126,17
Geometrt 422,2140,92,17
<EOS>
<EOP>
Oktober) 490,1875,95,25
<EOS>
<EOP>
3. 560,1913,19,17
<EOS>
<EOP>
Lehrstoff 65,2229,99,21
Sommerhalbjahr 179,2230,184,26
(Beginn 378,2231,83,25
1. 478,2234,16,17
<EOS>
2. 61,2267,18,16
<EOS>
Semester 96,2266,95,18
a 63,2294,7,11
Allgemeinbildung 97,2289,178,22
b 61,2312,9,17
Einführung 97,2313,107,20
In 224,2313,16,17
Architektur 258,2313,114,19
c 61,2340,8,12
Kunstgeschichte 96,2336,165,21
d 62,2358,9,18
Grundkurs 96,2358,104,19
s 61,2386,9,13
Zeichnen, 95,2381,99,20
Perspektive 215,2383,116,19
f 61,2405,6,16
Architektur, 95,2405,120,19
Uebungen 232,2405,97,21
g 60,2431,10,18
Konstruktion 96,2427,127,18
h 62,2451,7,15
Baustatik 97,2451,91,16
I 60,2474,4,16
Hygiene 94,2472,80,22
k 60,2496,9,16
Baumaterialkunde 95,2497,181,16
I 60,2518,4,18
Mathematik 93,2518,117,19
und 224,2519,34,18
darstellende 273,2519,127,18
Geometrie 414,2520,104,17
<EOS>
<EOP>
April) 505,2232,61,26
<EOS>
<EOP>
4. 555,2270,18,17
<EOS>
<EOP>
Semester 596,1913,95,17
Allgemeinbildung 596,1935,179,22
Kunstgeschichte 596,1958,165,22
Architektur, 594,1981,121,21
Vorlesungen 732,1982,125,23
Zeichnen, 594,2004,99,20
Perspektive 711,2006,117,20
Architektur, 595,2028,119,18
Entwurf 733,2029,73,16
Konstruktion 595,2051,126,17
Tragkonstruktionen 594,2073,194,20
II 800,2074,11,16
Elektrische 595,2096,113,18
Installationen, 724,2098,145,19
Lichttechnik 886,2099,121,17
Schall-Isolationen 593,2118,186,20
<EOS>
<EOP>
Semester 590,2270,97,17
Allgemeinbildung 591,2293,178,23
Kunstgeschichte 592,2316,165,21
Städtebau, 590,2338,107,22
Vorlesungen 715,2339,125,22
Architektur, 591,2361,120,21
Vorlesungen 727,2362,125,22
Zeichnen, 590,2384,98,20
Perspektive 707,2386,117,20
Architektur, 589,2407,121,20
Entwurf 728,2409,75,17
Konstruktion 591,2430,127,19
Tragkonstruktionen 593,2454,194,19
tl 799,2455,11,16
Sanitäre 589,2477,85,16
Installationen, 692,2478,145,18
Heizung, 589,2500,85,20
Lüftung 692,2500,72,21
<EOS>
<EOP>
5. 1057,1917,17,15
<EOS>
Semester 1091,1916,95,18
a 1057,1944,9,11
Allgemeinbildung 1091,1940,179,22
b 1056,1962,9,17
Kunstgeschichte 1091,1962,166,21
c 1056,1990,9,12
Städtebau-Geschichte 1091,1985,220,18
d 1056,2007,9,17
Rechtslehre 1092,2008,119,17
e 1056,2035,9,12
Soziologie 1090,2030,106,22
f 1055,2053,7,16
Städtebau, 1089,2054,107,19
Vorlesungen 1214,2054,126,22
g 1055,2081,9,15
Architektur, 1090,2077,120,19
Vorlesungen 1229,2078,125,21
h 1055,2100,9,16
Gestaltungsübungen 1091,2100,203,21
I 1055,2123,4,16
Architektur. 1089,2123,118,17
<EOS>
Entwurf 1227,2123,73,17
k 1054,2145,9,17
Konstruktion 1089,2145,128,18
I 1056,2168,2,16
Grundbau 1088,2168,95,17
m 1054,2195,15,12
Landschaftsgestaltung 1088,2190,228,23
n 1055,2218,9,12
Kulturgeographie 1091,2214,174,21
6. 1052,2275,16,16
<EOS>
Semester 1085,2274,97,19
a 1052,2302,9,11
Allgemeinbildung 1086,2298,179,23
b 1052,2320,9,17
Kunstgeschichte 1087,2320,166,21
c 1052,2348,8,11
Städtebau-Geschichte 1085,2344,221,17
d 1052,2366,9,17
Rechtslehre 1088,2366,119,17
e 1052,2393,9,12
Soziologie 1086,2388,106,22
f 1051,2410,6,17
Städtebau, 1085,2411,107,21
Vorlesungen 1207,2413,124,19
g 1052,2439,9,15
Architsktur, 1085,2435,121,19
Vorlesungen 1220,2436,124,21
h 1052,2458,7,14
Gestaltungsübungen 1086,2458,203,22
i 1052,2481,3,16
Architektur, 1083,2480,121,19
Entwurf 1223,2482,74,17
k 1050,2503,8,17
Konstruktion 1084,2503,127,18
I 1051,2526,2,17
Baukolloquium 1084,2526,149,21
m 1052,2554,13,11
Landschaftsgestaltung 1084,2548,227,22
n 1050,2576,9,12
Kulturgeographie 1085,2573,174,19
<EOS>
<EOP>
7. 1553,1920,17,16
<EOS>
Semester 1587,1919,97,19
a 1554,1947,9,12
Allgemeinbildung 1587,1942,180,22
b 1554,1966,7,16
Wahlfach: 1588,1966,100,19
Städtebau 1705,1967,100,18
c 1553,1993,9,12
Wahlfach: 1587,1989,103,18
Architektur 1705,1989,114,18
d 1552,2012,9,16
Städtebau. 1588,2013,105,16
<EOS>
Vorlesungen 1709,2012,127,23
e 1552,2040,9,11
Architektur, 1587,2035,120,19
Vorlesungen 1726,2035,125,22
f 1551,2057,7,16
Städtebau, 1586,2057,106,19
Entwurf 1711,2058,75,18
g 1552,2085,9,16
Architektur, 1587,2081,119,18
Entwurf 1725,2082,74,17
h 1552,2105,8,14
Wahlfach: 1586,2103,102,19
Technik 1707,2104,78,17
i 1551,2127,4,15
Verkehrswesen 1584,2126,153,19
k 1549,2149,11,17
Bauleitung 1584,2149,108,22
<EOS>
<EOP>
8. 1549,2279,17,15
<EOS>
Semester 1584,2278,97,18
a 1549,2305,8,12
Allgemeinbildung 1582,2300,179,22
b 1549,2324,8,16
Wahlfach: 1582,2324,103,17
Städtebau 1702,2324,100,18
c 1548,2351,8,12
Wahlfach: 1581,2346,103,19
Architektur 1698,2347,116,19
d 1547,2370,9,16
Städtebau, 1582,2369,107,19
Vorlesungen 1705,2370,125,22
e 1548,2397,8,12
Architektur, 1582,2392,121,19
Vorlesungen 1718,2393,125,22
f 1546,2415,7,17
Städtebau, 1581,2415,106,18
Entwurf 1705,2416,76,18
g 1547,2443,9,15
Architektur, 1582,2438,119,18
Entwurf 1718,2439,74,16
h 1547,2464,9,13
Wahlfach: 1582,2460,101,18
Technik 1698,2461,77,17
I 1547,2484,4,16
Verkehrswesen 1581,2484,151,17
k 1546,2506,8,17
Bauleitung 1580,2507,107,21
<EOS>
<EOP>
* 121,2609,11,13
Aus 143,2610,41,21
der 199,2610,36,20
Schrift 249,2610,74,21
«Die 338,2611,48,20
Ausbildung 403,2613,121,23
des 541,2614,36,19
Architekten 593,2614,127,21
an 736,2620,24,15
der 776,2615,36,21
Eidgenössischen 826,2615,185,26
Technischen 1027,2618,138,21
Hochschule», 1181,2619,148,23
herausgegeben 1346,2620,167,24
von 1528,2626,37,16
der 1582,2621,36,20
Architekturabteilung 1633,2622,226,24
an 60,2645,25,15
der 102,2640,37,20
ETH 155,2640,43,21
anlässlich 218,2642,110,19
des 346,2642,38,20
VIII. 401,2642,47,21
<EOS>
Kongresses 458,2643,127,24
der 605,2644,35,20
Internationalen 659,2645,166,20
Architekten-Union 844,2647,202,21
(UIA) 1067,2649,57,24
in 1146,2651,16,17
Parts, 1184,2649,61,26
Juli 1265,2650,41,20
1965, 1327,2651,56,24
Ober 1404,2651,49,20
die 1472,2651,32,20
Ausbildung 1524,2652,123,25
des 1668,2653,36,19
Architekten. 1726,2654,132,19
<EOS>
<EOP>
Schweiz. 63,2723,85,16
<EOS>
Bauzeitung 160,2725,108,18
• 285,2730,6,6
83. 306,2726,26,15
<EOS>
Jahrgang 343,2724,92,22
Heft 447,2725,39,17
47 495,2726,21,16
jj 533,2723,5,23
25. 553,2727,27,17
<EOS>
November 592,2726,99,18
1965 701,2730,41,16
863 1816,2730,42,22
<EOS>
<EOP>
