1970,2898
verschiedener 102,82,169,23
Stäbe 287,83,68,23
lassen 369,85,75,22
sich 459,85,47,22
schnell 522,85,85,23
mit¬ 621,85,51,23
einander 101,115,109,24
vergleichen. 225,116,148,28
<EOS>
Die 389,118,46,22
Querdehnung 452,119,171,27
er¬ 638,126,34,15
gibt 102,149,48,27
sich 159,150,48,23
sehr 216,152,52,21
genau, 277,157,80,21
indem 367,152,78,22
das 455,152,41,23
Tastgerät 505,153,118,27
auf 632,153,42,22
einen 101,183,67,24
Stab, 176,184,63,28
der 250,185,40,22
durch 299,185,72,22
einfache 380,185,103,23
Biegung 492,186,102,28
bean¬ 603,188,68,22
sprucht 101,218,94,27
wird, 203,218,63,28
aufgesetzt 277,218,124,28
wird. 410,219,63,23
<EOS>
Die 483,219,46,23
Zahl 538,221,58,22
n 605,229,15,15
pt 655,229,16,18
wird 101,252,56,22
an 178,258,29,15
der 229,252,40,22
Doppelmessbrücke 290,253,238,27
gefunden, 549,255,121,26
wenn 100,292,67,16
eines 184,285,61,24
der 262,287,41,22
beiden 320,287,82,23
Amperemeter 419,288,172,27
nicht 608,289,63,22
mehr 100,320,64,22
reagiert. 174,319,102,27
<EOS>
<EOP>
Beispiele 157,354,109,26
aus 280,362,42,14
der 335,354,40,23
Praxis 388,356,82,22
der 483,356,40,22
Modellver¬ 537,356,134,23
suche 100,388,66,22
sind 174,387,51,22
in 234,388,23,22
den 267,389,44,22
Bildern 319,388,92,23
4 419,389,15,22
und 442,390,48,21
5 500,390,12,22
gezeigt. 522,390,92,27
<EOS>
Für 624,391,47,21
ein 100,420,36,23
sattelförmiges 148,421,174,28
Schalendach 335,422,155,23
(Bild 503,423,61,27
5) 577,425,22,26
wur¬ 612,431,58,15
den 100,455,44,23
die 152,455,37,23
Hauptspannungen 196,456,231,27
(Scheibenkräfte) 434,457,204,27
in 646,458,24,22
rd. 98,489,35,22
<EOS>
200 144,489,43,22
Punkten 197,489,104,23
ermittelt 312,490,106,23
und 427,492,49,21
in 486,492,24,21
Bild 520,491,51,23
5a 582,493,28,22
auf¬ 621,492,49,22
<EOS>
<EOP>
gezeichnet 718,86,129,27
(dicke 860,87,76,26
Striche 949,87,86,24
Zugspannungen, 1081,89,207,28
dünne 718,121,77,21
Striche 825,120,85,24
Druckspannungen). 970,122,248,29
<EOS>
Die 1244,124,45,22
kurze 717,155,70,21
Diagonale 797,155,129,26
ist 937,157,29,21
durchhängend, 978,156,184,28
die 1175,157,37,22
lange 1223,157,66,28
Diagonale 717,187,129,27
nach 859,189,60,23
oben 933,191,61,22
gewölbt, 1008,191,105,26
Auflager 1129,191,110,27
be¬ 1250,192,39,22
finden 716,222,78,22
sich 805,223,48,22
entlang 864,223,93,27
den 969,224,44,21
vier 1025,224,46,22
Seiten. 1083,224,82,23
<EOS>
Die 1177,224,46,23
Tra- 1234,226,54,22
jektorien 715,256,113,27
treten 840,259,73,20
sichtbar 925,257,99,23
in 1036,258,25,22
Erscheinung 1073,258,155,27
und 1240,260,48,22
konnten 716,290,104,22
in 833,290,25,22
Bild 872,290,51,23
5b 938,291,29,22
dargestellt 982,291,129,27
(punktiert 1125,292,126,28
Druck) 716,323,90,28
werden. 819,324,97,23
<EOS>
<EOP>
Die 774,358,45,22
leichte 834,358,80,23
Asymetrie 927,360,128,25
ist 1070,359,29,23
einer 1109,360,62,23
(fast 1181,360,55,27
un¬ 1245,367,43,17
vermeidbaren) 715,391,181,27
Unregelmässigkeit 903,393,230,27
des 1140,395,39,22
Modells 1187,395,100,22
zuzuschreiben. 715,425,182,24
<EOS>
Um 908,428,49,22
so 964,433,27,16
mehr 1001,428,64,22
ist 1074,427,28,23
zu 1110,434,30,16
sehen, 1148,429,76,26
dass 1234,428,53,23
mit 715,458,42,24
den 774,459,45,23
vielen 835,459,73,24
Messresultaten 925,461,186,22
eine 1127,462,50,23
Gesetz¬ 1194,462,93,23
mässigkeit 715,493,131,28
sichtbar 853,494,100,23
wird. 962,494,62,24
<EOS>
Es 1034,497,30,21
ist 1073,494,29,23
wichtiger, 1109,495,122,28
die¬ 1240,496,46,24
<EOS>
<EOP>
se 1334,97,25,16
zu 1366,98,29,15
erkennen, 1403,91,122,28
als 1534,91,33,22
allzu 1576,92,59,23
genaue 1643,99,88,20
Messwerte 1740,93,132,23
zu 1878,100,31,15
erhalten, 1334,124,108,27
denn 1457,125,62,23
diese 1532,125,61,23
ändern 1606,126,87,23
sich 1707,127,47,23
manchmal, 1768,127,139,27
wenn 1334,165,66,16
der 1408,158,40,22
Messpunkt 1455,159,139,28
auch 1601,160,60,23
nur 1668,167,44,17
sehr 1720,162,51,22
wenig 1779,162,74,28
ver¬ 1858,168,50,16
schoben 1334,192,102,23
wird. 1455,194,64,22
<EOS>
<EOP>
(Das 1393,235,59,26
hier 1464,234,50,23
beschriebene 1526,235,160,23
Modell 1700,236,89,23
ist 1802,236,28,23
nicht 1843,236,63,23
mit 1333,267,43,23
dem 1384,268,53,22
in 1446,268,24,22
Bild 1477,268,52,23
4 1537,268,15,22
gezeigten 1559,270,115,26
Objekt 1683,270,86,27
identisch.) 1776,270,130,28
<EOS>
<EOP>
Die 1391,301,46,23
in 1448,301,24,23
diesem 1484,303,86,22
Bericht, 1580,303,97,26
der 1691,304,40,23
hier 1742,304,49,23
erstmals 1802,305,104,23
veröffentlicht 1333,335,166,24
wird, 1526,336,62,28
beschriebenen 1617,337,175,24
Geräte 1820,340,85,22
sind 1333,368,50,24
in 1396,370,24,22
der 1433,370,39,22
Schweiz 1485,371,99,22
zum 1596,378,53,16
Patent 1662,372,80,23
angemeldet. 1754,373,149,26
<EOS>
<EOP>
Adresse 1393,470,92,22
des 1496,472,37,20
Verfassers: 1546,472,129,22
Alexander 1688,473,120,21
Moser, 1822,476,80,22
Ing. 1331,501,47,24
<EOS>
ETH, 1389,502,66,22
S.I.A., 1469,502,83,23
<EOS>
8126 1565,503,53,20
Zumikon. 1630,503,117,21
<EOS>
<EOP>
Mitteilungen 101,591,248,36
Neugründung 156,659,162,26
der 334,660,39,22
VDE/VDI-Fachgruppe 388,660,278,28
Messtechnik. 682,663,161,22
<EOS>
Auf 860,664,50,22
dem 924,664,52,23
Gebiet 98,692,84,23
des 193,692,39,23
Messwesens 245,693,148,23
waren, 405,700,81,21
abgesehen 500,694,126,27
von 637,702,47,15
den 695,696,45,22
Fachgruppen 752,696,166,28
und 928,698,47,22
Organisationen, 98,726,198,27
die 306,726,36,23
sich 350,727,48,22
mit 405,727,41,22
der 455,728,39,22
Messtechnik 504,729,155,22
als 666,730,33,22
Hilfsmittel 707,729,134,24
für 848,731,38,22
andere 892,732,84,22
Aufgaben 97,759,123,28
befassten, 236,760,120,27
bisher 373,760,75,23
vornehmlich 462,762,157,23
die 634,763,37,22
VDE/VDI-Fachgruppe 686,764,290,28
Messen 98,793,93,23
und 197,794,49,22
Prüfen 253,794,85,22
tätig. 345,795,62,27
<EOS>
Die 416,794,45,24
zuerst 468,798,75,20
genannte 549,799,114,23
Fachgruppe 671,797,149,29
beschäftigte 828,798,148,28
sich 97,826,48,23
mit 154,826,42,23
der 206,827,40,23
Messtechnik 257,828,154,23
in 421,829,24,21
der 455,830,39,22
Verfahrensindustrie, 504,830,253,28
der 768,831,41,23
Eisenhütten¬ 818,832,157,23
industrie 97,860,110,23
und 222,863,46,21
der 286,862,39,21
Energieumwandlung 342,862,257,29
und 615,864,48,22
-Verteilung; 679,864,144,28
die 840,865,36,23
andere 892,867,84,23
Fachgruppe 97,894,149,28
bearbeitete 263,895,137,24
die 417,897,36,22
gesamte 470,900,100,24
Fertigungstechnik. 587,897,232,29
<EOS>
Ausserdem 837,900,138,23
hat 96,928,40,23
sich 151,929,46,22
die 213,929,36,22
Nachrichtentechnische 264,929,283,24
Gesellschaft 561,931,151,24
(NTG) 726,932,86,28
im 828,934,31,22
VDE 873,934,64,23
in 952,935,22,22
einem 96,961,74,24
Fachausschuss 185,963,183,23
mit 384,964,42,22
den 441,964,45,23
Messverfahren 502,965,183,23
und 700,967,48,22
Messgeräten 765,967,154,28
der 936,969,39,22
Nachrichtentechnik 96,996,247,24
befasst. 357,997,92,23
<EOS>
Um 465,999,48,22
die 527,998,37,22
Zusammenarbeit 578,1000,212,23
zwischen 803,1002,112,22
den 930,1002,45,22
technisch-wissenschaftlichen 96,1030,354,24
Vereinen 460,1032,111,23
in 581,1033,24,22
der 615,1033,40,23
Bundesrepublik 665,1034,196,28
auf 871,1035,43,22
dem 922,1036,52,22
Gebiete 96,1063,96,23
der 208,1063,41,23
Messtechnik 265,1065,155,22
zu 435,1072,29,16
verstärken, 479,1066,138,28
sind 634,1067,51,23
jetzt 698,1068,56,27
die 770,1068,36,23
bestehenden 821,1069,154,23
Fachgruppen 96,1097,166,28
des 276,1098,39,23
Vereins 329,1099,93,23
Deutscher 437,1100,128,23
Ingenieure 578,1101,133,27
und 724,1102,49,22
des 787,1102,40,23
Verbandes 842,1102,132,24
Deutscher 95,1130,128,24
Elektrotechniker 240,1132,210,23
zu 466,1140,30,16
einer 512,1134,63,23
neuen 592,1141,73,16
VDE/VDI-Fachgruppe 682,1135,292,30
Messtechnik 96,1164,155,24
vereinigt 269,1166,108,28
worden. 394,1167,101,23
<EOS>
Für 514,1168,46,22
die 578,1168,38,22
Zusammenlegung 632,1169,222,29
war 872,1178,47,15
die 936,1172,38,22
Überschneidung 95,1194,205,32
und 312,1201,49,22
Berührung 375,1200,134,29
der 524,1201,40,22
Aufgabengebiete 575,1202,209,28
vor 798,1211,43,15
allem 854,1205,68,22
bei 936,1205,37,23
der 95,1232,40,23
Vorbereitung 148,1232,166,28
übergeordneter 331,1234,190,28
Veranstaltungen 534,1236,205,28
ausschlaggebend. 756,1239,215,25
<EOS>
Ausserdem 94,1266,139,23
ist 246,1267,27,22
eine 287,1267,50,22
einheitliche 349,1267,142,24
Repräsentation 504,1270,192,25
der 709,1272,39,21
deutschen 762,1271,123,24
Mess¬ 899,1273,72,22
technik 94,1300,91,22
notwendig. 201,1300,137,28
<EOS>
In 354,1302,27,22
den 396,1302,45,21
USA 456,1304,62,21
gibt 533,1303,49,26
es 596,1311,25,16
die 636,1303,37,23
Instrument 687,1306,139,22
Society 842,1306,88,28
of 947,1306,27,23
Amerreal(ISA), 93,1328,191,33
in 295,1335,24,21
Grossbritannien 329,1335,203,24
die 541,1337,36,23
Society 587,1338,89,26
of 687,1339,27,22
Instrument 721,1339,138,22
Techno¬ 869,1340,102,23
logy 94,1367,52,27
(SIT). 158,1367,73,27
<EOS>
In 243,1369,28,21
Osteuropa 283,1369,129,27
bestehen 424,1370,108,24
ebenfalls 543,1371,109,23
einheitliche, 664,1372,147,28
meist 825,1373,66,22
staat¬ 903,1378,68,19
lich 93,1400,46,24
eingerichtete 145,1401,158,27
technische 310,1404,127,22
Organisationen, 445,1404,198,28
die 652,1405,36,23
sich 695,1406,48,23
mit 749,1406,43,23
der 798,1407,41,22
Messtech¬ 847,1408,124,23
nik 92,1434,42,24
befassen. 145,1435,111,24
<EOS>
Schliesslich 269,1437,139,23
legt 421,1438,45,27
die 478,1439,35,22
Praxis 526,1439,76,22
eine 613,1438,50,24
Vereinigung 674,1439,152,29
der 837,1441,40,23
beiden 888,1441,82,24
Fachgruppen 92,1469,167,28
nahe, 273,1470,67,28
da 356,1472,31,22
elektrische 402,1472,132,22
und 549,1474,48,21
mechanische 613,1473,158,24
Messverfahren 787,1475,183,24
immer 91,1502,82,24
mehr 181,1503,65,24
ineinander 256,1504,132,23
übergreifen. 397,1505,148,27
<EOS>
<EOP>
Erd- 149,1560,55,22
und 221,1561,43,21
Felsanker 282,1560,119,23
war 418,1567,47,17
das 482,1562,41,23
Thema 541,1562,86,24
der 645,1563,41,23
Frühjahrstagung 702,1564,210,29
der 930,1566,39,22
Schweiz. 91,1593,106,22
<EOS>
Gesellschaft 207,1594,149,22
für 364,1595,37,22
Bodenmechanik, 408,1595,208,29
welche 625,1598,84,23
am 715,1604,39,17
14./15. 764,1599,80,27
<EOS>
Mai 853,1599,50,22
1965 913,1600,56,22
in 91,1626,24,23
Zürich 127,1627,82,21
durchgeführt 222,1626,162,28
worden 396,1629,93,23
war. 500,1636,55,16
<EOS>
Neuerdings 568,1631,142,28
ist 723,1632,29,22
das 764,1632,41,23
Referat 817,1633,93,23
von 922,1640,47,16
Ch. 92,1659,41,24
<EOS>
Comte, 144,1661,85,26
dipl. 254,1662,54,27
<EOS>
Ing., 333,1662,56,28
<EOS>
Swissboring 415,1663,149,29
Overseas 588,1665,110,23
Co., 722,1666,50,26
<EOS>
Zürich, 798,1666,89,27
über 913,1668,56,22
«L'utilisation 91,1694,171,24
des 271,1695,40,23
ancrages 321,1703,106,20
en 436,1703,30,17
rocher 474,1698,81,22
et 564,1702,23,18
en 595,1705,30,15
terrain 633,1700,84,22
meuble» 725,1700,106,23
im 837,1701,32,22
«Bulle¬ 877,1701,91,23
tin 90,1727,34,24
techniquraie 135,1726,162,31
la 309,1730,23,22
Suisse 345,1731,75,22
Romande» 433,1731,137,23
1965, 585,1733,62,26
H. 661,1733,31,23
<EOS>
22 705,1734,29,22
vom 746,1740,56,16
30. 814,1736,35,21
<EOS>
Oktober 864,1735,105,24
erschienen. 89,1763,137,22
<EOS>
Der 237,1764,48,22
Artikel 295,1764,88,22
ist 391,1764,30,22
in 429,1764,24,23
französischer 462,1765,165,24
Sprache 637,1767,99,27
abgefasst 745,1768,114,27
und 868,1769,48,23
mit 925,1770,43,22
24 90,1796,29,23
Abbildungen 129,1796,162,28
illustriert, 302,1797,120,28
welche 434,1800,84,22
zahlreiche 529,1800,125,22
Anwendungen 665,1801,181,28
von 855,1809,48,16
Ver¬ 913,1804,55,21
ankerungen, 90,1830,152,28
System 258,1832,87,26
BBRV, 359,1832,89,26
zeigen. 461,1833,83,27
<EOS>
- 559,1847,15,3
Es 587,1836,30,21
sei 632,1834,30,22
daran 676,1836,73,22
erinnert, 762,1836,105,27
dass 876,1836,53,23
in 943,1837,24,22
der 90,1864,39,22
SBZ 140,1864,53,22
1965, 205,1864,62,27
H. 279,1865,30,22
<EOS>
35, 321,1866,35,26
S. 367,1867,22,21
<EOS>
601 401,1866,40,22
der 454,1867,40,23
ebenfalls 503,1867,109,24
an 622,1875,31,15
dieser 663,1869,72,22
Tagung 745,1870,94,27
gehaltene 849,1870,118,27
Vortrag 89,1897,98,27
von 199,1905,47,16
Dr. 259,1900,42,21
<EOS>
/. 315,1900,20,21
<EOS>
Huder 345,1900,78,23
über 436,1901,56,23
«Erdanker, 506,1901,142,27
Wirkungsweise 662,1902,189,28
und 863,1904,49,23
Be¬ 925,1906,41,22
rechnung» 88,1932,132,26
erschienen 231,1932,131,24
ist. 373,1934,36,23
<EOS>
Die 422,1934,44,23
Referate 479,1935,105,22
von 595,1942,48,16
H. 654,1936,30,23
<EOS>
R. 698,1938,27,21
<EOS>
Müller, 737,1937,89,27
dipl. 841,1937,55,28
<EOS>
Ing., 908,1940,56,26
<EOS>
Zürich, 88,1965,91,27
über 189,1965,57,24
«Erfahrungen 257,1967,174,28
mit 440,1969,43,22
Verankerungen 492,1969,191,27
System 693,1971,88,27
BBRV 791,1972,81,22
in 881,1972,25,23
Fels 915,1974,50,22
und 87,2000,48,22
Lockergestein» 151,2000,189,28
sowie 359,2002,69,22
von 446,2009,46,15
Dr. 507,2002,42,22
<EOS>
H. 565,2004,31,22
<EOS>
Bendel 611,2003,84,24
und 708,2005,48,22
Ing. 771,2005,49,28
<EOS>
E. 835,2007,26,21
<EOS>
Weber, 881,2007,83,26
Zürich, 88,2033,90,27
über 190,2034,56,23
«Erdanker 258,2035,137,23
System 405,2035,89,27
Stump 505,2036,80,28
Bohr 597,2037,63,22
AG» 670,2038,63,23
werden 743,2040,91,22
nächstens 844,2040,121,23
folgen. 88,2066,83,28
<EOS>
Ebenfalls 189,2068,116,23
wird 320,2069,58,23
das 395,2069,42,23
Referat 454,2071,94,22
von 564,2078,46,16
Dr. 627,2072,43,22
<EOS>
B. 687,2073,27,22
<EOS>
Gilg, 725,2073,56,27
Zürich, 800,2073,91,27
über 909,2074,57,23
«Die 89,2101,63,23
Verankerungstechnik, 161,2101,272,29
Zusammenfassung, 444,2104,238,30
Beurteilung 693,2107,145,27
und 847,2107,48,22
Aus¬ 905,2109,59,22
blick» 87,2134,76,23
in 174,2134,24,23
der 207,2135,41,24
SBZ 257,2136,55,23
veröffentlicht 322,2137,165,24
werden. 498,2139,96,23
<EOS>
<EOP>
Zürcher 145,2192,98,23
Baukostenindex. 251,2193,203,24
<EOS>
Nach 465,2195,68,22
den 543,2195,45,22
Erhebungen 598,2195,150,28
des 759,2196,39,24
Statistischen 809,2197,155,24
Amtes 86,2225,80,23
der 181,2225,40,23
Stadt 235,2227,66,23
Zürich 315,2227,83,23
sind 412,2227,51,23
die 478,2228,37,23
Wohnbaukosten 529,2229,207,24
vom 749,2237,55,16
1. 820,2233,20,21
<EOS>
April 849,2231,66,27
bis 930,2232,34,24
1. 88,2259,19,21
<EOS>
Oktober 117,2259,104,23
1965 239,2261,54,22
nur 309,2267,44,17
unwesentlich, 367,2262,169,27
nämlich 552,2263,100,23
um 668,2270,40,16
0,2%, 723,2264,73,28
angestiegen. 813,2265,150,28
<EOS>
Unter 86,2293,74,23
den 168,2294,45,22
Rohbaukosten 223,2294,172,24
haben 403,2295,76,24
sich 489,2297,47,22
die 546,2297,37,23
Aushubarbeiten 592,2297,200,25
um 800,2305,42,17
3,1 852,2299,32,26
% 892,2299,24,28
am 925,2306,39,16
stärksten 86,2327,111,23
verbilligt, 212,2329,116,26
was 343,2336,46,16
mit 403,2329,42,22
niedrigeren 458,2330,140,27
Kosten 612,2332,89,22
für 715,2332,38,23
die 765,2332,37,23
Materialab¬ 818,2334,145,21
fuhr 86,2361,51,22
zusammenhängt. 153,2362,210,28
<EOS>
Beim 380,2363,65,23
Innenausbau 461,2365,152,23
verzeichnen 629,2366,146,22
die 792,2366,36,23
Gipserar¬ 845,2366,119,28
beiten, 85,2394,81,28
die 184,2395,37,23
Schlosserarbeiten, 238,2397,222,26
die 478,2399,37,22
Parkettarbeiten 531,2399,193,23
sowie 740,2400,69,23
die 826,2401,36,22
Maler¬ 879,2401,83,23
arbeiten 84,2429,101,23
leichte 196,2430,79,22
Rückgänge. 286,2430,147,28
<EOS>
Alle 445,2432,51,22
andern 506,2432,87,23
Arbeitsgattungen 604,2432,216,29
des 831,2435,39,22
Innen¬ 881,2434,82,24
ausbaus 84,2463,99,23
blieben 194,2463,90,24
entweder 294,2465,113,23
unverändert 417,2466,152,23
oder 579,2467,57,22
stiegen 646,2466,84,29
weiterhin 741,2468,116,23
an. 867,2475,37,17
<EOS>
Am 917,2470,46,22
ausgeprägtesten 84,2499,197,25
waren 301,2504,75,17
die 395,2499,37,22
Preiserhöhungen 451,2500,209,27
bei 680,2502,35,23
der 736,2502,40,22
Baureinigung 795,2502,167,29
mit 83,2530,41,24
4,1 134,2532,33,26
%, 176,2531,31,27
den 217,2532,45,22
elektrischen 270,2532,148,24
Installationen, 428,2533,179,29
den 617,2534,45,23
Jalousie- 672,2537,108,21
und 791,2537,46,22
Rolläden 849,2537,113,22
und 83,2565,48,23
bei 146,2565,36,23
der 199,2565,40,23
Beschlägelieferung. 254,2566,239,29
<EOS>
Unter 511,2568,73,23
den 600,2570,44,21
« 661,2576,14,14
Übrigen 683,2566,94,31
Kosten» 794,2571,101,21
sind 910,2571,52,23
die 82,2598,37,23
Maurerarbeiten 138,2599,196,24
in 352,2601,23,23
der 395,2601,39,22
Umgebung 453,2602,138,28
um 609,2609,40,17
0,6% 667,2604,66,27
zurückgegangen, 752,2605,208,27
während 82,2632,108,23
sich 205,2633,47,24
alle 268,2634,44,23
übrigen 326,2635,95,28
Arbeitsgattungen 436,2636,216,28
etwas 667,2641,69,20
verteuerten. 752,2641,146,20
<EOS>
Mit 916,2639,46,23
<EOS>
<EOP>
4,8 1022,598,36,26
% 1065,597,23,27
fällt 1099,597,51,23
der 1161,599,40,22
Anstieg 1212,599,95,27
bei 1318,599,36,22
den 1367,600,43,22
Gärtnerarbeiten 1422,600,202,24
am 1635,608,39,15
stärksten 1685,603,113,22
ins 1809,602,36,24
Ge¬ 1857,603,45,22
wicht. 1022,632,74,22
<EOS>
Die 1106,632,44,22
nach 1158,632,60,22
den 1226,632,45,23
Normen 1278,633,105,23
des 1391,634,39,22
S. 1439,634,22,22
<EOS>
I. 1466,634,17,22
<EOS>
A. 1488,635,29,22
<EOS>
ermittelten 1524,634,136,24
Kosten 1665,636,92,23
pro 1762,643,43,20
Kubik¬ 1812,637,90,23
meter 1022,668,72,19
umbauten 1100,665,126,24
Raumes 1235,667,101,22
beliefen 1345,667,96,23
sich 1449,668,48,23
für 1505,669,38,22
die 1550,668,37,24
Indexhäuser 1595,669,154,24
im 1756,670,32,22
Oktober 1797,671,106,22
1965 1024,699,55,22
auf 1091,699,42,22
Fr. 1142,701,37,21
<EOS>
151.70. 1194,701,84,22
<EOS>
<EOP>
Eidg. 1080,748,64,27
<EOS>
Technische 1159,748,133,24
Hochschule. 1305,750,149,23
<EOS>
Auf 1468,751,50,22
den 1529,751,44,22
1. 1589,753,19,21
<EOS>
April 1618,752,65,26
1966 1698,753,56,23
wurde 1767,754,78,22
Dr. 1858,754,42,22
<EOS>
Max 1021,783,60,21
Jeger, 1098,782,73,27
von 1190,789,46,15
Meltingen, 1255,783,133,28
zum 1405,791,55,15
ausserordentlichen 1477,785,234,24
Professor 1729,787,118,22
für 1863,787,39,22
Mathematik 1023,815,152,23
und 1185,816,47,22
insbesondere 1243,816,160,25
Elementarmathematik 1413,819,279,23
gewählt. 1703,820,102,28
<EOS>
Ferner 1817,822,84,21
hat 1021,850,41,22
der 1073,849,40,22
Bundesrat 1123,850,127,23
Dr. 1261,853,41,20
<EOS>
Fritz 1314,853,60,21
Heinrich, 1384,853,113,27
von 1509,859,47,16
Thalwil, 1566,853,102,27
zurzeit 1680,854,84,23
Assistenz¬ 1775,855,125,23
professor 1021,883,116,27
für 1151,885,37,22
Experimentalphysik 1201,885,249,29
an 1465,893,30,16
der 1509,887,40,22
ETH, 1562,887,70,27
zum 1647,894,54,17
ausserordentli¬ 1715,888,185,24
chen 1020,918,59,22
Professor 1094,918,118,23
ad 1228,919,29,22
personam 1273,925,123,22
für 1411,919,38,22
das 1465,920,40,23
gleiche 1521,920,86,27
Fachgebiet 1623,921,136,28
befördert. 1775,922,123,24
<EOS>
Schliesslich 1022,952,139,22
hat 1171,953,41,22
der 1222,953,40,22
Bundesrat 1273,953,127,23
den 1409,954,46,21
Rücktrittstegehren 1465,954,240,28
folgender 1714,957,120,26
Mit¬ 1843,957,56,22
glieder 1020,985,84,27
des 1118,986,40,22
Lehrkörpers, 1173,986,161,28
unter 1349,991,67,19
Verdankung 1429,988,155,28
der 1599,990,40,22
geleisteten 1653,990,128,26
Dienste, 1796,991,101,26
entsprochen: 1019,1019,162,27
Prof. 1194,1020,62,23
<EOS>
Dr. 1265,1022,42,21
<EOS>
Heinz 1320,1022,74,22
Ellenberg, 1405,1022,122,28
ausserordentlicher 1541,1024,229,22
Professor 1781,1024,118,23
für 1019,1053,38,22
Geobotanik, 1068,1053,155,27
auf 1234,1055,43,22
Ende 1284,1055,66,22
Februar 1360,1056,101,22
1966; 1473,1057,66,25
Prof. 1550,1057,61,23
<EOS>
Dr. 1621,1058,42,22
<EOS>
iur. 1673,1057,42,23
<EOS>
Walther 1731,1057,97,23
Hug, 1836,1060,61,25
ordentlicher 1019,1087,151,23
Professor 1184,1088,116,23
für 1313,1089,38,22
Rechtswissenschaft, 1363,1090,247,28
und 1623,1091,49,22
Prof. 1685,1092,61,22
<EOS>
Dr. 1756,1092,42,21
<EOS>
Walter 1817,1092,82,23
Saxer, 1019,1122,78,25
ordentlicher 1110,1123,150,21
Professor 1270,1123,118,23
für 1396,1124,39,22
Mathematik, 1444,1124,160,27
je 1613,1125,24,27
auf 1646,1125,43,22
den 1697,1126,44,22
30. 1752,1126,34,21
<EOS>
Septem¬ 1797,1126,100,27
ber 1019,1156,38,21
1966. 1072,1156,59,21
<EOS>
<EOP>
Persönliches. 1076,1205,160,22
<EOS>
Die 1247,1206,45,22
Technische 1302,1206,138,23
Hochschule 1449,1207,148,23
Wien 1607,1207,66,23
verlieh 1682,1208,85,23
anlässlich 1776,1208,122,24
ihrer 1018,1238,60,23
l|||yahr-Feierlichkeiten 1088,1232,301,39
die 1399,1240,36,22
Doktorwürde 1444,1240,171,24
ehrenhalber 1624,1241,149,24
an 1781,1249,31,16
Pierre 1821,1245,76,21
Leyvraz, 1015,1273,106,26
dipl. 1131,1273,55,27
<EOS>
Ing. 1195,1273,49,27
<EOS>
EPUL, 1253,1273,88,27
Oberingenieur 1353,1273,179,27
und 1540,1276,48,22
Leiter 1598,1276,74,22
des 1681,1276,40,23
Studienbüros 1731,1276,166,24
für 1017,1306,38,22
elektrische 1065,1306,133,23
Traktion 1209,1307,111,23
der 1331,1307,40,23
Maschinenfabrik 1383,1308,212,24
Oerlikon. 1607,1309,117,24
<EOS>
Der 1737,1311,49,22
Geehrte 1797,1311,100,23
erwarb 1017,1339,86,23
sich 1112,1339,48,24
grosse 1168,1347,77,20
Verdienste 1253,1341,132,24
um 1392,1349,41,15
die 1441,1342,37,24
Entwicklung 1485,1343,158,28
der 1651,1344,41,22
schweizerischen 1699,1344,198,23
Bahn-Triebfahrzeuge, 1017,1373,270,29
besonders 1307,1375,125,24
auch 1450,1377,60,23
für 1528,1377,38,22
deren 1585,1378,69,22
elektrische 1672,1378,133,23
Nutz¬ 1823,1379,74,22
bremsung. 1016,1407,130,28
<EOS>
Sodann 1162,1408,95,23
ist 1272,1410,28,22
er 1315,1416,25,15
massgebend 1355,1411,149,25
an 1520,1416,31,17
der 1565,1411,40,22
Entwicklung 1620,1411,159,27
und 1793,1414,49,21
am 1858,1419,37,16
Ausbau 1015,1442,98,23
der 1130,1443,41,22
50-Hz-Traktion 1188,1443,195,23
beteiligt, 1401,1444,106,28
die 1526,1444,36,22
heute 1579,1445,68,22
in 1664,1444,24,23
allen 1704,1447,60,21
Erdteilen 1781,1446,115,23
Eingang 1015,1476,104,27
findet. 1131,1477,78,22
<EOS>
Auch 1223,1477,68,22
an 1304,1483,30,16
der 1348,1477,40,23
Entwicklung 1400,1477,159,28
der 1571,1478,41,24
vollelektrischen 1624,1479,195,24
Vier- 1832,1481,64,22
strom-TEE-^fce 1015,1505,214,38
hatte 1238,1510,63,23
er 1310,1517,26,16
grossen 1345,1518,94,20
Anteil. 1449,1512,84,23
<EOS>
<EOP>
100 1074,1567,43,21
Jahre 1131,1568,70,21
Klöckner-Humboldt-Deutz 1216,1568,324,23
AG. 1554,1570,53,22
<EOS>
Im 1622,1571,37,21
Anschluss 1673,1571,124,22
an 1814,1578,28,15
die 1858,1571,37,22
Festlichkeiten 1015,1599,174,25
dieser 1200,1601,72,23
bestbekannten 1284,1602,179,23
Firma, 1475,1603,83,27
über 1571,1604,58,22
welche 1639,1604,85,22
in 1734,1604,25,23
SBZ 1766,1604,55,22
1964, 1830,1605,62,27
H. 1014,1633,32,24
<EOS>
46, 1054,1634,37,26
S. 1104,1635,22,21
<EOS>
810, 1135,1636,49,26
berichtet 1196,1635,110,23
worden 1318,1637,93,22
war, 1423,1643,54,21
hat 1485,1637,41,22
die 1538,1637,37,22
Jubilarin 1587,1637,111,24
die 1710,1638,38,23
beim 1759,1637,60,24
Fest¬ 1832,1640,62,21
akt 1014,1669,40,21
vom 1068,1675,56,15
19. 1140,1670,33,22
<EOS>
Oktober 1184,1669,105,23
1964 1306,1670,55,22
gehaltenen 1376,1670,134,28
Reden 1524,1671,80,23
in 1619,1672,24,22
einem 1658,1671,74,24
schmucken, 1747,1672,145,26
reichbebilderten 1014,1702,200,23
Heft 1228,1703,57,23
veröffentlicht. 1297,1703,173,25
<EOS>
Besondere 1484,1705,130,23
Beachtung 1627,1706,132,27
verdienen 1772,1707,121,22
{"^^tiefschürfenden 1001,1731,256,36
Betrachtungen, 1271,1738,190,27
die 1477,1740,36,22
Prof. 1529,1739,61,23
<EOS>
Dr. 1605,1741,43,21
<EOS>
Wilhelm 1669,1740,98,23
Walcher, 1786,1741,105,25
Direktor 1013,1770,111,22
des 1138,1771,39,22
Physikalischen 1193,1771,184,26
Institutes 1392,1772,115,24
der 1522,1773,41,22
Universität 1578,1774,140,23
Marburg, 1733,1774,120,28
in 1869,1774,24,22
seinem 1013,1805,83,20
Vortrag: 1109,1804,109,27
«Die 1232,1806,60,22
Freiheit 1304,1805,98,24
des 1413,1806,40,23
Forschers 1465,1807,123,23
und 1599,1808,48,22
ihre 1659,1807,49,23
Grenzen» 1719,1808,122,23
an¬ 1853,1814,39,17
gestellt 1013,1837,86,27
hat. 1108,1838,47,23
<EOS>
<EOP>
Das 1070,1895,48,21
Technikum 1129,1896,136,23
Brugg-Windisch, 1278,1897,203,27
Höhere 1494,1897,94,24
Technische 1599,1897,138,24
Lehranstalt 1748,1898,143,23
(HTL), 1012,1927,88,27
hat 1111,1928,41,24
am 1162,1935,39,17
2. 1209,1929,22,23
<EOS>
Nov. 1241,1930,61,22
<EOS>
1965 1315,1930,56,23
den 1382,1931,45,22
Unterricht 1437,1931,132,23
aufgenommen, 1578,1932,185,27
und 1773,1933,48,22
zwar 1830,1939,61,16
mit 1011,1962,41,23
140 1068,1963,40,22
Schülern 1123,1963,106,22
der 1243,1964,41,22
Richtungen 1295,1963,145,29
Maschinenbau, 1455,1965,188,27
Hochbau, 1657,1967,122,24
Tiefbau 1794,1967,97,22
und 1010,1996,49,22
Elektronik. 1070,1995,141,24
<EOS>
Zehn 1223,1997,65,23
Haupt- 1300,1998,89,28
und 1400,1999,49,23
sieben 1461,2000,77,23
Hilfslehrern 1549,1999,150,24
steht 1711,2001,59,22
Direktor 1781,2001,110,23
Dr. 1010,2029,42,23
<EOS>
W. 1068,2031,29,20
<EOS>
Winkler 1113,2031,96,22
vor. 1217,2037,49,17
<EOS>
Der 1276,2033,49,21
Unterricht 1335,2032,132,24
wird 1481,2033,57,23
in 1550,2033,24,23
provisorischen 1587,2034,183,27
Räumen 1784,2035,107,22
erteilt, 1010,2064,79,26
weil 1105,2065,50,22
die 1168,2063,38,25
im 1219,2064,33,24
Bau 1266,2066,50,22
begriffene 1330,2066,122,27
Anlage 1467,2068,88,26
(vgl. 1570,2068,52,27
<EOS>
1. 1642,2069,17,20
<EOS>
Preis 1670,2068,60,23
im 1743,2068,33,23
Wettbe¬ 1790,2068,99,23
werb, 1010,2098,68,25
SjBZ 1091,2095,54,37
1961, 1160,2099,61,25
H. 1234,2100,31,22
<EOS>
29, 1275,2101,35,24
S. 1324,2100,21,22
<EOS>
516; 1356,2102,53,25
Arch. 1422,2101,69,23
<EOS>
Bruno 1504,2102,78,22
und 1605,2102,49,22
Fritz 1670,2102,61,23
Haller) 1742,2101,88,29
erst 1844,2105,47,20
1967 1012,2132,55,22
fertig 1078,2131,66,29
wird. 1153,2133,63,22
<EOS>
<EOP>
«Alusuisse»-Busse 1070,2184,221,24
in 1301,2186,23,22
Kopenhagen. 1334,2187,157,27
<EOS>
Die 1501,2187,45,24
Dansk 1557,2189,82,22
Automobil 1648,2188,137,23
Byggeri 1794,2189,94,27
A/S, 1009,2217,55,28
Silkeborg, 1085,2217,126,28
baut 1231,2218,56,24
im 1306,2219,32,23
Auftrag 1356,2221,99,27
der 1474,2223,41,22
Verkehrsbetriebe 1532,2222,214,23
der 1764,2223,41,22
Stadt 1824,2223,65,22
Kopenhagen 1010,2251,159,28
eine 1187,2252,50,23
erste 1255,2257,58,19
Serie 1331,2254,61,24
von 1410,2261,46,16
300 1475,2256,43,22
Autobussen 1536,2256,148,22
mit 1702,2256,42,23
Alusuisse- 1761,2256,128,23
Aufbau 1009,2285,98,23
und 1119,2287,49,22
Leyland-Aggregaten. 1181,2287,262,29
<EOS>
Die 1456,2289,46,23
Autobusse 1514,2290,133,23
bieten 1659,2289,76,24
36+1 1748,2290,69,24
Sitz¬ 1833,2290,54,23
plätze 1009,2320,74,26
und 1097,2321,49,22
55 1162,2321,26,22
Stehplätze. 1205,2321,134,28
<EOS>
Die 1356,2323,44,21
Wahl 1416,2322,67,24
fiel 1498,2323,37,23
auf 1550,2324,42,22
eine 1604,2324,50,23
Aluminium-Kon¬ 1669,2323,219,24
struktion, 1009,2352,120,28
da 1144,2355,29,22
das 1186,2355,41,22
geringe 1240,2355,89,28
Gewicht 1342,2355,105,24
und 1458,2358,47,22
die 1519,2357,36,23
äusserst 1567,2356,98,25
niedrigen 1676,2358,116,26
Unter¬ 1805,2359,83,22
haltskosten 1008,2386,142,24
ganz 1164,2394,58,21
wesentlich 1236,2387,129,26
zur 1378,2397,42,16
Wirtschaftlichkeit 1433,2390,225,25
dieser 1671,2391,73,25
Fahrzeuge 1757,2391,130,28
beitragen. 1008,2420,122,28
<EOS>
<EOP>
Tankschiffe. 1066,2470,150,23
<EOS>
Der 1231,2471,49,23
rasch 1293,2472,67,23
zunehmende 1373,2473,157,24
ölbedarf 1544,2470,113,28
der 1670,2475,39,23
Kulturländer 1724,2475,164,24
erfordert 1008,2504,110,22
immer 1129,2504,81,23
grössere 1219,2508,102,24
Tankschiffe. 1330,2507,153,24
<EOS>
So 1494,2510,31,21
stieg 1536,2508,55,29
die 1602,2509,36,23
Tragfähigkeit 1648,2509,169,27
nach 1827,2510,60,22
einer 1007,2537,62,23
Mitteilung 1076,2537,131,28
in 1213,2538,23,23
«VDI-Z.» 1244,2540,123,23
<EOS>
107 1377,2542,39,22
(1965) 1424,2542,76,27
Nr. 1507,2543,42,22
<EOS>
32, 1557,2543,35,27
S. 1600,2543,21,22
<EOS>
1559, 1635,2543,59,26
von 1702,2550,46,15
16000 1759,2543,75,22
tdw 1842,2545,44,20
im 1008,2570,31,23
Jahre 1052,2571,67,23
1944 1135,2573,55,22
auf 1203,2573,42,23
47 1256,2575,28,21
000 1294,2575,43,21
tdw 1350,2575,46,23
in 1409,2575,24,23
1954 1449,2576,56,22
und 1517,2576,48,23
auf 1578,2577,43,22
90 1632,2577,28,22
000 1668,2577,44,22
tdw 1725,2577,45,23
in 1784,2576,24,23
1963. 1824,2578,61,21
<EOS>
Neuerdings 1008,2605,142,29
erhielten 1165,2606,108,24
zwei 1288,2608,55,23
deutsche 1358,2609,108,23
Werften 1482,2609,101,24
Aufträge 1599,2610,110,29
für 1724,2611,37,23
den 1777,2611,44,23
Bau 1837,2613,49,21
eines 1007,2640,61,23
Tankers 1080,2639,100,25
von 1193,2647,47,17
170 1254,2642,41,22
800 1304,2642,42,22
tdw 1359,2643,45,22
bzw. 1416,2643,57,23
<EOS>
von 1486,2650,47,17
151 1547,2644,38,24
800 1597,2645,43,23
tdw. 1651,2644,54,24
<EOS>
Den 1717,2646,54,22
grössten 1783,2647,103,25
874 81,2710,44,24
<EOS>
<EOP>
Schweiz. 1198,2725,86,18
<EOS>
Bauzeilung 1296,2727,109,22
• 1422,2735,6,5
83. 1444,2729,28,18
<EOS>
Jahrgang 1482,2730,92,20
Heft 1587,2731,39,16
47 1635,2731,21,16
• 1673,2737,4,5
25. 1693,2731,29,17
<EOS>
November 1732,2730,101,18
1965 1842,2732,43,17
<EOS>
<EOP>
