1974,2850
Jeder 141,170,73,21
will 234,170,41,21
besser 295,171,85,21
leben, 397,172,76,24
modern 489,173,97,21
wohnen! 610,174,111,21
<EOS>
Serienfertigung 736,174,200,27
macht 142,204,78,20
neuzeitlichen 230,205,171,21
Wohnkomfort 411,205,175,22
breiten 596,207,88,22
Schichten 695,207,124,22
zugäng¬ 833,208,103,27
lich. 142,238,51,20
<EOS>
Für 208,238,42,20
die 270,239,38,20
große 329,239,73,25
Serie 422,240,67,21
wurden 510,241,95,20
GADO-Ganzglasdoppel- 623,240,314,28
scheiben 141,271,114,20
geschaffen. 269,273,146,24
<EOS>
Mit 427,273,37,21
GADO 478,273,80,22
- 569,286,19,3
2 597,275,13,20
Glastafeln, 621,274,136,25
die 769,276,37,20
am 819,280,37,16
Rand 871,276,65,21
miteinander 141,305,154,21
verschweißt 315,306,153,22
werden 488,308,94,21
- 594,319,18,4
sind 622,308,52,21
die 693,309,37,20
Vorteile 752,309,99,21
einer 871,309,66,21
echten 141,339,83,20
Isolierverglasung 240,339,222,28
auch 478,341,60,21
für 555,341,35,21
den 606,342,46,20
sozialen 670,343,106,20
Wohnungs¬ 789,343,147,25
bau 141,373,44,19
kein 193,373,52,20
unerreichbaresZiel 257,373,247,22
mehr. 513,375,71,20
<EOS>
Die 592,375,40,20
besonders 640,376,136,20
preisgünsti¬ 784,377,152,24
gen 141,410,45,21
11 206,406,23,19
Standardmaße 250,406,189,22
sind 457,408,53,20
kurzfristig 531,408,127,26
lieferbar. 677,409,114,21
<EOS>
Bei 806,410,38,20
Groß¬ 863,410,73,20
siedlungen 140,439,140,25
schlagen 296,439,115,27
die 425,440,38,21
geringeren 477,441,140,26
Investitionen 632,442,164,22
beim 811,444,60,20
Bau 887,444,48,19
der 140,472,42,21
Heizungsanlagen 199,472,222,28
und 440,474,46,21
bei 505,475,36,20
der 563,475,42,21
Rahmenherstellung 625,476,252,26
be¬ 896,477,40,20
sonders 140,505,102,21
zu 254,511,27,16
Buch. 296,506,70,21
<EOS>
Die 377,507,40,21
Mieter 432,507,80,22
werden 525,509,94,20
am 633,515,37,14
GADO-Fenster 685,510,190,21
den 888,511,46,19
geringeren 140,539,139,26
Heizkostenaufwand, 295,540,260,26
die 566,543,38,20
Arbeitsersparnis 616,544,215,25
für 849,544,34,20
die 897,544,38,21
Hausfrau 141,572,113,22
und 277,574,46,20
die 341,575,37,20
Beschlagfreiheit 394,575,208,27
unter 626,578,65,19
normalen 712,578,120,21
Bedin¬ 852,577,83,21
gungen 140,611,94,21
besonders 245,607,135,22
zu 389,614,28,15
schätzen 427,609,111,21
wissen. 549,610,94,21
<EOS>
Mit 654,610,38,21
GADO 703,610,79,22
stellen 797,612,83,20
Sie 894,611,40,21
Bauherren 141,640,132,21
und 289,642,45,20
Mieter 348,642,80,21
zufrieden. 440,643,127,21
<EOS>
Bitte 579,644,57,21
fordern 650,644,93,21
Sie 754,644,39,21
Prospekte 804,644,130,26
und 140,673,45,20
Konstruktionsvorschläge 202,673,320,29
bei 543,677,35,20
der 601,677,41,21
Deutschen 660,678,133,21
Tafelglas 815,678,119,26
Aktiengesellschaft 137,706,239,26
• 383,720,2,2
DETAG 394,709,92,21
-851 494,710,49,20
Fürth/Bayern. 552,710,175,27
<EOS>
Postfach 736,711,110,21
25. 855,712,33,20
<EOS>
an. 896,716,36,16
<EOS>
<EOP>
GADO 411,2471,217,56
<EOS>
<EOP>
Generalvertretung 101,2389,235,25
für 98,2419,36,20
die 147,2419,38,20
Schweiz: 198,2418,114,21
Willy 101,2493,62,26
Waller 174,2493,83,21
Zug 101,2523,48,25
2 163,2523,13,20
Postfach 102,2553,107,20
10 223,2553,27,19
Tel. 97,2581,46,22
<EOS>
(042) 161,2581,58,26
4 234,2582,13,20
25 255,2581,27,21
66 290,2581,28,21
<EOS>
<EOP>
® 1345,179,233,231
<EOS>
<EOP>
Über 1361,512,83,32
5000 1455,516,79,28
Spezialprofile 1546,516,243,35
wurden 1358,564,87,19
im 1459,564,24,18
Laufe 1496,564,64,19
der 1571,564,39,19
Jahre 1620,564,67,19
von 1697,568,40,15
uns 1750,568,41,15
hergestellt. 1359,591,131,23
<EOS>
Gezogene 1358,618,120,24
und 1491,620,41,18
kaltgewalzte 1545,620,148,23
Stahlprofile 1704,619,138,24
gestatten 1358,648,109,22
ein 1479,647,34,18
wirtschaftliches 1525,647,188,18
Arbeiten 1724,648,100,18
durch 1357,674,67,19
Verminderung 1437,675,168,23
von 1616,679,41,14
Materialverlust 1670,675,177,18
und 1358,702,42,19
Arbeitsaufwand. 1411,702,193,19
<EOS>
DT-Spezialprofile 1358,737,207,22
sind 1576,737,48,18
Bieler 1637,737,69,19
Qualitätsprodukte 1357,764,214,23
<EOS>
<EOP>
äHHF 1367,1289,223,82
J 1836,1262,57,109
<EOS>
<EOP>
,w,~****,*~~~**—~~ 1096,1464,254,13
^k 1751,1450,63,57
<EOS>
<EOP>
^^MMiOR. 1198,1540,163,31
<EOS>
1 1891,1540,13,26
™ 1223,1560,142,25
"", 1640,1599,22,16
<EOS>
<EOP>
t 1666,1576,4,21
~~~^^^g 1753,1571,119,29
<EOS>
<EOP>
¦ 1359,1722,6,8
p 1359,1723,6,24
<EOS>
<EOP>
— 1484,1751,40,2
<EOS>
<EOP>
_ 1561,1753,15,4
<EOS>
<EOP>
¦j 1892,1763,12,16
<EOS>
<EOP>
¦¦ 1699,1826,3,4
-" 1717,1819,8,14
<EOS>
<EOP>
' 1733,1818,1,1
<EOS>
<EOP>
'¦ 1751,1821,4,4
<EOS>
<EOP>
<EOS>
<EOP>
: 1825,1825,1,7
<EOS>
<EOP>
<EOS>
<EOS>
<EOS>
1 1891,1810,13,26
1 1355,1841,10,26
^^m^--- 1367,1860,49,12
<EOS>
<EOP>
1 1345,1957,20,200
<EOS>
<EOP>
\ 1661,2157,4,14
<EOS>
<EOP>
~ 1333,2246,67,14
<EOS>
<EOP>
1 1361,2304,5,38
^MMK 1367,2341,215,33
i 1339,2355,27,72
:::':" 1852,2409,17,6
% 1878,2410,6,14
<EOS>
<EOP>
1 1646,2427,19,50
[ 1672,2449,6,27
"¦ 1695,2455,3,14
^. 1709,2455,10,21
<EOS>
\" 1731,2455,22,19
k'k'::-- 1763,2455,46,19
v 1816,2459,8,7
1 1885,2449,18,20
<EOS>
<EOP>
Vereinigte 1035,2566,267,41
Drahlwerke 1321,2569,322,32
AG 1656,2571,87,31
Biel 1761,2571,90,31
1 1884,2573,19,29
<EOS>
<EOP>
32 48,2731,27,20
<EOS>
<EOP>
Schweiz. 1209,2743,86,17
<EOS>
Bauzeitung 1307,2744,109,21
¦ 1434,2752,4,3
83. 1455,2745,27,16
<EOS>
Jahrgang 1492,2744,93,21
Heft 1596,2745,40,17
47 1645,2746,20,16
• 1683,2753,4,4
25. 1704,2747,27,16
<EOS>
November 1743,2746,99,17
1965 1853,2747,42,17
<EOS>
<EOP>
