1970,2898
83. 74,100,29,23
<EOS>
Jahrgang 108,99,99,30
Heft 226,99,43,24
47 276,100,23,23
SCHWEIZERISCHE 733,98,266,24
BAUZEITUNG 1032,97,182,24
25. 1675,96,31,23
<EOS>
November 1715,95,106,24
1965 1831,95,46,24
<EOS>
<EOP>
ORGAN 78,163,58,15
DES 150,163,33,16
SCHWEIZERISCHEN 192,163,175,16
INGENIEUR- 379,163,104,15
UND 494,163,34,15
ARCHITEKTEN-VEREINS 538,162,214,15
S.I.A. 762,162,45,15
<EOS>
UND 818,162,35,14
DER 863,162,33,14
GESELLSCHAFT 905,162,139,14
EHEMALIGER 1054,161,116,14
STUDIERENDER 1180,160,138,15
DER 1329,161,34,14
EIDGENÖSSISCHEN 1375,158,168,17
TECHNISCHEN 1554,160,127,15
HOCHSCHULE 1692,160,119,14
G.E.P. 1823,160,48,14
<EOS>
<EOP>
| 803,471,19,45
Hans 840,470,102,35
Pallmann 958,469,185,36
<EOS>
<EOP>
Wenn 131,593,75,22
auch 213,592,60,22
nach 279,592,60,22
unseren 344,598,98,16
menschlichen 449,591,167,22
Masstäben 624,591,134,22
unser 764,597,68,15
verehrter 838,590,114,22
Hans 74,627,65,22
Pallmann 153,627,120,22
viel 286,626,43,22
zu 343,632,29,16
früh 385,626,54,22
abberufen 452,626,125,22
wurde, 592,625,83,26
so 690,632,25,15
war 731,631,46,15
es 791,631,23,16
ihm 829,624,48,23
doch 891,625,61,21
vergönnt, 74,661,117,26
ein 202,660,38,22
Lebenswerk 250,660,150,22
von 410,666,46,16
seltener 466,660,95,22
Grösse 572,660,85,21
und 667,659,49,22
von 726,665,47,16
ausserordent¬ 782,659,170,22
licher 74,694,70,22
Bedeutung 151,694,134,27
zu 292,701,30,14
vollbringen. 330,693,148,27
<EOS>
Diese 487,693,69,22
Leistung 564,693,108,26
war 680,699,47,16
nur 734,699,44,16
möglich, 786,692,106,27
weil 902,692,50,22
seine 75,728,60,23
Familie, 146,728,101,26
und 259,728,48,22
vor 318,734,43,15
allem 371,727,68,22
seine 449,727,62,22
liebe 521,726,58,22
Frau, 589,727,68,26
ihm 669,726,50,23
stets 728,729,55,19
mit 793,726,43,22
Rat 848,727,44,21
und 903,726,49,22
Fürsorge 75,763,113,25
zur 198,768,42,16
Seite 251,761,59,23
gestanden 321,761,125,27
sind, 456,761,59,26
und 526,761,50,21
weil 587,760,51,22
sie 648,760,33,22
auch 691,760,61,22
bereitwillig 762,760,140,27
auf 912,759,42,23
das 75,796,42,22
Zusammensein 133,795,187,23
mit 335,795,43,22
dem 394,796,53,21
überaus 463,795,97,22
belasteten 577,795,123,22
Gatten 717,795,86,21
und 819,794,48,22
Vater 884,795,69,21
verzichtet 75,830,121,23
haben. 213,830,82,22
<EOS>
Mit 314,829,45,22
dem 377,830,52,21
herzlichen 445,829,127,22
Dank 589,829,71,21
an 677,835,31,15
den 724,828,45,22
Verstorbenen 786,828,167,22
möchte 75,864,93,22
ich 183,864,36,22
darum 235,864,82,22
auch 333,863,59,23
meine 407,863,75,22
hohe 496,863,62,22
Anerkennung 573,863,171,26
an 759,869,31,15
die 806,862,36,22
Familie 859,861,94,23
Pallmann 76,898,119,21
zum 204,903,53,16
Ausdruck 267,897,122,22
bringen. 399,897,101,26
<EOS>
<EOP>
Ich 134,942,40,22
kann 185,942,62,22
nicht 258,942,63,22
verschweigen, 332,941,171,27
dass 516,941,52,23
der 580,941,40,23
Heimgang 631,941,128,27
von 771,947,46,16
Schulrats- 829,941,124,22
präsident 76,977,115,25
Pallmann 204,976,119,22
für 336,976,37,21
mich 386,975,62,23
einen 460,975,67,22
sehr 538,975,52,22
harten 603,975,80,22
Verlust 698,975,89,22
bedeutet. 799,975,113,22
<EOS>
In 926,975,27,22
zahlreichen 76,1010,142,22
Beratungen 235,1011,143,25
über 394,1009,56,22
den 467,1010,45,21
Ausbau 530,1010,94,20
der 643,1009,40,22
ETH 699,1009,62,21
und 779,1009,47,21
über 843,1008,57,23
die 917,1008,36,23
schweizerische 76,1044,181,23
Wissenschaftspolitik 267,1043,256,27
sind 533,1043,50,22
wir 599,1042,40,23
uns 653,1049,43,16
nahegekommen. 711,1043,203,26
<EOS>
In 926,1043,27,21
unseren 75,1084,98,17
Auffassungen 188,1078,171,26
bestand 374,1078,97,21
eine 487,1077,51,22
sehr 554,1077,51,22
weitgehende 621,1076,153,27
Übereinstim¬ 790,1072,163,27
mung. 76,1118,77,21
<EOS>
Prof. 164,1112,61,22
<EOS>
Pallmann 235,1112,121,22
war 363,1118,48,15
für 419,1112,38,21
den 467,1112,44,21
Departementschef 520,1111,229,27
ein 756,1110,37,23
MitorbeKäfP 803,1105,168,32
den 77,1146,44,22
aussergewöhnliche 135,1146,232,26
Kenntnisse, 381,1146,143,25
reiche 539,1146,73,20
Lebenserfahrung 627,1145,211,26
und 850,1145,49,22
sel¬ 913,1145,41,22
tener 76,1183,64,19
Weitblick 161,1180,119,21
auszeichneten. 301,1179,179,22
<EOS>
Er 501,1179,32,22
beherrschte 553,1179,143,22
die 717,1178,37,23
Probleme 775,1179,119,22
der 914,1179,40,22
Grundlagenforschung 78,1213,273,27
und 364,1213,48,22
der 428,1214,39,20
angewandten 483,1212,164,28
Forschung, 661,1212,141,27
kannte 817,1212,86,22
die 918,1212,37,22
meisten 76,1247,96,23
der 179,1247,40,22
in 225,1247,25,22
unserem 257,1253,105,16
Lande 368,1248,79,21
wissenschaftlich 453,1246,201,23
arbeitenden 661,1246,147,23
Person 815,1248,83,20
li 902,1246,12,21
ch- 917,1246,36,21
keiten 75,1281,77,23
und 157,1281,50,22
besass 213,1281,77,22
ein 296,1281,38,22
sicheres 340,1280,96,23
Urteil 444,1280,75,23
über 522,1280,58,23
ihre 586,1280,49,22
Fähigkeiten 642,1280,148,26
und 795,1280,49,22
Leistun¬ 851,1280,103,22
gen. 76,1322,49,20
<EOS>
Besonders 135,1316,127,22
wertvoll 271,1315,102,22
für 380,1314,38,23
die 426,1314,37,23
Erfüllung 472,1315,119,26
seiner 599,1314,73,22
Aufgaben 680,1314,122,26
waren 810,1320,76,16
auch 895,1314,59,22
der 76,1350,41,22
nüchterne, 121,1349,131,27
praktische 259,1348,130,28
Sinn 395,1349,56,22
des 457,1349,39,22
Thurgauers 503,1349,142,25
und 652,1349,47,21
sein 706,1348,48,23
echt 759,1348,53,22
schweizeri¬ 818,1349,135,21
sches 77,1384,63,21
Verständnis 155,1383,148,22
für 319,1383,37,22
das 372,1383,41,22
Mass 429,1383,65,22
und 509,1383,49,22
das 573,1383,42,22
Mögliche. 632,1382,122,27
<EOS>
Er 770,1383,32,21
steckte 817,1382,86,22
die 917,1382,37,22
Ziele 76,1417,62,22
zwar 153,1423,60,16
weit, 229,1416,58,27
aber 306,1416,54,22
doch 377,1416,62,22
innerhalb 454,1416,118,22
der 590,1416,40,22
Grenzen 647,1416,106,22
der 770,1416,39,22
Leistungs¬ 826,1416,128,26
fähigkeit 75,1450,112,27
unseres 205,1457,91,16
Kleinstaates. 317,1451,157,21
<EOS>
Bei 495,1449,40,23
aller 555,1449,55,23
Grosszügigkeit 630,1450,185,26
plante 834,1449,78,28
er 930,1455,25,17
realistisch 77,1485,123,21
und 207,1485,49,21
sparsam. 264,1490,110,21
<EOS>
Jedes 383,1484,66,22
Gespräch 457,1484,120,26
mit 583,1483,43,23
dem 633,1484,53,22
Schulratspräsidenten 695,1484,259,26
war 77,1525,47,16
für 135,1518,38,23
mich 185,1519,59,21
anregend, 257,1519,120,25
ermunternd 390,1518,146,22
und 548,1518,49,21
bildete 608,1517,84,23
einen 703,1517,67,23
konstruktiven 781,1517,174,22
Beitrag 76,1552,92,27
zur 174,1559,40,15
Lösung 222,1553,93,26
schwieriger 322,1552,139,26
Probleme. 468,1552,126,22
<EOS>
Seine 603,1552,66,22
Ausführungen 676,1552,177,25
können 861,1551,94,22
am 77,1593,39,16
besten 126,1587,79,22
mit 214,1586,43,22
dem 267,1586,52,22
Begriff 329,1586,86,26
«abgeklärt» 425,1586,147,26
qualifiziert 583,1585,133,27
werden. 726,1585,97,23
<EOS>
Jede 834,1585,55,23
Stel¬ 899,1585,56,22
lungnahme 78,1620,140,27
und 230,1620,49,22
Meinungsäusserung 295,1621,247,25
beiruhte 555,1619,96,23
auf 665,1620,43,22
sorgfältigen 721,1620,146,26
Über¬ 882,1615,74,26
legungen. 79,1654,117,27
<EOS>
Noch 207,1654,70,22
höher 284,1654,74,22
zu 366,1660,29,16
werten 404,1656,85,20
als 498,1654,33,22
seine 540,1654,61,22
wissenschaftliche 611,1654,211,21
Begabung 831,1654,126,26
und 78,1688,49,22
sein 141,1687,49,23
organisatorisches 204,1687,215,27
Talent 433,1687,82,22
sind 528,1687,52,22
seine 594,1687,61,22
Charakterstärke, 671,1687,208,27
seine 896,1687,61,22
absolute 79,1722,105,22
Loyalität 195,1721,116,27
und 322,1721,48,22
seine 382,1721,62,22
Herzensgüte. 456,1721,161,27
<EOS>
Für 630,1721,47,22
mich 688,1720,62,23
war 762,1727,47,16
Hans 820,1721,66,22
Pall¬ 898,1720,59,22
mann 79,1762,71,16
nicht 163,1755,63,23
allein 240,1755,67,23
ein 321,1755,36,22
angesehener 372,1755,151,26
und 536,1755,48,22
erfolgreicher 598,1755,158,26
Schulratspräsi- 771,1755,185,26
dent, 79,1790,61,26
sondern 152,1790,99,22
ein 261,1789,37,22
zuverlässiger, 308,1790,165,25
treuer 484,1792,75,19
und 568,1789,48,22
lieber 627,1789,69,22
Freund. 706,1789,98,22
<EOS>
<EOP>
Seine 137,1830,65,23
Ansprache 218,1830,133,28
zum 365,1836,55,17
Centenarium 435,1830,162,23
der 612,1830,41,23
ETH 667,1830,64,23
(1955) 746,1830,77,27
hat 837,1830,42,23
Prof. 894,1830,62,22
<EOS>
Pallmann 79,1865,119,22
mit 213,1864,42,22
folgenden 270,1864,123,27
Feststellungen 409,1864,179,27
eingeleitet: 602,1864,136,27
Vierfach 754,1864,108,23
ist 875,1864,30,22
die 920,1864,37,22
Wurzel, 79,1899,96,26
auf 188,1898,42,23
der 240,1898,40,23
unsere 291,1904,82,16
Eidgenössische 384,1898,187,26
Technische 582,1898,139,22
Hochschule 732,1898,146,22
steht, 890,1897,66,27
wirkt 79,1932,66,23
und 154,1933,49,22
sich 213,1933,48,21
entwickelt: 271,1933,136,21
<EOS>
<EOP>
— 78,1986,30,4
auf 122,1974,42,22
dem 175,1974,53,22
Bundesstaat, 240,1974,158,26
dessen 411,1974,81,22
Fahne 504,1973,79,23
sie 594,1973,33,23
trägt, 639,1974,66,26
die 719,1974,36,22
heute 767,1973,68,23
stolz 847,1974,58,22
auf 917,1973,42,23
ihren 122,2007,65,23
Gebäuden 197,2007,129,23
weht, 334,2007,67,27
<EOS>
<EOP>
— 78,2062,30,3
auf 123,2049,41,23
ihren 175,2049,65,23
Lehrern 253,2049,100,22
und 366,2049,48,22
Forschern, 428,2049,133,26
deren 576,2049,68,22
Wirken 658,2048,93,23
Nutzeffekt 764,2049,133,22
und 908,2048,49,23
Ruf 123,2083,50,23
der 181,2084,40,21
Hochschule 231,2083,146,23
bestimmen, 386,2082,142,27
<EOS>
<EOP>
— 78,2138,29,2
auf 122,2124,42,22
der 174,2124,39,22
akademischen 224,2123,176,23
Jugend, 411,2123,95,28
die 518,2123,37,23
ihrer 566,2123,60,23
Saat 638,2124,54,22
gleichkommt, 703,2123,168,28
durch 885,2124,70,21
<EOS>
<EOP>
die 122,2158,36,22
sie 169,2158,32,23
in 211,2158,24,22
die 245,2158,36,22
Zukunft 291,2156,104,24
wirkt, 403,2157,74,27
<EOS>
<EOP>
— 78,2212,30,4
auf 122,2200,42,23
der 171,2200,41,22
schweizerischen 220,2199,197,23
Wi 427,2200,33,20
rtschaft, 465,2200,98,25
auf 574,2199,42,23
deren 623,2199,70,23
Ertrag 703,2200,78,25
letztIich 792,2200,95,21
auch 898,2200,57,21
Staat 123,2234,63,22
und 196,2234,48,22
Kultur 254,2234,86,22
beruhen. 349,2233,108,23
<EOS>
In 137,2276,27,21
der 174,2275,40,22
ihm 224,2275,48,22
eigenen 282,2275,91,26
Bescheidenheit 386,2274,184,23
hat 579,2274,42,23
er 630,2280,24,16
den 664,2274,45,22
Eidg. 719,2274,64,27
<EOS>
Schulrat 795,2273,104,23
und 908,2274,49,22
dessen 79,2309,81,23
hauptamtlichen 169,2309,193,26
Präsidenten 374,2308,147,23
nicht 530,2308,64,22
erwähnt. 602,2308,108,23
<EOS>
<EOP>
Der 139,2351,46,21
Bund 199,2350,67,22
hatte 279,2350,63,22
das 355,2350,41,22
Glück, 411,2350,82,25
dass 508,2350,52,22
seit 574,2350,42,22
ihrer 629,2350,60,22
Gründung 702,2349,129,27
die 845,2350,36,21
ETH 895,2350,63,22
von 79,2390,47,16
aussergewöhnlichen 141,2384,246,26
Persönlichkeiten 404,2383,206,23
geführt 624,2383,91,27
wurde, 728,2383,85,27
beginnend 829,2383,129,27
mit 79,2418,42,23
den 134,2418,45,23
Thurgauern 192,2418,149,26
Kern 355,2418,64,22
und 432,2417,48,23
Kappeier 494,2417,116,27
über 623,2417,57,22
Bleuler, 693,2417,95,26
Gnehm 804,2417,92,21
und 909,2417,49,22
Rohn 80,2452,70,22
bis 162,2452,34,22
auf 209,2451,42,23
wiederum 261,2451,122,23
einen 394,2451,67,23
Thurgauer: 472,2451,142,27
Hans 627,2451,66,22
Pallmann. 704,2451,127,22
<EOS>
Der 843,2451,49,22
Ver¬ 903,2451,55,22
storbene 80,2486,106,23
hat 196,2486,41,22
alle 247,2486,43,22
seine 301,2487,60,20
reichen 373,2486,88,21
Gaben 473,2485,82,22
und 566,2485,48,22
Kräfte 625,2484,81,23
der 717,2485,40,22
ETH 767,2485,63,22
gewidmet 840,2484,119,27
und 80,2520,48,23
hat 141,2520,41,23
ihr 196,2520,36,23
sein 243,2519,49,24
Leben 305,2519,78,23
vorzeitig 395,2519,109,27
zum 516,2525,54,16
Opfer 584,2518,72,28
gebracht. 668,2518,115,27
<EOS>
Obwohl 798,2518,99,23
sein 910,2518,48,23
tapferes 80,2554,98,27
Herz 196,2554,60,22
seit 273,2554,41,22
einigen 331,2553,88,27
Jahren 436,2553,83,23
geschwächt 536,2552,142,27
war, 694,2559,53,20
nahm 765,2552,71,24
er 852,2559,24,16
keine 894,2554,64,20
Rücksicht 80,2587,126,23
auf 213,2587,42,22
seine 261,2587,61,22
Gesundheit. 329,2587,150,22
<EOS>
Er 488,2587,30,22
kannte 525,2586,85,23
nur 617,2592,44,17
die 668,2587,36,22
ständig 712,2586,91,28
wachsenden 809,2587,150,22
Verpflichtungen 80,2621,200,27
und 291,2621,48,22
die 351,2621,35,21
beinahe 398,2620,96,22
kaum 504,2620,71,22
mehr 586,2620,64,22
zu 660,2626,29,16
überblickenden 700,2620,192,23
Auf¬ 902,2620,58,22
gaben 81,2656,74,26
einer 168,2655,61,22
sich 243,2654,48,23
rasch 304,2654,66,23
ausdehnenden 384,2654,176,23
Hochschule, 574,2654,153,27
er 742,2661,24,15
dachte 780,2654,81,23
an 875,2660,30,17
das 919,2654,40,22
<EOS>
<EOP>
Wohl 997,589,70,22
der 1078,589,40,22
Dozenten, 1128,590,128,26
der 1268,589,40,22
Studenten 1319,589,126,22
sowie 1455,588,70,23
aller 1536,588,55,23
Mitarbeiter 1602,588,144,23
der 1755,588,42,23
ETH, 1806,589,70,27
doch 998,625,59,20
nie 1067,624,36,21
an 1111,630,30,16
sich 1150,623,47,23
selber. 1205,623,80,23
<EOS>
Kein 1297,623,62,22
persönliches 1367,623,153,27
oder 1528,623,56,22
telefonisches 1593,623,157,23
Gespräch 1759,623,118,27
mit 997,657,42,23
dem 1052,658,54,22
Schulratspräsidenten 1120,657,261,27
habe 1394,657,61,22
ich 1467,657,38,22
in 1518,657,25,22
den 1557,657,45,22
letzten 1615,657,83,22
Jahren 1711,657,85,22
abge¬ 1809,657,68,26
schlossen, 997,692,122,26
ohne 1134,692,61,22
ihn 1207,691,41,23
zu 1260,698,29,15
bitten 1302,691,73,22
und 1386,691,49,22
zu 1448,698,29,15
ermahnen, 1489,691,132,26
mit 1633,691,43,22
seinen 1688,690,79,23
Kräften 1780,691,98,22
sorgfältig 997,725,118,28
zu 1128,732,30,16
haushalten. 1170,725,144,23
<EOS>
Wohl 1328,725,70,22
dankte 1411,725,86,23
er 1510,732,25,15
für 1547,725,39,22
meine 1599,725,74,22
Empfehlungen, 1687,725,189,27
doch 997,759,62,22
zwangen 1066,765,109,21
ihn 1184,759,40,22
sein 1233,759,48,22
Temperament 1289,759,177,27
und 1472,759,49,22
seine 1530,759,63,22
Begeisterung, 1599,759,169,27
das 1777,759,42,22
per¬ 1827,765,51,21
sönliche 999,793,101,22
Interesse 1111,793,110,22
hinter 1231,792,75,23
dasjenige 1317,792,115,28
der 1444,793,39,21
ihm 1495,792,49,23
übertragenen 1554,792,166,28
hohen 1731,792,78,23
Auf¬ 1820,792,59,22
gabe 999,827,58,26
zurückzustellen. 1073,826,200,23
<EOS>
Wir 1291,826,49,22
verneigen 1356,826,121,27
uns 1493,833,44,16
in 1554,826,24,23
Dankbarkeit 1593,826,161,23
und 1770,826,49,22
Be¬ 1836,827,42,21
wunderung 998,861,141,26
vor 1149,868,41,15
diesem 1201,860,85,23
stillen 1295,860,75,23
Heldentum. 1379,860,148,23
<EOS>
<EOP>
Hans 1057,903,66,22
Pallmann 1139,903,120,22
hat 1273,902,41,23
den 1329,902,45,22
guten 1389,905,70,24
Geist 1475,902,66,23
und 1555,902,49,22
die 1621,902,37,22
stolze 1673,902,71,23
Tradition 1759,901,120,23
unserer 998,942,93,16
Bundeshochschule 1102,936,232,22
wie 1346,936,43,22
kaum 1400,936,72,22
ein 1484,936,37,22
anderer 1534,936,96,22
verkörpert. 1642,936,139,27
<EOS>
Er 1795,936,31,22
hat 1838,936,42,22
an 999,977,31,15
der 1038,970,41,22
ETH 1086,970,63,22
studiert 1158,969,96,23
und 1261,970,49,21
hat 1318,969,41,23
alle 1367,969,44,22
Stufen 1420,969,79,22
ihrer 1509,969,59,22
Hierarchie 1576,969,133,22
mit 1717,969,42,23
grösstem 1768,970,112,27
Erfolg 999,1004,80,26
und 1093,1004,49,22
mit 1157,1003,43,23
allgemeiner 1215,1003,144,27
Anerkennung 1373,1004,172,26
durchlaufen. 1561,1003,156,23
<EOS>
Er 1738,1004,32,21
begann 1788,1003,91,27
als 1000,1038,33,22
Assistent 1054,1037,113,23
von 1187,1045,47,15
Prof. 1256,1038,60,22
<EOS>
Wiegner, 1339,1037,111,27
wurde 1472,1037,78,23
zum 1570,1044,54,15
ausserordentlichen 1645,1037,235,23
Professor 1000,1072,117,22
ernannt 1133,1074,97,20
und 1246,1072,49,22
bald 1312,1072,54,22
zum 1383,1078,54,16
Ordinarius 1454,1071,134,23
für 1604,1071,39,22
Agrikulturchemie 1658,1071,222,27
befördert. 1000,1106,122,23
<EOS>
Er 1136,1106,31,22
übernahm 1180,1106,128,22
das 1321,1106,40,22
Amt 1375,1106,57,22
des 1445,1105,40,23
Vorstandes 1498,1106,140,22
der 1652,1105,40,23
Abteilung 1705,1105,125,27
für 1842,1105,38,23
Landwirtschaft; 1000,1140,200,26
das 1219,1140,42,22
Vertrauen 1278,1140,127,22
seiner 1422,1139,73,23
Kollegen 1513,1140,113,26
führte 1643,1139,77,23
ihn 1737,1139,41,23
in 1796,1139,23,22
das 1838,1139,42,23
Rektorat, 1000,1173,119,27
und 1128,1173,48,22
endlich 1184,1173,89,22
wählte 1282,1173,83,22
ihn 1372,1173,40,22
am 1420,1179,38,16
10. 1468,1173,34,22
<EOS>
Dezember 1507,1173,128,22
1948 1643,1173,55,22
der 1707,1173,40,22
Bundesrat 1752,1173,128,22
als 1000,1208,33,22
Nachfolger 1047,1207,141,27
Arthur 1201,1207,88,22
Rohns 1303,1208,80,21
zum 1397,1213,54,16
Schulratspräsidenten. 1465,1207,268,27
<EOS>
Nur 1748,1207,52,22
unter 1814,1209,67,20
Überwindung 1000,1237,173,30
schmerzlichster 1195,1241,192,22
Bedenken 1408,1241,124,22
folgte 1554,1241,70,26
er 1647,1248,24,14
dem 1693,1241,54,22
Ruf 1770,1240,49,22
der 1840,1240,40,23
Landesregierung 999,1275,208,27
zur 1220,1282,42,15
Übernahme 1274,1271,148,26
der 1436,1275,41,22
Leitung 1489,1274,98,27
der 1600,1275,40,22
ETH. 1654,1275,69,22
<EOS>
Ep 1738,1275,33,22
war 1781,1281,49,16
ein 1842,1274,38,23
begnadeter, 1000,1310,142,26
von 1161,1316,46,15
den 1224,1309,45,22
Studenten 1286,1309,125,23
verehrter 1428,1309,114,22
Lehrer 1558,1309,85,22
und 1658,1309,49,22
zugleich 1723,1308,102,27
ein 1842,1308,38,23
origineller, 1000,1343,133,27
erfolgreicher 1152,1343,159,27
Forscher, 1329,1343,118,26
dessen 1466,1343,81,22
Untersuchungen 1565,1343,208,26
weitere 1791,1343,89,22
reiche 999,1377,75,23
Früchte 1087,1377,99,23
versprachen. 1200,1377,156,27
<EOS>
Wenn 1372,1378,73,21
er 1459,1383,24,16
dennoch 1498,1377,106,22
sein 1618,1376,48,23
Fachgebiet 1680,1377,138,26
und 1830,1377,50,22
den 1000,1411,45,22
ihm 1058,1411,49,22
ans 1122,1417,41,16
Herz 1178,1411,62,22
gewachsenen 1253,1411,162,27
Lehrstuhl 1428,1411,122,22
verliess, 1564,1410,97,27
so 1677,1417,26,16
gehorchte 1719,1411,123,26
er 1855,1416,25,17
seinem 1000,1445,85,22
ausserordentlichen 1112,1444,233,23
Pflicbtbewusstsein 1372,1444,227,23
und 1624,1444,49,22
seiner 1700,1444,73,22
staats¬ 1799,1447,81,19
bürgerlichen 1000,1478,157,27
Gesinnung. 1171,1478,142,27
<EOS>
Wenn 1329,1479,74,21
die 1418,1478,37,22
Eidgenossenschaft 1469,1478,230,27
seine 1714,1478,61,23
organi¬ 1791,1478,89,27
satorischen 999,1513,141,23
Fähigkeiten, 1151,1512,155,27
sein 1318,1512,49,23
diplomatisches 1378,1512,185,27
Geschick 1575,1512,114,23
und 1699,1512,49,22
sein 1759,1512,49,22
Füh¬ 1819,1512,62,23
rungstalent 1000,1547,141,26
für 1151,1546,38,23
das 1200,1546,41,23
Präsidium 1253,1546,128,23
ihrer 1391,1546,60,23
Hochschule 1461,1546,149,23
in 1621,1546,24,23
einer 1655,1546,63,23
Zeit 1729,1546,50,23
rascher 1789,1546,92,22
Expansion 1000,1580,133,28
benötigte, 1140,1580,122,27
dann 1272,1581,62,21
wollte 1342,1581,76,22
und 1424,1581,49,22
konnte 1481,1580,86,22
der 1576,1581,40,21
Patriot 1624,1580,87,23
Pallmann 1718,1580,120,23
ihr 1845,1580,36,23
seine 1000,1615,63,22
Dienste 1070,1614,98,23
nicht 1175,1615,65,22
versagen. 1249,1621,115,20
<EOS>
<EOP>
In 1059,1656,28,22
den 1097,1656,45,22
17 1154,1656,26,21
Jahren 1190,1656,84,21
seines 1285,1655,72,23
Wirkens 1367,1654,105,24
als 1483,1655,33,23
Schulratspräsident 1527,1656,232,25
hat 1768,1655,41,22
Prof. 1819,1655,62,23
<EOS>
Pallmann 1002,1690,119,22
ein 1138,1689,38,23
erstaunliches 1194,1689,161,23
und 1372,1690,50,21
beeindruckendes 1440,1689,208,23
Aufbauwerk 1666,1689,161,23
ge¬ 1845,1696,37,20
leistet. 1002,1724,79,23
<EOS>
Er 1092,1724,32,22
pflegte 1134,1724,83,26
mir 1227,1723,44,23
zu 1280,1731,31,14
sagen, 1321,1730,76,20
dass 1410,1723,52,23
er 1472,1730,26,16
ein 1507,1723,38,23
Bataillon 1555,1723,115,22
angetreten 1681,1726,131,24
habe 1822,1723,60,22
und 1001,1758,49,22
nunmehr 1061,1758,114,22
eine 1186,1757,50,23
Division 1247,1757,108,23
kommandiere. 1366,1757,180,23
<EOS>
Die 1559,1757,45,23
ETH 1615,1757,64,23
von 1690,1764,47,16
1965 1751,1757,56,22
kann 1819,1757,63,23
mit 1002,1792,42,22
derjenigen 1057,1791,127,28
von 1197,1797,48,17
1948, 1258,1792,64,26
zur 1334,1797,42,17
Zeit 1388,1791,50,23
der 1450,1791,41,23
Wahl 1503,1792,68,22
Pallmanns, 1584,1792,136,25
kaum 1734,1791,72,23
mehr 1818,1791,65,23
verglichen 1002,1825,127,28
werden. 1146,1825,97,22
<EOS>
Er 1262,1825,30,22
hat 1308,1825,42,22
- 1366,1838,15,3
was 1397,1831,47,16
auch 1461,1825,60,22
von 1537,1831,48,16
der 1602,1825,41,22
kritischen 1659,1825,122,22
jungen 1796,1825,86,28
Forschergeneration 1003,1858,243,28
anerkannt 1261,1859,128,22
wird 1404,1858,57,23
- 1475,1872,16,3
die 1505,1858,38,23
ETH 1557,1859,64,22
zu 1636,1866,29,15
einer 1680,1859,62,22
modernen 1757,1859,126,22
Hochschule 1002,1893,148,22
entwickelt. 1161,1892,134,23
<EOS>
Als 1309,1893,41,22
einzige 1363,1892,86,28
Ziffer 1461,1892,70,23
sei 1543,1892,30,23
erwähnt, 1586,1893,109,26
dass 1709,1893,53,23
in 1774,1893,24,22
seiner 1810,1892,74,24
Amtszeit 1003,1927,111,23
nicht 1124,1927,64,22
weniger 1200,1927,97,26
als 1308,1927,34,22
94 1354,1927,29,22
neue 1394,1933,58,16
Professuren 1464,1927,146,22
errichtet 1621,1926,107,24
wurden. 1739,1927,101,23
<EOS>
Es 1852,1927,31,22
würde 1002,1961,78,23
zu 1091,1968,29,15
weit 1131,1961,52,23
führen, 1192,1961,90,26
wollte 1294,1961,76,22
ich 1382,1961,37,22
die 1429,1960,37,24
auf 1477,1961,43,23
seine 1529,1961,61,22
Initiative 1600,1960,114,23
geschaffenen 1725,1961,158,27
Institute 1003,1995,105,23
aufzählen. 1117,1995,128,23
<EOS>
Ich 1256,1995,41,23
beschränke 1306,1995,140,22
mich 1455,1995,61,24
darauf, 1527,1995,88,26
an 1626,2002,32,15
die 1666,1995,38,22
Angliederung 1713,1995,171,27
und 1002,2029,50,22
den 1061,2029,45,22
Ausbau 1115,2029,97,22
des 1221,2029,40,22
Eidg. 1270,2029,65,27
<EOS>
Institutes 1345,2029,116,22
für 1471,2028,38,23
Reaktorforschung 1518,2029,227,26
in 1754,2029,25,22
Würen- 1789,2030,94,21
lingen 1004,2064,74,25
zu 1094,2069,30,16
erinnern. 1140,2062,111,23
<EOS>
Der 1271,2062,50,23
Voranschlag 1336,2062,158,28
der 1509,2062,40,23
ETH 1565,2062,62,22
erreicht 1643,2062,97,23
heute 1754,2062,69,23
den 1839,2063,45,22
mehrfachen 1002,2096,148,23
Betrag 1159,2097,83,26
der 1251,2096,41,23
Ausgaben 1301,2097,126,26
von 1435,2103,48,16
1948. 1494,2097,65,22
<EOS>
Das 1568,2097,51,22
Vertrauen 1629,2097,127,22
der 1765,2096,42,23
Wirt¬ 1815,2096,69,23
schaft 1003,2130,74,23
in 1089,2130,24,23
die 1125,2130,37,23
solide 1174,2130,73,23
Führung 1260,2130,110,27
unserer 1383,2137,91,16
Bundeshochschule 1486,2130,232,23
brachte 1730,2130,94,23
bei¬ 1836,2130,48,23
nahe 1002,2165,60,22
Jahr 1081,2164,56,23
für 1156,2164,38,23
Jahr 1213,2164,55,23
bedeutende 1288,2164,142,23
Schenkungen 1450,2164,166,27
und 1636,2164,48,23
Stiftungen 1705,2164,130,27
zu 1853,2171,31,16
Gunsten 1003,2199,106,22
der 1118,2199,41,22
Forschung 1168,2198,135,27
und 1312,2199,49,22
für 1370,2198,39,23
Stipendien. 1418,2198,139,27
<EOS>
<EOP>
Die 1061,2239,45,23
Erweiterung 1122,2239,153,27
des 1291,2240,40,21
Lehrkörpers 1347,2239,155,28
sowie 1518,2239,70,23
Vakanzen 1604,2239,124,22
auferlegten 1744,2239,139,28
dem 1002,2273,54,23
Schulratspräsidenten 1069,2273,261,27
die 1344,2273,37,23
Verpflichtung, 1394,2273,177,27
zahlreiche 1588,2273,125,23
Professoren¬ 1726,2273,159,23
wahlen 1002,2307,89,23
für 1097,2307,38,23
den 1141,2308,45,21
Bundesrat 1192,2308,128,22
vorzubereiten. 1326,2307,179,23
<EOS>
Mit 1513,2307,46,23
minutiösen 1565,2307,138,23
Abklärungen, 1710,2307,172,27
mit 1002,2341,43,23
Konsultetionen 1054,2341,195,23
im 1258,2341,32,23
In- 1299,2342,37,22
und 1345,2341,49,23
Ausland 1403,2341,105,23
sowie 1518,2341,70,23
durch 1597,2341,73,23
eigenes 1678,2341,89,27
Studium 1777,2341,107,23
der 1003,2376,41,22
wissenschaftlichen 1059,2375,230,23
Publikationen 1305,2375,176,23
suchte 1496,2375,80,23
er 1592,2382,26,16
für 1632,2375,39,23
jede 1683,2375,54,28
Dozenten¬ 1752,2376,132,22
stelle 1003,2409,63,23
den 1077,2409,45,23
allerbesten 1132,2409,134,23
Kandidaten. 1278,2409,155,23
<EOS>
Die 1444,2409,45,23
einzige 1499,2409,87,28
Voraussetzung, 1597,2410,190,27
welche 1800,2410,84,22
in 1003,2443,25,22
Betracht 1044,2443,107,22
gezogen 1168,2449,99,21
wurde, 1285,2443,84,27
waren 1387,2449,77,16
die 1480,2443,38,22
wissenschaftlichen 1534,2443,230,22
und 1780,2443,50,22
die 1847,2443,37,22
charakterlichen 1005,2477,193,22
Qualitäten. 1215,2477,138,27
<EOS>
Er 1370,2477,31,22
unterstrich 1416,2477,137,22
bei 1568,2477,37,23
jeder 1619,2477,65,27
sich 1698,2477,50,23
bietenden 1764,2477,122,23
Gelegenheit, 1007,2510,153,28
dass 1174,2510,53,23
der 1240,2511,40,22
internationale 1293,2510,173,23
Ruf 1479,2511,51,22
der 1540,2511,41,22
Bundeshochschule 1593,2510,232,24
und 1836,2511,49,22
ihre 1006,2544,48,23
Dienste 1063,2544,95,23
an 1169,2551,31,16
Jugend 1211,2544,89,28
und 1309,2544,48,23
Staat 1369,2545,64,22
abhängig 1444,2545,115,27
sind 1570,2545,51,22
von 1631,2551,48,16
der 1689,2545,41,23
Gewinnung 1740,2545,146,27
hervorragender 1005,2578,191,28
Lehrer 1206,2579,84,22
und 1299,2578,48,23
Forscher. 1358,2578,118,24
<EOS>
<EOP>
Bis 1063,2620,38,22
zu 1117,2626,29,16
seinem 1162,2620,84,22
Tode 1262,2620,65,23
blieb 1341,2620,62,23
Prof. 1418,2620,62,22
<EOS>
Pallmann 1496,2620,120,22
beweglich, 1632,2620,128,28
begeiste¬ 1778,2620,108,28
rungsfähig 1006,2653,132,28
und 1146,2654,49,23
einsatzfreudig. 1204,2653,181,28
<EOS>
Infolgedessen 1395,2653,170,28
fiel 1574,2653,37,24
ihm 1621,2653,48,23
der 1678,2654,41,23
Kontakt 1729,2654,106,23
mit 1843,2654,43,23
<EOS>
<EOP>
Schweiz. 86,2740,88,18
<EOS>
Bauzeitung 185,2741,109,19
* 310,2746,6,6
83. 329,2740,29,17
<EOS>
Jahrgang 367,2739,94,22
Haft 471,2739,40,18
47 520,2741,22,16
• 557,2746,6,6
26. 577,2740,29,18
<EOS>
November 616,2739,100,18
1965 726,2742,43,15
861 1842,2734,39,21
<EOS>
<EOP>
