1970,2898
MW 283,133,132,69
EHE 95,178,105,38
3 138,225,23,33
5 175,225,26,33
<EOS>
<EOP>
^Jüü- 1066,268,115,23
a 152,297,6,4
l=ü 175,290,27,11
<EOS>
<EOP>
aw 812,313,25,14
5»=^ 260,324,105,30
JW 91,384,33,17
<EOS>
<EOP>
;f»?Jr 811,428,53,23
<EOS>
4*3, 874,428,51,22
<EOS>
<EOP>
4fe 1742,442,31,21
rr_'jEjf* 1709,458,66,20
«UJ. 930,475,35,14
<EOS>
u 970,475,7,14
\ 796,489,5,17
T 826,490,23,17
/ 859,490,5,17
Südwestansicht 69,530,171,19
<EOS>
<EOP>
-yw^^~ 631,555,120,25
<EOS>
<EOP>
m 1013,632,44,20
ilS 1084,627,145,26
'"'\3- 1002,665,91,19
^rr-r' 1391,667,86,21
<EOS>
<EOP>
r 1356,690,5,11
v 1378,684,15,13
/«f. 989,719,31,29
<EOS>
-S 1061,718,28,28
¦ja?—-v 1383,726,51,13
<EOS>
^ 1468,726,7,13
^ 1714,732,105,64
- 1566,754,7,2
e3*f 1588,738,46,19
w 169,741,34,38
,^V 1656,748,46,14
<EOS>
<EOP>
STT 1063,760,85,30
<EOS>
<EOP>
ura 1356,776,109,36
S^ 679,786,127,51
^ 1580,798,17,18
^ 1611,803,16,13
£»^d 1009,847,92,12
T_ 1397,852,26,12
<EOS>
<EOP>
ßl 1391,908,51,36
# 1117,914,30,44
.-X 1352,964,34,22
<EOS>
*• 736,977,27,15
rt-rn? 1037,986,117,31
<EOS>
<EOP>
?XD 1099,1019,88,37
<EOS>
irrr 1219,1019,80,36
<EOS>
<EOP>
no 626,1196,88,33
<EOS>
<EOP>
> 470,1265,7,11
•?¦ 484,1265,13,11
<EOS>
Im 278,1295,15,15
v*1 334,1295,31,15
?** 397,1295,44,13
<EOS>
<EOP>
=fL 948,1378,39,21
<EOS>
<EOP>
lä 1118,1411,28,30
<EOS>
<EOP>
jf~ 1301,1439,57,30
DO 1472,1452,40,22
?J 1425,1453,39,23
<EOS>
fc-2*—? 968,1477,179,41
<EOS>
^1 968,1520,70,50
fflFF 1051,1526,152,45
<EOS>
<EOP>
Lr- 1093,1576,21,18
,'25 1126,1574,43,24
»&:;&& 1013,1595,100,15
t 1125,1588,15,22
<EOS>
<EOP>
^ 1682,1786,68,46
__, 299,1843,39,18
<EOS>
<EOP>
U— 1477,1899,38,20
<EOS>
<EOP>
n 1536,1914,44,26
1 1602,1928,6,14
-o 1292,1948,28,17
CZ1CDO-' 1390,1947,180,24
czn 1322,1980,83,23
———zyi~zz3 1058,2023,276,24
1 1367,2026,7,15
.^j**1*3^ 1394,2019,142,28
<EOS>
•z.—rj^ 506,2035,97,22
<EOS>
f 1378,2046,36,37
'3— 742,2056,27,12
<EOS>
<EOP>
2 1179,2070,9,14
• 1222,2074,5,5
1 1266,2070,7,15
• 1306,2073,5,6
^ 1352,2071,26,22
=Cl« 590,2068,59,19
T^^örnrni!^0*^^ 1024,2104,233,30
<EOS>
W 629,2128,28,15
V 693,2127,11,16
<EOS>
<EOP>
m 988,2135,34,26
I 667,2171,3,20
<EOS>
<EOP>
I 826,2162,4,22
t&f^ 878,2166,59,18
'"^yj1 888,2156,114,43
<EOS>
<EOP>
jQoJVl.-l—Q: 1224,2249,176,42
<EOS>
>«"»¦»' 811,2283,72,12
<EOS>
<EOP>
3 1049,2415,8,15
,—, 1095,2423,37,8
<EOS>
?0 1449,2424,58,24
<EOS>
3 1553,2434,9,15
<EOS>
<EOP>
0 1130,2456,14,17
<EOS>
<EOP>
£ 1814,2549,31,60
toS** 1116,2585,59,27
<EOS>
<EOP>
1er 142,2429,38,29
Etage 191,2435,76,30
<EOS>
<EOP>
Grundrisse 58,2544,121,21
1:750 195,2546,58,19
1 58,2583,6,15
atelier 81,2581,66,17
2 56,2605,10,16
professeur 80,2604,106,20
3 54,2628,10,16
eudltoire, 78,2626,97,20
academie, 194,2628,102,19
seminaire 315,2630,98,15
<EOS>
<EOP>
Schweiz. 58,2730,84,17
<EOS>
Bauzeitung 156,2731,108,19
• 281,2737,4,5
83. 301,2731,27,16
<EOS>
Jahrgang 338,2730,93,22
Heft 442,2731,41,17
47 490,2731,22,18
• 528,2739,5,6
25. 549,2733,27,17
<EOS>
November 587,2732,100,19
1965 697,2735,42,16
867 1812,2736,44,22
<EOS>
<EOP>
