1970,2898
gleichwertig 63,86,150,27
(z. 229,86,29,26
<EOS>
B. 268,86,25,22
<EOS>
Dehnungen 308,85,146,26
für 471,85,37,22
zwei 524,84,55,23
zu¬ 596,91,39,16
einander 61,120,109,22
senkrechte 189,119,133,22
Richtungen, 340,119,152,26
wenn 512,125,67,16
w\ 599,119,32,21
und 60,154,48,22
w3 119,154,33,21
eine 162,153,51,23
Rosette 221,154,95,22
bilden, 323,153,84,26
oder 417,153,56,21
auch 482,152,59,22
Krüm¬ 549,153,85,21
mungen 63,194,99,20
einer 174,187,61,22
Platte, 250,188,78,25
wenn 342,194,66,15
zugleich 421,186,101,27
w2 537,187,35,21
und 585,186,48,22
w4 64,222,35,22
an 110,228,31,16
der 152,222,40,22
gegenüberliegenden 203,221,245,27
Seite 461,220,58,23
befestigt 530,220,105,27
werden). 62,256,106,26
<EOS>
<EOP>
Wird 120,289,65,23
aber 200,289,55,22
für 269,289,37,22
n 322,296,13,14
die 351,289,37,22
Zahl 403,289,58,22
p 475,296,17,18
(Querdeh- 507,288,127,26
nungszahl) 62,323,135,27
eingestellt, 207,323,129,26
so 346,329,27,16
zeigen 381,323,77,26
die 467,322,37,23
Ausschlä¬ 511,322,122,22
ge 63,364,27,20
der 100,357,41,22
beiden 150,356,83,23
Amperemeter 242,357,172,27
nicht 423,356,65,22
mehr 497,356,64,22
Deh¬ 572,356,62,22
nungen 63,397,91,20
oder 167,390,57,23
Krümmungen, 235,391,182,26
sondern 432,389,100,23
es 544,396,23,15
wer¬ 580,396,54,15
den 62,426,46,21
sofort 121,425,75,22
Spannungen 210,425,154,26
oder 379,424,57,22
Biegemomente 450,423,184,27
abgelesen, 62,459,126,26
und 204,459,49,22
zwar 268,465,61,16
in 345,458,23,22
jedem 382,458,76,27
gewünschten 474,457,160,27
Masstab, 64,493,112,26
wenn 185,499,67,16
die 260,492,38,23
Konstante 306,493,131,21
k 445,492,16,22
entsprechend 469,491,165,27
geeicht 63,527,87,27
wird. 161,527,60,21
<EOS>
<EOP>
Für 122,561,46,22
gewisse 177,560,91,27
Materialien 279,560,143,22
ist 432,560,27,21
der 469,560,39,21
Querdeh- 518,559,117,27
nungseinfluss 64,594,165,27
beträchtlich, 241,594,155,26
so 410,600,26,16
dass 449,594,52,22
in 514,593,24,22
der 549,593,40,22
se¬ 601,599,33,16
kundären 64,628,119,22
Richtung 194,628,116,26
Dehnung 322,627,116,27
und 449,627,48,22
Spannung 510,627,125,27
manchmal 64,662,131,23
umgekehrte 219,661,148,27
Vorzeichen 393,660,140,23
haben 558,660,77,22
können. 62,696,101,22
<EOS>
Selbstverständlich 179,695,225,23
können 417,694,94,23
die 525,694,38,22
Um¬ 576,694,57,22
rechnungen, 62,730,152,26
die 229,730,35,21
diese 277,729,61,23
Doppelmessbrücke 349,728,239,28
er¬ 600,735,33,15
spart, 63,767,70,24
auch 141,764,61,22
mit 208,763,43,23
Hilfe 258,764,63,21
von 329,770,45,14
Rechenschieber 384,762,193,22
und 586,762,46,21
Tabellen 64,797,107,23
erfolgen. 181,798,109,26
<EOS>
Jedoch, 301,796,94,28
wenn 406,803,66,16
schnell 483,796,85,23
viele 578,795,57,23
Beobachtungen 64,831,193,27
zu 269,837,29,16
machen 310,831,96,22
sind 419,830,51,23
(und 483,829,56,28
das 552,830,42,22
ist 605,829,30,23
mit 64,865,41,22
dem 115,865,53,22
weiter 177,864,75,23
noch 262,864,61,22
beschriebenen 334,864,173,22
Tastgerät 517,865,117,25
möglich), 64,899,115,27
wird 194,898,56,23
die 263,898,37,22
Anwendung 313,897,153,28
der 478,897,40,23
Doppel¬ 532,898,101,26
messbrücke 65,933,142,22
von 221,939,47,15
entscheidendem 279,931,199,24
Wert, 490,932,70,26
denn 573,931,62,22
sie 63,967,33,22
erlaubt 104,967,90,22
eine 203,967,51,22
unmittelbare 262,966,160,22
Beobachtung. 432,966,171,25
<EOS>
<EOP>
Das 121,1005,48,21
Tastgerät 180,1005,115,25
(links 306,1004,67,26
im 384,1003,33,22
Bild 425,1003,52,22
2) 488,1003,23,27
ist 521,1003,28,21
so 560,1009,26,15
ge¬ 598,1009,34,20
baut, 63,1038,62,26
dass 140,1038,52,23
mit 204,1037,42,23
einer 258,1037,62,23
Stellschraube 333,1037,166,23
ein 510,1036,38,23
elasti¬ 559,1035,74,24
scher 64,1072,65,23
Körper, 148,1072,98,27
Träger 268,1072,83,26
von 371,1078,46,15
Dehnungsmess¬ 438,1071,196,26
widerständen 64,1106,165,23
oder 246,1106,56,22
Rosetten 318,1106,112,22
auf 446,1105,42,22
das 503,1105,41,22
Mess¬ 561,1105,73,22
objekt 64,1140,79,27
aufgepresst 154,1140,139,26
werden 304,1139,91,23
kann. 405,1139,70,22
<EOS>
Bei 487,1138,40,23
platten- 538,1139,96,26
förmigen 64,1173,113,27
Objekten 196,1173,113,28
werden 327,1173,90,22
gewöhnlich 436,1172,141,27
zu¬ 596,1179,39,15
gleich 64,1207,72,27
zwei 145,1207,54,22
elastische 208,1207,118,22
Körper 334,1207,93,27
auf 435,1207,43,22
beide 484,1207,66,22
Seiten 560,1207,74,21
der 65,1242,39,21
Platte 121,1241,71,22
gepresst. 208,1243,107,25
<EOS>
Die 332,1240,46,23
elastischen 393,1240,134,23
Körper 543,1240,92,27
sind 64,1275,51,23
drehbar, 124,1274,105,27
so 240,1282,26,15
dass 276,1275,53,22
die 339,1274,37,23
Richtung 384,1274,116,26
der 511,1274,39,21
Mess¬ 561,1274,73,22
widerstände 64,1309,149,22
beliebig 224,1308,97,27
verändert 331,1308,120,23
werden 461,1308,91,23
kann. 563,1308,69,22
<EOS>
Die 63,1343,46,22
Belastung 124,1343,124,26
des 263,1343,41,22
Messobjektes 321,1342,167,27
durch 504,1342,73,22
das 593,1342,42,22
Gewicht 65,1377,104,23
des 179,1377,39,22
Tastgerätes 229,1377,141,26
ist 380,1376,30,23
konstant 418,1375,111,24
und 538,1376,48,22
be- 596,1376,38,21
einflusst 64,1411,102,22
die 182,1410,37,23
Messergebnisse 236,1410,191,27
nicht, 443,1410,70,26
bei 530,1409,36,23
wel¬ 583,1410,52,21
chen 64,1444,58,23
nur 137,1450,44,16
die 196,1444,38,22
Unterschiede 248,1444,164,22
von 428,1450,46,16
Dehnungen 489,1444,146,26
oder 65,1479,55,21
Spannungen 131,1479,153,26
eine 294,1477,50,23
Rolle 353,1478,68,22
spielen. 429,1477,93,28
<EOS>
Die 532,1477,45,22
An¬ 587,1477,48,22
presskörper 64,1512,148,27
sind 224,1511,51,23
elastisch 286,1511,105,23
und 402,1511,49,22
erzeugen 463,1517,110,21
des¬ 585,1510,50,23
halb 64,1546,55,23
keine 137,1545,67,23
messbare 224,1546,114,22
örtliche 358,1546,93,21
Veränderung 471,1545,164,26
des 64,1580,40,23
Spannungszustandes 126,1580,257,27
am 405,1586,39,15
viel 465,1579,43,22
härteren 529,1579,105,22
Messobjekt. 65,1613,150,28
<EOS>
<EOP>
Die 123,1647,45,23
mit 178,1647,42,23
diesem 230,1647,86,23
Gerät 326,1647,72,23
gemessenen 408,1653,145,19
Span¬ 563,1646,73,28
nungen 64,1688,93,21
sind 168,1681,51,22
sehr 229,1681,52,22
genau. 291,1687,82,21
<EOS>
Die 384,1681,45,22
Dehnungen 439,1681,145,26
der 595,1680,41,23
Messwiderstände 66,1715,213,23
sind 291,1715,52,22
um 354,1720,41,17
einige 406,1713,72,28
Prozent 490,1715,97,22
ge¬ 599,1720,36,21
ringer 64,1749,76,27
als 153,1749,34,22
bei 202,1748,37,23
geklebten 250,1748,119,27
Streifen, 382,1748,101,27
wobei 495,1748,74,22
aber 581,1748,55,22
der 65,1783,41,23
Unterschied 115,1782,152,24
konstant 276,1782,110,23
und 395,1782,50,22
praktisch 454,1781,118,28
vom 580,1787,57,18
Anpressdruck 64,1816,176,28
unabhängig 246,1816,149,27
ist, 402,1816,36,26
sofern 448,1816,78,22
letzterer 533,1816,104,22
ein 64,1851,37,23
gewisses 110,1851,103,27
Minimum 223,1850,125,23
nicht 356,1850,62,21
unterschreitet. 427,1849,178,23
<EOS>
<EOP>
Bei 124,1888,38,22
gleichzeitiger 181,1887,163,28
Verwendung 362,1887,159,26
der 538,1888,40,21
be¬ 597,1887,38,22
schriebenen 65,1922,147,23
Doppelmessbrücke 240,1921,240,28
wird 509,1920,56,24
das 594,1921,42,22
Tastgerät 65,1957,118,26
an 200,1962,31,16
einem 247,1955,76,23
Normstab 340,1955,126,23
geeicht 484,1955,87,26
und 588,1955,48,22
öfters 65,1991,70,22
kontrolliert, 144,1989,151,27
so 305,1996,27,16
dass, 341,1989,59,27
nachdem 411,1989,112,23
die 533,1989,36,22
Zahl 578,1989,58,22
«k 68,2024,28,22
» 100,2031,13,13
entsprechend 121,2024,164,27
eingestellt 293,2023,125,27
ist, 425,2023,36,26
es 469,2029,25,16
nicht 501,2023,64,22
mehr 572,2023,65,22
nötig 65,2057,65,28
ist, 141,2057,36,27
sich 191,2057,48,23
um 249,2063,41,16
weitere 301,2057,89,22
Faktoren 403,2057,115,22
zu 529,2062,30,17
küm¬ 572,2057,63,21
mern 67,2099,61,14
(Geberfaktor 145,2090,166,28
der 327,2091,40,21
Widerstände, 383,2090,164,27
Gleit- 565,2090,71,22
mass 64,2133,61,16
des 139,2125,40,23
Anpresskörpers, 192,2125,203,27
Elastizitätsmodul, 411,2123,223,28
Umrechnungsfaktor 65,2159,253,26
1/1 335,2158,47,27
— 393,2171,29,2
fi2, 430,2158,32,26
Temperatur- 478,2159,157,26
einfluss 64,2194,93,23
u.s.w. 168,2200,77,15
<EOS>
spielen 257,2192,86,28
keine 352,2192,67,23
Rolle, 430,2193,74,25
da 516,2192,31,22
sie 557,2192,32,23
bei 599,2192,37,22
der 65,2228,41,22
Eichung 129,2227,104,27
von 257,2234,46,15
selbst 327,2226,69,23
mitberücksichtigt 421,2227,214,25
sind). 65,2261,68,28
<EOS>
<EOP>
Die 125,2297,41,19
zugehörige 174,2294,132,28
Schalttafel, 314,2294,139,26
als 463,2294,33,22
Bindeglied 505,2294,131,27
zwischen 64,2328,112,24
dem 185,2328,53,23
Tastgerät 245,2328,118,27
und 370,2327,49,23
der 427,2327,40,23
Doppelmess¬ 474,2327,163,28
brücke, 65,2363,92,26
ist 168,2362,29,23
so 207,2369,27,16
gebaut, 245,2362,89,27
dass 345,2361,53,23
nach 408,2361,59,23
Wunsch 479,2361,98,22
ent¬ 589,2365,47,18
weder 65,2398,73,21
Oberflächenspannungen, 147,2397,306,25
Schwerpunkt- 463,2396,172,25
spannungen 65,2438,149,20
von 243,2436,47,16
Platten, 319,2430,95,25
Biegemomente, 444,2429,191,28
Schubspannungen 65,2465,228,27
oder 303,2463,58,23
Torsionsmomente 369,2463,227,23
an 606,2469,32,17
beiden 65,2499,83,22
oder 161,2499,57,22
an 230,2504,31,16
einem 273,2498,74,23
der 361,2497,39,23
Amperemeter 413,2499,171,25
ab¬ 597,2497,40,23
gelesen 66,2533,88,26
werden 163,2532,91,22
können. 263,2532,101,22
<EOS>
<EOP>
Die 126,2568,41,19
Richtung 179,2565,111,27
der 301,2565,40,23
Hauptspannungen 351,2565,218,27
wi 582,2566,25,21
rd 612,2566,24,21
dadurch 66,2600,102,24
gefunden, 185,2599,121,27
dass 326,2600,51,21
der 395,2599,40,22
Anpresskörper 451,2599,187,27
mit 65,2634,43,23
zwei 130,2634,55,23
senkrecht 210,2633,119,23
zueinander 352,2633,138,22
stehenden 513,2633,124,22
<EOS>
<EOP>
Widerständen 673,82,174,24
unter 859,86,67,19
Wiederholung 937,81,178,27
der 1128,82,40,22
Bela¬ 1180,81,65,23
stung 672,120,69,24
gedreht 756,117,94,26
wird, 864,116,65,27
bis 945,116,35,22
beide 996,116,67,22
Widerstands¬ 1079,115,166,23
änderungen 672,152,147,26
gleich 829,151,73,27
gross 912,157,63,20
sind. 986,150,59,23
<EOS>
Dann 1056,151,70,21
befinden 1137,150,107,22
sich 671,185,49,22
(aus 732,185,50,27
Symmetriegründen) 794,184,246,28
die 1053,185,36,21
Messwider¬ 1102,183,142,23
stände 673,219,81,22
unter 770,222,67,18
45° 853,218,43,22
zu 913,224,30,16
den 959,218,46,22
Hauptspannungs¬ 1022,219,223,26
richtungen 672,252,135,27
(die 822,252,47,27
auch 883,252,60,22
diejenigen 958,251,127,28
der 1100,251,40,22
Haupt¬ 1155,252,90,27
dehnungen 673,286,136,27
sind). 826,286,67,27
<EOS>
Werden 910,286,98,21
diese 1024,285,61,23
beiden 1101,285,82,23
Wi¬ 1198,284,47,22
derstände 673,320,120,23
(Äste 806,316,66,31
einer 884,319,62,23
Doppelrosette) 958,319,187,27
als 1159,319,33,22
ak¬ 1205,319,40,22
tiver 673,355,56,22
und 745,354,49,22
passiver 811,354,100,27
Widerstand 930,353,144,23
an 1091,360,30,15
eine 1138,353,50,22
der 1206,353,39,22
Messbrücken 674,388,165,23
angeschlossen, 857,388,181,26
so 1057,394,26,15
schlägt 1102,388,86,25
der 1206,387,39,22
Amperemeter, 671,423,178,26
wenn 859,428,66,16
die 935,421,36,23
gesuchte 980,421,106,27
Lage 1096,422,61,25
gefun¬ 1165,421,80,27
den 671,456,45,22
ist, 731,456,35,26
weder 782,456,75,22
nach 870,455,60,23
rechts 945,455,74,23
noch 1034,455,62,22
nach 1110,455,60,22
links 1184,455,60,22
aus. 671,497,50,15
<EOS>
Für 735,490,48,21
diese 794,489,61,22
Operation 869,489,128,27
ist 1007,489,31,22
es 1048,495,26,16
weder 1085,489,76,22
nötig, 1171,488,73,28
den 673,525,44,21
Apparat 729,525,105,25
zu 844,530,29,15
eichen 885,522,79,23
noch 975,522,62,23
ihn 1048,522,40,23
vor 1099,529,42,15
der 1152,522,41,22
Be¬ 1203,523,42,21
lastung 672,559,91,25
auf 771,557,43,23
0 820,558,15,21
zu 842,564,30,15
stellen. 881,557,85,22
<EOS>
Da 976,558,39,21
für 1024,556,38,22
den 1070,556,45,22
Weragl 1124,553,96,33
dwi 716,591,43,23
— 768,604,30,3
dw2 805,591,44,22
0 895,592,14,21
(o> 939,590,36,27
oy) 1022,590,35,27
(ex 1089,590,32,26
Sy) 1168,590,33,27
die 672,625,38,23
Ableitung 721,625,125,27
der 859,625,39,22
Funktion 911,624,118,23
am 1041,632,39,14
grössten 1093,625,102,26
ist, 1207,624,37,26
kann 672,660,63,21
die 754,659,37,22
Richtung 809,659,116,26
rasch 944,659,67,22
und 1028,658,51,23
mit 1095,658,43,23
grosser 1157,665,88,20
Präzision 671,693,118,22
gefunden 797,693,117,27
werden 922,693,91,22
(Bild 1023,692,62,27
3). 1095,692,29,26
<EOS>
<EOP>
Anschliessend 731,727,173,21
kann 933,726,64,22
die 1024,726,37,22
Grösse 1091,726,85,22
der 1204,726,41,22
Hauptspannungen, 671,761,239,26
nach 928,760,61,22
Drehung 1007,760,113,27
des 1137,759,40,23
An¬ 1195,760,49,21
presskörpers 672,795,159,26
um 837,801,42,16
45 885,794,28,22
° 918,794,10,9
und 935,794,48,22
entsprechender 990,793,190,28
Um¬ 1187,794,58,22
schaltung 672,828,120,27
auf 798,828,42,22
beide 844,828,66,23
Amperemeter 917,829,171,26
der 1095,828,40,22
Doppel- 1141,827,104,27
messbrücke, 673,863,150,25
an 838,869,31,15
diesen 882,863,76,21
direkt 971,861,75,23
abgelesen 1057,862,120,26
wer¬ 1190,868,55,15
<EOS>
<EOP>
den 1290,81,45,22
(mit 1343,80,51,28
Berücksichtigung 1400,80,217,27
des 1625,80,39,22
Querdehnungs¬ 1671,79,193,27
einflusses). 1289,114,134,27
<EOS>
<EOP>
Analog 1347,149,93,26
verhält 1455,148,87,22
es 1557,155,24,14
sich, 1597,147,54,27
wenn 1667,153,68,16
an 1749,153,31,15
Stelle 1796,146,68,23
der 1289,183,40,22
Oberflächenspannungen 1362,182,303,27
Normalspan¬ 1696,180,167,27
nungen 1289,224,94,19
oder 1396,217,57,22
Biegemomente 1464,216,186,27
untersucht 1662,215,135,22
wer¬ 1808,220,56,17
den, 1290,251,52,26
wobei 1355,251,73,22
man 1440,257,56,16
zwei 1507,250,55,22
gegenüberliegende 1574,249,230,28
An¬ 1815,249,49,21
presskörper 1289,284,149,28
verwendet, 1445,284,136,26
die 1590,284,37,22
immer 1636,284,81,22
gleichzeitig 1725,282,140,28
gedreht 1290,318,94,27
werden. 1399,318,97,22
<EOS>
Die 1511,318,47,22
Schaltung 1572,318,125,26
ist, 1711,317,37,27
entspre¬ 1763,319,101,24
chend 1290,352,75,23
jedem 1371,352,77,27
Fall, 1457,351,57,27
verschieden, 1523,351,153,27
mit 1686,351,43,22
oder 1737,351,57,22
ohne 1803,351,61,22
Verwendung 1290,386,159,26
von 1470,392,48,16
unbelasteten 1538,385,158,23
Kompensa¬ 1718,385,146,26
tionswiderständen. 1290,420,234,23
<EOS>
<EOP>
Der 1348,455,48,21
Zeitaufwand 1413,453,157,28
zur 1586,460,41,15
Bestimmung 1646,453,157,26
der 1822,453,42,21
Richtung 1289,488,118,27
und 1416,488,50,22
Grösse 1477,488,87,22
von 1572,494,49,15
Hauptspannungen 1632,488,231,26
oder 1291,522,56,22
Hauptmomenten 1370,522,214,27
beträgt 1607,522,89,26
bei 1719,520,36,23
einiger 1779,520,85,26
Übung 1291,551,87,32
nur 1388,562,44,16
wenige 1441,555,86,28
Minuten. 1538,555,114,22
<EOS>
<EOP>
Der 1349,590,47,22
Materialaufwand 1414,588,212,28
kann 1640,588,63,22
vernachläs¬ 1721,588,143,22
sigt 1290,623,44,27
werden. 1353,623,97,23
<EOS>
Die 1471,623,45,22
Anpresskörper 1535,623,187,27
sind 1742,621,51,23
aus¬ 1812,628,52,16
wechselbar, 1290,657,144,27
können 1454,657,94,22
aber 1566,657,56,22
erfahrungsgemäss 1639,656,225,27
für 1289,692,39,22
Tausende 1342,691,121,23
von 1477,698,47,15
Messungen 1539,692,141,25
dienen, 1690,690,90,26
bevor 1792,690,73,22
sie 1289,726,33,22
ersetzt 1334,728,81,20
werden 1427,725,91,22
müssen. 1529,726,100,22
<EOS>
Die 1643,725,44,21
gleichen 1701,724,102,27
An¬ 1814,724,50,22
presskörper 1289,759,148,28
können 1449,759,94,22
auf 1556,759,43,22
Tastgeräte 1610,759,131,26
verschie¬ 1753,757,111,24
dener 1290,793,70,22
Form 1371,794,72,21
leicht 1453,792,68,23
montiert 1532,792,111,23
werden. 1652,792,97,22
<EOS>
<EOP>
Die 1348,828,45,21
Prüfung 1399,826,100,27
von 1505,834,42,15
Materialeigenschaften 1555,826,270,27
im 1834,827,30,21
Labor. 1289,861,81,22
<EOS>
Elastizitätsmodul 1389,860,219,23
und 1626,860,48,22
Querdehnung 1693,859,172,27
<EOS>
<EOP>
~f+- 1248,1569,49,20
0 733,1579,7,12
50 772,1579,17,12
100 814,1579,21,12
150 858,1579,20,12
200 901,1579,23,12
250 947,1579,22,13
t/m 975,1579,29,13
<EOS>
<EOP>
hf 1251,1664,42,25
<EOS>
<EOP>
Bild 676,1764,40,19
5. 730,1766,17,17
<EOS>
Mit 777,1764,33,19
dem 823,1764,44,20
Messverfahren 881,1764,162,19
ermittelte 1057,1764,108,20
Hauptspannungen 1177,1763,196,24
(Bild 1388,1763,50,23
Sa, 1451,1764,32,22
oben) 1496,1762,61,24
und 1571,1762,39,20
Trajektarien 1621,1763,133,23
(Bild 1770,1763,50,23
5b, 1835,1763,30,23
unten) 676,1796,67,24
für 759,1795,31,19
eine 803,1795,45,19
Schale 864,1795,74,19
(Scheibenkräfte) 953,1795,185,24
<EOS>
<EOP>
3 1161,1905,15,15
\ 1219,1902,12,25
— 1234,1911,25,4
•V9-.J 1262,1902,86,21
<EOS>
*», 1367,1903,38,22
<EOS>
<EOP>
Zug 1704,1876,41,25
(t/m) 1798,1874,52,28
<EOS>
<EOP>
— 1516,1925,22,3
— 1561,1925,24,3
— 1607,1925,23,3
Druck 1706,1915,64,20
(t/m) 1800,1912,53,28
<EOS>
<EOP>
#^ 996,1998,34,14
.t 1048,1998,17,14
<EOS>
<EOP>
i 1599,2063,11,15
> 1625,2061,11,14
mm 1372,2118,200,69
i<$m 1601,2117,205,69
itriU* 791,2177,102,30
NV>V 919,2179,77,27
<EOS>
<EOP>
-t 1245,2155,47,29
<EOS>
<EOP>
10 1462,2217,14,12
f 1480,2217,13,20
\ 1519,2217,14,20
#W 1567,2217,85,19
\ 1676,2217,6,17
<EOS>
<EOP>
1 1485,2272,3,13
Rr 1508,2272,24,27
A/ 1549,2272,57,26
/ 1627,2281,13,17
v 1661,2279,21,19
tri 1547,2296,85,15
r 1542,2314,7,11
; 1580,2316,6,10
r 1535,2327,8,15
i 1576,2331,6,13
f 1470,2382,6,19
; 1518,2382,9,23
<EOS>
<EOP>
i 1376,2468,5,14
i 1429,2471,5,15
<EOS>
<EOP>
"IP 1263,2531,127,50
\1 1223,2597,31,31
i 1304,2598,23,29
<EOS>
<EOP>
9961 66,2721,42,16
JsqiusAOKl 122,2721,100,17
'SZ 233,2720,28,17
* 273,2725,6,6
Lv 294,2722,18,14
K8H 327,2721,39,16
Öueßjqep 381,2716,93,22
£8 491,2721,20,15
• 524,2725,6,6
6uni|8znsg 544,2716,110,22
'zmMips 665,2721,86,16
873 1825,2714,44,21
<EOS>
<EOP>
