1970,2898
merfeld, 95,110,102,27
R. 231,111,30,22
<EOS>
Weilenmann; 270,110,169,26
Bau-Ing.: 472,110,120,26
<EOS>
E. 624,110,27,22
<EOS>
Amstutz, 660,110,114,26
H. 808,110,30,22
<EOS>
Bachofen, 848,109,124,26
H. 96,146,30,21
<EOS>
Barbe, 135,145,82,26
Dr. 230,145,43,21
<EOS>
W. 287,145,35,21
<EOS>
Eggenberger, 332,145,162,26
Prof. 509,144,62,22
<EOS>
H. 584,144,32,22
<EOS>
Hauri, 624,143,81,27
E. 719,145,26,21
<EOS>
Honegger, 755,144,129,26
W. 898,144,36,22
<EOS>
Je- 938,144,35,22
gher, 95,179,62,26
R. 184,179,29,22
<EOS>
Joosting, 223,178,111,27
Dr. 361,179,42,22
<EOS>
C. 430,179,27,21
<EOS>
Kollbrunner, 467,178,163,26
A. 656,178,30,22
<EOS>
Kropf, 695,178,84,26
E. 806,178,25,22
<EOS>
Schubiger, 842,177,130,27
W. 95,213,35,22
<EOS>
Schüepp, 141,213,112,26
H. 263,213,32,22
<EOS>
Stüssi, 305,212,78,27
Prof. 393,212,61,22
<EOS>
Dr. 465,213,41,20
<EOS>
B. 518,213,24,20
<EOS>
Thürlimann, 553,212,157,26
R. 721,213,27,20
<EOS>
Tschudi, 759,211,105,27
H.Wer¬ 875,212,98,21
<EOS>
ner; 95,252,51,21
El.-Ing.: 160,246,106,27
<EOS>
W. 282,246,35,22
<EOS>
Bänninger, 326,246,136,27
E. 478,246,26,22
<EOS>
Brauchli, 512,246,114,26
E. 641,246,27,22
<EOS>
Hüssy, 677,246,84,26
E. 777,246,26,22
<EOS>
Vogelsanger, 813,246,159,26
Prof. 95,280,62,22
<EOS>
H.Weber, 171,280,130,26
<EOS>
H. 315,280,30,22
<EOS>
Wüger; 355,280,95,26
Masch.-Ing.: 465,279,160,27
<EOS>
U.Binder, 640,279,130,27
<EOS>
Dr. 784,280,42,21
<EOS>
H. 842,280,29,21
<EOS>
Brown, 882,280,90,25
Dr. 95,315,41,21
<EOS>
W. 157,315,33,20
<EOS>
Dubs, 202,314,73,26
K. 294,315,29,20
<EOS>
Freudiger, 335,313,128,27
R. 482,314,29,21
<EOS>
Henzi, 520,313,80,27
Prof. 619,313,61,22
<EOS>
Dr. 699,314,43,21
<EOS>
E. 759,314,27,21
<EOS>
Honegger, 795,313,130,27
A. 943,313,29,22
<EOS>
Pfenninger, 95,348,142,26
H. 247,349,32,21
<EOS>
Spoerry, 288,348,105,26
E. 403,348,26,22
<EOS>
Walder; 439,348,101,26
Kult.-Ing.: 551,347,135,26
<EOS>
R. 697,348,29,21
<EOS>
Sennhauser, 736,347,150,26
Forst- 897,347,76,21
Ing.: 95,383,60,26
<EOS>
Prof. 174,382,61,22
<EOS>
Dr. 255,382,42,22
<EOS>
A. 317,383,29,21
<EOS>
Kurth. 356,382,84,22
<EOS>
In 460,382,26,21
der 505,381,40,22
Standeskommission 564,381,239,23
werden 821,381,90,22
Dr. 930,381,42,21
<EOS>
M. 96,417,34,22
<EOS>
Hottinger 139,415,124,28
als 276,416,34,22
Obmann 326,416,109,22
und 448,416,49,22
Arch. 511,415,70,23
<EOS>
H. 596,416,31,21
<EOS>
von 643,422,47,15
Meyenburg 704,415,144,26
in 862,415,24,22
ihrem 900,414,74,22
Amt 94,450,57,22
bestätigt. 160,450,113,26
<EOS>
<EOP>
Präsident 152,483,117,22
H. 280,483,30,22
<EOS>
Pfister 321,483,78,22
dankt 409,483,72,22
für 490,483,37,22
das 538,483,41,22
ihm 589,483,49,22
durch 648,483,72,22
die 730,482,36,23
Wahl 776,483,66,22
erwiesene 853,483,119,21
Vertrauen. 94,518,133,22
<EOS>
Im 237,518,36,21
Namen 283,517,91,22
der 384,516,41,22
Versammlung 434,517,174,26
dankt 618,516,73,22
er 699,522,26,16
auch 734,516,59,22
Ing. 803,516,49,27
<EOS>
E. 863,516,26,22
<EOS>
Meier 899,516,74,22
und 94,552,48,22
seinen 156,552,75,21
Vorstandskollegen 244,551,231,26
für 488,550,37,22
die 537,550,36,23
seit 586,550,41,22
Jahreh 638,550,84,22
für 734,549,38,23
den 783,550,46,22
Z.I.A. 840,550,83,22
<EOS>
ge¬ 936,556,36,21
leistete 94,585,85,23
Arbeit. 190,585,86,22
<EOS>
<EOP>
(Versehentlich 154,619,176,26
wurde 346,618,79,23
die 442,618,36,23
Wahl 494,618,68,22
der 579,618,40,22
Rechnungsrevisoren 636,618,239,26
in 892,617,24,22
der 932,617,41,22
Hauptversammlung 96,653,247,27
nicht 353,652,64,23
durchgeführt, 426,652,169,26
sondern 607,652,100,22
gemäss 717,653,88,25
Traktanden¬ 816,651,157,23
liste 95,687,50,23
am 157,693,39,17
3. 209,687,20,23
<EOS>
Vereinsabend 243,687,169,22
am 425,693,39,15
10. 478,687,34,21
<EOS>
Nov. 522,687,61,21
<EOS>
1965. 599,686,62,22
<EOS>
In 676,686,27,22
offener 716,686,86,21
Wahl 816,685,67,22
wurde 896,685,77,23
Arch. 94,721,70,22
<EOS>
Hans 177,721,66,22
Michel 257,721,85,22
als 354,721,33,22
Rechnungsrevisor 400,720,224,26
wiedergewählt 636,719,178,27
und 826,719,49,22
als 887,720,33,22
Er¬ 932,720,41,21
satz 95,758,48,19
für 159,754,37,22
den 213,755,45,21
zurückgetretenen 275,754,213,26
Prof. 505,754,62,22
<EOS>
Dr. 585,754,42,22
<EOS>
Karl 646,754,58,22
Sachs 721,754,70,22
wurde 808,754,78,22
Arch. 902,753,69,22
<EOS>
Henri 96,788,71,22
Masson 178,789,97,21
als 285,788,35,23
Ersatz-Rechnungsrevisor 328,787,313,27
neu 651,794,45,15
gewählt.) 705,787,115,27
<EOS>
<EOP>
Arch. 154,822,70,23
<EOS>
Hans 239,822,66,22
Marti 321,821,71,23
erteilt 407,822,72,21
nun 494,828,49,15
das 558,821,41,22
Wort 615,822,66,21
an 695,827,31,15
Prof. 741,820,61,23
<EOS>
Dr. 818,821,42,21
<EOS>
Richard 878,820,98,23
Zürche%<§ür 97,855,145,30
den 253,856,45,22
Vortrag 308,856,98,26
über 417,855,57,22
«Impressionismus». 486,854,250,28
<EOS>
Der 748,856,48,21
Referent 807,854,108,23
ver¬ 925,861,49,15
steht 96,890,60,23
es, 163,897,31,20
anhand 203,890,93,22
zahlreicher 306,890,135,21
Lichtbilder 450,890,138,21
die 597,888,36,23
Zusammenhänge 642,889,211,25
zwischen 864,889,110,21
Malerei 97,924,94,22
und 202,924,49,22
Architektur 262,924,145,21
zu 417,930,29,15
zeigen. 456,923,85,27
<EOS>
Mit 553,924,45,21
Aufnahmen 610,922,148,23
aus 768,929,41,16
den 820,923,45,22
Werken 875,922,99,23
von 96,964,46,16
Monet, 152,959,88,24
Cezanne, 252,958,112,25
Picasso 375,958,91,22
u. 475,964,23,16
<EOS>
a. 507,964,21,16
<EOS>
weist 538,957,63,22
er 610,964,24,15
darauf 643,957,83,22
hin, 733,956,48,27
dass 791,957,52,22
die 853,957,36,21
Bilder 898,956,76,23
der 96,992,39,21
Impressionisten 150,991,196,28
einen 360,991,66,22
Schlüssel 442,991,110,22
für 566,990,39,23
das 619,991,41,22
Verstehen 674,991,124,22
der 814,991,39,21
heutigen 867,990,107,27
Welt 96,1025,60,22
darstellen 168,1025,122,22
können. 302,1025,100,22
<EOS>
- 418,1038,15,3
Ing. 446,1025,48,27
<EOS>
E. 510,1025,26,21
<EOS>
Meier 546,1024,73,22
dankt 633,1024,72,22
dem 720,1024,52,22
Referenten 786,1024,137,22
für 937,1024,37,22
den 96,1060,45,21
interessanten 156,1059,163,22
und 335,1060,46,20
schönen 400,1059,99,21
Vortrag, 516,1059,105,26
worauf 638,1058,90,22
Arch. 742,1058,70,22
<EOS>
W. 829,1058,35,22
<EOS>
Stücheli 875,1057,99,23
Frau 96,1094,61,21
Prof. 166,1093,62,22
<EOS>
Zürcher 239,1093,100,22
und 348,1093,48,22
Frau 407,1093,61,22
Meier 478,1092,73,22
mit 561,1092,43,22
Blumensträussen 614,1093,209,21
überrascht. 833,1091,140,23
<EOS>
Schluss 96,1127,91,22
der 197,1127,40,22
Versammlung 246,1127,176,25
22.30 431,1127,66,22
<EOS>
h. 505,1126,24,22
<EOS>
E. 866,1127,24,20
<EOS>
Biefer 900,1125,75,28
Ankündigungen 101,1207,311,35
Preisausschreiben 95,1273,215,22
der 323,1274,38,21
Denzler-Stiftung 373,1273,202,26
des 588,1273,38,22
SEV 638,1273,59,22
<EOS>
<EOP>
Die 154,1307,42,21
Kommission 213,1306,159,23
des 387,1306,40,23
SEV 442,1306,56,23
(Schweiz. 513,1306,116,27
<EOS>
Elektrotechn. 644,1306,168,22
<EOS>
Verein) 829,1306,90,27
für 935,1306,38,22
die 95,1341,37,22
Denzler-Stiftung 146,1340,208,27
schreibt 369,1341,97,21
folgende 481,1341,105,26
zwei 600,1340,56,22
Preisaufgaben 671,1339,176,28
aus: 862,1347,50,14
Or¬ 930,1339,42,22
tung 95,1378,57,23
von 163,1381,47,16
Fehlern 223,1374,96,23
in 331,1374,25,23
Energie-Verteilnetzen, 367,1374,275,27
Probleme 656,1374,120,22
der 787,1374,41,22
drahtlosen 840,1374,133,22
Energie-Übertragung. 95,1404,272,31
<EOS>
Die 378,1409,44,21
Arbeiten 433,1408,109,22
müssen 551,1409,92,22
bis 652,1408,35,22
am 698,1414,39,16
31. 746,1408,35,22
<EOS>
Dez. 790,1408,57,22
<EOS>
1966 860,1408,56,22
ein¬ 925,1407,47,23
gereicht 95,1442,98,27
werden, 202,1443,97,26
teilnahmeberechtigt 309,1442,246,27
sind 565,1442,51,23
nur 625,1448,45,16
Schweizerbürger, 679,1442,212,26
Preis¬ 903,1443,68,20
summe 96,1483,87,15
insgesamt 194,1476,123,27
15 329,1477,25,22
000 363,1477,43,21
Fr. 417,1477,38,22
<EOS>
Alles 467,1477,61,22
Nähere 539,1476,93,22
enthält 642,1477,86,20
das 740,1477,40,20
Programm, 791,1476,140,26
zu 943,1482,29,16
beziehen 95,1510,107,22
beim 208,1510,61,22
SEV, 276,1510,61,27
8008 345,1510,56,22
ZüJif 408,1497,97,44
Seefeldstrasse 505,1510,170,22
301, 682,1510,49,25
Tel. 739,1510,45,21
<EOS>
051 792,1510,39,21
/ 844,1510,9,26
34 863,1510,27,22
12 901,1510,26,21
12. 938,1510,32,22
<EOS>
John 95,1567,60,22
Morris 163,1566,86,22
Memorial 258,1566,120,22
Award 389,1567,80,21
1966 480,1567,57,21
<EOS>
<EOP>
Dieser 152,1600,82,23
Preis 240,1600,62,23
wird 309,1600,57,23
ausgerichtet 373,1600,151,27
für 530,1600,39,23
schriftliche 576,1599,137,24
Arbeiten 721,1600,108,21
über 839,1600,54,21
inner¬ 902,1601,70,21
betriebliches 95,1634,152,23
Transportwesen. 256,1635,194,26
<EOS>
Er 458,1635,31,21
besteht 494,1634,89,22
aus 588,1640,42,17
drei 636,1633,47,24
Geldsummen 690,1633,166,23
(250,100 863,1634,111,26
und 95,1669,49,22
50 152,1670,28,20
£) 189,1669,23,25
und 221,1669,47,22
dem 277,1668,53,23
Angebot 337,1668,108,27
eines 453,1668,60,22
Ausbildungsbeitrages. 522,1669,272,25
<EOS>
Die 804,1668,45,22
einzelnen 858,1668,116,22
Themen 96,1703,101,22
lauten: 207,1702,87,23
1. 97,1744,20,22
<EOS>
The 133,1743,48,23
part 191,1746,53,24
played 253,1743,82,28
by 346,1743,32,27
the 389,1743,39,22
industrial 439,1744,117,21
truck 568,1743,66,22
in 645,1742,25,23
materials 682,1743,111,21
management. 807,1747,164,23
<EOS>
2. 96,1786,20,21
<EOS>
The 133,1785,48,22
industrial 187,1784,119,24
truck 313,1785,66,22
as 386,1792,25,15
an 418,1792,31,15
aid 456,1784,38,23
to 500,1786,27,21
the 533,1786,38,20
distribution 578,1784,147,23
of 732,1785,27,21
consumer 765,1792,120,14
goods. 892,1785,80,26
<EOS>
3. 97,1827,20,21
<EOS>
Presenting 132,1825,131,28
a 275,1832,14,15
materials 301,1825,114,23
handling 426,1825,111,27
project 548,1825,87,28
to 649,1829,22,18
Management 687,1827,162,25
and 857,1825,46,23
justi- 908,1825,66,28
<EOS>
<EOP>
fying 133,1860,62,26
the 205,1860,39,22
investment 254,1860,134,21
in 398,1859,24,22
industrial 433,1860,116,21
trucks. 561,1860,82,21
<EOS>
4. 95,1902,22,22
<EOS>
Any 134,1903,51,24
subject 202,1901,87,27
based 305,1901,71,22
on 392,1907,31,16
better 439,1901,73,22
materials 527,1900,116,23
handling 657,1900,111,27
with 784,1901,53,21
industrial 855,1900,118,23
<EOS>
<EOP>
trucks. 132,1935,85,22
<EOS>
Wer 154,1969,53,22
mitmachen 221,1969,140,22
will, 375,1969,53,26
wird 443,1968,55,23
gebeten, 515,1969,101,26
Unterlagen 633,1969,140,26
und 787,1969,49,22
Anmelde¬ 851,1969,123,22
formular 96,2002,111,23
zu 223,2009,29,16
verlangen 268,2002,121,27
beim 405,2002,62,22
Veranstalter, 483,2002,159,27
British 660,2002,83,22
Industrial 760,2002,120,22
Truck 897,2002,77,22
Association, 96,2036,153,27
Glen 268,2036,61,23
House, 347,2036,86,26
Stag 453,2036,55,26
Place, 525,2035,73,27
London 617,2036,99,22
S. 734,2036,23,22
<EOS>
W. 766,2036,37,22
<EOS>
1, 823,2036,19,26
England. 861,2035,112,27
<EOS>
Ablieferungstermin 95,2069,242,28
der 357,2070,41,22
Arbeit 419,2070,78,21
(mindestens 518,2068,148,28
4000 685,2070,59,22
Wörter) 765,2070,99,26
ist 886,2070,28,22
der 934,2070,41,23
31. 96,2105,34,21
<EOS>
März 141,2105,67,22
1966. 219,2105,62,21
<EOS>
VLP, 96,2162,67,24
Schweizerische 174,2160,181,23
Vereinigung 365,2160,147,26
für 520,2160,37,21
Landesplanung 567,2160,182,26
<EOS>
<EOP>
Die 153,2195,44,21
VLP 207,2195,58,21
führt 274,2194,64,23
am 347,2200,38,17
27./28. 395,2194,82,26
<EOS>
Oktober 489,2194,104,22
1966 605,2194,55,21
iml§irsaal 670,2181,141,38
in 821,2194,23,21
Bern 854,2194,60,22
eine 923,2193,51,24
grosse 95,2234,77,21
Veranstaltung 184,2228,175,27
durch, 371,2228,79,27
an 462,2234,31,16
der 505,2228,40,22
massgebende 556,2228,163,26
Referenten 732,2228,135,21
wesent¬ 879,2230,94,20
liche 95,2261,58,23
Strukturprobleme 161,2261,223,28
der 392,2261,41,23
Gegenwart 441,2262,136,26
und 584,2261,49,22
die 641,2261,36,22
Möglichkeiten 687,2260,178,28
zu 876,2267,30,16
ihrer 914,2261,60,23
Bewältigung 95,2295,154,28
darlegen 261,2296,106,26
werden. 378,2295,97,23
<EOS>
Die 488,2294,45,23
VLP 544,2295,58,22
freut 613,2294,61,23
sich, 685,2294,54,28
wenn 752,2301,67,15
die 831,2295,35,22
Interes¬ 879,2296,94,22
senten 95,2333,79,19
für 184,2329,38,23
die 231,2329,37,23
Teilnahme 279,2329,132,23
an 421,2335,30,16
dieser 462,2329,73,23
Tagung 544,2329,96,26
bereits 651,2328,81,23
jetzt 740,2328,56,27
das 806,2329,42,22
erwähnte 858,2329,115,22
Datum 95,2364,89,22
reservieren. 194,2363,141,23
<EOS>
Das 347,2364,50,22
Tagungsprogramm 408,2364,238,26
wird 658,2363,55,22
in 726,2364,20,19
der 759,2364,39,20
ersten 809,2366,73,19
Hälfte 895,2362,78,23
des 96,2398,39,22
kommenden 145,2397,154,23
Jahres 309,2397,78,23
bekanntgegeben. 397,2397,208,26
<EOS>
Bitumen-Fachtagung 95,2458,253,26
in 356,2458,24,22
Zürich 389,2457,83,23
<EOS>
<EOP>
Die 153,2492,45,22
BP 207,2493,36,20
Benzin 253,2492,83,23
& 345,2492,22,23
Petroleum 376,2492,128,22
AG 511,2491,47,23
Zürich 566,2490,83,24
veranstaltet 657,2491,145,22
diese 809,2490,61,23
Tagung 878,2491,95,27
im 97,2526,31,22
Kasino 141,2526,88,22
Zürichhorn, 242,2526,150,27
Zürich-Tiefenbrunnen, 406,2525,283,26
am 703,2531,38,16
Dienstag, 754,2525,117,26
7. 885,2525,20,22
<EOS>
Dez. 914,2525,57,22
<EOS>
1965. 98,2559,62,23
<EOS>
9.30 180,2559,52,23
<EOS>
h 251,2559,17,23
Besammlung 285,2559,162,28
im 466,2559,32,22
Foyer 521,2560,70,25
1. 612,2559,19,22
<EOS>
Stock, 641,2559,77,26
Begrüssung 738,2559,143,27
durch 901,2559,72,22
E. 96,2594,25,22
<EOS>
Thommen, 132,2593,125,27
Leiter 272,2593,74,23
der 361,2593,39,23
Bitumenabteilung 415,2592,222,28
der 651,2593,40,22
BP. 706,2593,42,22
<EOS>
10.00 767,2592,64,23
<EOS>
h 844,2592,17,23
Vortrag 875,2592,99,28
von 95,2633,46,17
M. 151,2628,35,22
<EOS>
Blumer, 196,2627,95,27
dipl. 301,2627,55,28
<EOS>
Ing. 365,2628,48,27
<EOS>
ETH, 423,2628,70,26
Thun: 502,2627,78,23
«Bituminöse 592,2626,159,24
Beläge 760,2626,82,27
auf 850,2626,42,23
Auto¬ 899,2626,74,23
bahnen». 96,2661,114,23
<EOS>
Anschliessend 227,2662,174,22
Diskussion. 417,2661,146,23
<EOS>
11.30 583,2661,63,23
<EOS>
h 661,2660,16,23
Aperitif, 693,2660,105,28
Mittagessen. 816,2660,155,27
<EOS>
<EOP>
13.30 1022,110,64,22
<EOS>
h 1101,109,17,22
Demonstration 1135,110,187,21
(im 1340,110,39,25
Freien) 1396,108,90,27
eines 1502,108,61,23
Randstreifenfertigers 1579,108,263,27
mit 1858,108,43,22
bituminösem 1019,143,163,23
Mischgut. 1195,145,121,24
<EOS>
14.15 1332,144,61,20
<EOS>
h 1404,143,18,22
Vortrag 1431,143,99,26
von 1539,149,48,16
Dr.-Ing. 1597,143,102,27
<EOS>
D. 1711,144,27,19
<EOS>
Rose, 1749,143,66,26
Ham¬ 1827,143,73,21
burg: 1019,178,68,26
«Asphalt 1103,178,114,26
im 1229,177,33,22
ländlichen 1274,177,129,22
Wegebau». 1416,177,140,26
<EOS>
Anschliessend 1571,177,176,22
Diskussion 1760,176,140,23
und 1019,212,47,22
Fragestellung. 1078,211,174,27
<EOS>
<EOP>
Anmeldung 1077,246,147,26
erwünscht 1234,245,129,23
bis 1373,245,35,22
30. 1419,245,36,22
<EOS>
November 1465,245,132,22
an 1607,251,30,15
BP, 1649,246,43,25
Bitumen-Abtei¬ 1703,244,197,23
lung, 1019,279,61,27
8023 1092,279,55,22
Zürich, 1159,279,90,27
Postfach, 1260,279,114,26
Tel. 1385,279,47,22
<EOS>
(051) 1444,279,61,26
25 1518,279,26,21
77 1555,279,27,21
10. 1593,279,34,22
<EOS>
Textile 1019,337,86,20
Gestaltung 1116,336,132,26
an 1257,342,29,14
der 1296,336,39,21
Kunstgewerbeschule 1345,335,244,27
Zürich 1599,335,82,22
<EOS>
<EOP>
Hierüber 1077,369,113,23
veranstaltet 1210,369,146,23
das 1377,369,40,22
Kunstgewerbemuseum 1439,369,285,26
Zürich 1744,368,84,23
eine 1848,368,51,23
iJKistellung, 1009,398,163,32
die 1191,403,38,23
vom 1245,410,56,15
27. 1319,403,37,22
<EOS>
Nov. 1364,404,63,21
<EOS>
1965 1448,404,55,21
bis 1521,403,36,22
am 1575,409,40,16
9. 1632,403,22,22
<EOS>
Jan. 1663,404,51,21
<EOS>
1966 1734,403,58,22
dauert. 1808,403,89,22
<EOS>
Öffnungszeiten: 1019,433,196,31
10 1229,438,27,22
bis 1266,437,34,23
12 1313,438,27,21
und 1350,437,49,23
14 1411,438,27,21
bis 1448,437,35,22
18 1495,437,26,22
h, 1532,437,23,26
Samstag 1567,437,105,26
und 1682,438,47,20
Sonntag 1742,437,103,26
nur 1854,443,44,16
bis 1018,472,34,22
17 1068,472,26,22
h, 1107,472,23,26
Dienstag 1146,472,110,25
und 1269,472,48,22
Donnerstag 1330,472,147,25
auch 1490,471,60,22
20 1563,471,30,22
bis 1604,470,36,23
22 1653,471,29,22
h, 1695,471,23,26
Montag 1733,472,100,25
vor¬ 1846,478,51,15
mittag 1018,505,80,27
geschlossen, 1108,505,150,27
ebenso 1268,505,86,22
am 1364,511,37,16
25. 1412,505,36,22
<EOS>
und 1461,505,45,22
26. 1517,505,36,22
<EOS>
Dez., 1561,505,66,26
<EOS>
1. 1640,505,19,22
<EOS>
und 1670,505,49,22
2. 1728,505,22,22
<EOS>
Jan. 1759,505,50,22
<EOS>
Kunstmuseum 1018,563,169,21
St. 1197,561,36,23
<EOS>
Gallen 1242,561,80,22
<EOS>
<EOP>
Das 1075,596,50,22
Kunstmuseum 1135,596,182,22
zeigt 1327,595,58,26
vom 1394,601,55,16
27. 1458,595,36,22
<EOS>
Nov. 1504,596,61,21
<EOS>
1965 1578,595,55,22
bis 1643,594,36,23
2. 1688,595,22,22
<EOS>
Jan. 1719,595,51,22
<EOS>
1966 1782,595,56,22
eine 1847,594,51,23
Ausstellung 1018,629,147,27
«Junge 1184,630,87,26
Ostschweizer 1289,629,162,23
Künstler». 1469,629,133,22
<EOS>
Sie 1621,628,37,23
zeigt 1675,628,59,27
Werke 1751,628,83,23
von 1850,635,48,16
Ueli 1019,664,51,22
Bänziger, 1086,663,116,27
Anton 1218,664,82,22
Bernhardsgrütter, 1315,663,222,26
Hans 1553,663,66,22
Ruedi 1634,662,76,23
Bürki, 1725,662,78,27
David 1819,662,78,23
Bürkler, 1019,699,100,24
Pia 1130,699,38,20
Burri-Jacobsen, 1177,697,195,27
Silvia 1383,697,67,23
Defraoui-Rehsteiner, 1459,696,263,27
Walter 1731,697,87,22
Fröh¬ 1825,696,73,23
lich, 1018,732,51,26
Jules 1083,732,61,22
Käser, 1157,732,80,26
Sibylle 1251,731,83,27
Neff, 1345,731,62,27
Klaus 1421,731,73,22
Spahni, 1508,731,93,26
Fredi 1612,731,67,22
Thalmann, 1692,731,135,26
Kurt 1836,731,62,22
Wolff. 1019,765,77,22
<EOS>
Öffnungszeiten: 1108,760,198,32
täglich 1317,765,85,27
10-12 1410,765,75,22
und 1495,765,49,22
14-17 1557,765,70,22
h, 1638,765,24,26
Montag 1675,765,100,26
geschlos¬ 1786,765,111,26
sen, 1019,805,47,21
ebenso 1077,799,85,22
25.-26. 1173,799,88,22
<EOS>
Dezember 1273,798,127,23
und 1411,799,49,22
1. 1472,799,20,22
<EOS>
Januar. 1500,799,93,22
<EOS>
V.S.A. 1019,857,93,20
<EOS>
Verband 1129,857,102,20
Schweizerischer 1241,855,194,22
Abwasserfachleute 1445,855,225,21
<EOS>
<EOP>
Die 1077,889,45,23
88. 1134,890,34,21
<EOS>
Mitgliederversammlung 1183,889,296,27
beginnt 1490,889,93,26
am 1594,895,39,16
Donnerstag, 1643,889,155,26
9. 1810,889,21,22
<EOS>
Dez. 1841,889,56,21
<EOS>
1965, 1022,925,61,24
10.30 1101,924,64,22
<EOS>
h 1178,924,17,22
in 1208,923,25,23
der 1246,924,40,22
Aula 1300,924,61,21
des 1375,923,40,22
Hauptgebäudes 1428,923,196,27
der 1638,923,41,22
ETH 1692,923,63,22
in 1769,922,24,23
Zürich. 1807,922,91,23
<EOS>
Im 1019,958,36,22
unmittelbar 1063,957,149,23
anschliessenden 1221,957,196,22
öffentlichen 1427,956,147,23
Teil 1583,956,49,23
(Gäste 1642,956,83,27
willkommen) 1734,956,165,27
sprechen: 1019,991,120,28
Prof. 1159,991,61,22
<EOS>
Arnold 1240,991,87,22
Hörler, 1343,991,89,26
Abteilungschef 1452,990,190,27
EAWAG, 1658,991,125,26
Zürich: 1803,990,95,23
«Grundlagen 1020,1025,168,27
der 1207,1025,39,22
Abwassertechnik»; 1264,1024,240,27
R. 1522,1025,28,21
<EOS>
Walter, 1564,1024,88,27
dipl. 1671,1024,55,27
<EOS>
Ing., 1736,1024,56,27
<EOS>
Brugg: 1811,1024,86,27
«Die 1020,1059,63,22
Behandlung 1091,1059,149,26
des 1247,1058,40,23
Strassenabwassers 1295,1059,226,21
in 1528,1058,24,22
der 1560,1057,39,23
Kanalisationstechnik»; 1606,1057,292,28
Hans 1019,1094,65,21
Haag, 1097,1094,74,25
Ingenieurbüro, 1186,1092,186,27
Herrliberg: 1388,1092,140,26
«Trenn- 1544,1092,100,22
oder 1659,1092,56,22
Mischsystem, 1730,1092,167,26
ein 1019,1127,37,22
Diskussionsbeitrag». 1067,1126,260,27
<EOS>
- 1341,1140,15,1
Diskussion. 1367,1126,145,23
<EOS>
<EOP>
Nach 1077,1168,68,22
der 1161,1168,40,22
Mittagspause 1219,1168,166,26
sprechen 1402,1168,109,27
von 1527,1173,47,17
14.15 1593,1168,63,22
<EOS>
h 1673,1167,17,22
an: 1706,1173,42,17
W. 1768,1168,33,22
<EOS>
Spring, 1810,1168,88,26
dipl. 1019,1201,55,28
<EOS>
Ing. 1083,1202,48,27
<EOS>
ETH, 1151,1201,71,28
Thun: 1241,1201,78,23
«Kanalisationstechnische 1340,1201,320,23
Vergleichsstudien 1678,1201,221,27
im 1019,1235,32,22
Rahmen 1062,1236,106,22
des 1179,1236,40,22
generellen 1231,1235,125,27
Kanalisationsprojektes»; 1368,1234,313,28
H.Loosli, 1693,1234,123,28
<EOS>
Burg¬ 1828,1235,71,27
dorf, 1018,1270,60,26
und 1087,1270,48,22
M. 1146,1271,34,20
<EOS>
Steiner, 1191,1271,93,25
dipl. 1295,1269,55,28
<EOS>
Ing., 1359,1269,57,27
<EOS>
Burgdorf: 1426,1268,125,27
«Untersuchung 1562,1269,197,26
des 1769,1269,39,22
Sauer¬ 1818,1269,81,22
stoffhaushaltes 1018,1304,186,22
im 1212,1303,33,23
Vorfluter». 1254,1303,138,23
<EOS>
- 1402,1316,16,3
Diskussion. 1426,1302,146,24
<EOS>
W. 1587,1303,31,22
<EOS>
Hager, 1628,1304,84,25
Ing., 1722,1303,57,26
<EOS>
Uznach: 1790,1302,107,23
«Kleinkläranlagen»; 1019,1337,260,27
G. 1297,1338,26,22
<EOS>
Walter, 1338,1338,87,25
dipl. 1443,1337,53,26
<EOS>
Ing., 1506,1338,57,25
<EOS>
Biel, 1579,1336,56,27
und 1651,1337,48,22
E. 1715,1338,26,21
<EOS>
Hornberger, 1750,1337,147,26
Ing., 1018,1372,56,26
<EOS>
Uzwil: 1088,1372,84,22
«Belebtschlammanlage, 1188,1371,295,27
Tropfkörperanlage 1497,1370,238,28
und 1748,1371,49,22
Tauch¬ 1809,1370,89,23
scheibentropfkörper 1017,1405,255,28
für 1284,1405,38,22
200 1334,1405,43,22
bis 1389,1405,34,22
350 1438,1405,42,22
Einwohner»; 1493,1405,163,26
E. 1669,1405,27,22
<EOS>
Hunziker, 1705,1405,122,26
Ing., 1840,1405,57,26
<EOS>
Schmerikon: 1019,1440,158,21
«Vergleiche 1198,1438,145,27
über 1359,1438,57,23
verschiedene 1433,1438,159,23
Typen 1609,1438,79,28
von 1705,1444,48,17
Kleinklär¬ 1769,1438,130,23
anlagen». 1018,1473,119,27
<EOS>
- 1148,1486,16,3
Diskussion. 1173,1472,147,23
<EOS>
Schluss 1332,1473,91,22
der 1434,1472,41,23
Tagung 1485,1473,96,26
etwa 1591,1475,58,20
17 1661,1473,27,21
h. 1698,1472,24,22
<EOS>
Vortragskalender 1018,1538,214,26
<EOS>
<EOP>
Samstag, 1076,1578,112,27
27. 1201,1578,35,22
<EOS>
Nov. 1245,1579,62,21
<EOS>
ETH, 1319,1578,70,26
Zürich. 1402,1577,90,23
<EOS>
11.10 1508,1578,63,22
<EOS>
h 1582,1577,17,23
im 1610,1577,33,23
Auditorium 1654,1577,149,23
III 1814,1578,33,21
des 1859,1577,39,22
Hauptgebäudes 1018,1612,196,27
Einführungsvorlesung 1226,1612,278,27
von 1516,1618,48,16
Prof. 1576,1611,62,23
<EOS>
Dr. 1652,1612,43,22
<EOS>
Albert 1708,1611,79,23
Hauser: 1799,1612,100,22
«Zur 1020,1647,65,22
Bedeutung 1093,1648,134,25
der 1235,1647,40,21
Hausväter-Literatur 1284,1646,253,23
für 1543,1646,39,22
die 1589,1645,37,23
schweizerische 1634,1645,182,23
Land- 1825,1646,73,21
und 1019,1681,48,22
Forstwirtschaft». 1077,1680,215,23
<EOS>
<EOP>
Montag, 1078,1722,106,26
29. 1203,1722,36,21
<EOS>
Nov. 1249,1722,61,21
<EOS>
Holzwirtschaftl. 1331,1720,199,24
<EOS>
Kolloquium 1550,1720,153,28
an 1721,1727,31,16
der 1770,1720,41,23
ETH. 1828,1720,71,23
<EOS>
16 1021,1756,26,21
h 1057,1755,16,23
im 1083,1755,32,22
Hörsaal 1125,1756,100,22
ML 1236,1756,48,21
VI, 1293,1755,39,27
Sonneggstrasse 1341,1756,190,25
3, 1538,1755,21,27
Zürich. 1568,1754,91,23
<EOS>
Dr.-Ing. 1665,1755,102,26
<EOS>
Fr. 1774,1755,36,22
<EOS>
Hafer¬ 1817,1753,82,28
land, 1019,1789,58,26
Hannover: 1094,1790,137,23
«Berechnung 1249,1789,167,26
und 1431,1789,49,23
Beurteilung 1495,1789,146,27
von 1655,1795,48,16
Wasserdampf- 1718,1787,182,28
Diffusionsvorgängen 1019,1823,259,27
bei 1299,1823,36,23
Aussenwänden 1356,1823,188,23
und 1564,1823,49,23
Dächern 1632,1822,110,23
von 1761,1828,47,16
Holz¬ 1828,1822,71,23
häusern». 1019,1858,121,22
<EOS>
<EOP>
Dienstag, 1077,1898,118,26
30. 1213,1899,36,21
<EOS>
Nov. 1258,1899,60,21
<EOS>
Linth-Limmatverband, 1339,1897,287,27
Zürich. 1643,1897,91,23
<EOS>
16.15 1754,1897,63,22
<EOS>
h 1834,1897,16,22
im 1867,1897,33,22
Vortragssaal 1019,1932,158,27
des 1192,1933,40,22
EWZ-Hauses 1245,1932,170,23
am 1429,1939,39,15
Beatenplatz 1483,1932,147,27
in 1644,1931,24,23
Zürich. 1683,1931,90,23
<EOS>
Obering. 1790,1930,108,28
<EOS>
H. 1019,1967,30,21
<EOS>
Bertschinger, 1059,1966,160,27
dipl. 1239,1966,55,26
<EOS>
Ing. 1303,1967,48,26
<EOS>
ETH, 1371,1967,70,26
Rheinbauleiter, 1461,1967,191,24
Rorschach: 1673,1966,141,21
«Die 1836,1964,64,23
Bodenseeregulierung 1020,2000,259,27
in 1289,2000,24,23
heutiger 1322,2000,103,27
Sicht». 1435,2000,85,23
<EOS>
<EOP>
Dienstag, 1077,2048,118,27
30. 1210,2049,35,22
<EOS>
Nov. 1254,2049,61,22
<EOS>
STV, 1331,2050,62,25
Sektion 1408,2048,95,24
Zürich. 1515,2048,91,24
<EOS>
20.00 1619,2049,68,22
<EOS>
h 1698,2048,17,23
im 1727,2047,32,24
Kongress¬ 1772,2048,127,26
haus, 1019,2083,65,26
Eingang 1094,2082,104,28
U. 1209,2084,29,21
<EOS>
Dr. 1250,2084,41,21
<EOS>
Alfred 1302,2083,81,27
Schifferli: 1390,2084,120,25
«Geheimnisse 1523,2082,176,23
des 1709,2083,40,22
Vogelzuges 1759,2082,140,26
<EOS>
<EOP>
- 1019,2130,13,2
Moderne 1046,2118,112,21
Forschungsarbeit 1170,2117,218,26
an 1399,2123,30,17
der 1440,2117,41,23
Vogelwarte 1492,2117,142,27
Sempach.» 1645,2116,136,27
<EOS>
<EOP>
Mittwoch, 1078,2165,128,27
1. 1233,2166,18,22
<EOS>
Dez. 1261,2166,57,22
<EOS>
Geographisch-Etnographische 1344,2165,380,28
Gesellschaft 1748,2164,150,23
Zürich. 1019,2199,90,23
<EOS>
20.15 1125,2200,65,22
<EOS>
h 1206,2199,16,23
im 1237,2199,32,23
Auditorium 1284,2199,148,24
II, 1447,2200,29,26
Hauptgebäude 1493,2200,184,27
ETH. 1692,2199,69,22
<EOS>
Prof. 1777,2197,61,24
<EOS>
Dr. 1854,2198,43,23
<EOS>
Hans 1018,2234,65,22
Bosch, 1094,2233,79,27
Universität 1187,2233,141,23
Zürich: 1339,2234,94,22
«Japan 1448,2234,89,27
- 1548,2245,16,5
Land 1575,2234,66,22
der 1653,2234,40,22
Kontraste». 1705,2233,148,22
<EOS>
<EOP>
Mittwoch, 1079,2282,127,26
8. 1223,2283,19,21
<EOS>
Dez. 1252,2283,57,22
<EOS>
S.I.A. 1325,2283,79,22
<EOS>
Basel. 1420,2283,73,22
<EOS>
20.15 1509,2283,64,22
<EOS>
h 1588,2282,17,23
in 1620,2282,23,23
der 1658,2282,41,23
Schlüsselzunft. 1713,2280,184,25
<EOS>
Dr. 1018,2316,42,22
<EOS>
Hans 1072,2316,65,22
P. 1147,2316,26,22
<EOS>
Künzi, 1183,2316,77,27
Professor 1273,2316,117,22
an 1400,2322,32,16
der 1442,2316,41,23
Universität 1494,2316,140,23
Zürich: 1643,2315,94,23
«Unterneh¬ 1751,2314,147,24
mensforschung 1019,2349,189,28
in 1220,2350,25,22
Industrie, 1258,2350,120,27
Verwaltung, 1393,2350,151,27
Verkehr 1560,2350,102,22
und 1674,2350,49,22
Militär; 1737,2349,99,27
An¬ 1851,2350,46,20
wendung 1019,2384,111,26
des 1142,2384,40,22
Computers 1193,2383,139,27
und 1342,2384,48,22
seine 1402,2384,61,23
Grenzen; 1475,2384,116,27
Entwicklungstendenzen 1603,2383,295,27
in 1019,2417,22,23
der 1052,2417,41,23
Schweiz». 1105,2417,122,23
<EOS>
<EOP>
Nachdrude 1020,2526,120,19
von 1154,2531,39,13
Bild 1207,2527,44,17
und 1265,2527,41,18
Text 1320,2526,49,19
nur 1382,2532,38,14
mit 1433,2526,36,20
Zustimmung 1482,2528,135,20
der 1632,2527,33,18
Redaktion 1681,2526,111,18
und 1805,2526,42,18
nur 1861,2530,37,14
mit 1021,2553,36,18
genauer 1068,2557,85,18
Quellenangabe 1165,2553,159,22
gestattet. 1338,2556,97,19
<EOS>
Der 1446,2554,42,19
S.I.A. 1501,2554,62,18
<EOS>
ist 1575,2554,26,18
für 1610,2554,33,18
den 1655,2554,40,18
Inhalt 1705,2553,65,18
des 1783,2554,34,17
redak¬ 1829,2553,69,17
tionellen 1022,2579,95,19
Teils 1133,2581,51,16
seiner 1202,2579,65,20
Vereinsorgane 1283,2580,157,23
nicht 1459,2580,55,19
verantwortlich. 1531,2580,164,20
<EOS>
Redaktion: 1022,2606,118,19
W. 1170,2606,34,20
<EOS>
Jegher, 1210,2606,77,22
A. 1311,2607,26,19
<EOS>
Ostertag, 1345,2607,97,22
G. 1466,2609,27,17
<EOS>
Risch; 1502,2609,65,17
Zürich-G 1593,2608,96,17
icsshübel. 1694,2608,101,18
<EOS>
Staffel¬ 1820,2607,78,17
strasse 1022,2637,69,14
12, 1108,2634,29,21
Telephon 1151,2632,102,23
(051) 1267,2635,53,22
23 1333,2634,24,19
45 1364,2634,25,19
07 1396,2634,26,19
und 1434,2635,42,18
23 1488,2635,24,18
45 1520,2635,24,18
08. 1552,2634,31,19
<EOS>
Briefpostadresse: 1024,2668,189,23
Sehweb. 1225,2667,95,20
<EOS>
Bauleitung, 1329,2669,125,23
Postfach, 1466,2669,98,22
8021 1576,2670,41,17
Zürich 1631,2669,66,17
<EOS>
<EOP>
876 97,2742,44,20
Schweiz. 1211,2746,87,17
<EOS>
Bauzeitung 1309,2746,110,21
• 1436,2753,5,5
63. 1456,2747,29,17
<EOS>
Jahrgang 1494,2746,94,21
Heft 1599,2747,39,16
47 1648,2747,21,16
• 1686,2753,5,5
25. 1707,2747,28,16
<EOS>
November 1745,2745,101,18
1965 1856,2747,42,15
<EOS>
<EOP>
