1974,2850
tu. 1448,595,50,31
<EOS>
<EOP>
<EOS>
<EOP>
-C;. 1606,848,27,21
<EOS>
<EOP>
:: 880,1041,14,21
», 892,1093,17,12
<EOS>
<EOP>
*» 1267,1117,53,23
<EOS>
<EOP>
<EOS>
<EOP>
:".. 1398,1208,35,11
<EOS>
¦<:¦% 1422,1244,23,11
<EOS>
<EOP>
wS 1049,1358,54,20
<EOS>
<EOP>
¦ 1141,1378,4,2
.': 1153,1378,9,7
<EOS>
".. 1044,1383,20,12
<EOS>
'« 1072,1387,18,10
--i 1151,1389,35,22
jHf 273,1455,64,28
<EOS>
<EOP>
Grundwasserabsenkung 479,1812,1032,74
<EOS>
<EOP>
mittels 912,1918,170,39
Vakuum-Rohrbrunnenanlage 383,1990,1229,76
<EOS>
<EOP>
(Weilpoint) 867,2097,262,48
<EOS>
<EOP>
AKTIENGESELLSCHAFT 853,2465,569,23
CONRAD 1450,2463,198,22
ZSCHOKKE 1677,2462,256,23
<EOS>
<EOP>
8045 963,2573,58,20
Zürich 1038,2570,80,23
Räffelstrasse 1300,2570,159,22
II 1476,2570,22,20
Telefon 1602,2566,96,24
35 1715,2568,29,22
52 1753,2568,29,22
35 1790,2568,29,22
1207 964,2610,58,21
Geneve, 1039,2609,110,24
42, 1167,2610,35,25
rue 1221,2616,40,15
du 1279,2608,32,22
31-Decembre 1329,2606,173,24
Telephone 1560,2604,138,29
35 1715,2606,28,21
12 1754,2606,27,21
20 1790,2605,29,22
<EOS>
<EOP>
Schweiz. 86,2717,86,16
<EOS>
Bauzeitung 184,2716,109,20
• 310,2722,4,4
83. 329,2716,27,15
<EOS>
Jahrgang 367,2715,92,21
Heft 471,2715,40,17
47 520,2716,20,16
¦ 557,2722,4,4
25. 577,2717,27,16
<EOS>
November 616,2716,99,17
1965 726,2717,42,15
29 1902,2703,28,22
<EOS>
<EOP>
