1970,2898
Tanker 49,103,91,22
der 150,103,40,22
Welt 200,102,59,23
gibt 268,102,49,28
eine 326,102,50,22
japanische 384,102,132,28
Reederei 527,104,109,22
in 645,103,25,22
Auftrag. 680,103,105,27
<EOS>
Das 796,104,49,21
Schiff 856,103,73,23
soll 49,137,43,22
bei 102,137,36,22
einer 149,137,62,22
Länge 221,137,76,26
von 308,143,47,15
318 366,137,41,21
m 419,144,23,14
und 453,137,47,23
einer 511,138,62,22
Breite 583,138,73,22
von 667,144,46,15
49 723,138,29,21
m 763,144,24,15
eine 797,137,50,22
Trag¬ 857,138,69,27
fähigkeit 48,170,110,27
von 167,178,46,15
191 224,171,38,21
000 273,171,44,21
tdw 324,171,47,21
erhalten. 378,171,109,22
<EOS>
Weitere 496,172,97,22
vier 601,172,48,22
Schiffe 656,171,84,22
von 748,178,46,15
je 800,172,23,25
165 834,172,40,21
000 883,172,43,22
tdw 50,204,47,22
sind 107,205,50,22
jetzt 164,204,56,27
im 230,204,32,22
Bau. 272,205,57,21
<EOS>
Nekrologe 51,282,204,35
t 108,351,12,27
Alfred 135,351,78,22
Ammann, 226,351,119,27
Arch. 359,351,70,22
<EOS>
S.I.A., 445,352,86,26
<EOS>
G.E.P., 548,353,96,25
<EOS>
von 661,358,46,15
Zürich, 721,351,90,27
geboren 827,351,99,27
am 48,390,39,17
29. 102,386,33,20
<EOS>
August 152,387,89,24
1889, 258,385,62,26
ETH 335,386,62,20
1908 415,386,53,20
bis 484,385,34,23
1913 535,387,53,21
mit 605,387,40,21
Unterbruch, 661,386,152,26
Inhaber 828,385,99,23
eines 48,418,61,23
Architekturbüros 118,418,218,24
in 345,419,25,22
Luzern, 378,419,96,26
ist 485,419,28,23
infolge 523,420,85,27
eines 617,420,61,22
Sturzes 688,420,89,22
beim 787,420,61,21
Gang 859,420,68,27
zur 48,459,40,16
Arbeit 99,454,78,20
am 188,459,39,16
15. 239,453,33,22
<EOS>
November 282,453,132,22
gestorben. 424,454,126,25
<EOS>
<EOP>
t 108,494,12,27
Karl 135,495,55,21
G. 204,494,30,22
<EOS>
Oehler, 249,494,92,27
Ing. 356,494,48,27
<EOS>
S.I.A., 420,494,86,27
<EOS>
a. 522,502,20,15
<EOS>
Direktor 557,495,110,22
der 681,495,40,21
von 734,501,47,15
Roll'schen 794,494,132,23
Eisenwerke 48,527,142,23
Choindez, 203,527,125,27
ist 344,528,26,21
in 384,528,23,21
Aarau 419,529,79,22
am 511,536,38,15
17. 564,530,33,21
<EOS>
November 610,529,133,22
in 755,528,24,22
seinem 792,528,84,23
74. 889,529,36,23
<EOS>
Lebensjahr 48,561,138,28
unerwartet 196,565,135,19
entschlafen. 340,562,147,22
<EOS>
Buchbesprechungen 50,642,407,36
Internationaler 108,710,179,20
Code 302,709,62,21
für 375,709,38,21
Abnahmeversuche 427,710,215,21
an 656,715,30,16
Wasserturbinen 700,710,187,21
in 903,710,21,22
Kraftwerken. 47,743,161,22
<EOS>
Übertragung 227,737,160,31
der 404,742,41,22
offiziellen 461,742,120,23
Ausgabe 598,743,108,26
in 722,743,25,22
die 763,743,36,22
deutsche 818,743,107,23
Sprache. 48,776,106,27
<EOS>
Von 165,777,53,21
der 229,776,40,22
Internationalen 279,776,185,22
Elektrotechnischen 475,776,229,23
Kommission 715,777,148,22
(an¬ 875,777,49,26
geschlossen 47,810,144,26
an 201,816,30,16
die 240,809,38,22
Internationale 287,809,177,22
Normen-Organisation). 473,810,293,27
<EOS>
Publikation 777,811,147,23
41, 48,844,34,26
zweite 97,844,77,22
Auflage. 185,843,105,27
<EOS>
96 306,844,28,21
S. 347,844,21,21
<EOS>
mit 383,843,41,22
65 437,844,27,21
Abb. 477,844,61,23
<EOS>
Berlin 552,845,75,21
1965, 642,845,62,25
Springer-Verlag. 719,844,204,28
<EOS>
SBjÄis 35,865,73,42
36 119,879,27,21
DM. 157,879,60,21
<EOS>
<EOP>
Die 105,912,46,22
vorliegende 161,911,142,26
Empfehlung 313,911,154,27
ist 477,911,29,23
vom 516,919,55,16
Fachkollegium 582,912,186,26
4 777,913,15,21
der 803,913,39,21
Inter¬ 853,913,71,23
nationalen 47,946,132,22
Elektrotechnischen 198,945,239,22
Kommission 457,946,159,22
(I.E. 636,946,58,26
<EOS>
C.) 702,946,37,26
<EOS>
ausgearbeitet 759,947,165,26
worden, 47,980,99,26
das 162,980,40,22
sich 216,979,47,22
mit 277,979,42,22
Wasserturbinen 332,979,195,23
befasst. 541,980,91,22
<EOS>
Im 647,980,34,21
Gegensatz 695,980,129,26
zu 837,987,29,15
den 879,980,45,23
früheren 47,1013,105,22
Publikationen 168,1013,174,22
der 358,1013,40,22
I.E.C., 412,1013,88,27
<EOS>
insbesondere 517,1013,161,22
zu 693,1020,28,15
den 737,1013,44,22
Veröffent¬ 796,1014,127,23
lichungen 47,1046,121,28
29 177,1047,29,21
(1914) 217,1046,75,27
und 303,1046,48,22
41 361,1047,26,21
(1928), 400,1046,83,27
an 496,1054,31,15
die 537,1047,37,22
sie 583,1047,33,23
sich 626,1047,48,23
anschliesst, 683,1047,138,27
werden 833,1048,91,23
in 47,1080,24,23
ihr 82,1081,36,22
die 129,1080,36,23
Messmethoden 177,1080,187,23
und 375,1080,48,22
die 435,1080,37,22
Bedingungen 483,1081,162,27
für 657,1081,36,21
die 705,1082,36,20
Abnahmever¬ 754,1082,168,21
suche 48,1115,67,21
eingehend 131,1114,125,27
beschrieben. 272,1114,153,22
<EOS>
Ihr 441,1114,39,22
haben 495,1115,77,22
die 587,1115,36,22
massgebenden 638,1115,180,26
Länder 832,1116,91,23
Europas 47,1148,104,28
einschliesslich 161,1149,173,21
der 344,1149,39,20
UdSSR 392,1148,96,22
und 496,1149,48,22
ausserdem 554,1149,131,23
Australien, 694,1150,136,25
Japan, 841,1150,80,27
Kanada 48,1183,98,22
und 158,1183,49,22
die 219,1182,38,22
USA, 269,1182,69,27
insgesamt 351,1182,124,26
19 487,1183,28,23
Länder, 527,1184,97,26
zugestimmt. 638,1183,149,26
<EOS>
Die 801,1183,46,23
deut¬ 859,1184,63,23
sche 47,1217,53,22
Übersetzung 108,1212,156,30
besorgten 272,1216,120,26
Prof. 400,1216,61,22
<EOS>
Gerber 471,1217,83,22
(ETH, 560,1218,79,26
Schweiz), 649,1218,114,25
Dr. 773,1218,41,22
<EOS>
Dziallas 825,1218,98,22
(Deutschland) 47,1250,176,26
und 235,1250,48,22
Dr. 294,1250,42,22
<EOS>
Ziegler 349,1250,89,27
(OsterreHJiäi 449,1246,187,32
<EOS>
<EOP>
Das 104,1284,50,22
Werk 164,1284,70,22
besteht 243,1284,89,22
aus 343,1290,40,15
zwei 395,1284,51,21
Teilen. 459,1285,81,21
<EOS>
Im 553,1285,35,21
ersten 599,1287,73,20
werden 683,1284,90,22
Zweck 782,1285,82,22
und 875,1285,47,23
Geltungsbereich 47,1317,202,28
umschrieben, 266,1317,164,27
die 449,1317,36,22
Begriffe, 502,1318,103,27
Zeichen 625,1318,96,21
und 738,1318,49,22
Einheiten 803,1319,120,23
festgelegt 47,1350,116,28
(wobei 180,1351,82,27
das 280,1351,42,22
technische 340,1351,127,21
Einheitensystem 485,1353,202,25
verwendet 705,1353,127,22
wird), 849,1352,73,28
Art 47,1385,43,22
und 102,1386,49,22
Umfang 163,1385,103,26
der 280,1386,39,20
technischen 332,1385,146,22
Garantien 491,1386,126,23
erörtert, 630,1387,102,25
die 746,1386,37,23
Vorbedin¬ 796,1386,127,23
gungen 47,1425,89,21
für 146,1420,39,22
die 196,1418,36,24
Versuchsdurchführung 244,1420,283,26
beschrieben 538,1420,147,22
und 696,1420,48,22
Anweisungen 755,1421,168,26
hiefür 46,1452,74,23
sowiexrur 138,1453,123,23
die 279,1452,36,23
Auswertung 332,1453,151,26
der 501,1455,40,21
Versuchsergebnisse 558,1454,240,26
gegeben. 815,1455,106,26
<EOS>
Der 46,1487,49,22
zweite 108,1487,77,23
Teil 201,1487,47,22
befasst 262,1486,87,24
sich 361,1486,49,23
mit 424,1487,43,22
den 480,1487,45,23
Messmethoden 541,1488,187,22
(Wasserstrom, 743,1488,179,28
Fallhöhe, 47,1521,116,26
Türjrinenleistung, 177,1520,218,29
Verluste, 408,1521,109,28
Drehzahl 530,1521,116,23
sowie 657,1521,69,22
Drehzahl- 737,1522,126,22
und 875,1522,48,23
Druckänderungen 46,1554,226,26
bei 283,1554,35,22
Lastabwurf). 329,1554,161,27
<EOS>
<EOP>
Die 103,1588,46,22
Darstellung 157,1588,148,27
ist 313,1588,30,22
überaus 351,1588,98,22
klar 458,1588,51,23
und 517,1589,49,23
übersichtlich 576,1588,158,23
und 744,1590,47,21
zeugt 801,1593,66,23
von 876,1597,47,16
umfassender 46,1622,156,23
Sachkenntnis 214,1621,165,23
und 392,1623,46,20
reicher 450,1622,86,23
Erfahrung. 549,1624,133,25
<EOS>
Sie 698,1624,34,20
ist 747,1624,26,21
das 786,1623,41,23
Ergeb¬ 839,1624,84,27
nis 46,1655,34,23
einer 94,1656,62,22
vorbildlichen, 169,1655,171,26
weltweiten 350,1655,131,22
Zusammenarbeit 493,1657,210,22
und 717,1658,48,21
wird; 779,1657,63,24
jedem 845,1657,78,28
beste 46,1689,62,23
Dienste 122,1690,95,22
leisten, 231,1689,85,26
der 332,1689,40,22
mit 386,1689,42,22
Wasserturbinenversuchen 442,1691,319,22
zu 776,1698,27,15
tun 819,1694,41,20
hat. 875,1692,46,23
<EOS>
<EOP>
A.O. 855,1726,66,22
<EOS>
Anpassung 103,1774,131,25
oder 245,1773,54,21
Widerstand. 310,1773,146,20
<EOS>
Die 469,1773,45,22
Schweiz 526,1773,100,24
zur 635,1780,41,15
Zeit 687,1773,50,23
des 748,1774,39,23
deutschen 799,1774,125,24
Nationalsozialismus. 45,1806,259,23
<EOS>
Von 324,1806,53,21
Dr. 391,1807,42,20
<EOS>
jur. 446,1806,44,26
<EOS>
Alice 506,1807,63,23
Meyer. 583,1808,88,27
<EOS>
227 686,1808,42,22
S. 748,1808,22,22
<EOS>
Frauenfeld 787,1808,135,23
1965, 48,1841,60,25
Verlag 121,1841,81,26
Huber 214,1840,79,21
& 305,1840,22,21
Co. 338,1839,42,23
<EOS>
AG. 392,1840,53,22
<EOS>
Preis 456,1841,60,23
geb. 527,1842,50,26
<EOS>
Fr. 588,1842,36,21
<EOS>
18.50. 638,1842,69,21
<EOS>
<EOP>
Das 102,1875,50,22
nationalsozialistische 163,1873,263,24
Deutschland 438,1875,155,22
hat 605,1875,40,22
für 654,1875,39,22
die 703,1875,36,22
Schweiz 751,1876,97,21
nicht 859,1875,63,24
nur 44,1913,44,17
eine 95,1908,51,22
militärische 155,1908,143,22
Gefahr 307,1907,88,23
bedeutet. 403,1907,113,23
<EOS>
Es 524,1908,31,23
hat 561,1908,43,24
sie 611,1908,32,23
seit 652,1909,39,21
1933 701,1908,55,23
auch 766,1909,60,22
geistig¬ 834,1910,87,25
politisch 46,1942,104,25
bedroht, 163,1941,106,26
indem 284,1941,77,22
es 373,1947,24,16
sie 411,1941,32,22
mit 456,1941,41,22
den 511,1943,45,21
Methoden 570,1942,128,23
der 711,1942,40,22
«erweiterten 766,1943,156,24
Strategie» 45,1974,124,28
bearbeitete 192,1974,137,23
und 352,1974,48,22
deiLggchweizerischen 423,1974,264,33
Widerstandsgeist 709,1976,213,28
plan 47,2009,50,26
massig 101,2010,81,25
zu 202,2015,30,16
zersetzen 252,2012,113,18
suchte. 386,2008,85,23
<EOS>
«Anpassung 494,2011,153,26
oder 668,2010,57,22
Widerstand?» 744,2010,177,24
<EOS>
lautete 45,2042,84,24
die 136,2043,38,22
Frage, 182,2044,79,24
vor 271,2048,42,16
die 322,2043,34,20
jeder 365,2043,62,25
einzelne 435,2043,100,23
Schweizer 544,2044,123,23
sich 675,2043,48,23
in 732,2045,22,20
jenen 762,2045,66,25
Jahren 837,2045,84,23
gestellt 45,2077,86,25
sah. 146,2077,48,22
<EOS>
Dass 210,2077,61,22
sich 286,2075,48,23
schliesslich 349,2077,134,21
der 500,2079,38,20
Wille 554,2078,66,23
zum 633,2084,54,16
Durchhalten 701,2078,158,23
und 872,2079,49,23
zum 43,2117,55,17
Widerstand 106,2110,145,23
stärker 260,2110,86,22
erwies 354,2110,78,22
als 440,2111,33,21
die 483,2110,36,24
Tendenzen 527,2112,136,22
der 671,2112,40,22
Anpassung, 720,2112,144,28
war 875,2119,47,17
das 44,2144,42,23
Verdienst 94,2145,119,22
jener 221,2143,64,28
Männer, 296,2144,105,26
die 414,2144,36,22
sich 461,2144,48,23
zuerst 519,2148,75,19
für 604,2145,37,22
die 651,2145,37,22
«geistige 701,2145,108,28
Landes¬ 820,2146,100,23
verteidigung» 43,2178,171,28
eingesetzt 226,2177,122,27
und 360,2178,48,22
nachher 422,2178,100,23
zu 533,2185,30,16
Organisationen 577,2178,190,28
wie 780,2179,41,23
Forum 835,2180,85,23
Helveticum, 47,2213,146,25
Res 217,2211,46,23
Publica, 285,2211,100,27
Golthardbund 411,2212,178,22
und 612,2212,48,23
Aktion 683,2212,88,23
nationaler 793,2214,128,23
Widerstand 43,2245,146,24
zusammengeschlossen 200,2245,276,27
hatten, 487,2245,85,28
allen 586,2247,58,22
voran 656,2253,73,16
der 741,2247,40,22
Historiker 792,2246,129,24
Professor 43,2279,118,24
Karl 170,2279,58,23
Meyer, 237,2279,86,26
Gatte 334,2279,70,22
der 413,2279,40,22
Verfasserin, 461,2280,146,27
dessen 618,2281,79,22
im 707,2281,30,21
ganzen 747,2287,87,20
Lande 842,2282,79,23
gehaltenen 44,2314,133,26
Vorträge 190,2314,111,26
über 315,2312,57,23
«Die 386,2313,63,21
militärpolitische 463,2313,201,28
Lage 678,2315,60,26
der 753,2315,39,22
Schweiz» 806,2315,115,23
massgebend 43,2347,149,28
zur 202,2353,40,17
Annahme 251,2347,122,22
der 383,2346,39,23
sogenannten 432,2351,155,22
«Wehrvorlage» 599,2349,189,25
durch 798,2349,72,23
das 880,2350,40,22
Volk 42,2381,61,24
im 116,2382,32,22
Jahre 161,2381,68,23
1935 246,2382,51,19
beigetragen 312,2380,143,27
haben. 467,2380,82,25
<EOS>
Seine 564,2382,65,23
vor 646,2388,41,16
und 702,2382,48,23
während 762,2383,108,22
der 881,2383,40,23
Kriegsjahre 43,2415,145,28
an 198,2421,31,17
der 239,2414,40,23
Freifächerabteilung 290,2414,245,29
der 545,2416,41,22
ETH 596,2416,62,22
vor 669,2422,42,16
jeweils 719,2416,83,27
übcrfüll- 815,2417,105,21
tem 42,2452,46,19
Auditorium 98,2449,148,23
maximum 255,2448,125,23
gehaltenen 390,2449,133,26
Vorlesungen 533,2449,156,28
über 699,2449,55,23
«Fragen 765,2450,106,27
der 881,2451,40,23
allgemeinen 42,2482,148,28
und 204,2482,47,23
der 267,2482,40,22
heutigen 321,2482,106,27
Weltpolitik» 441,2482,157,28
werden 612,2483,90,22
allen, 716,2484,65,26
die 798,2484,37,23
daran 848,2484,72,24
teilnahmen, 41,2515,145,28
unvergesslich 200,2515,164,28
bleiben. 376,2516,95,21
<EOS>
<EOP>
Das 100,2552,49,21
vorliegende 163,2549,144,27
Buch 321,2549,63,23
will 399,2549,44,22
als 456,2550,33,23
ein 504,2552,34,20
Beitrag 557,2552,86,25
zur 656,2557,41,16
Geschichte 710,2551,137,24
einer 859,2552,62,24
Zeit 42,2583,50,24
schweizerischer 103,2583,192,25
Bedrängnis 306,2583,139,27
und 457,2585,48,22
schweizerischer 516,2584,193,24
Bewährung 719,2586,142,27
ver¬ 872,2592,48,17
standen 41,2619,97,22
sein. 153,2618,54,23
<EOS>
Auf 224,2617,49,23
Grund 286,2617,83,23
eines 383,2617,61,23
eingehenden 459,2618,154,27
Studiums 629,2620,115,21
einschlägiger 759,2619,161,28
Quellen, 42,2651,103,28
darunter 166,2652,108,23
auch 293,2651,60,23
Aufzeichnungen 373,2651,201,29
aus 594,2659,42,16
dem 656,2653,52,22
Nachlass 728,2653,113,23
ihres 860,2653,59,24
<EOS>
<EOP>
Mannes, 974,106,105,24
entwirft 1098,104,99,22
die 1216,104,37,23
Verfasserin 1271,105,140,23
ein 1430,106,37,23
historisch 1486,105,121,23
richtiges 1625,105,106,28
Bild 1746,106,51,23
der 1813,107,41,22
Strömungen 972,140,152,25
der 1132,139,41,21
Anpassung 1180,139,138,26
und 1325,141,48,21
des 1382,141,40,22
Widerstandes, 1429,140,176,26
welche 1613,140,85,22
die 1705,140,37,22
Haltung 1749,140,104,27
der 972,174,39,21
Schweiz 1025,172,99,23
während 1136,173,108,21
der 1257,173,39,21
Bedrohung 1309,174,139,27
durch 1460,174,72,22
den 1543,174,45,22
Nationalsozialismus 1599,174,254,23
bestimmt 972,207,116,22
haben. 1102,207,82,22
<EOS>
Mit 1197,207,46,22
ihrer 1253,206,60,23
wohlabgewogenen, 1322,208,237,27
aber 1571,207,55,22
klaren 1636,207,80,22
und 1725,207,49,23
muti¬ 1784,208,69,23
gen 973,247,43,21
Darstellung 1029,240,147,27
zeigt 1188,240,58,27
sie 1259,240,32,22
uns 1303,247,44,16
Älteren, 1360,237,100,31
die 1474,241,37,23
doch 1523,241,62,22
«dabei» 1599,241,102,22
waren, 1713,248,84,20
wie 1810,242,43,22
rasch 972,274,66,22
wir 1054,273,41,22
vergessen 1110,280,118,21
haben. 1243,274,83,22
<EOS>
Aber 1343,275,62,22
auch 1421,276,59,21
die 1497,275,36,22
Schweizer 1549,275,125,22
der 1689,275,42,22
heutigen 1744,275,108,28
jungen 969,308,88,27
Generation, 1070,307,148,27
denen 1232,308,74,22
die 1318,308,37,23
Klärung 1368,310,104,26
unserer 1485,316,91,15
vaterländischen 1588,309,196,23
Ver¬ 1796,311,57,21
gangenheit 973,341,134,28
ein 1121,342,37,22
Anliegen 1173,342,111,26
ist, 1299,342,35,26
sollten 1350,344,83,21
an 1448,350,30,15
diesem 1494,343,84,22
Buche 1593,343,77,22
nicht 1684,343,65,22
vorbei¬ 1763,344,89,23
gehen. 972,377,79,26
<EOS>
<EOP>
Max 1412,411,60,22
Wegenstein, 1484,411,142,26
dipl. 1636,411,55,27
<EOS>
Ing., 1700,411,57,27
<EOS>
Zürich 1767,411,85,23
Neuerscheinungen 973,467,217,25
<EOS>
<EOP>
Berechnung 1028,507,134,24
elektrischer 1179,506,133,21
Verbundnetze. 1328,507,166,21
<EOS>
Mathematische 1513,507,180,20
Grundlagen 1710,508,141,25
und 971,537,45,20
technische 1030,537,121,20
Anwendungen. 1166,537,177,23
<EOS>
Von 1357,538,51,20
H. 1423,538,29,20
<EOS>
Edelmann. 1467,537,121,21
<EOS>
282 1603,538,41,19
S. 1659,538,22,20
<EOS>
mit 1696,538,39,20
79 1751,538,25,21
Abb. 1792,538,58,21
<EOS>
Berlin 971,567,70,21
1963, 1053,567,59,24
Springer-Verlag. 1124,567,190,24
<EOS>
Preis 1324,566,59,22
geb. 1393,568,46,24
<EOS>
44 1450,568,27,20
DM. 1488,568,55,20
<EOS>
<EOP>
Zur 1028,605,44,20
Morphologie 1089,605,147,24
und 1253,605,42,19
Hydrologie 1311,605,129,25
der 1458,606,36,20
Valle 1511,605,61,20
del 1589,605,34,20
Lucomagno. 1641,606,140,23
<EOS>
Von 1801,607,49,20
V. 975,636,22,18
<EOS>
Binggeli. 1004,634,101,26
<EOS>
Hefe 1112,631,54,24
Nr. 1170,634,41,20
<EOS>
12 1221,635,24,19
der 1253,634,37,20
Beiträge 1297,634,97,26
zur 1400,642,38,14
Geologie 1445,635,105,24
der 1557,635,38,20
Schweiz, 1601,635,101,25
Hydrologie. 1709,635,141,25
<EOS>
124 974,665,36,20
S. 1023,666,20,19
<EOS>
mit 1056,665,39,20
59 1107,665,24,19
Fig., 1145,665,51,23
<EOS>
22 1209,665,26,19
Abb. 1248,665,57,19
<EOS>
5 1318,665,12,19
Karten 1342,666,83,20
und 1436,665,46,21
30 1494,665,26,20
Tabellen. 1531,665,108,20
<EOS>
Bern 1652,666,55,20
1961, 1721,666,59,24
Geo- 1792,667,59,20
graphischer 971,696,135,23
Verlag 1116,695,78,24
Kümmerly 1202,695,128,25
& 1341,697,20,18
Frey. 1372,697,61,24
<EOS>
Preis 1443,695,56,21
16 1511,696,25,19
Fr. 1546,696,36,19
<EOS>
<EOP>
Schweizerische 1027,732,171,21
Vereinigung 1206,732,138,26
für 1350,734,36,20
Atomenergie. 1393,733,155,24
<EOS>
Jahresbericht 1556,732,157,22
1964. 1723,733,59,21
<EOS>
51 1792,734,24,20
S. 1827,734,22,20
<EOS>
Bern 970,764,54,19
1965. 1037,763,58,19
<EOS>
<EOP>
Foundation 1026,800,129,20
Engineering. 1168,800,144,25
<EOS>
Edited 1327,800,77,21
by 1417,801,28,25
G.A.Leonards. 1460,801,178,20
<EOS>
1136 1656,802,51,18
p. 1720,807,22,19
<EOS>
London 1756,801,94,21
1962, 971,831,59,23
McGraw-Hül 1042,830,162,20
Book 1213,831,64,19
Company, 1288,831,121,25
Inc. 1419,831,44,20
<EOS>
Price 1474,831,59,20
9.14s. 1543,831,65,20
<EOS>
<EOP>
Materiallehre. 1027,869,164,18
<EOS>
Von 1207,869,48,18
H. 1270,869,26,17
<EOS>
Christen. 1314,867,102,22
<EOS>
Sechste 1429,869,87,20
erweiterte 1529,868,115,20
Auflage. 1657,869,102,23
<EOS>
536 1774,870,40,19
S. 1827,870,21,20
<EOS>
mit 969,897,39,21
224 1014,897,42,22
Abb. 1060,897,58,21
<EOS>
und 1127,898,44,19
83Zahlentafeln.Frauenfeld 1180,897,319,22
<EOS>
1962, 1508,898,57,24
Verlag 1571,898,77,24
vonHuber&Co. 1654,898,195,21
<EOS>
<EOP>
Handbuch 1026,965,117,21
der 1151,965,38,20
Giesserei-Technik. 1199,965,212,21
<EOS>
Zweiter 1422,966,90,20
Band, 1521,965,68,25
zweiter 1599,965,84,21
Teü: 1691,965,57,21
Sonder¬ 1757,966,93,21
form-Verfahren. 969,994,191,22
<EOS>
Kernherstellung. 1184,995,195,25
<EOS>
Trocknung. 1403,997,137,22
<EOS>
Trockner. 1564,996,116,20
<EOS>
Penetration. 1704,997,144,21
<EOS>
Herausgegeben 969,1025,177,24
von 1158,1031,43,14
F. 1212,1026,23,19
<EOS>
Roll 1248,1025,49,21
unter 1306,1028,63,18
Mitarbeit 1381,1026,111,20
zahlreicher 1502,1025,130,21
Fachleute. 1642,1026,122,21
<EOS>
383 1775,1028,39,19
S. 1826,1027,22,20
<EOS>
mit 969,1057,39,18
470 1016,1057,40,18
Abb. 1066,1055,56,19
<EOS>
Berlin 1134,1056,68,19
1963, 1212,1056,61,24
Springer-Verlag. 1281,1055,194,26
<EOS>
Preis 1483,1056,58,20
86 1549,1057,27,18
DM 1586,1057,47,18
geb.. 1644,1057,54,23
<EOS>
Mitteilungen 974,1128,247,35
aus 1241,1136,70,23
dem 1328,1129,81,32
S.I.A. 1427,1129,111,31
<EOS>
Sektionen 968,1195,121,23
Aargau 1098,1195,91,26
und 1199,1195,42,22
Baden 1252,1195,76,22
<EOS>
<EOP>
Am 1025,1229,49,22
Dienstag, 1084,1229,116,26
30. 1212,1229,35,22
<EOS>
November 1256,1229,133,23
wird 1399,1229,56,23
im 1465,1230,34,22
Hotel 1507,1229,72,22
Füchslin, 1590,1230,112,26
Brugg, 1715,1231,82,26
um 1808,1238,40,15
20.15 968,1263,65,22
<EOS>
h 1043,1263,16,22
ein 1068,1262,38,22
gemeinsamer 1115,1262,163,27
Diskussionsabend 1287,1262,227,24
über 1523,1263,57,22
das 1589,1263,42,23
neue 1640,1271,55,15
aargauische 1704,1265,144,25
Baugesetz 969,1299,122,24
mit 1106,1296,41,23
einer 1162,1296,62,23
Orientierung 1240,1296,159,28
durch 1414,1298,73,22
W. 1505,1298,33,21
<EOS>
Weber, 1551,1297,84,27
dipl. 1647,1297,55,28
<EOS>
Kult.-Ing., 1715,1299,131,26
<EOS>
durchgeführt. 969,1330,169,27
<EOS>
Die 1156,1330,45,22
Veranstaltung 1214,1331,176,27
bezweckt 1408,1331,114,23
eine 1538,1331,50,22
Stellungnahme 1606,1332,185,26
der 1808,1334,41,22
beiden 968,1365,83,23
Sektionen 1061,1364,124,23
im 1195,1364,33,23
Vernehmlassungsverfahren 1238,1365,338,28
des 1587,1366,40,22
Kantons. 1638,1366,115,23
<EOS>
Z.I.A. 969,1429,87,22
<EOS>
Zürcher 1067,1428,98,22
Ingenieur- 1174,1428,125,27
und 1308,1430,45,21
Architekten-Verein 1363,1430,232,21
Protokoll 968,1461,117,24
der 1094,1461,40,23
Hauptversammlung 1142,1462,239,28
vom 1389,1471,50,15
27. 1449,1464,35,21
<EOS>
Oktober 1496,1463,101,22
1965 1607,1464,57,21
<EOS>
<EOP>
Ing. 1026,1505,48,25
<EOS>
Ernst 1092,1504,68,22
Meier, 1176,1503,80,26
Präsident 1273,1503,119,24
des 1407,1505,40,22
Z.I.A., 1462,1504,92,26
<EOS>
begrüsst 1571,1505,105,26
die 1691,1504,37,23
rund 1742,1506,61,22
90 1819,1506,29,22
Anwesenden 969,1538,156,22
zur 1141,1544,40,15
Hauptversammlung, 1196,1538,255,27
die 1469,1538,36,22
wie 1521,1538,42,22
üblich 1577,1538,79,23
im 1670,1538,33,22
Zunfthaus 1718,1538,129,24
zur 971,1578,41,15
Schmiden 1023,1571,121,22
stattfindet. 1155,1571,132,22
<EOS>
<EOP>
Das 1026,1606,50,22
Protokoll 1093,1604,118,23
der 1226,1605,41,22
letztjährigen 1283,1604,155,28
Hauptversammlung 1455,1606,249,26
sowie 1720,1607,70,23
der 1808,1608,39,22
Jahresbericht 968,1638,163,23
des 1144,1638,40,22
Präsidenten, 1197,1638,153,28
welcher 1363,1640,97,22
in 1472,1640,24,22
der 1509,1640,40,21
SBZ 1563,1640,53,21
vom 1629,1646,55,16
21. 1698,1640,35,22
<EOS>
Oktober 1743,1640,105,24
1965 970,1673,55,22
veröffentlicht 1039,1672,166,23
worden 1217,1673,94,22
ist, 1324,1673,35,27
werden 1373,1674,91,22
unter 1476,1676,67,20
bester 1555,1674,75,22
Verdankung 1642,1674,155,28
ge¬ 1811,1682,36,20
nehmigt. 969,1707,107,26
<EOS>
<EOP>
Arch. 1026,1740,70,23
<EOS>
W. 1121,1740,36,22
<EOS>
Stücheli 1168,1741,96,20
erläutert 1289,1741,107,23
die 1420,1742,37,22
Jahresrechnung, 1480,1741,196,27
welche 1702,1742,84,22
bei 1811,1743,35,21
Fr. 969,1775,36,22
<EOS>
18 1024,1775,26,22
479.60 1059,1775,81,21
<EOS>
Einnahmen 1155,1774,144,23
und 1314,1775,49,23
Fr. 1379,1775,37,22
<EOS>
16183.65 1435,1775,114,22
<EOS>
Ausgaben 1567,1775,124,27
einen 1707,1775,67,24
Vor¬ 1789,1777,58,23
schlag 968,1808,77,27
von 1052,1814,46,16
Fr. 1106,1808,36,22
<EOS>
2295.95 1151,1808,93,22
<EOS>
aufweist. 1252,1808,110,23
<EOS>
Das 1370,1809,51,23
Vereinsvermögen 1427,1808,217,28
der 1651,1809,41,22
allgemeinen 1698,1810,149,26
Rechnung 968,1842,127,26
beläuft 1107,1842,88,22
sich 1207,1842,49,22
damit 1268,1842,72,23
auf 1353,1843,42,22
Fr. 1406,1843,37,22
<EOS>
52 1458,1844,27,21
958.84. 1494,1843,88,22
<EOS>
Der 1595,1843,49,22
Baufonds 1657,1843,119,24
zeigt 1788,1845,59,27
einen 967,1876,65,22
Vorschlag 1042,1875,126,27
von 1176,1882,47,16
Fr. 1232,1876,36,22
<EOS>
2359.40 1278,1876,95,23
<EOS>
und 1382,1877,48,22
ein 1438,1877,39,23
Vermögen 1484,1877,131,26
von 1622,1883,48,17
Fr. 1678,1878,37,22
<EOS>
73066.95, 1726,1878,120,28
<EOS>
während 968,1909,106,23
die 1083,1909,37,22
Notopferstiftung 1128,1909,211,28
Fr. 1348,1911,35,22
<EOS>
1966.55 1395,1911,92,22
<EOS>
Vorschlag 1496,1911,126,26
und 1630,1911,48,23
Fr. 1687,1911,37,23
<EOS>
60810.55 1734,1912,112,23
<EOS>
Vermögen 968,1945,128,25
aufweist. 1108,1943,110,23
<EOS>
Nachdem 1232,1943,121,24
der 1366,1945,39,22
Bau 1417,1945,51,22
des 1481,1944,39,23
S.I.A.-Hauses 1534,1946,179,21
<EOS>
in 1726,1945,24,23
Zürich 1763,1946,84,23
in 967,1978,23,22
greifbare 1001,1977,112,27
Nähe 1124,1977,66,22
gerückt 1201,1977,94,26
ist, 1305,1977,35,28
besteht 1351,1979,90,22
die 1451,1979,37,23
Absicht, 1498,1978,104,27
dem 1614,1979,52,22
Baufonds 1676,1979,120,23
des 1807,1980,40,23
Z.I.A. 967,2013,81,21
<EOS>
zu 1067,2018,29,16
Lasten 1113,2012,83,22
der 1214,2012,41,21
allgemeinen 1271,2011,148,28
Rechnung 1437,2013,128,26
den 1582,2013,45,22
Betrag 1644,2013,83,27
von 1744,2020,47,16
Fr. 1808,2014,37,23
<EOS>
30 968,2046,27,22
000.— 1003,2046,82,22
<EOS>
gutzuschreiben. 1104,2045,193,26
<EOS>
Nach 1318,2046,67,22
Verlesung 1405,2046,124,27
des 1549,2047,40,21
Revisorenberichtes 1609,2046,238,25
durch 967,2079,72,22
Ing. 1047,2079,49,26
<EOS>
W. 1105,2079,35,22
<EOS>
Groebli 1151,2079,94,22
werden 1254,2079,91,23
Jahresrechnung 1352,2080,196,27
und 1555,2081,49,21
Budget 1613,2081,87,26
einstimmig 1709,2080,138,29
genehmigt. 968,2113,133,27
<EOS>
<EOP>
Wahlen. 1030,2146,94,23
<EOS>
Nach 1146,2146,68,23
dreijähriger 1234,2146,145,29
Tätigkeit 1400,2147,113,28
als 1532,2147,34,23
Präsident 1587,2148,118,23
tritt 1725,2148,49,24
Ing. 1795,2151,47,26
<EOS>
E. 966,2181,26,22
<EOS>
Meier 1002,2181,73,23
von 1085,2186,47,17
seinem 1142,2180,87,23
Amt 1238,2181,57,22
zurück, 1304,2182,93,26
wird 1408,2182,55,22
aber 1475,2182,55,22
weiterhin 1539,2181,117,24
dem 1665,2182,55,23
Vorstand 1729,2183,117,23
angehören. 967,2215,136,26
<EOS>
Mit 1118,2214,46,22
grossem 1177,2221,101,20
Beifall 1291,2214,81,24
wird 1384,2216,57,23
einstimmig 1453,2215,137,27
Arch. 1604,2217,69,22
<EOS>
Hans 1687,2217,66,22
Pfister 1767,2217,80,23
als 966,2249,34,22
neuer 1011,2254,69,17
Präsident 1091,2248,116,23
des 1218,2248,40,23
Z.I.A. 1270,2249,81,23
<EOS>
gewählt. 1364,2250,103,27
<EOS>
Prof. 1480,2249,61,23
<EOS>
Dr. 1554,2250,41,22
<EOS>
H. 1608,2250,30,22
<EOS>
Leibundgut 1648,2250,146,28
hat 1804,2251,41,23
seinen 966,2282,77,23
Rücktritt 1052,2282,116,23
aus 1177,2289,41,16
dem 1228,2282,53,23
Vorstand 1294,2283,108,22
erklärt. 1409,2283,90,23
<EOS>
Als 1509,2283,42,22
Nachfolger 1560,2283,141,28
wird 1713,2283,57,25
Prof. 1782,2285,62,23
<EOS>
Dr. 966,2316,42,22
<EOS>
Felix 1024,2316,62,22
Richard, 1100,2316,107,27
Forst-Ing., 1223,2316,133,28
<EOS>
gewählt. 1372,2317,103,27
<EOS>
Die 1489,2316,46,23
zur 1548,2323,41,16
Wiederwahl 1602,2316,151,24
vorge¬ 1766,2326,79,20
schlagenen 967,2350,135,27
Vorstandsmitglieder 1111,2350,253,27
werden 1373,2352,91,22
in 1473,2351,24,23
ihrem 1507,2350,73,23
Amt 1588,2351,57,23
bestätigt: 1654,2351,117,28
Wer¬ 1781,2353,64,23
ner 966,2390,41,16
Stücheli, 1022,2384,104,24
Arch., 1145,2384,75,25
<EOS>
Paul 1236,2384,56,22
Haller, 1307,2384,86,27
Bau-Ing., 1409,2386,117,25
<EOS>
Anatole 1543,2386,97,20
Brun, 1659,2387,66,23
Elektro- 1743,2387,100,22
Ing., 967,2419,55,25
<EOS>
Otto 1035,2418,56,22
Glaus, 1103,2417,80,27
Arch., 1195,2417,78,27
<EOS>
Robert 1284,2417,88,24
Henauer, 1383,2419,114,26
Bau-Ing. 1509,2419,108,27
<EOS>
und 1628,2419,49,23
Hans 1687,2419,66,23
Marti, 1765,2420,78,27
Arch. 966,2452,69,22
<EOS>
- 1049,2464,15,4
Nach 1077,2451,67,22
dem 1157,2452,53,21
Rücktritt 1223,2452,116,23
von 1352,2459,47,16
Arch. 1411,2453,71,23
<EOS>
Prof. 1495,2452,62,23
<EOS>
Dr. 1571,2453,43,22
<EOS>
E. 1627,2453,27,23
<EOS>
Egli, 1665,2454,55,25
Bau-Ing. 1735,2454,108,28
<EOS>
Henri 966,2486,71,22
Chätelain 1051,2486,117,21
und 1180,2485,49,23
Bau-Ing. 1240,2486,108,28
<EOS>
Walter 1361,2487,85,23
Groebli 1457,2487,95,23
als 1565,2487,33,22
Delegierte, 1610,2488,132,26
werden 1753,2488,92,22
neu 967,2526,42,16
gewählt: 1023,2519,106,27
Heinrich 1144,2519,108,23
Hofacker 1266,2519,117,24
und 1394,2521,50,22
Alfons 1457,2521,81,21
Hutter, 1552,2521,91,26
beide 1656,2521,66,22
Bau-Ing. 1737,2522,106,27
<EOS>
Die 966,2554,44,22
zur 1025,2559,41,17
Wiederwahl 1082,2553,149,23
vorgeschlagenen 1246,2554,205,27
Delegierten 1468,2554,142,27
werden 1626,2554,91,23
in 1732,2554,24,24
ihrem 1772,2555,73,23
Amt 966,2587,55,22
bestätigt, 1028,2587,112,27
näml 1147,2587,61,22
ich: 1212,2587,45,22
Arch.: 1265,2587,80,23
<EOS>
G. 1354,2588,30,23
<EOS>
Dubois, 1390,2588,99,27
E. 1499,2588,25,22
<EOS>
Gisel, 1530,2587,71,28
Prof. 1609,2588,61,23
<EOS>
B. 1675,2589,26,22
<EOS>
Hoesli, 1706,2589,88,27
Dr. 1801,2590,42,23
<EOS>
M. 968,2622,32,20
<EOS>
Hottinger, 1009,2620,128,27
Prof. 1145,2620,60,22
<EOS>
H. 1212,2621,29,22
<EOS>
Kühne, 1250,2620,90,28
H. 1348,2623,29,21
<EOS>
Litz, 1383,2621,55,27
Dr. 1444,2623,41,21
<EOS>
M. 1494,2622,33,22
<EOS>
Lüthi, 1532,2621,76,28
J. 1613,2623,19,22
<EOS>
Maurer, 1639,2623,101,26
E. 1747,2623,26,24
<EOS>
Mes¬ 1782,2624,63,24
serer, 966,2661,65,20
L. 1050,2656,23,20
<EOS>
Moser, 1085,2655,85,26
G. 1186,2654,30,23
<EOS>
Risch, 1226,2654,77,27
Dr. 1319,2655,42,24
<EOS>
W. 1377,2656,35,23
<EOS>
Romang, 1425,2658,111,24
Frl. 1553,2656,45,23
<EOS>
L. 1614,2656,26,23
<EOS>
Sachs, 1649,2656,78,27
F. 1743,2657,26,24
<EOS>
Som- 1780,2659,63,21
<EOS>
<EOP>
Schweiz. 44,2736,86,17
<EOS>
Bauzeitung 141,2737,110,20
• 266,2743,4,4
83. 284,2736,28,17
<EOS>
Jahrgang 321,2736,93,22
Heft 431,2736,40,17
47 486,2737,21,17
¦ 522,2744,4,4
26. 538,2738,28,17
<EOS>
November 577,2737,100,18
1965 693,2739,42,15
87S 1800,2736,44,23
<EOS>
<EOP>
