1960,2865
Kerntechnologie 97,85,224,33
Schweizer 1161,84,138,26
Ingenieur 1306,86,130,31
und 1444,83,51,26
Architekt 1500,82,126,26
Nr. 1635,83,41,25
<EOS>
23, 1686,83,39,29
7. 1734,82,22,25
<EOS>
Juni 1766,82,56,25
1990 1832,81,59,25
<EOS>
<EOP>
Vom 96,295,162,55
Umgang 281,295,305,68
mit 610,293,113,53
Risiken 744,290,253,57
Replik 98,374,105,43
zu 215,388,38,20
den 268,374,62,34
Stellungnahmen 345,373,289,44
von 649,386,64,20
H. 728,375,35,31
<EOS>
Fuchs 778,373,96,33
und 888,373,63,33
A.F. 965,374,68,32
<EOS>
Fritzsche 1047,373,157,33
<EOS>
<EOP>
Es 96,485,30,24
war 143,492,53,17
zu 212,493,31,15
erwarten, 261,489,134,23
dass 413,486,57,22
meine 488,484,86,24
Sicht 592,484,69,24
der 95,522,45,24
Risikoproblematik 151,522,268,31
und 430,522,54,24
insbesonde¬ 495,522,166,24
re 96,567,25,16
ihre 143,560,55,23
Anwendung 219,560,176,31
auf 416,560,45,24
den 482,560,51,24
Bereich 554,560,107,24
VON 97,649,74,25
RUEDI 191,650,109,24
BÜHLER, 314,645,149,34
<EOS>
<EOP>
MASCHWANDEN 191,688,283,24
Kernenergie 100,765,176,31
auf 292,765,45,24
Kritik 352,765,87,24
stossen 454,769,99,20
würde. 568,765,95,23
<EOS>
Das 99,803,53,23
Diskussionsniveau 164,802,267,24
der 443,803,45,23
beiden 499,802,94,24
Stel¬ 605,803,60,23
lungnahmen 99,840,181,30
hat 295,840,45,23
mich 355,839,71,24
jedoch 439,839,96,31
sehr 550,840,60,23
be¬ 624,839,41,24
troffen 98,877,99,24
gemacht. 219,876,127,31
<EOS>
In 372,877,28,23
meinem 425,876,114,24
Artikel 563,876,101,24
habe 98,914,66,24
ich 186,914,42,24
versucht 248,914,121,23
zu 389,922,33,15
zeigen, 442,914,97,30
dass 561,914,58,23
es 639,921,26,16
nicht 98,951,72,24
eine 191,951,58,24
einzige 270,951,100,30
Meinung 391,951,130,30
gibt, 541,951,60,30
die 624,951,41,24
richtig 98,988,93,31
ist, 207,988,38,29
sondern 262,989,113,24
dass 391,989,58,24
mehrere 466,988,118,25
Mei¬ 600,988,65,25
nungen 99,1033,106,23
gleichzeitig 227,1024,162,32
richtig 411,1024,93,31
sein 525,1024,55,24
kön¬ 603,1024,62,24
nen, 99,1071,58,20
weil 185,1063,57,23
Tatsachen 267,1063,145,23
und 438,1062,55,24
subjektive 518,1062,147,30
Wertungen 98,1102,160,29
nicht 272,1100,73,24
voneinander 358,1100,181,24
zu 553,1107,32,17
tren¬ 599,1103,66,21
nen 99,1146,52,16
sind 184,1138,58,24
(siehe 274,1137,82,31
weiter 389,1137,89,25
unten 511,1141,80,20
die 624,1137,41,24
Schlussfolgerung 99,1175,244,31
des 354,1175,44,24
U.S. 411,1175,57,24
<EOS>
National 482,1174,124,25
Re¬ 619,1175,46,23
search 99,1213,90,24
Council). 213,1212,131,30
<EOS>
Die 369,1212,49,24
Ansichten 443,1212,145,24
und 611,1212,54,24
Meinungen 99,1250,164,31
von 283,1258,53,16
Fritzsche 356,1250,131,24
und 506,1250,55,23
Fuchs 581,1250,84,23
sind 98,1288,58,24
aus 168,1295,45,17
ihrer 224,1288,70,23
Sicht 304,1288,70,23
richtig. 386,1287,99,31
<EOS>
Meine 498,1287,90,24
dazu 599,1287,66,24
teilweise 98,1325,122,25
gegenteilige 233,1325,168,31
Meinung 416,1324,129,32
- 558,1339,14,3
«mei¬ 586,1324,79,25
ne 99,1371,31,17
Wirklichkeit» 142,1362,202,25
- 358,1378,14,2
sollte 384,1363,75,24
daneben 472,1362,120,25
aber 605,1362,60,24
Platz 99,1400,69,25
haben 191,1400,86,25
können. 301,1400,114,24
<EOS>
Sie 439,1400,40,24
enthält 502,1400,99,24
für 624,1400,41,23
Fritzsche 100,1438,129,24
und 251,1438,53,23
Fuchs 325,1438,84,23
falsche 431,1438,97,23
Behaup¬ 549,1438,117,29
tungen 99,1480,98,26
und 214,1475,54,24
Irrtümer. 285,1476,132,23
<EOS>
Aus 437,1475,54,24
ihrer 510,1474,68,25
Sicht 595,1474,70,25
bin 100,1513,45,24
ich 167,1513,41,24
ein 230,1512,43,25
unredlicher, 294,1512,173,29
skrupelloser 491,1512,175,31
Angstmacher 99,1550,191,31
wider 314,1549,80,25
besseres 418,1550,114,24
Wissen. 556,1549,108,25
<EOS>
Ich 101,1588,44,24
akzeptiere 156,1588,147,30
das 313,1588,45,23
als 368,1588,38,23
ihre 419,1587,53,24
Wirklichkeit. 486,1587,181,24
<EOS>
Meine 104,1626,87,23
Wirklichkeit 203,1624,173,25
ist 384,1625,30,23
es 423,1632,26,16
nicht. 459,1625,79,23
<EOS>
Vergleicht 100,1674,147,30
man 270,1681,61,17
meine 354,1673,86,25
Aussagen 463,1673,135,30
mit 621,1673,46,25
dem, 101,1711,67,29
was 182,1719,51,16
Fuchs 246,1711,83,24
oder 340,1711,63,24
Fritzsche 416,1710,129,25
als 557,1710,37,25
mei¬ 606,1710,61,25
ne 102,1757,31,16
Aussage 145,1749,115,31
zitieren, 271,1748,116,29
kann 400,1748,72,24
man 483,1756,61,16
sich 556,1748,54,24
sel¬ 622,1748,46,24
ber 102,1787,44,24
ein 156,1786,42,25
Urteil 210,1786,83,24
bilden. 303,1786,97,24
<EOS>
Ein 412,1786,48,23
Beispiel 471,1786,111,30
dazu: 592,1786,76,23
Eine 102,1824,63,24
meiner 193,1824,101,24
Schlussfolgerungen 322,1823,277,30
ist, 628,1823,37,29
dass 101,1862,57,24
bestehende 173,1861,151,25
Risikoanalysen 334,1861,215,30
und 561,1861,54,24
Ri¬ 627,1861,40,23
sikovergleiche 102,1899,204,31
als 322,1899,35,24
Entscheidungshilfen 373,1898,294,31
für 102,1937,42,24
die 157,1936,40,25
Wahl 210,1936,76,24
eines 299,1935,71,25
technischen 383,1935,169,25
Prozes¬ 566,1936,102,24
ses 102,1982,38,16
ungeeignet 158,1974,155,30
seien. 332,1973,79,24
<EOS>
In 431,1974,29,22
meinen 479,1973,105,24
Aus¬ 604,1974,64,23
führungen 102,2012,150,29
habe 270,2011,65,24
ich 353,2011,41,24
skizziert, 411,2011,127,28
wie 556,2011,48,24
sol¬ 621,2011,47,24
che 102,2049,46,24
Analysen 170,2049,133,30
und 324,2048,54,25
Vergleiche 400,2048,150,31
in 573,2048,26,24
Zu¬ 621,2049,46,23
kunft 102,2087,77,24
durchgeführt 202,2086,187,30
werden 414,2086,102,24
könnten. 541,2086,124,24
<EOS>
Fritzsche 102,2123,129,25
zitiert 247,2123,84,24
mich 349,2123,68,24
so, 434,2131,35,20
als 487,2123,36,24
hätte 540,2123,69,24
ich 625,2123,41,24
geschrieben, 100,2161,177,31
dass 302,2161,57,24
die 384,2161,40,23
Risikoanalysen 450,2161,215,30
grundsätzlich 100,2198,194,32
(also 312,2198,65,30
auch 394,2199,67,24
die 478,2198,40,25
zukünfti¬ 535,2198,132,25
gen) 100,2236,60,31
ungeeignet 181,2236,154,31
seien, 356,2236,77,28
und 457,2236,52,24
wirft 529,2236,68,24
mir 618,2236,49,24
vor, 101,2282,53,20
ich 189,2273,40,25
widerspreche 262,2273,188,31
mich 483,2273,69,25
damit 585,2273,81,25
selbst. 101,2311,84,25
<EOS>
Solche 212,2311,92,24
Unterschiede 330,2311,188,24
in 545,2311,25,23
einer 595,2311,72,24
Aussage 101,2350,115,30
sind 237,2349,57,24
für 318,2349,40,23
mich 379,2349,70,23
wichtig. 471,2349,109,30
<EOS>
Hof¬ 604,2349,63,24
fentlich 102,2387,108,23
ist 228,2387,29,23
es 272,2394,25,16
«unter 314,2391,94,19
Risikofachleuten 423,2386,243,24
heute 102,2425,77,24
nicht 189,2424,72,25
allgemein 269,2424,140,30
akzeptiert» 418,2424,160,30
(Zitat 588,2424,80,29
Fritzsche), 102,2462,149,29
dass 279,2462,57,24
solche 363,2461,87,25
Unterschiede 480,2461,187,25
übersehen 102,2499,145,26
werden 257,2499,103,25
dürfen. 370,2499,102,24
<EOS>
Ohne 102,2544,77,24
weitere 202,2543,101,25
Detailkenntnisse 327,2543,240,25
ist 591,2543,28,25
es 642,2552,25,16
bei 101,2581,39,25
den 154,2582,49,24
meisten 218,2581,109,24
gegen 340,2589,80,23
mich 433,2581,70,25
erhobenen 516,2581,149,25
Vorwürfen 100,2620,155,24
unmöglich, 268,2619,160,31
sich 443,2619,53,24
ein 510,2619,41,24
eigenes 565,2619,102,31
Urteil 102,2657,82,25
zu 196,2665,30,16
bilden. 240,2657,95,24
<EOS>
Dazu 349,2658,72,23
mussten 435,2659,114,22
die 561,2657,41,24
ver¬ 615,2665,52,16
wendeten 101,2696,134,23
Quellen 253,2695,112,30
in 384,2695,24,24
Detail 428,2695,84,24
analysiert 529,2695,137,30
werden, 100,2734,111,27
was 224,2741,49,16
den 284,2733,49,24
Rahmen 348,2733,119,24
dieser 478,2732,83,25
Replik 574,2733,92,31
<EOS>
<EOP>
bei 709,484,41,26
weitem 765,484,103,25
sprengen 881,492,129,23
würde. 1024,484,95,25
<EOS>
Die 1135,484,49,25
nach¬ 1200,485,76,24
folgend 709,521,105,30
behandelten 828,521,176,24
Kontroversen 1019,522,196,23
ste¬ 1229,526,46,20
hen 709,559,51,24
daher 776,559,80,24
stellvertretend 871,559,207,24
für 1094,559,41,24
viele 1151,559,66,24
an¬ 1232,566,43,17
dere 708,596,60,25
Vorwürfe. 776,597,143,24
<EOS>
<EOP>
Trennung 710,698,155,30
von 875,704,60,17
Tatsachen 944,695,164,26
und 1119,695,60,26
Wertungen 710,734,187,31
Zur 712,809,52,23
Ansicht, 779,809,118,28
dass 914,809,57,23
Aussagen 987,809,135,30
nicht 1139,809,71,23
von 1227,816,51,16
demjenigen 712,844,167,31
zu 900,852,31,16
trennen 953,848,110,20
sind, 1085,843,65,29
der 1171,843,46,25
die 1236,842,42,25
Aussage 712,882,114,31
macht, 844,882,95,28
kann 958,881,72,24
man 1046,889,62,16
auch 1125,881,67,24
ohne 1209,881,69,23
«abstruse» 713,919,151,24
Verknüpfung 875,919,193,30
mit 1079,919,46,23
der 1135,919,45,23
Quan¬ 1191,919,88,30
tentheorie 712,957,145,24
kommen. 871,958,134,22
<EOS>
Zu 1020,957,38,23
den 1072,957,50,23
«gewissen 1136,956,142,30
Kreisen» 713,994,127,25
(Fritzsche) 865,994,154,30
gehört 1042,994,91,30
offenbar 1157,994,122,24
auch 713,1032,66,24
der 790,1032,45,24
U.S. 846,1032,57,24
<EOS>
National 916,1031,124,25
Research 1052,1031,129,24
Coun¬ 1193,1031,86,24
cil, 712,1069,40,29
welchem 768,1069,125,24
Mitglieder 909,1068,149,32
aus 1073,1076,45,17
der 1132,1068,45,24
Natio¬ 1190,1068,90,24
nal 713,1107,42,24
Academy 771,1107,134,30
of 920,1107,29,24
Science, 964,1107,113,28
der 1095,1107,45,23
National 1155,1106,124,24
Academy 713,1145,134,30
of 861,1145,28,23
Engineering 904,1144,176,30
und 1095,1144,53,24
dem 1164,1144,61,24
In¬ 1241,1144,39,23
stitute 713,1182,86,25
of 817,1182,28,25
Medicine 861,1181,133,25
angehören. 1012,1181,157,31
<EOS>
In 1188,1182,30,23
sei¬ 1234,1180,46,25
nem 714,1228,60,16
1989 792,1220,61,24
veröffentlichten 869,1219,232,25
Bericht 1117,1218,103,25
zur 1234,1226,46,16
Risiko-Kommunikation 713,1256,344,25
(zitiert 1070,1256,95,30
aus 1178,1264,46,16
[1]) 1237,1256,42,29
findet 713,1295,83,23
der 812,1295,44,23
National 871,1295,124,24
Research 1012,1294,128,24
Council: 1157,1293,122,24
«Die 714,1332,67,24
in 801,1332,26,24
einem 847,1332,86,24
früheren 953,1332,125,24
Stadium 1096,1331,119,25
der 1234,1331,45,25
Risikodebatte 714,1370,195,24
noch 920,1370,68,24
vehement 999,1370,141,24
geforder¬ 1150,1369,129,31
te 712,1411,25,21
Trennung 749,1408,143,30
der 907,1407,44,24
«Tatsachen» 967,1407,179,24
von 1162,1414,51,16
den 1228,1406,50,24
«Werten» 714,1445,140,24
hat 868,1444,44,25
sich, 924,1444,62,29
so 1000,1452,27,16
die 1041,1444,40,24
Schlussfolge¬ 1094,1444,185,30
rung 714,1490,65,23
der 800,1483,45,23
Kommission, 866,1482,188,28
in 1078,1482,25,23
der 1125,1482,45,23
Praxis 1192,1481,86,24
nicht 714,1520,71,23
verwirklichen 797,1519,199,24
lassen.» 1007,1519,110,24
<EOS>
Ich 1129,1520,44,23
meine, 1184,1519,94,29
wir 713,1556,46,25
sollten 769,1557,93,25
aus 873,1565,45,16
dem 929,1557,59,24
frühen 1000,1557,96,24
Stadium 1106,1556,118,25
der 1234,1556,45,24
Risikodebatte 715,1594,196,25
herauskommen. 946,1594,230,24
<EOS>
Dass 1214,1594,65,24
neue 715,1640,66,16
Ansichten 792,1632,144,24
sich 948,1632,55,24
nur 1015,1639,49,16
gegen 1074,1639,82,23
schwere 1167,1632,112,23
Widerstände 714,1670,179,23
durchsetzen 911,1670,171,23
können, 1101,1670,114,28
fol¬ 1234,1669,46,23
gert 714,1711,53,27
auch 780,1708,67,23
Davies 859,1707,96,24
[2]: 968,1708,40,29
«Wen 1021,1708,82,23
wundert 1116,1707,118,24
es, 1245,1715,33,20
dass 715,1745,55,24
die 792,1745,40,24
radikalen 853,1745,135,24
Vorstellungen 1008,1745,200,30
von 1229,1752,49,16
der 715,1783,44,23
Wirklichkeit, 768,1782,190,29
die 969,1782,40,24
sich 1019,1782,55,24
aus 1084,1790,45,16
der 1139,1782,45,24
Quan¬ 1193,1782,88,30
tentheorie 714,1819,145,25
ergeben, 870,1820,119,30
eine 1002,1819,57,24
jahrzehntelan¬ 1068,1819,212,31
ge 714,1865,29,23
Diskussion 762,1857,156,24
angefacht 936,1858,138,30
haben. 1093,1857,93,23
<EOS>
Wäh¬ 1205,1857,76,23
rend 715,1896,62,23
die 789,1895,42,24
praktische 842,1895,148,30
Anwendbarkeit 1002,1894,222,25
der 1235,1895,45,24
Quantentheorie 715,1932,225,31
ausser 964,1940,88,17
Zweifel 1075,1932,105,24
steht, 1205,1932,73,28
<EOS>
bereiten 799,1969,115,25
die 939,1969,41,25
erkenntnistheoreti¬ 1005,1969,275,25
schen 715,2007,78,24
und 805,2007,54,24
metaphysischen 870,2007,227,31
Aspekte 1109,2007,114,30
im¬ 1235,2007,46,23
mer 715,2052,55,17
wieder 779,2045,95,23
Probleme.» 883,2045,163,23
<EOS>
Wahrscheinlichkeit 713,2111,318,25
von 1038,2119,59,17
Kernschmelzunfällen 715,2148,346,25
Meine 715,2202,88,25
Vorbehalte 818,2203,157,24
gegen 990,2211,79,23
die 1085,2202,41,25
berechne¬ 1141,2203,139,23
ten 714,2245,41,19
Wahrscheinlichkeiten 781,2239,315,25
von 1122,2248,51,16
Kern¬ 1200,2241,79,23
schmelzunfällen 714,2278,236,24
basieren 961,2278,119,24
auf 1091,2278,45,23
den 1146,2278,50,23
nicht 1208,2278,71,23
berücksichtigten 715,2315,235,31
möglichen 979,2316,147,30
Ereignis¬ 1155,2315,125,31
sen 714,2361,45,16
einerseits 770,2353,133,24
und 916,2354,53,23
auf 981,2353,46,24
der 1037,2353,45,24
Unsicherheit 1095,2353,184,24
der 714,2391,44,24
Daten 781,2392,83,23
und 886,2391,53,24
Methoden 963,2391,144,24
anderseits. 1129,2391,149,24
<EOS>
Die 715,2428,49,25
berechneten 778,2428,175,25
Zahlenwerte 965,2429,180,24
habe 1159,2429,66,24
ich 1239,2428,41,25
zitiert, 714,2465,91,28
weil 822,2466,57,24
für 896,2466,41,24
mich 953,2466,71,24
trotz 1039,2471,66,19
den 1120,2466,50,24
Vorbe¬ 1185,2466,96,24
halten 715,2504,87,24
daraus 821,2504,93,24
folgender 934,2504,134,31
Schluss 1087,2504,103,24
gezo¬ 1209,2511,72,23
gen 714,2549,48,23
werden 775,2542,102,24
kann: 892,2542,80,23
Die 986,2541,47,24
Wahrscheinlich¬ 1046,2541,235,24
keit 715,2579,51,25
eines 804,2579,70,25
Kernschmelzunfalles 913,2580,304,24
in 1256,2579,24,24
einem 715,2617,85,25
westeuropäischen 826,2617,252,31
Kernreaktor 1105,2617,176,25
ist 717,2656,29,25
nicht 771,2657,71,24
vernachlässigbar 865,2657,241,30
klein. 1131,2657,77,24
<EOS>
Die 1234,2657,49,24
Formulierung 716,2694,201,31
war 930,2702,50,17
diesbezüglich 992,2694,192,31
offen¬ 1199,2695,84,24
sichtlich 715,2732,120,24
zu 851,2740,30,16
wenig 899,2731,83,31
präzis. 999,2731,91,31
<EOS>
Es 1107,2732,32,24
war 1155,2739,52,17
aber 1222,2732,61,24
<EOS>
<EOP>
nicht 1320,290,72,23
meine 1410,290,86,23
Absicht, 1514,289,117,29
den 1649,289,51,24
grossen 1718,296,106,23
Be¬ 1842,289,44,23
reich 1321,327,69,24
der 1404,327,45,24
berechneten 1461,327,176,24
Wahrscheinlich¬ 1649,326,237,25
keiten 1321,365,86,24
als 1419,365,36,24
Argument 1467,364,147,31
für 1626,364,41,24
ihre 1679,363,55,25
Unsicher¬ 1747,363,139,25
heit 1320,402,53,24
anzuführen. 1382,402,173,24
<EOS>
Radioaktive 1321,467,198,27
Freisetzung 1529,468,188,32
bei 1728,467,48,26
einem 1320,506,100,25
Kernschmelzunfall 1431,505,306,26
An 1320,560,42,23
dieser 1377,559,83,24
Kontroverse 1473,560,177,23
möchte 1665,559,104,24
ich 1783,558,42,25
zei¬ 1838,558,48,25
gen, 1320,605,56,23
wie 1387,597,47,24
wichtig 1444,596,105,31
die 1558,596,41,25
Details 1609,596,100,25
zur 1718,604,46,16
Beurtei¬ 1774,596,112,24
lung 1322,635,61,30
der 1397,634,45,25
Vorwürfe 1454,634,136,25
sind. 1604,634,66,24
<EOS>
Fuchs 1686,633,84,25
bestrei¬ 1783,633,104,24
tet, 1320,676,42,25
dass 1375,672,58,24
in 1444,671,27,24
der 1482,671,45,25
Deutschen 1538,671,150,24
Risikostudie, 1701,671,185,28
Phase 1322,710,80,23
B 1428,710,18,22
[3], 1471,710,38,28
Freisetzungsrechnungen 1535,709,351,30
durchgeführt 1321,747,189,30
worden 1528,747,106,23
sind. 1652,746,65,24
<EOS>
Mein 1737,746,74,24
Ver¬ 1828,746,61,24
gleich 1322,784,83,31
mit 1424,784,48,25
der 1489,784,46,25
im 1554,784,35,24
Tschernobyl-Unfall 1607,783,281,31
freigesetzten 1322,822,181,31
Radioaktivität 1516,821,204,25
sei 1732,820,37,25
deshalb 1781,820,107,25
gar 1322,867,44,24
nicht 1375,859,72,25
möglich. 1457,859,121,31
<EOS>
Die 1322,908,50,24
radioaktiven 1383,908,181,24
Freisetzungen 1574,908,201,30
werden 1785,907,104,24
im 1323,946,36,23
Schlussbericht 1375,945,206,24
der 1596,945,46,24
Deutschen 1657,945,151,24
Risi¬ 1825,944,64,25
kostudie, 1323,983,126,29
Phase 1472,984,80,24
B 1572,984,19,23
[3], 1610,983,38,30
im 1670,982,36,24
Kapitel 1726,982,104,31
8.2 1850,982,38,24
<EOS>
«Freisetzungsrechnungen» 1324,1021,387,31
behandelt, 1739,1020,148,28
und 1322,1058,55,25
die 1392,1058,41,25
Ergebnisse 1448,1057,152,32
sind 1615,1057,58,25
in 1689,1057,26,24
Tabelle 1729,1057,105,24
8.1 1849,1057,37,24
<EOS>
«Spaltproduktfreisetzungen 1324,1096,399,31
<EOS>
für 1847,1095,42,23
verschiedene 1324,1134,184,23
Unfallabläufe» 1547,1133,217,24
aufge¬ 1803,1132,86,30
führt. 1324,1171,79,24
<EOS>
Für 1427,1171,50,24
den 1499,1171,50,24
Unfallablauf 1571,1170,184,25
mit 1776,1170,47,24
der 1844,1170,46,24
höchsten 1324,1208,126,25
Freisetzungsrate 1481,1208,234,31
(frühzeiti¬ 1745,1207,145,30
ges, 1322,1254,50,23
grossflächiges 1384,1245,198,32
Versagen 1593,1246,131,30
des 1735,1245,44,24
Sicher¬ 1791,1245,99,24
heitsbehälters 1323,1284,198,23
beim 1530,1283,70,24
Kernschmelzen 1610,1283,224,23
un¬ 1842,1290,47,16
ter 1323,1325,38,20
hohem 1372,1321,99,24
Druck 1483,1321,90,24
oder 1585,1320,63,25
bei 1659,1320,42,24
Wasserstoff¬ 1712,1320,177,24
verbrennung) 1322,1358,197,31
werden 1543,1358,104,24
die 1670,1357,41,24
Ergebnisse 1737,1357,151,31
mit 1323,1395,48,25
den 1385,1395,51,25
von 1450,1403,52,17
der 1516,1395,46,24
UdSSR 1577,1395,102,24
veröffentlich¬ 1693,1394,196,24
ten 1322,1438,44,19
Werten 1381,1433,106,24
[4] 1503,1433,30,29
des 1549,1433,44,23
Tschernobyl-Unfal¬ 1608,1432,281,30
les 1323,1471,36,23
verglichen 1368,1470,149,31
(vgl. 1527,1471,60,30
<EOS>
Tabelle 1596,1470,105,24
1). 1714,1469,30,30
<EOS>
Für 1324,1520,50,23
den 1384,1519,51,24
von 1444,1527,53,16
mir 1506,1519,51,24
herausgegriffenen 1567,1518,258,31
Un¬ 1836,1519,54,23
fallpfad 1324,1557,110,31
mit 1452,1556,47,25
den 1516,1557,50,24
höchsten 1585,1556,126,24
Freisetzun¬ 1731,1555,158,25
gen 1323,1602,49,23
wurden 1413,1594,108,24
nicht 1562,1593,71,25
Einzelanalysen 1674,1593,215,31
durchgeführt, 1324,1632,196,31
wie 1533,1632,48,24
bei 1593,1632,41,23
den 1647,1632,51,23
anderen 1709,1632,116,23
Un¬ 1837,1632,54,22
fallpfaden, 1325,1670,152,30
sondern 1488,1670,115,23
es 1613,1676,24,17
wurden 1648,1669,107,23
Abschät¬ 1765,1669,126,23
zungen 1324,1715,103,23
gemacht. 1458,1707,127,30
<EOS>
Eine 1620,1706,63,25
Begründung 1715,1706,176,31
dazu 1324,1745,67,24
fehlt. 1409,1744,72,25
<EOS>
«Sehr 1502,1745,81,24
hohe 1602,1744,68,24
Freisetzungen 1690,1743,200,31
sind 1324,1782,58,24
bei 1403,1782,41,25
Unfallabläufen 1466,1782,218,24
möglich, 1706,1781,121,31
die 1849,1781,41,24
bereits 1324,1819,94,25
frühzeitig 1432,1819,139,31
zu 1583,1827,32,16
einem 1628,1819,87,24
grossflächi¬ 1727,1819,164,31
gen 1323,1865,50,23
Versagen 1390,1858,130,30
des 1539,1858,43,23
Sicherheitsbehälters 1601,1857,289,24
führen. 1325,1896,102,23
<EOS>
<EOS>
Für 1521,1896,51,23
die 1588,1894,41,25
hierzu 1646,1894,89,25
angegebe¬ 1751,1894,140,31
nen 1325,1941,51,16
Freisetzungen 1387,1932,201,31
wurden 1597,1932,107,25
keine 1715,1931,77,25
Einze¬ 1803,1931,88,25
lanalysen 1325,1970,132,32
durchgeführt. 1472,1970,196,31
<EOS>
Sie 1683,1969,41,25
wurden 1737,1969,107,24
le¬ 1859,1969,32,25
diglich 1324,2007,96,32
abgeschätzt. 1433,2007,171,32
<EOS>
Dabei 1620,2007,83,24
wurde 1716,2007,87,24
ange¬ 1817,2014,74,24
nommen, 1325,2053,134,20
dass 1472,2046,58,23
bei 1543,2045,40,24
Versagen 1595,2046,130,30
des 1737,2046,44,23
Sicher¬ 1793,2045,98,24
heitsbehälters 1325,2083,197,24
mindestens 1559,2083,160,24
50% 1755,2083,56,24
der 1847,2082,44,24
leichtflüchtigen 1324,2120,225,31
Nuklide 1576,2120,115,24
(J, 1718,2120,30,29
Cs, 1776,2120,41,25
Te) 1843,2119,47,28
nach 1324,2158,67,23
aussen 1402,2165,93,17
gelangen 1506,2158,126,30
und 1644,2157,54,24
während 1710,2157,124,23
der 1846,2157,45,23
Schmelze-Beton-Wechselwirkung 1323,2195,482,29
auch 1824,2195,67,23
<EOS>
<EOP>
Element 1348,2347,101,21
DRS. 1527,2347,66,23
<EOS>
Phase 1604,2346,71,22
Tschernobyl- 1716,2345,159,30
<EOS>
<EOP>
B[3] 1527,2379,57,30
unfall^] 1715,2379,115,30
Jod 1345,2447,41,21
50-90°o 1541,2447,94,21
20% 1740,2447,49,21
Cäsium 1346,2480,95,22
50-90% 1541,2481,94,21
13% 1742,2481,47,21
Tellur 1345,2515,77,21
50-90% 1541,2515,94,21
15% 1742,2515,47,21
Strontium 1345,2548,128,22
40% 1584,2548,51,22
4% 1753,2549,36,21
Barium 1347,2582,91,22
30% 1585,2582,50,22
6% 1753,2583,36,21
Tabelle 1333,2650,94,26
1. 1440,2652,15,23
<EOS>
Spaltproduktfreisetzung 1493,2650,331,33
ge¬ 1852,2660,45,23
mäss 1329,2692,66,22
Deutscher 1410,2688,137,26
Risikostudie 1560,2688,159,26
(DRS, 1733,2689,69,31
Phase 1818,2688,79,26
B) 1330,2727,25,31
und 1363,2726,51,26
beim 1421,2725,65,27
Tschernobylunfall 1499,2725,240,33
<EOS>
<EOP>
665 1849,2799,47,24
<EOS>
<EOP>
