1960,2865
Wasserwirtsch 60,90,197,25
a 260,100,16,15
ft 279,89,19,25
Schweizer 1121,91,138,25
Ingenieur 1266,93,130,30
und 1404,91,51,25
Architekt 1461,90,127,26
Nr. 1595,91,42,24
<EOS>
23, 1647,91,38,29
7. 1694,91,22,25
<EOS>
Juni 1726,92,57,24
1990 1793,92,59,25
<EOS>
<EOP>
Ein 56,196,45,24
neues 112,203,95,17
Rechtsempfinden 217,195,284,32
bezüglich 55,232,156,33
Gewässerschutz 221,232,266,25
Im 55,314,39,23
schweizerischen 105,312,231,25
Parlament 349,312,148,24
wird 508,312,64,24
ge¬ 583,320,39,23
genwärtig 54,350,141,31
der 213,351,44,23
revidierte 276,350,137,24
Text 430,351,64,23
des 512,350,44,24
Ge¬ 578,350,47,24
wässerschutzgesetzes 58,387,291,31
behandelt. 363,387,148,24
<EOS>
Dieser 531,388,91,23
Text 52,426,64,24
trägt 133,427,64,29
unter 213,429,77,21
anderem 306,425,124,24
den 447,425,51,24
Bedürf¬ 515,425,106,24
nissen 55,463,86,24
des 174,463,44,24
quantitativen 251,462,191,31
Gewässer¬ 476,462,145,24
schutzes 54,501,118,24
Rechnung, 184,500,153,31
mit 350,500,47,24
dem 408,500,59,24
sozusagen 478,507,143,23
das 54,538,44,24
Überleben 111,533,150,29
der 272,538,45,23
Gewässer 329,538,136,24
in 477,537,26,23
unserer 514,544,107,17
expansiven 55,575,158,31
Zeit 229,576,56,23
gesichert 301,575,127,31
werden 445,575,103,24
soll. 564,575,56,24
<EOS>
Noch 54,614,76,23
deutlicher 142,613,145,24
widerspiegelt 300,612,188,31
sich 500,612,54,24
das¬ 567,612,54,24
selbe 55,650,69,25
Anliegen 146,650,128,32
in 296,650,27,24
der 345,650,44,25
Volksinitiative 410,649,211,25
mit 55,688,47,24
dem 113,688,61,24
Titel 184,688,65,24
«Zur 264,688,69,24
Rettung 342,688,112,31
unserer 466,695,102,16
Ge¬ 578,687,45,24
wässer», 58,727,116,26
die 190,726,41,23
dem 248,726,59,23
Erhaltungsgedanken 325,725,296,31
eine 56,763,57,24
verfassungsmässige 138,763,277,30
Priorität 439,762,120,25
ge¬ 583,770,39,23
genüber 55,801,116,30
allen 189,800,68,24
anthropogenen 275,801,216,30
Einflüs¬ 511,800,111,24
sen 56,846,45,17
ausser 119,845,88,17
jenen 223,837,80,31
der 322,837,45,25
Fischerei 384,837,130,24
verlei¬ 533,837,89,24
hen 57,876,51,23
will. 131,875,60,24
<EOS>
Ähnliche 215,870,132,29
Bestrebungen 373,875,193,31
zu 589,883,32,15
einem 56,914,87,23
absoluten 164,914,137,23
Gewässerschutz 323,913,228,23
fin¬ 573,913,49,23
den 56,951,50,24
sich 119,951,54,24
auch 185,951,66,24
in 264,950,26,24
andern 302,951,100,24
Ländern. 415,951,128,24
<EOS>
Man 557,951,64,23
kann 56,989,71,24
sich 145,988,54,25
deshalb 217,988,108,24
fragen, 344,988,96,31
ob 460,988,33,24
die 511,987,40,25
ent¬ 569,992,53,20
sprechenden 56,1026,179,30
Normierungsvorschläge 278,1025,343,31
gleichsam 55,1063,141,31
eine 213,1063,58,24
Art 287,1063,47,24
Magna 351,1063,97,30
Charta 464,1063,98,24
der 577,1063,45,24
Gewässer 57,1101,134,24
begründen 209,1102,152,29
wollen. 379,1101,101,23
<EOS>
Die 500,1101,49,23
Ma¬ 567,1101,55,23
gna 55,1146,49,23
Charta 126,1138,97,24
war 244,1146,51,16
bekanntlich 316,1138,170,24
eine 506,1138,59,24
im 585,1137,36,25
Jahre 55,1176,75,24
1215 147,1176,60,24
zum 221,1184,61,16
Schutz 295,1176,95,24
englischer 403,1175,146,31
Bür¬ 561,1176,61,23
ger 55,1221,43,23
ausgefertigte 118,1213,180,31
Urkunde 319,1213,127,24
und 466,1213,53,24
stellte 538,1213,83,24
für 56,1251,42,24
lange 111,1251,74,31
Zeit 199,1251,57,24
das 269,1251,45,24
wichtigste 328,1251,143,30
Grundge¬ 485,1251,137,30
setz 55,1293,52,19
Englands 119,1289,131,30
dar. 262,1289,52,23
<EOS>
Sie 328,1288,40,24
war, 379,1296,60,21
wie 451,1288,48,24
man 511,1295,62,16
im 585,1288,36,23
Lexikon 56,1326,116,24
lesen 193,1326,69,24
kann, 282,1326,79,28
eine 381,1325,58,25
dem 458,1326,59,24
König 540,1326,84,30
Johann 55,1362,102,26
«ohne 169,1363,83,25
Land» 262,1363,90,25
von 361,1371,51,17
Adel 422,1363,67,24
und 500,1364,51,23
Kle¬ 563,1363,58,24
rus 55,1409,42,16
abgenötigte 124,1401,163,31
lehensrechtliche 314,1400,233,25
Ur¬ 574,1401,47,24
kunde, 56,1438,94,28
die 168,1438,41,24
Garantien 228,1438,145,24
gegen 390,1446,81,23
willkürli¬ 488,1438,133,24
che 55,1477,47,22
Verhaftung, 133,1476,170,30
Eigentumsbeschlag¬ 338,1476,283,30
nahme 56,1514,96,24
und 167,1514,54,24
masslose 237,1514,124,24
Besteuerung 378,1514,175,30
ent¬ 568,1517,53,21
hielt 55,1551,63,25
sowie 130,1551,77,25
die 220,1551,42,25
Freiheit 275,1551,114,24
der 400,1551,45,24
Kirche 459,1551,96,24
und 567,1551,54,24
die 54,1588,43,25
Privilegien 108,1588,156,32
der 274,1588,46,25
Städte 331,1589,87,24
schützte. 430,1589,123,24
<EOS>
Per¬ 566,1589,56,24
siflierend 56,1626,134,24
auf 209,1626,46,24
die 273,1626,41,24
Gewässer 334,1626,136,24
abgewan¬ 489,1626,133,31
delt, 56,1665,58,27
könnte 134,1665,97,23
man 250,1672,61,16
heute 329,1665,76,23
nun 423,1671,55,16
etwa 494,1668,65,20
fol¬ 576,1664,46,24
gendes 55,1702,95,30
definieren: 159,1701,158,25
Magna 58,1751,97,30
Charta 171,1750,95,25
der 280,1750,45,25
Gewässer: 338,1751,140,24
Eine 491,1751,63,24
dem 566,1750,57,25
Volk 61,1787,62,26
ohne 135,1787,66,26
Land 212,1787,73,26
sprich 295,1787,83,32
ohne 389,1787,67,26
Naturreser¬ 467,1789,157,23
ven 58,1834,44,16
abgenötigte 113,1825,163,32
wasserrechtliche 288,1825,226,25
Urkun¬ 528,1825,96,25
de, 58,1863,38,28
die 124,1863,39,24
Garantien 191,1864,139,24
gegen 356,1871,77,23
willkürliche 461,1863,163,24
Verbauung, 62,1901,156,31
quantitative 240,1902,168,30
Beschränkung 427,1900,198,32
und 58,1938,52,25
masslose 120,1938,121,25
Nutzung 252,1940,121,29
der 382,1938,44,25
Gewässer 435,1939,131,24
ent¬ 574,1944,51,19
hält 58,1976,53,25
sowie 121,1978,76,23
die 208,1976,41,25
Freiheit 260,1976,108,25
zur 378,1985,45,16
Erholung 433,1975,129,32
und 573,1976,53,25
die 58,2013,40,25
Privilegien 108,2013,145,32
der 264,2013,45,25
Fischerei 317,2013,122,25
schützt. 448,2013,105,24
<EOS>
Tatsächlich 54,2062,163,24
schreibt 228,2062,112,24
man 352,2070,60,16
heute 424,2062,76,24
den 511,2062,50,23
Ge¬ 572,2062,50,24
wässern 54,2101,112,22
und 185,2100,54,23
damit 257,2100,83,23
auch 358,2100,67,23
den 444,2100,51,23
Flüssen 515,2099,106,24
gleichsam 54,2137,142,30
Grundrechte 211,2137,185,25
zu 411,2145,31,16
und 457,2137,54,24
behan¬ 526,2137,95,24
delt 54,2174,52,24
sie 116,2174,36,25
wie 163,2174,46,25
Lebewesen, 221,2175,162,28
ja 393,2174,27,32
fast 431,2175,48,24
wie 490,2174,47,24
Men¬ 548,2175,73,23
schen. 54,2211,87,23
<EOS>
Oder 158,2211,71,24
anders 243,2211,93,23
gesehen: 351,2210,123,31
Man 489,2211,65,23
will 569,2209,52,25
die 54,2248,42,24
Gewässer 108,2248,136,24
um 255,2256,45,16
ihrer 312,2248,70,24
selbst 393,2248,77,24
willen 482,2247,87,25
be¬ 582,2248,39,24
wahren. 55,2286,112,24
<EOS>
Dementsprechend 181,2285,261,31
haben 455,2285,85,24
diese 552,2284,69,25
Gewässer 56,2323,135,24
heute 210,2323,76,24
ihre 306,2323,55,25
Anwälte, 379,2322,127,29
die 526,2322,41,24
sie 586,2322,35,24
gegen 54,2368,81,23
den 156,2361,50,24
Wasserbau 226,2361,154,24
und 403,2361,52,23
die 477,2360,41,24
Land¬ 540,2360,81,23
wirtschaft 55,2398,141,24
verteidigen, 222,2399,167,30
die 415,2398,41,23
genau 480,2405,83,23
zu 589,2405,31,16
wissen 56,2435,90,25
scheinen, 168,2436,132,29
was 323,2443,50,17
den 394,2436,51,24
Gewässern 466,2436,155,24
frommt, 57,2473,115,29
und 191,2474,53,24
die 260,2473,41,25
solche, 318,2474,95,28
die 431,2472,41,25
das 489,2473,44,24
nicht 550,2472,71,25
anerkennen 56,2511,169,24
wollen, 249,2512,101,26
vor 374,2519,46,16
Gericht 443,2510,108,25
zie¬ 574,2510,48,24
hen. 58,2548,57,24
<EOS>
Was 134,2549,57,23
schon 209,2549,81,24
längere 308,2548,103,31
Zeit 429,2548,55,24
im 503,2548,34,23
Tier¬ 554,2548,68,23
schutz 55,2587,91,23
gilt, 158,2586,52,30
wird 225,2587,62,23
nun 302,2594,54,16
auf 370,2587,46,23
Pflanzen 429,2586,124,23
und 569,2586,52,23
Gewässer 52,2626,136,23
übertragen. 209,2625,161,31
<EOS>
Ebenso 394,2625,100,23
werden 516,2624,101,24
Vereine 52,2663,110,23
legitimiert, 173,2663,155,30
gleichsam 339,2662,139,31
deren 490,2662,79,24
In¬ 581,2661,38,24
teressen 52,2705,111,20
wahrzunehmen, 177,2700,231,27
eine 422,2699,57,25
Möglich¬ 493,2698,126,32
keit, 54,2738,58,27
von 142,2746,49,16
der 221,2738,45,24
die 293,2737,41,25
grossen 362,2745,104,24
Umwelt¬ 498,2736,122,25
<EOS>
<EOP>
schutzverbände 668,175,223,24
heute 903,175,77,23
eifrig 992,174,76,31
und 1079,175,53,24
vor 1144,183,46,16
al¬ 1201,175,33,24
lem 668,213,52,23
gegen 739,220,81,23
Pläne 841,213,77,23
zur 938,220,46,16
Wasserkraftnut¬ 1003,213,231,23
zung 667,257,68,23
Gebrauch 745,250,141,23
machen. 897,250,118,23
<EOS>
<EOP>
Der 668,378,58,23
Stand 734,376,94,25
der 838,376,55,25
Wasserkraftnutzung 665,413,343,33
in 1019,415,27,24
der 1057,414,56,25
Schweiz 666,450,131,27
Die 667,532,48,23
Intensivierung 727,532,209,30
der 947,532,44,23
Wasserkraftnut¬ 1001,532,232,24
zung 665,577,69,23
der 744,570,45,24
Vergangenheit 798,569,210,31
war 1019,577,51,17
im 1081,569,36,24
wesent¬ 1128,574,105,20
lichen 666,606,87,24
durch 767,607,82,24
vier 863,606,54,25
Phasen 930,607,101,24
gekennzeich¬ 1045,607,189,31
net: 666,648,53,19
<EOS>
<EOP>
- 666,710,14,3
die 699,696,41,24
Pionierzeit 751,696,155,24
von 915,704,53,16
den 978,696,50,24
ersten 1038,700,85,21
Anfän¬ 1133,697,101,24
gen 698,741,50,23
bis 757,733,39,24
1907, 809,733,69,28
<EOS>
<EOP>
- 666,785,14,3
der 699,770,46,25
Aufschwung 753,770,182,31
von 943,778,53,17
1908 1008,771,60,24
bis 1080,770,38,25
1945, 1131,771,68,28
<EOS>
<EOP>
- 666,823,14,3
die 699,808,42,24
Blütezeit 751,809,125,23
von 886,816,52,16
1946 951,809,61,23
bis 1022,809,38,23
1970, 1074,809,67,28
<EOS>
<EOP>
- 667,860,14,4
der 700,846,45,24
Endausbau 754,846,158,24
von 920,853,53,17
1971 986,846,58,23
bis 1057,845,38,25
heute. 1105,846,84,23
<EOS>
Hier 667,894,64,24
soll 742,894,47,24
nur 801,902,49,16
auf 861,894,46,24
die 917,893,41,25
letzte 970,894,75,24
Phase 1057,894,81,24
einge¬ 1150,893,84,32
gangen 666,939,101,24
werden. 779,931,111,24
<EOS>
Schon 904,931,87,25
in 1003,931,27,24
den 1042,931,50,24
60er 1105,931,60,24
Jah¬ 1176,931,58,24
ren 667,977,46,16
zeichnete 732,969,135,24
sich 887,969,56,24
ab, 964,969,38,28
was 1024,976,51,17
man 1096,976,63,17
auf¬ 1179,969,55,24
grund 666,1007,84,30
der 769,1007,45,23
damals 832,1007,99,23
ungestümen 951,1008,173,29
Bautä¬ 1144,1007,90,23
tigkeit 666,1044,90,30
zwar 781,1052,67,16
vorausgesagt, 873,1048,189,26
aber 1088,1045,61,23
viel¬ 1173,1044,61,24
leicht 667,1081,78,25
doch 762,1082,68,24
nicht 848,1081,71,25
ganz 936,1090,65,23
geglaubt 1018,1081,119,32
hatte, 1155,1082,77,28
nämlich 668,1119,116,24
der 795,1119,45,24
Endausbau 853,1118,157,25
der 1019,1119,45,24
schweizeri¬ 1074,1118,160,25
schen 667,1157,80,24
Wasserkräfte! 764,1157,198,24
<EOS>
Mangels 980,1157,119,30
weiterer 1118,1157,116,23
realisierbarer 668,1194,191,24
Projekte 892,1195,119,30
verlangsamte 1043,1195,190,30
sich 666,1232,56,24
der 741,1232,45,24
Bau 804,1233,55,23
von 877,1240,53,16
Wasserkraftanlagen 947,1232,286,30
zunehmend 666,1269,169,24
und 857,1270,52,23
vermochte 931,1269,151,24
mit 1105,1268,47,25
dem 1173,1269,60,24
weiterhin 666,1306,137,25
steigenden 852,1306,151,31
Strombedarf 1053,1306,181,24
nicht 666,1344,73,24
mehr 755,1345,75,23
Schritt 845,1344,94,24
zu 954,1352,32,16
halten. 1003,1345,96,23
<EOS>
Deshalb 1117,1344,115,24
mussten 667,1386,116,20
die 803,1382,40,24
für 864,1382,42,24
die 925,1382,41,24
Stromversorgung 986,1382,247,30
Verantwortlichen 665,1419,253,25
nach 928,1420,67,24
andern 1005,1419,99,25
Energie¬ 1114,1419,119,30
quellen 666,1457,104,31
Ausschau 797,1457,137,24
halten. 961,1457,96,24
<EOS>
Die 1085,1456,49,25
Inbe¬ 1161,1457,72,24
triebnahme 667,1494,164,24
des 846,1494,43,24
ersten 903,1499,85,19
schweizerischen 1002,1494,231,24
Kernkraftwerkes 668,1532,242,24
in 931,1532,27,23
Beznau 978,1532,103,23
im 1102,1532,35,23
Jahre 1156,1532,76,23
1969 670,1570,61,23
kündete 745,1570,114,23
die 871,1569,41,24
neue 925,1577,66,16
Zeit 1004,1569,55,24
an. 1072,1577,41,16
<EOS>
Anfang 1127,1569,107,30
der 667,1608,45,24
80er 725,1608,60,24
Jahre 796,1608,76,24
kam 886,1607,61,24
der 959,1607,45,24
Bau 1017,1608,53,23
von 1083,1615,52,16
neuen 1148,1615,85,16
und 667,1645,54,24
reinen 743,1644,90,25
Wasserkraftanlagen 853,1644,285,31
prak¬ 1160,1645,74,30
tisch 668,1682,64,24
ganz 751,1690,65,23
zum 836,1690,61,16
Erliegen. 917,1682,125,31
<EOS>
Die 1063,1681,50,25
weitere 1131,1681,103,25
Aktivität 668,1720,128,24
betraf 810,1720,85,24
vor 908,1727,47,17
allem 969,1720,78,23
den 1062,1720,51,23
Umbau 1129,1720,105,23
einiger 667,1757,98,31
älterer 784,1758,94,23
Anlagen 896,1758,120,30
sowie 1035,1757,78,24
die 1131,1757,42,24
Er¬ 1192,1757,42,24
gänzung 667,1797,120,28
von 803,1803,51,16
bestehenden 870,1795,177,24
Hochdruck- 1065,1795,169,24
Speicher-Kraftwerken 667,1832,318,31
mit 1021,1832,46,24
Speicher¬ 1102,1832,132,31
pumpen. 668,1878,124,22
<EOS>
Sie 803,1870,40,24
bedingte 854,1870,121,31
damit 985,1869,82,25
nur 1077,1877,49,16
wenige 1135,1869,99,31
spektakuläre 668,1908,182,29
Bauten 866,1908,98,23
und 980,1908,53,23
insbesondere 1048,1908,185,23
keine 669,1945,75,24
stolzen 756,1946,98,23
Talsperren. 864,1945,162,30
<EOS>
Für 1040,1946,50,23
die 1101,1945,40,24
heuti¬ 1153,1945,81,24
ge 667,1991,29,22
Situation 710,1982,128,25
ist 853,1982,29,25
kennzeichnend, 897,1982,225,28
dass 1136,1982,58,24
in 1207,1982,27,24
der 667,2020,45,24
Schweiz 736,2019,114,25
für 875,2020,41,24
die 939,2019,41,25
Wasserkraftnut¬ 1003,2020,231,24
zung 667,2065,69,23
derzeit 749,2057,96,25
keine 859,2057,77,25
einzige 950,2057,100,31
Talsperre 1068,2057,127,31
in 1208,2057,25,24
Bau 668,2096,53,22
ist. 732,2095,38,24
<EOS>
Es 781,2096,31,23
ist 822,2095,31,24
bloss 863,2096,68,23
eine 941,2095,58,24
Erhöhung 1009,2096,144,29
einer 1162,2095,72,24
bestehenden 668,2133,176,23
Staumauer, 857,2133,161,28
nämlich 1032,2133,116,23
jener 1158,2132,76,31
von 667,2178,52,16
Mauvoisin, 731,2170,158,29
im 903,2170,34,24
Gang. 950,2171,84,30
<EOS>
Auch 1047,2170,75,25
decken 1134,2171,99,24
die 666,2207,41,25
Wasserkraftanlagen 743,2208,285,31
bekanntlich 1063,2208,170,25
nur 668,2253,48,16
noch 747,2246,67,23
60% 843,2246,57,23
des 929,2246,43,24
schweizerischen 1002,2245,231,25
Strombedarfs. 666,2283,200,24
<EOS>
Damit 666,2322,89,25
ist 780,2322,29,24
die 831,2322,41,24
Ausgangslage 895,2322,193,31
für 1112,2322,40,24
eine 1174,2322,58,23
Beurteilung 667,2360,167,31
der 850,2361,45,23
Entwicklung 913,2360,181,30
gegeben. 1109,2360,121,30
<EOS>
Zunächst 665,2398,132,24
soll 810,2398,49,24
nur 872,2405,49,17
von 935,2405,51,16
der 1000,2398,45,23
eigentlichen 1057,2397,175,31
Wasserkraftnutzung, 665,2436,300,29
also 980,2435,54,24
von 1048,2443,51,16
der 1112,2435,46,24
Um¬ 1171,2435,63,24
wandlung 666,2473,142,31
der 823,2473,45,24
Schwereenergie 882,2472,225,31
der 1123,2472,45,25
Ge¬ 1184,2472,50,25
wässer 667,2513,92,22
in 781,2510,25,24
Strom, 828,2511,93,27
die 944,2510,41,24
Rede 1008,2510,69,24
sein. 1099,2510,63,24
<EOS>
Die 1185,2510,49,24
Umwandlung 667,2548,197,31
von 893,2556,51,16
Sommerstrom 974,2548,202,24
in 1208,2548,25,23
Winterstrom 667,2586,181,24
mit 873,2586,46,23
Speicherpumpen 942,2586,241,30
in 1208,2585,24,24
Speicherkraftwerken 665,2626,300,30
wird 977,2626,63,25
weiter 1052,2626,88,24
unten 1151,2631,80,19
behandelt. 666,2664,147,24
<EOS>
Es 834,2664,30,23
gilt 881,2664,44,30
in 944,2664,25,23
der 987,2664,45,24
Elektrizitäts¬ 1050,2664,182,24
wirtschaft 665,2701,142,24
nämlich 820,2701,114,24
gleichsam 947,2702,141,30
den 1101,2702,49,23
«Ge¬ 1163,2702,70,23
nerator» 667,2743,120,20
von 805,2747,51,16
der 872,2739,46,25
«Batterie» 935,2739,146,25
zu 1099,2747,30,16
unter¬ 1147,2744,85,19
<EOS>
<EOP>
scheiden: 1278,174,133,24
Ein 1427,174,46,24
reines 1489,174,84,24
Kraftwerk 1589,174,148,23
ist 1753,174,29,23
sei¬ 1798,174,46,24
nem 1278,219,61,17
Wesen 1348,213,94,22
nach 1453,212,67,23
ein 1531,211,42,24
Generator, 1584,212,154,28
weil 1750,211,58,24
es 1818,219,25,16
aus 1278,257,44,16
einer 1343,249,71,24
fremden 1433,249,121,24
Energie 1574,248,109,31
Strom 1703,249,86,24
er¬ 1808,257,36,16
zeugt. 1278,291,80,27
<EOS>
Ein 1372,287,47,24
reines 1431,287,84,24
Pumpspeicherwerk 1527,286,275,31
ist 1813,286,31,25
hingegen 1278,324,129,32
eine 1425,324,58,25
Batterie, 1501,324,119,29
weil 1639,324,57,24
es 1715,332,25,16
Strom 1759,324,84,24
aufnimmt 1278,362,143,24
und 1430,362,54,24
anschliessend 1494,362,194,24
wieder 1698,362,95,24
ab¬ 1803,362,42,23
gibt. 1277,400,61,30
<EOS>
Das 1350,400,53,24
eine 1413,400,59,24
ist 1483,400,31,24
also 1524,400,55,24
eine 1590,400,58,23
Produktions¬ 1659,399,186,24
anlage, 1278,438,97,30
das 1393,438,44,23
andere 1454,438,95,23
ein 1566,438,43,23
Lager 1626,438,80,29
oder 1722,437,63,24
ein 1800,436,43,25
Speicher. 1277,475,129,30
<EOS>
<EOP>
Die 1274,585,52,24
Weiterentwicklung 1334,583,315,33
der 1659,583,56,26
Stromproduktion 1274,621,284,32
aus 1568,629,56,17
Wasserkraft 1632,621,208,25
Die 1274,700,49,24
schon 1339,700,80,25
seit 1435,700,47,24
längerer 1497,700,118,31
Zeit 1629,700,56,24
besonders 1699,700,141,24
von 1273,745,54,17
Fischerei 1342,737,131,24
und 1488,737,55,24
Naturschutzkreisen 1559,737,282,24
angestrebte 1275,775,161,30
Erhöhung 1455,776,144,29
der 1615,775,46,24
Restwasser¬ 1681,776,163,23
abflüsse 1277,812,116,31
soll 1408,813,48,24
bekanntlich 1475,812,171,25
im 1665,812,36,24
Rahmen 1720,812,122,24
der 1274,849,45,24
Revision 1334,848,125,24
des 1473,848,44,25
Gewässerschutzgeset¬ 1532,848,310,30
zes 1273,894,42,16
oder 1330,886,64,24
aber 1408,886,62,24
der 1485,886,45,24
Volksinitiative 1543,885,212,25
«Zur 1772,886,70,23
Rettung 1275,925,114,29
unserer 1411,931,108,16
Gewässer» 1543,924,153,23
verwirk¬ 1721,923,121,24
licht 1275,962,62,24
werden. 1346,962,111,24
<EOS>
Der 1275,1011,53,24
dem 1339,1011,60,24
Parlament 1411,1010,148,24
im 1570,1009,36,24
Juli 1615,1009,52,25
1987 1681,1009,61,24
vorge¬ 1753,1017,89,23
legte 1275,1048,64,31
Revisionsentwurf 1352,1047,253,25
sieht 1615,1047,66,24
diesbezüg¬ 1692,1046,150,31
lich 1275,1085,52,24
ja 1342,1085,28,31
ein 1387,1085,42,24
Zweifaches 1447,1085,160,24
vor: 1626,1092,55,16
eine 1698,1084,58,24
Min¬ 1777,1085,67,23
destanforderung 1278,1122,231,32
und 1521,1123,55,23
einen 1593,1122,77,24
Ermessens¬ 1689,1123,155,23
spielraum. 1276,1160,145,31
<EOS>
Die 1458,1160,49,24
Mindestanforderung 1544,1159,298,31
schreibt 1275,1198,112,24
vor, 1399,1206,53,20
welcher 1465,1197,111,25
Abfluss 1588,1197,107,24
auf 1707,1197,46,24
jeden 1762,1196,80,31
Fall 1275,1235,54,25
im 1350,1235,35,24
Fluss 1405,1235,72,24
oder 1497,1235,63,24
Bachbett 1579,1234,124,25
belassen 1723,1234,119,24
werden 1274,1273,104,23
muss 1396,1280,70,17
und 1484,1273,54,24
damit 1556,1272,82,24
nicht 1656,1272,72,23
gefasst 1746,1272,94,30
und 1274,1311,54,23
abgeleitet 1349,1310,136,31
werden 1505,1310,104,24
darf. 1629,1309,65,25
<EOS>
Sie 1715,1309,41,25
wird 1776,1309,64,24
durch 1274,1348,82,24
eine 1375,1347,58,25
Kurve 1451,1349,88,23
dargestellt, 1558,1347,154,31
aus 1732,1354,45,17
der 1796,1346,46,25
sich 1274,1385,55,25
die 1349,1385,40,25
Mindestabflüsse 1409,1385,232,24
in 1661,1384,26,24
Funktion 1708,1384,132,24
des 1274,1423,44,24
Wasserdargebots 1331,1423,239,30
herausgreifen 1585,1422,196,30
las¬ 1795,1422,46,23
sen. 1274,1468,53,16
<EOS>
Der 1275,1510,53,23
Ermessensspielraum 1351,1508,293,30
besagt, 1665,1509,95,29
dass 1783,1508,58,24
die 1274,1546,42,25
Kantone 1337,1547,122,24
als 1480,1546,36,24
Vollzugsbehörde 1537,1546,239,30
des 1797,1546,44,24
Gewässerschutzgesetzes 1276,1584,342,31
gehalten 1635,1584,122,30
sind, 1775,1583,66,27
den 1276,1622,50,24
Mindestabfluss 1338,1621,217,24
im 1567,1621,36,23
Einzelfall 1615,1621,138,24
allen¬ 1764,1621,78,24
falls 1277,1659,57,24
soweit 1354,1659,88,24
zu 1461,1667,32,16
erhöhen, 1513,1659,125,28
als 1659,1659,36,23
dies 1715,1658,54,24
auf¬ 1788,1659,54,23
grund 1275,1697,84,30
einer 1375,1696,71,24
Interessenabwägung 1463,1697,290,29
gebo¬ 1767,1696,75,30
ten 1277,1738,42,21
ist. 1334,1734,38,25
<EOS>
Diese 1389,1734,77,25
Abwägung 1481,1734,153,30
hat 1648,1734,44,24
sämtliche 1706,1733,136,25
mit 1277,1771,46,25
dem 1336,1772,60,24
Abfluss 1408,1772,108,24
zusammenhängenden 1528,1771,314,30
Fragen 1277,1810,97,30
zu 1396,1817,31,16
berücksichtigen, 1450,1808,233,31
also 1706,1808,53,24
zum 1781,1816,61,16
Beispiel 1278,1847,109,30
neben 1402,1847,85,23
ökologischen 1500,1847,187,30
auch 1701,1846,66,23
öko¬ 1781,1846,61,23
nomische. 1278,1884,141,24
<EOS>
Nun 1277,1934,62,23
ist 1355,1933,31,24
es 1402,1941,25,16
ohne 1444,1933,70,24
weiteres 1531,1932,114,25
möglich, 1662,1932,121,31
die 1801,1931,41,25
sich 1277,1970,54,25
aus 1347,1978,45,17
der 1408,1970,45,25
Mindestanforderung 1471,1969,292,31
erge¬ 1775,1977,68,23
bende 1278,2008,83,24
Energieeinbusse 1392,2007,230,31
von 1653,2015,50,16
Umleit¬ 1734,2007,109,24
kraftwerken 1278,2046,173,24
zu 1470,2053,32,16
bestimmen. 1521,2045,164,24
<EOS>
Hingegen 1705,2045,137,30
kann 1278,2084,70,23
die 1363,2083,41,24
sich 1419,2083,54,24
aus 1488,2090,46,17
dem 1549,2083,60,24
Ennessensspiel- 1627,2081,219,32
raunt 1279,2129,71,16
ergebende 1406,2121,144,30
Energieeinbusse 1610,2119,232,32
grundsätzlich 1276,2158,193,32
nicht 1490,2158,70,24
vorausgesagt 1582,2162,179,27
wer¬ 1782,2165,60,16
den. 1277,2197,57,24
<EOS>
Einen 1351,2196,82,25
gewissen 1448,2195,124,32
Anhaltspunkt 1588,2195,197,31
lie¬ 1801,2195,42,24
fert 1278,2235,47,24
vielleicht 1338,2234,130,24
der 1481,2234,45,24
Umstand, 1538,2234,138,27
dass 1689,2233,57,24
einige 1759,2233,83,30
Kantone 1278,2272,121,24
kürzlich 1411,2272,118,23
Mindestabflüsse 1541,2271,232,24
fest¬ 1786,2271,57,24
gelegt 1276,2311,82,30
haben, 1372,2310,94,28
die 1480,2309,41,24
um 1534,2316,45,17
30% 1593,2309,56,24
bis 1663,2309,37,24
270% 1714,2309,72,24
hö¬ 1801,2309,43,24
her 1278,2348,45,24
lagen 1341,2348,73,30
als 1431,2348,36,24
der 1484,2348,45,24
Mindestanforderung 1547,2346,297,31
entsprechend. 1277,2386,198,30
<EOS>
Dabei 1496,2385,84,24
stützten 1599,2387,111,23
sich 1729,2384,54,25
die 1803,2384,40,25
Entscheidungsinstanzen 1278,2423,347,31
vornehmlich 1660,2422,183,24
auf 1278,2461,45,24
Fischereigutachten. 1334,2460,277,32
<EOS>
Auch 1278,2510,76,24
die 1381,2510,41,24
Untersuchungen 1449,2510,238,29
der 1715,2509,44,23
Ver¬ 1786,2509,59,23
suchsanstalt 1278,2548,172,23
für 1461,2548,42,23
Wasserbau. 1512,2547,162,25
<EOS>
Hydrologie 1687,2545,157,32
und 1278,2586,53,23
Glaziologie 1342,2585,164,31
der 1516,2585,45,24
ETH 1571,2585,65,24
Zürich 1647,2584,95,25
im 1753,2583,34,25
Zu¬ 1797,2584,49,23
sammenhang 1278,2628,191,31
mit 1494,2628,44,24
Umweltverträglich¬ 1565,2626,280,31
keitsprüfungen 1279,2665,216,31
(UVP) 1513,2665,91,30
haben 1622,2665,86,24
ergeben, 1725,2664,118,31
dass 1278,2703,56,24
die 1356,2703,42,24
Mindestabflüsse 1422,2703,232,24
bei 1676,2702,39,24
alpinen 1738,2702,105,30
Wildbächen 1278,2740,171,24
während 1467,2739,123,25
der 1608,2739,45,24
Sommermo- 1669,2739,176,24
656 52,2808,48,23
<EOS>
<EOP>
