1960,2865
Wasserwirtschaft 96,83,238,26
Schweizer 1157,80,138,25
Ingenieur 1302,80,131,32
und 1439,79,52,26
Architekt 1496,78,128,26
Nr. 1632,79,40,24
<EOS>
23, 1682,78,39,29
7. 1731,79,22,24
<EOS>
Juni 1763,78,56,24
1990 1830,78,58,24
<EOS>
<EOP>
<-¦¦ 517,326,38,14
<EOS>
<EOP>
SS: 664,557,25,22
<EOS>
<EOP>
-r 1691,607,29,15
..=-w- 1011,621,65,11
<EOS>
<EOP>
L:-r 1653,706,40,15
Bild3. 91,760,78,27
<EOS>
Das 207,762,51,24
im 274,762,31,24
Rahmen 322,759,108,27
der 447,759,47,26
Juragewässerkorrektion 507,758,332,33
erstellte 856,757,108,25
Aareregulierwehr 89,798,245,33
bei 348,798,42,25
Brugg 405,798,81,31
soll 501,797,46,25
durch 561,796,75,26
ein 653,798,39,23
Kraftwerk 709,795,133,26
ergänzt 859,798,106,29
werden, 92,837,105,28
das 209,836,48,25
bei 266,835,42,25
einer 317,837,69,23
Ausbauleistung 393,834,212,31
von 616,843,47,16
5,2 673,834,42,29
M 723,834,26,24
W 757,834,31,23
eine 795,835,56,23
mittlere 861,832,103,25
Jahresproduktion 91,872,239,32
von 342,881,47,16
25 400,873,33,24
GWh 443,871,73,26
aufweist. 527,870,119,27
<EOS>
Der 658,872,50,23
Berner 716,871,92,24
Grosse 817,870,94,25
Rat 922,870,44,24
hat 91,909,44,27
dafür 143,909,75,26
kürzlich 225,909,104,26
die 339,909,39,26
Konzession 388,910,152,24
erteilt 549,908,81,25
(Bild 638,907,60,32
BKW). 705,908,82,30
<EOS>
<EOP>
Bild 1013,755,50,26
4. 1070,757,21,24
<EOS>
Eines 1127,757,70,24
der 1209,755,47,26
wenigen 1267,757,113,30
in 1393,757,23,23
den 1427,754,50,26
letzten 1490,754,92,26
10 1599,755,28,24
Jahren 1638,754,93,25
neuerstell¬ 1743,753,143,26
ten 1013,798,39,21
Kleinwasserkraftwerke: 1069,792,320,26
Zentrale 1405,791,116,26
Val 1542,791,42,26
Giuf 1600,791,63,26
bei 1676,791,43,25
Sedrun 1733,791,94,25
mit 1845,792,42,23
einer 1013,833,69,23
Ausbauleistung 1091,830,212,32
von 1317,839,47,15
1,5 1382,831,38,28
MW 1429,830,65,23
und 1504,828,51,25
einer 1565,830,70,23
Jahresproduktion 1645,826,241,33
von 1014,878,47,15
6,2 1070,869,43,28
GWh. 1121,867,80,26
<EOS>
<EOP>
kraftwerk 91,1011,141,24
mit 252,1010,47,24
Abstand 318,1009,119,25
die 456,1009,42,24
günstigste 516,1008,142,31
und 91,1048,55,24
umweltfreundlichste 155,1046,297,26
«Batterie». 463,1046,155,24
<EOS>
Damit 92,1096,89,25
sei 196,1096,34,24
auch 245,1096,67,24
mit 326,1096,47,23
Nachdruck 386,1095,160,24
betont, 560,1095,96,28
dass 91,1135,58,24
es 163,1142,27,16
sinnvoll 203,1134,116,24
ist, 333,1133,39,29
in 388,1133,28,24
der 429,1133,46,24
Schweiz 488,1132,115,25
die 616,1131,43,25
Pumpspeichermöglichkeiten 93,1170,410,32
zu 516,1178,31,16
verbes¬ 559,1169,101,25
sern. 92,1218,66,16
<EOS>
In 174,1210,28,23
der 216,1209,45,24
Tat 272,1210,46,23
stehen 332,1208,90,25
ja 433,1208,28,31
verschiedene 473,1207,187,25
neue 93,1255,66,16
Saisonspeicher 180,1245,213,32
und 414,1245,54,24
Erweiterun¬ 490,1245,170,23
gen 92,1292,49,23
von 161,1292,52,16
bestehenden 231,1284,179,24
Saisonspeichern 428,1282,231,31
zur 93,1330,46,16
Diskussion 149,1321,157,25
oder 316,1322,63,23
werden 389,1321,104,24
bereits 502,1319,95,25
ver¬ 606,1327,54,17
wirklicht. 93,1359,136,24
<EOS>
Pumpspeicherwerke 271,1358,291,31
sind 603,1356,57,25
grundsätzlich 92,1396,195,31
Spitzenkraftwerke 318,1394,261,33
und 605,1394,55,24
darum 93,1435,93,24
für 213,1434,42,24
die 279,1433,42,25
Lieferung 346,1433,142,30
von 511,1440,53,16
edler 589,1432,71,23
Energie 95,1472,108,30
besonders 220,1472,141,24
geeignet. 377,1470,124,31
<EOS>
Unter 521,1471,83,23
ed¬ 620,1469,41,25
ler 95,1510,36,23
elektrischer 150,1509,168,24
Energie 339,1508,107,30
versteht 466,1507,113,25
man 599,1514,62,17
solche, 95,1547,95,29
die 204,1547,41,24
sich 257,1546,55,25
sekundenschnell 323,1545,239,25
an 575,1552,32,16
die 620,1543,40,25
Konsumbedürfnisse 96,1583,287,25
anpassen 395,1590,127,23
lässt 536,1582,59,24
und 606,1582,54,23
darum 95,1622,93,24
konsumentenfreundlich 208,1619,331,32
ist. 555,1620,38,23
<EOS>
Die 612,1619,49,24
ganze 95,1666,80,24
Stromversorgung 192,1659,247,29
beruht 456,1658,93,23
ja 563,1657,27,30
dar¬ 606,1657,56,24
auf, 95,1697,52,29
dass 163,1696,57,24
jeder 231,1695,74,31
Konsument 319,1696,167,23
mit 500,1694,47,24
Knopf¬ 562,1694,100,31
druck 95,1734,80,25
die 192,1733,41,25
von 250,1741,51,16
ihm 318,1732,55,24
gewünschten 389,1733,184,31
Kilo¬ 591,1731,70,25
wattstunden 96,1771,173,25
sekundenschnell 290,1770,239,25
abrufen 550,1770,111,23
kann 96,1809,71,25
und 177,1809,53,24
auch 241,1808,66,24
sofort 318,1808,81,24
- 410,1823,13,2
nämlich 434,1807,115,24
mit 560,1807,47,24
der 617,1808,45,22
unübertreffbaren 96,1847,248,24
Liefergeschwindig¬ 392,1844,270,31
keit 97,1885,50,23
von 159,1892,52,16
300 224,1884,47,24
000 283,1884,47,24
km/s 344,1884,73,23
- 429,1897,14,4
erhält. 455,1883,89,24
<EOS>
Bei 558,1881,44,25
uns 614,1890,48,16
ist 97,1922,30,24
es 145,1930,24,16
ja 185,1922,28,30
letztlich 230,1921,115,25
der 362,1921,45,24
Konsument, 425,1921,174,27
der 618,1919,45,24
die 96,1959,40,25
Kraftwerke 154,1959,163,24
betreibt, 333,1958,117,28
weil 467,1957,57,25
er 544,1965,26,16
es 581,1965,26,16
ist, 624,1957,37,28
der 97,1997,44,24
im 158,1996,36,24
Alltag 211,1997,87,30
darüber 315,1996,111,24
entscheidet, 443,1995,167,28
ob 629,1995,33,23
irgendwelche 97,2035,187,30
Turbinen 303,2033,134,25
irgendwo 458,2033,130,30
ver¬ 609,2040,53,17
mehrt 97,2073,85,23
Leistung 191,2072,123,30
abgeben 323,2072,116,30
oder 449,2071,62,24
nicht. 521,2070,79,24
<EOS>
<EOP>
Rückbau 97,2197,139,26
von 246,2206,60,17
Wasserkraftanlagen? 96,2235,363,32
<EOS>
In 98,2316,28,23
der 142,2316,45,23
Zeit 202,2315,55,24
der 273,2315,45,24
Euphorie 334,2315,130,30
des 479,2315,43,23
um 539,2322,44,16
1955 604,2315,58,23
beginnenden 98,2353,181,30
Zeitalters 298,2352,134,25
der 449,2353,45,24
Kernkraft¬ 511,2352,152,24
werke 98,2391,84,24
tat 198,2394,35,21
der 250,2390,45,24
damalige 311,2389,128,32
Delegierte 457,2389,146,32
des 619,2389,45,25
Bundesrates 99,2428,170,24
für 284,2427,42,24
Fragen 340,2428,98,30
der 452,2427,45,24
Atomener¬ 511,2427,153,24
gie 97,2465,39,32
den 151,2467,49,23
Ausspruch: 217,2465,161,30
«Der 396,2465,69,24
Moment 478,2465,116,23
mag 609,2472,58,23
kommen, 100,2503,128,28
wo 241,2510,36,17
der 288,2502,44,25
Mensch 341,2502,105,24
den 457,2502,47,24
Genuss 516,2502,99,24
der 624,2502,45,24
reinen 101,2543,84,22
Nalur 203,2542,81,23
höher 299,2540,79,25
schätzt 391,2539,98,26
als 504,2539,37,26
den 556,2539,48,25
Ge¬ 621,2540,46,24
nuss 101,2587,59,17
der 169,2578,45,26
billigsten 224,2578,125,31
Energie 362,2579,105,30
und 478,2577,52,25
wo 541,2586,36,16
er, 588,2586,31,19
sei 631,2578,36,24
es 101,2626,24,15
auch 146,2616,64,25
nur 234,2625,47,15
um 301,2624,40,16
des 363,2615,44,25
Fremdenverkehrs 428,2615,239,24
willen, 100,2654,89,27
zu 208,2662,31,16
einem 257,2655,81,23
materiellen 356,2653,155,24
Opfer 530,2653,82,30
be¬ 627,2652,39,24
reit 101,2694,44,23
ist. 158,2694,38,22
<EOS>
Er 213,2692,33,23
wird 257,2691,62,24
dann 330,2690,70,25
einige 413,2692,82,29
Atomkraft¬ 508,2690,158,30
werke 101,2730,79,24
mehr 198,2729,71,24
hauen 285,2728,82,25
als 386,2728,37,25
unbedingt 441,2727,139,31
nötig 598,2729,70,29
<EOS>
<EOP>
und 708,1006,52,25
die 774,1007,40,24
abgefangenen 830,1005,194,31
und 1042,1003,52,26
erdrosselten 1108,1002,165,27
Bäche 707,1044,84,24
zum 803,1052,56,16
Teil 874,1043,51,25
wieder 937,1042,93,25
frei 1035,1041,52,33
springen 1098,1043,118,30
las¬ 1229,1041,46,24
sen.» 706,1090,71,17
<EOS>
Diese 707,1145,77,23
an 796,1152,32,16
sich 840,1144,55,24
kühne 908,1144,89,24
Idee 1009,1144,59,24
hat 1080,1144,43,23
im 1135,1143,36,24
Gefol¬ 1183,1143,90,24
ge 705,1190,30,22
einen 754,1182,78,25
grossen 851,1190,106,22
Rückschlag 977,1181,165,30
erlitten. 1161,1179,111,25
<EOS>
Niemand 706,1219,132,24
hat 853,1219,44,24
sich 910,1218,55,25
inzwischen 980,1218,159,24
ja 1151,1218,27,30
bereit 1192,1217,81,24
gezeigt, 706,1256,105,32
Kernkraftwerke 827,1256,231,24
auf 1076,1255,52,31
Vorrat 1142,1256,87,22
zu 1241,1262,32,16
bauen, 707,1295,92,27
um 818,1302,45,16
Bäche 880,1294,84,23
zu 980,1301,33,16
befreien. 1030,1292,125,25
<EOS>
Dessen 1173,1293,100,24
ungeachtet 706,1331,155,30
hat 874,1330,43,24
aber 929,1330,61,24
der 1002,1330,44,23
Widerstand 1057,1328,166,25
ge¬ 1234,1336,39,23
gen 706,1376,49,24
Wasserkraftwerke 782,1367,261,25
zugenommen. 1070,1373,202,24
<EOS>
Man 706,1406,65,24
kann 787,1405,71,24
sich 873,1405,55,24
deshalb 942,1405,110,23
die 1066,1404,41,24
Frage 1123,1404,79,29
stel¬ 1217,1403,56,24
len, 707,1444,50,28
ob 776,1444,33,23
es 826,1450,27,17
eines 870,1442,71,24
Tages 958,1443,81,29
vielleicht 1056,1441,133,24
doch 1206,1440,67,25
möglich 708,1479,114,32
sein 834,1480,56,25
wird, 902,1480,71,28
die 986,1479,42,25
Bäche 1041,1478,84,25
und 1138,1478,54,25
Flüs¬ 1206,1478,68,23
se 708,1526,24,16
von 743,1526,52,16
den 806,1518,50,24
sie 867,1517,36,25
belastenden 913,1516,169,26
Wasserkraft¬ 1091,1516,183,24
anlagen 708,1555,111,30
zu 832,1563,32,16
befreien, 878,1554,124,29
also 1018,1554,53,24
die 1085,1554,42,23
einst 1140,1553,67,24
ver¬ 1221,1560,54,16
bauten 708,1593,96,24
Fliessgewässer 832,1593,205,30
gleichsam 1063,1591,143,31
zu¬ 1232,1599,42,16
rückzubauen. 709,1631,192,23
<EOS>
Gegenwärtig 710,1679,182,30
laufen 911,1679,88,24
ja 1017,1678,27,31
an 1063,1686,33,16
verschiede¬ 1115,1676,160,25
nen 709,1725,50,16
Orten 776,1718,83,23
Programme 875,1716,166,31
an, 1057,1723,40,20
um 1114,1723,46,16
kanali¬ 1176,1714,98,24
sierte, 708,1753,84,28
das 804,1753,45,23
heisst, 862,1752,85,29
allzu 961,1752,69,23
naturfremd 1041,1751,165,24
kor¬ 1218,1752,56,23
rigierte 710,1790,101,31
Flüsse 826,1790,88,24
und 927,1790,53,24
Bäche 996,1790,84,24
zu 1094,1797,31,16
renaturie¬ 1143,1790,135,23
ren 712,1836,41,16
oder 761,1829,63,23
eingedolte 833,1827,146,31
Bäche 990,1827,84,24
offenzulegen. 1085,1825,190,33
<EOS>
Mit 710,1865,49,25
einigem 769,1865,113,31
Pathos 893,1864,93,25
wird 997,1864,62,25
dabei 1069,1864,76,24
auch 1155,1864,66,24
der 1231,1864,45,23
Lebendverbau 710,1902,204,25
wieder 936,1902,95,24
eingeführt, 1052,1902,156,30
der 1231,1902,45,23
vor 710,1948,45,16
zwei 769,1940,62,24
Generationen 847,1940,198,24
noch 1060,1940,68,23
selbstver¬ 1142,1939,134,24
ständlich 709,1978,129,24
war, 853,1985,58,21
inzwischen 929,1977,157,24
aber 1101,1977,61,24
in 1176,1976,27,25
Ver¬ 1217,1977,59,24
gessenheit 708,2015,146,31
geraten 876,2019,105,27
ist. 1005,2014,38,25
<EOS>
Der 1068,2015,54,24
Verfasser 1142,2014,134,24
findet 710,2053,82,25
diese 814,2052,69,25
Programme 906,2053,167,31
sehr 1096,2052,59,24
sympa¬ 1176,2059,100,23
thisch 710,2090,83,25
und 817,2090,53,25
ist 894,2090,30,24
sehr 947,2090,59,24
dafür 1028,2090,77,24
zu 1127,2097,30,16
haben, 1182,2090,92,25
wenn 710,2136,75,17
sie 798,2129,35,24
sich 845,2128,55,24
vernünftig 912,2127,152,31
verwirklichen 1076,2127,199,24
lassen. 710,2167,91,23
<EOS>
Sie 820,2166,40,24
sind 877,2166,58,24
manchmal 953,2166,150,23
zwar 1121,2173,67,16
recht 1206,2165,70,24
kostspielig, 710,2203,157,32
doch 889,2204,67,24
können 977,2204,107,23
sie 1105,2202,35,25
sich 1161,2202,54,25
die 1235,2201,41,25
Schweizer 710,2241,143,26
in 870,2241,25,24
ihrem 913,2241,82,24
derzeitigen 1012,2240,157,31
Reich¬ 1185,2239,92,25
tum 710,2284,55,20
wohl 787,2279,69,25
ebensogut 878,2279,142,30
leisten 1044,2278,91,24
wie 1157,2278,47,24
bei¬ 1226,2277,51,25
spielsweise 710,2316,154,32
die 889,2316,41,24
stilgerechte 954,2316,163,31
Restaura¬ 1142,2316,136,23
tion 709,2355,55,23
von 775,2362,51,16
ehrwürdigen 837,2354,182,30
Altbauten. 1030,2353,150,24
<EOS>
Ange¬ 1193,2353,83,30
sichts 710,2392,78,24
der 817,2392,46,24
ungewissen 892,2390,162,31
Zukunft 1084,2390,118,24
der 1232,2390,46,24
schweizerischen 710,2428,231,25
Energiewirtschaft 1024,2427,252,31
wäre 710,2468,66,22
es 790,2473,26,17
aber 830,2466,61,24
verfehl!. 907,2465,113,31
<EOS>
Wasserkraftanla¬ 1034,2465,244,23
gen 710,2511,48,23
abzubrechen, 768,2504,190,26
um 970,2510,43,16
Renaturierung 1026,2502,210,30
zu 1245,2510,31,16
betreiben. 710,2541,141,24
<EOS>
Es 864,2542,31,23
gibt 906,2540,52,31
übrigens 970,2540,122,30
entgegen 1106,2545,119,25
der 1237,2539,45,25
Volksmeinung 717,2577,197,31
noch 925,2577,67,24
sehr 1006,2576,59,24
viele 1079,2576,64,24
Fliessge¬ 1157,2575,121,31
wässer, 712,2616,98,27
die 826,2615,41,24
nicht 883,2614,70,24
von 968,2622,51,16
Wasserkraftanla¬ 1034,2613,244,24
gen 710,2660,49,23
belegt 776,2653,84,30
sind. 875,2651,66,24
<EOS>
Gerade 959,2652,104,23
im 1081,2651,36,24
Alpenvor¬ 1134,2651,144,30
land 712,2691,59,23
und 781,2690,54,24
im 846,2689,35,25
Mittelland 892,2689,150,25
fliessen 1053,2688,104,25
Tausen¬ 1166,2689,112,23
de 712,2728,31,24
von 755,2736,51,15
Bächen 821,2727,101,24
frei 936,2727,47,24
ab. 996,2727,39,24
<EOS>
Unter 1051,2727,82,24
ihnen 1146,2725,79,25
be¬ 1239,2726,39,23
<EOS>
<EOP>
finden 1320,1002,91,24
sich 1428,1002,56,24
manche, 1501,1002,120,28
die 1638,1001,42,24
seinerzeit 1697,1000,136,24
im 1851,1000,35,24
Zusammenhang 1319,1040,233,29
mit 1567,1038,47,25
dem 1630,1039,60,24
Hochwasser¬ 1705,1038,181,24
schutz, 1319,1078,97,28
den 1427,1077,52,24
landwirtschaftlichen 1488,1075,297,26
Melio¬ 1793,1074,94,25
rationen 1320,1114,119,25
und 1461,1114,53,24
neuen 1536,1121,86,17
Verkehrsanlagen 1643,1113,243,30
so 1321,1160,27,17
verbaut 1366,1152,108,24
worden 1491,1151,106,25
sind, 1615,1151,65,28
dass 1699,1151,57,24
sie 1774,1150,35,24
dem 1827,1151,60,23
heutigen 1322,1190,122,29
ästhetischen 1455,1189,176,24
Empfinden 1643,1188,160,31
nicht 1815,1187,72,25
genügen. 1321,1229,126,29
<EOS>
Dort 1477,1228,65,23
kann 1569,1227,71,24
sich 1668,1225,55,25
der 1749,1225,45,25
neue 1821,1233,66,16
Trend 1319,1265,87,24
zur 1421,1272,46,16
Renaturierung 1483,1263,209,31
also 1708,1263,53,24
zur 1776,1270,46,17
Ge¬ 1837,1262,51,25
nüge 1322,1304,67,29
ausleben. 1398,1302,131,24
<EOS>
Zudem 1322,1351,100,24
hat 1435,1351,44,24
sich 1492,1350,54,25
bei 1559,1350,41,24
der 1613,1350,46,24
Stillegung 1670,1349,144,31
oder 1825,1349,63,23
Erneuerung 1321,1389,171,29
einiger 1523,1387,99,31
älterer 1653,1388,94,23
Wasser¬ 1776,1388,112,23
kraftanlagen 1322,1426,181,30
bereits 1520,1425,94,24
gezeigt, 1631,1424,105,31
dass 1754,1424,58,24
eine 1830,1423,57,25
Wiederherstellung 1328,1462,253,32
des 1610,1462,44,25
ursprünglichen 1683,1461,207,32
Zustands 1324,1500,130,25
meist 1469,1500,74,24
illusorisch 1561,1499,148,25
ist. 1726,1499,38,24
<EOS>
Oft 1783,1499,46,24
ha¬ 1846,1499,42,23
ben 1322,1539,51,24
diese 1386,1538,69,24
Anlagen 1469,1538,119,31
über 1601,1538,64,23
die 1678,1537,41,24
Jahrzehnte 1731,1537,157,23
ihres 1323,1576,68,24
Bestehens 1402,1576,140,24
lokal 1553,1575,69,24
zu 1632,1582,31,17
neuen 1674,1582,85,17
hydrolo¬ 1770,1574,119,30
gischen 1322,1614,106,30
Gleichgewichten 1447,1612,241,31
etwa 1706,1615,64,21
im 1788,1611,36,24
Zu¬ 1842,1612,48,23
sammenspiel 1322,1650,187,31
zwischen 1540,1649,130,25
Oberflächen- 1702,1649,188,24
und 1323,1689,54,24
Grundwasser 1402,1688,190,25
geführt, 1615,1687,112,31
die 1753,1686,40,24
nicht 1818,1686,71,24
mehr 1323,1726,75,24
gestört 1407,1727,95,30
werden 1512,1726,104,23
dürfen. 1626,1725,103,23
<EOS>
Dann 1742,1725,77,23
sind 1830,1723,57,25
sie 1323,1764,36,23
manchmal 1371,1764,150,23
derart 1531,1763,86,23
in 1627,1762,27,24
ihre 1665,1762,56,24
Umgebung 1732,1762,158,30
eingewachsen, 1323,1801,204,30
dass 1546,1800,57,24
sie 1620,1799,35,25
zusammen 1672,1807,153,16
mit 1843,1798,46,24
ihren 1325,1838,75,25
Werk- 1418,1838,88,24
und 1526,1838,52,24
Fabrikkanälen 1599,1836,210,25
zum 1829,1844,61,16
Ortsbild 1324,1875,117,25
gehören 1455,1875,115,31
und 1584,1875,53,24
ihre 1654,1875,55,23
Maschinen¬ 1724,1874,167,24
häuser 1325,1913,93,24
und 1430,1913,53,24
Wehre 1496,1913,94,23
als 1604,1913,36,23
Zeugen 1653,1913,104,28
der 1770,1912,44,23
Bau¬ 1828,1912,63,23
geschichte 1323,1950,148,31
schützenswert 1499,1951,200,23
erscheinen. 1728,1948,161,25
<EOS>
Ferner 1325,1989,96,24
spielen 1431,1987,99,31
viele 1542,1987,66,24
Wehre 1619,1987,94,24
und 1725,1987,52,24
Kanäle 1790,1986,100,25
für 1325,2026,42,24
die 1378,2025,42,25
Erholung 1433,2025,133,31
einschliesslich 1577,2024,207,25
der 1796,2024,46,24
Fi¬ 1853,2024,38,23
scherei 1323,2062,100,25
eine 1437,2062,58,25
wichtige 1510,2062,118,31
und 1643,2062,54,24
darum 1711,2062,93,23
nicht 1819,2062,72,23
ohne 1325,2101,69,23
weiteres 1403,2100,115,24
aufgebbare 1528,2100,158,30
Rolle. 1697,2100,81,23
<EOS>
<EOP>
Zusammenfassung 1328,2249,314,32
Der 1325,2348,52,23
gegenwärtige 1389,2345,187,32
Trend 1588,2345,87,24
zur 1687,2353,47,16
Erhaltung 1748,2344,143,31
oder 1323,2385,64,24
Renaturierung 1409,2383,211,31
von 1642,2390,51,17
Fliessgewäs¬ 1717,2382,174,31
sern 1324,2430,58,16
steht 1401,2422,66,24
einer 1487,2421,72,25
weitergehenden 1577,2421,227,30
Was¬ 1823,2421,68,23
serkraftnutzung 1324,2460,230,30
entgegen. 1564,2463,134,26
<EOS>
Die 1709,2457,50,25
Umwelt¬ 1769,2458,122,24
verträglichkeitsprüfungen 1324,2496,375,32
wirken 1719,2495,99,25
sich 1836,2494,55,25
auf 1324,2535,46,24
diesem 1385,2535,99,24
Gebiet 1501,2534,95,25
nahezu 1614,2534,101,24
als 1732,2533,36,25
bauver¬ 1785,2533,107,24
hindernd 1326,2572,129,25
aus. 1516,2580,52,16
<EOS>
Dementsprechend 1631,2570,260,31
herrscht 1326,2610,115,25
in 1465,2609,25,25
der 1512,2609,45,25
Schweiz 1578,2609,115,25
faktisch 1716,2609,112,23
ein 1849,2608,43,24
Moratorium 1325,2650,169,23
für 1508,2648,49,31
neue 1572,2656,65,17
grössere 1651,2649,113,30
Wasser¬ 1785,2648,106,23
kraftwerke. 1324,2686,160,29
<EOS>
Aber 1507,2686,71,24
auch 1600,2686,68,24
der 1691,2686,46,24
Bau 1760,2686,53,23
von 1836,2693,51,16
Kleinwasserkraftwcrken 1324,2724,350,24
isl 1703,2723,28,24
stark 1758,2724,68,23
er- 1853,2731,37,16
<EOS>
<EOP>
659 1847,2795,47,24
<EOS>
<EOP>
