1960,2865
Wasserwirtschaft 52,82,238,26
Schweizer 1112,84,138,25
Ingenieur 1257,86,131,30
und 1395,84,51,26
Architekt 1452,84,126,25
Nr. 1587,86,40,23
<EOS>
23, 1637,85,39,29
7. 1686,86,21,23
<EOS>
Juni 1718,86,56,24
1990 1784,86,58,24
<EOS>
<EOP>
UPI 392,252,75,41
:~L 258,276,20,10
<EOS>
<EOP>
:"¦¦•-. 340,334,53,20
<EOS>
<EOP>
.-.-f 443,418,71,15
<EOS>
<EOP>
"- 618,478,31,8
<EOS>
<EOP>
l--*: 213,515,29,8
<EOS>
<EOP>
m 367,574,55,34
'iL 279,578,16,11
V". 322,618,28,12
<EOS>
<EOP>
>', 1087,719,31,13
<EOS>
<EOP>
"£-¦:, 613,782,31,11
--- 652,786,13,6
<EOS>
<EOP>
<EOS>
-,:¦¦¦ 484,835,32,13
¦ 550,840,1,2
<EOS>
<EOP>
¦¦¦; 456,867,11,11
¦ 475,868,1,1
¦«¦;¦¦¦¦ 488,863,72,12
<EOS>
<EOP>
=:¦•- 1063,1035,33,16
¦":i- 1119,1035,27,11
<EOS>
<EOP>
grades 1269,165,91,31
und 1375,165,53,24
des 1444,166,44,23
Schluckvermögens 1504,165,268,31
voll 1791,164,49,25
aufzufangen. 1273,202,186,32
<EOS>
Folglich 1468,202,117,31
steht 1595,202,67,24
die 1671,202,41,24
Schweiz 1722,202,114,25
heute 1271,240,77,24
bezüglich 1357,240,137,31
Wasserkraftnutzung 1502,240,293,30
an 1804,247,32,16
einem 1271,278,86,23
Wendepunkt. 1380,278,193,30
<EOS>
Nach 1598,278,74,23
einer 1695,277,73,24
seit 1791,277,46,24
1900 1274,315,62,24
dauernden 1351,315,153,25
Intensivierung 1519,315,212,30
dersel¬ 1745,315,93,24
ben 1272,353,50,24
folgt 1332,353,63,31
jetzt 1403,352,63,31
eine 1475,353,58,24
Extensivierung. 1545,353,216,30
<EOS>
Der 1272,402,53,23
Verfasser 1338,401,134,25
ist 1485,401,31,25
der 1530,401,45,24
Meinung, 1589,401,137,31
dass 1741,401,57,24
es 1812,408,26,16
das 1272,439,44,24
Recht 1336,439,82,24
jeder 1435,439,74,31
Gesellschaft 1528,439,175,24
ist, 1724,439,37,28
ihre 1782,438,56,24
Prioritäten 1274,477,149,23
zu 1432,484,31,16
setzen 1473,481,87,19
; 1567,484,4,21
sie 1582,476,35,24
sollte 1628,476,74,24
sich 1712,476,55,24
aber 1777,476,61,24
der 1272,514,45,24
Konsequenzen 1332,515,200,30
bewusst 1543,514,110,24
sein. 1665,514,63,24
<EOS>
Im 1742,514,39,23
üb¬ 1794,514,44,24
rigen 1273,551,72,31
empfiehlt 1367,551,138,31
er, 1527,559,34,21
den 1586,552,51,24
bestehenden 1659,551,177,25
Wasserkraftwerkspark 1272,589,323,30
sorgsam 1615,596,116,23
zu 1749,596,32,16
er¬ 1802,596,36,17
halten, 1273,627,95,27
und 1404,627,53,23
trotz 1492,630,65,20
dem 1592,627,60,23
erwähnten 1687,627,151,23
Trend, 1271,664,94,25
einige 1389,663,83,30
Saisonspeicher 1496,663,211,31
zu 1730,671,31,16
ver- 1784,671,54,16
grössern 1272,703,119,29
und 1408,701,53,24
andere 1479,701,96,24
neu 1592,709,51,16
zu 1659,709,33,16
erstellen, 1709,701,127,29
um 1272,747,45,16
die 1336,738,41,25
Umlagerung 1396,738,180,32
von 1593,746,53,17
überschüssi¬ 1664,738,175,25
gem 1272,784,58,23
Sommerstrom 1354,777,203,23
in 1581,776,27,23
raren 1632,783,75,17
Winter¬ 1729,776,110,24
strom 1272,819,81,19
zu 1366,822,31,15
ermöglichen. 1410,814,186,30
<EOS>
Der 1610,814,54,23
Überschuss 1676,809,163,28
im 1273,852,34,23
Sommer 1327,852,120,23
ergibt 1466,851,82,31
sich 1567,851,55,24
ja 1639,851,27,30
durch 1686,851,82,24
den 1787,851,51,24
Umstand, 1272,889,137,28
dass 1434,889,58,24
die 1516,888,42,25
Schweizer 1582,888,144,25
Flüsse 1750,889,88,24
und 1272,927,53,24
Bäche 1356,927,84,24
im 1472,926,35,24
Sommer 1538,927,120,23
wesentlich 1687,926,150,24
mehr 1272,964,74,24
Wasser 1356,964,101,24
führen 1467,964,96,24
als 1573,964,37,24
im 1620,964,36,23
Winter. 1665,964,108,23
<EOS>
Das 1785,964,52,23
entsprechende 1272,1002,205,30
und 1488,1002,54,23
durch 1554,1002,81,23
den 1646,1002,51,23
saisonbe¬ 1708,1001,129,24
dingten 1272,1039,106,30
Mehrbedarf 1397,1039,172,24
bestehende 1586,1039,158,24
Man¬ 1763,1039,74,24
ko 1273,1077,32,24
im 1323,1076,36,24
Winter 1376,1076,101,24
zwingt 1493,1076,95,31
die 1605,1076,41,24
Schweiz 1664,1076,115,24
be¬ 1797,1076,40,24
kanntlich 1272,1113,135,25
zum 1419,1122,61,16
Import 1493,1114,98,30
von 1604,1121,51,17
erheblichen 1668,1113,168,24
Strommengen 1271,1152,200,30
aus 1494,1159,44,16
Frankreich, 1561,1151,166,28
was 1750,1158,51,17
- 1824,1166,12,2
<EOS>
<EOP>
weil 1271,1189,57,24
es 1343,1196,25,17
sich 1383,1189,55,24
eigentlich 1453,1189,140,30
um 1608,1196,46,16
die 1669,1188,40,24
Reserve 1726,1190,111,22
dieses 1271,1226,82,25
Nachbarlandes 1372,1226,214,25
handelt 1607,1226,106,24
- 1733,1240,14,3
eines 1766,1225,71,25
Tages 1270,1264,80,31
zu 1359,1272,31,16
Problemen 1400,1264,156,24
führen 1566,1264,96,24
könnte. 1672,1264,105,23
<EOS>
<EOP>
Bild5. 48,1366,78,25
<EOS>
Die 164,1367,44,24
Staumauer 218,1367,150,24
Mauvoisin 376,1367,143,25
wird 531,1366,59,25
zur 598,1376,45,15
Zeit 650,1367,54,24
um 714,1377,38,15
13,5 768,1367,54,29
m 829,1376,22,15
erhöht, 862,1366,96,29
wodurch 971,1366,114,25
der 1096,1366,47,25
Inhalt 1151,1365,78,26
des 48,1403,44,25
Stausees 105,1404,119,24
um 235,1413,38,15
17% 290,1404,53,25
auf 355,1403,48,26
210 411,1405,50,24
Millionen 471,1404,127,25
m3 610,1405,36,24
vergrössert 658,1408,154,28
werden 824,1404,99,25
kann. 936,1403,72,26
<EOS>
Das 1021,1405,51,24
ermöglicht 1084,1403,145,32
eine 48,1443,55,23
jährliche 113,1440,118,32
Mehrproduktion 242,1440,225,33
von 480,1451,47,15
100 544,1443,44,24
GWh 599,1441,74,25
im 686,1444,29,22
Winter, 731,1443,99,29
bei 842,1442,43,25
einer 895,1444,70,22
entsprechend 975,1441,185,32
glei¬ 1168,1440,61,33
chen 48,1477,61,27
Minderproduktion 119,1478,249,32
im 378,1481,30,23
Sommer 418,1479,113,25
(Bild 538,1478,60,32
Quinche). 606,1478,129,32
<EOS>
<EOP>
schwert. 49,1589,115,25
<EOS>
weil 176,1588,57,25
die 242,1588,41,25
zur 292,1596,47,17
Diskussion 348,1588,157,24
stehen¬ 515,1588,101,24
den 49,1626,50,24
Restwasserbestimmungen 113,1626,371,30
für 499,1626,41,23
klei¬ 554,1626,62,23
ne 49,1671,32,16
Gewässer 101,1664,135,23
weitaus 255,1664,106,23
einschneidender 380,1663,236,24
sind 49,1701,58,25
als 116,1702,36,24
für 163,1701,41,24
grosse. 213,1709,93,22
<EOS>
Die 52,1737,48,23
gleichen 113,1737,119,30
Restwasserbestimmungen 246,1736,370,30
werden 51,1775,102,23
auch 180,1775,66,23
eine 273,1774,57,23
Minderproduktion 360,1772,258,32
der 51,1812,45,24
bestehenden 124,1812,178,24
Wasserkraftanlagen 332,1811,284,30
verursachen. 51,1850,182,24
<EOS>
Treten 257,1850,94,23
sie 375,1848,36,25
gemäss 433,1850,100,29
dem 557,1848,60,24
Vorschlag 51,1887,141,31
des 204,1887,43,24
Bundesrates 260,1886,172,24
für 445,1886,41,24
das 498,1886,44,23
revi¬ 555,1886,62,23
dierte 52,1924,79,25
Gewässerschutzgesetz 152,1924,315,30
in 487,1923,25,23
Kraft, 533,1923,83,24
so 52,1970,27,16
liegt 91,1962,58,30
die 160,1962,41,24
Einbusse 213,1962,126,23
in 351,1961,25,24
der 387,1961,45,24
Grössenord- 443,1961,175,24
nung 52,2007,72,23
von 136,2007,52,17
12%, 206,2000,60,28
was 280,2007,51,17
etwa 344,2003,65,20
dem 422,1999,59,24
heutigen 495,1998,123,31
<EOS>
<EOP>
Beitrag 660,1588,101,31
sämtlicher 778,1588,150,24
Bündner 947,1588,123,24
Kraftwer¬ 1088,1588,139,23
ke 660,1626,31,24
entspricht, 707,1626,150,30
macht 875,1626,87,23
sich 978,1625,54,24
aber 1048,1626,61,23
erst 1124,1629,50,20
im 1190,1625,36,23
Laufe 660,1663,81,24
einiger 764,1663,97,30
Jahrzehnte 881,1663,158,24
bemerkbar. 1062,1662,162,24
<EOS>
Treten 659,1701,93,23
sie 772,1700,36,24
gemäss 827,1702,101,29
den 947,1700,51,24
Absichten 1018,1699,144,25
der 1182,1700,45,23
Verfassungsinitiative 659,1737,302,31
«Zur 975,1737,69,24
Rettung 1057,1738,112,29
un¬ 1181,1745,46,15
serer 660,1782,68,17
Gewässer» 747,1775,153,24
in 920,1775,27,23
Kraft, 966,1775,82,24
so 1068,1782,28,16
sind 1114,1775,59,23
sie 1190,1774,37,24
grösser 660,1814,99,29
und 769,1813,54,23
werden 833,1813,105,23
ohne 948,1813,70,23
Rücksicht 1030,1812,142,24
auf 1182,1812,46,24
die 660,1847,40,25
laufenden 714,1847,141,25
Konzessionen 870,1847,198,24
sofort 1080,1847,82,23
ein¬ 1174,1846,53,24
geführt. 659,1886,111,30
<EOS>
Wie 787,1885,56,23
einige 859,1884,84,31
Überlegungen 961,1880,201,35
zei¬ 1179,1884,48,24
gen, 659,1930,57,24
ist 732,1922,30,24
es 775,1930,25,16
nicht 814,1922,72,24
möglich, 899,1922,122,31
diese 1036,1921,70,25
Einbus- 1121,1921,107,25
sen 660,1969,44,16
durch 722,1960,83,25
Umbauten 823,1960,152,24
und 992,1960,54,24
Erneuerun¬ 1064,1960,163,23
gen 660,2006,50,23
zwecks 729,1998,100,24
Erhöhung 849,1997,146,31
des 1013,1997,45,24
Wirkungs- 1078,1996,150,31
<EOS>
<EOP>
Adresse 1273,1483,99,22
des 1383,1483,39,22
Verfassers: 1433,1483,139,21
Prof. 1584,1482,60,21
<EOS>
Dr. 1657,1482,40,20
<EOS>
Daniel 1712,1480,84,22
Vi¬ 1809,1481,33,21
scher. 1275,1517,70,22
<EOS>
Versuchsanstalt 1361,1516,199,22
für 1580,1516,36,21
Wasserbau. 1633,1515,143,22
<EOS>
Hy¬ 1796,1515,44,26
drologie 1274,1550,103,28
und 1400,1551,48,20
Glaziologie. 1472,1549,153,27
<EOS>
ETH-Zentrum, 1651,1549,188,22
8092 1274,1585,56,21
Zürich 1339,1584,85,22
<EOS>
<EOP>
Überarbeitete 1295,1858,173,25
Fassung 1488,1862,100,26
eines 1606,1861,62,21
Vortrages, 1686,1861,128,26
gehalten 1293,1896,107,27
anlässlich 1422,1895,124,21
der 1569,1895,40,21
Sessionsveran¬ 1631,1894,184,21
staltung 1294,1930,100,27
des 1407,1929,38,21
Energieforums 1461,1928,187,28
Schweiz 1661,1928,102,21
am 1776,1935,38,14
22. 1294,1963,34,21
<EOS>
März 1338,1963,66,21
1990 1415,1963,54,21
in 1478,1963,23,21
Bern. 1511,1963,65,21
<EOS>
<EOP>
660 46,2802,47,22
<EOS>
<EOP>
