1960,2865
Kerntechnologie 45,80,223,33
Schweizer 1107,81,138,26
Ingenieur 1253,83,130,30
und 1390,82,51,26
Architekt 1447,81,127,26
Nr. 1582,83,41,24
<EOS>
23, 1633,83,38,30
7. 1681,84,22,24
<EOS>
Juni 1713,84,56,24
1990 1779,84,58,24
aktivität 40,164,119,24
freigesetzt 173,163,145,32
werden 331,164,104,24
könnte, 449,164,106,28
als 570,163,36,25
dies 40,202,54,24
beim 115,202,70,23
Unfall 207,202,93,23
in 322,201,27,23
Tschernobyl 369,202,177,30
ge¬ 567,209,40,23
schah. 41,240,87,23
<EOS>
Er 143,240,32,22
verrät 188,240,84,22
aber 284,239,62,23
nicht, 359,238,80,30
weshalb 453,239,113,23
er 580,246,27,16
diese 41,276,68,25
zwei 119,276,63,25
Ereignisse 193,276,144,31
diesbezüglich 347,276,192,30
mit¬ 550,276,57,24
einander 41,314,126,25
für 176,314,42,24
vergleichbar 226,313,179,32
hält. 414,313,61,25
<EOS>
Zunächst 41,355,131,24
würde 195,355,88,23
er 306,362,28,16
wohl 356,355,69,23
zustimmen 448,354,158,24
(müssen), 41,392,136,30
dass 202,392,57,24
das 284,392,44,25
Schadenpotential, 353,391,253,31
also 41,430,54,24
das 112,429,44,25
maximal 174,429,125,25
denkbare 316,429,133,25
Schadens¬ 466,429,141,24
ausmass, 41,475,122,20
gegeben 175,467,115,31
ist 301,467,30,24
durch 342,467,82,24
das 434,467,45,24
radioak¬ 490,467,117,24
tive 41,505,51,23
Kerninventar, 106,505,200,28
und 321,505,55,23
dieses 389,504,82,24
ist 484,504,31,24
(nach 528,504,78,30
längerer 41,543,117,30
Betriebsdauer) 175,542,209,30
direkt 400,542,84,24
propor¬ 501,549,106,23
tional 41,580,81,24
der 152,580,45,24
Nennleistung 226,579,192,31
des 448,580,43,24
Kraft¬ 522,580,85,23
werks, 41,618,89,28
praktisch 169,617,132,31
unabhängig 340,617,168,31
vom 545,625,61,16
Reaktortyp. 42,655,166,31
<EOS>
Das 222,655,52,24
heisst, 287,654,86,29
das 386,654,45,25
Schadenpo¬ 443,655,164,30
tential 41,693,90,23
des 146,693,44,23
RBMK 205,693,102,23
in 322,692,26,23
Tschernobyl 362,693,176,30
und 552,692,55,24
eines 41,730,71,24
LWR 135,731,76,23
ist 233,730,30,24
bei 284,729,43,25
gleicher 348,730,114,30
Nennlei¬ 483,730,124,24
stunggleich. 41,767,176,31
<EOS>
Um 41,817,54,23
das 114,817,44,24
Risiko 182,815,90,25
zu 290,824,32,16
ermessen, 342,824,138,21
geht 501,816,60,31
es 582,824,24,16
nun 41,861,56,17
um 110,862,46,16
die 170,853,42,25
Frage, 226,854,86,30
wie 329,853,46,25
wahrscheinlich 389,853,218,25
es 41,899,26,16
ist, 80,891,38,29
dass 131,892,57,23
es 200,899,25,16
zu 236,899,33,16
diesem 281,891,98,24
maximal 391,891,125,24
denk¬ 528,892,79,23
baren 41,929,80,24
Schaden 132,929,119,24
oder 262,929,62,24
zu 334,936,33,17
einem 378,928,86,25
bestimm¬ 475,929,133,24
ten 41,971,44,20
Bruchteil 98,966,131,25
dieses 242,966,81,25
Schadens 336,966,131,25
kommen 482,966,124,24
könnte. 42,1004,106,24
<EOS>
Die 161,1003,49,25
Beantwortung 222,1004,201,30
dieser 434,1003,83,25
Frage 528,1004,79,30
ist 42,1041,31,24
nun 84,1049,55,16
ganz 150,1049,65,23
entscheidend 226,1041,187,24
von 425,1049,52,16
Konzep¬ 489,1041,118,31
tion, 41,1079,63,28
Konstruktion, 122,1079,200,28
Ausführungsquali¬ 340,1079,267,30
tät 41,1118,35,22
und 91,1117,54,23
Betriebsweise 161,1116,192,24
eines 368,1116,71,24
Kernkraft¬ 455,1116,152,24
werks 41,1154,83,24
abhängig. 134,1153,135,31
<EOS>
Risikovergleiche 43,1234,269,33
Bei 42,1315,45,24
seinem, 107,1315,107,29
allerdings 235,1314,140,31
höchst 396,1315,92,24
unvoll¬ 508,1314,101,24
ständigen 42,1352,136,31
Vergleich 213,1351,124,32
des 367,1351,43,25
RBMK 438,1352,100,23
mit 566,1353,44,23
einem 45,1392,82,22
LWR 147,1390,77,23
führt 242,1389,72,25
Bühler 334,1389,97,24
einige 450,1389,84,31
ver¬ 555,1397,54,16
meintliche 42,1427,153,25
Vorzüge 227,1427,117,31
des 377,1427,44,23
RBMK-Sy- 454,1427,154,30
stems 42,1469,78,20
an. 137,1472,39,17
<EOS>
Indessen 195,1465,123,24
trifft 334,1465,67,23
nur 418,1472,49,16
der 483,1465,44,23
erste 543,1468,65,20
(Leistungsdichte) 42,1502,247,31
einigermassen 304,1502,202,30
zu. 522,1510,38,16
<EOS>
Er 577,1503,31,23
will 41,1540,53,25
so 108,1548,27,17
den 150,1540,50,25
Eindruck 214,1540,132,24
erwecken, 360,1540,142,28
bezüg¬ 517,1540,92,30
lich 42,1578,51,24
Sicherheit 103,1577,145,25
bestehe 258,1577,105,25
kaum 374,1577,79,24
ein 463,1577,42,24
Unter¬ 516,1577,93,24
schied, 42,1615,96,29
was 154,1623,50,17
er 219,1623,27,16
wohlweislich 260,1615,186,24
aber 461,1615,61,23
nicht 537,1615,72,23
ausdrücklich 42,1653,184,24
behauptet. 240,1653,148,30
<EOS>
Damit 404,1652,89,24
setzt 506,1656,63,20
er 582,1660,27,16
sich 41,1691,56,24
jedoch 110,1691,97,30
in 222,1690,27,25
krassen 264,1691,106,24
Gegensatz 386,1691,147,29
zum 547,1698,61,17
Urteil 43,1728,83,25
der 144,1729,45,24
gesamten 206,1732,132,27
sicherheitstechni¬ 356,1727,253,25
schen 42,1767,79,23
Fachwelt, 139,1766,135,28
die 291,1765,41,25
nach 349,1765,66,25
einer 431,1765,72,25
Abwä¬ 518,1765,92,24
gung 41,1811,70,23
aller 134,1803,63,24
massgebenden, 221,1803,213,30
und 460,1803,52,23
nicht 538,1803,71,23
nur 43,1848,49,16
einiger 108,1841,98,30
willkürlich 221,1840,157,24
herausgegriffe¬ 395,1840,215,30
ner 43,1886,45,16
Faktoren 98,1878,130,24
zum 237,1886,60,16
gegenteiligen 306,1877,189,31
Schluss 505,1877,104,24
gekommen 41,1915,159,31
ist, 213,1915,37,28
nämlich, 264,1914,123,27
dass 400,1915,57,24
die 468,1914,41,24
Wahr¬ 520,1914,90,24
scheinlichkeit 42,1952,200,25
eines 253,1952,70,24
schweren 335,1952,133,24
Unfalles, 482,1952,125,24
und 42,1990,54,24
damit 119,1990,81,24
das 223,1990,45,24
Risiko, 291,1989,98,29
beim 413,1989,70,24
RBMK 508,1990,101,23
weit 43,2028,58,23
höher 113,2028,83,23
ist 208,2028,31,23
als 251,2028,35,23
bei 299,2027,41,24
einem 352,2027,87,24
LWR 451,2028,76,23
west- 538,2030,72,21
Literatur 64,2111,127,21
[1] 64,2156,26,26
H. 111,2156,27,21
<EOS>
Cerniti: 156,2156,95,22
Besuch 264,2156,87,21
aus 367,2162,39,15
Tschernobyl, 420,2156,163,27
<EOS>
<EOP>
Neue 108,2190,64,21
Zürcher 185,2189,101,22
Zeitung 298,2189,98,28
Nr. 408,2190,38,21
<EOS>
83 460,2189,25,22
vom 499,2196,54,15
9. 565,2189,18,22
<EOS>
April 107,2224,66,27
1990, 185,2224,61,22
Seite 256,2223,59,22
18 328,2224,23,21
[2] 63,2258,27,26
Wohl 108,2258,67,21
eher 196,2258,54,21
zugänglich 269,2257,137,28
als 428,2257,31,21
der 479,2258,40,20
von 539,2264,45,14
<EOS>
<EOP>
Bühler 108,2292,85,21
zitierte, 206,2291,94,24
z.Hd. 314,2291,67,22
<EOS>
der 395,2291,40,21
EGES 449,2291,75,22
ver- 538,2298,47,14
fasste 108,2326,67,21
Bericht 194,2325,90,22
[7] 300,2326,27,26
ist: 345,2325,35,22
A.F. 398,2326,51,20
<EOS>
Fritzsche: 469,2324,119,23
Gesundheitsrisiken 108,2359,247,22
von 374,2366,45,15
Energiever¬ 439,2358,146,29
sorgungssystemen, 107,2396,234,25
Verlag 393,2394,82,27
TÜV 523,2388,62,27
Rheinland, 109,2427,139,23
Köln. 259,2427,68,22
<EOS>
1988 341,2427,53,21
[3] 63,2461,27,26
A.F. 109,2461,51,21
<EOS>
Fritzsche: 172,2460,119,22
Ausstieg 298,2460,108,28
aus 414,2468,40,14
der 464,2460,39,22
Kern¬ 514,2461,71,21
<EOS>
<EOP>
energie?, 107,2494,112,27
<EOS>
«Schweizer 238,2494,144,21
Ingenieur 399,2494,123,27
und 538,2494,45,21
Architekt» 108,2527,136,22
(1989). 265,2528,84,26
<EOS>
Heft 371,2528,55,21
21/89 446,2528,71,20
und 538,2527,46,21
23/89, 108,2561,77,24
Seiten 195,2561,76,21
563-566 281,2562,102,21
und 391,2562,47,21
601 448,2562,37,20
-607 494,2561,55,20
[4] 62,2596,27,25
A.F. 109,2596,51,20
<EOS>
Fritzsche: 174,2594,120,22
Wie 303,2595,49,21
sicher 364,2595,75,21
leben 452,2595,64,21
wir? 530,2595,55,20
<EOS>
<EOP>
Risikobeurteilung 108,2629,230,27
und 356,2629,47,21
-bewältigung 422,2629,163,27
in 108,2663,21,21
unserer 145,2670,94,14
Gesellschaft. 252,2663,163,22
<EOS>
Verlag 430,2663,81,27
TÜV 523,2658,62,26
Rheinland, 108,2697,139,22
Köln. 259,2697,68,22
<EOS>
1986 340,2697,55,21
<EOS>
<EOP>
liehen 654,162,87,24
Typs. 757,163,74,30
<EOS>
Die 850,163,49,23
gegenteilige 916,163,169,30
Behaup¬ 1103,163,117,30
tung, 654,203,70,27
die 735,200,41,24
immer 786,200,94,24
wieder 889,200,95,24
mit 993,200,47,24
dem 1050,200,59,24
Schlag¬ 1119,201,101,30
wort 654,241,63,21
«Tschernobyl 743,238,194,30
ist 963,237,31,25
überall» 1019,238,117,24
cha¬ 1162,238,58,24
rakterisiert 654,274,158,25
wird, 826,274,72,30
wurde 914,275,88,24
sogar 1018,283,74,23
dem 1107,275,61,25
so¬ 1182,283,38,17
wjetrussischen 654,312,209,30
Kronzeugen 875,313,174,30
aus 1060,321,45,16
Tscher¬ 1114,313,106,24
nobyl, 654,350,85,29
Rolan 754,349,84,24
Sergejenko, 848,350,162,31
an 1021,358,33,16
einer 1064,350,72,24
kürz¬ 1146,351,74,23
lichen 654,387,86,24
Antiatomenergie- 765,387,253,31
Veranstaltung 1019,388,201,30
der 654,425,45,24
Schweizerischen 731,424,235,25
Energiestiftung 1000,425,220,31
(SES) 654,461,76,31
und 742,462,54,24
der 808,462,45,24
Ärzte 864,458,77,29
für 954,462,43,25
soziale 1008,462,94,25
Verant¬ 1113,463,107,24
wortung 653,504,118,26
(PSR) 788,500,82,29
zu 888,508,31,16
bunt. 937,500,71,24
<EOS>
Er 1028,501,32,23
bestätigte, 1077,500,141,31
dass 653,537,57,23
der 732,538,44,23
Tschernobyler 795,538,207,30
RBMK-Reak- 1024,538,195,24
tortyp 654,578,83,27
in 752,575,26,23
der 792,575,45,24
Tat 849,575,48,24
einer 910,575,72,24
der 996,576,45,23
unzuverläs¬ 1054,576,166,23
sigsten 651,616,95,31
Reaktoren 757,616,149,23
der 915,616,46,23
Welt 969,615,67,23
sei 1046,614,36,24
und 1092,614,54,24
man 1157,621,61,16
Tschernobyl 650,653,177,31
nicht 842,652,72,24
als 927,653,37,23
Argument 977,652,147,30
gegen 1137,658,81,24
die 651,689,42,25
Kernkraftwerke 707,688,231,26
generell 952,687,113,31
missbrau¬ 1080,686,138,24
chen 652,727,67,24
dürfe 727,726,76,25
[1]. 812,726,39,30
<EOS>
Des 653,765,51,23
weiteren 715,765,122,24
geht 847,765,59,31
Bühler 918,765,96,24
kurz 1024,765,64,25
auf 1098,765,47,25
Risi¬ 1156,766,65,24
kovergleiche 654,801,173,32
im 836,803,36,23
Energiebereich 884,803,215,31
ein, 1111,803,49,29
un¬ 1173,811,45,16
ter 651,844,38,20
teilweiser 706,839,136,25
Verwendung 858,841,183,30
von 1057,848,53,16
Ergeb¬ 1127,841,92,30
nissen 652,877,87,25
einer 759,877,72,25
Studie 851,877,88,25
des 959,878,44,24
Schreibenden 1024,878,194,25
[2]. 652,914,37,30
<EOS>
Solche 713,915,92,24
Vergleiche 827,915,152,31
erfordern 1002,916,135,24
eine 1160,916,58,24
sehr 651,953,60,23
differenzierte 727,953,195,24
Behandlung. 940,953,179,31
<EOS>
Es 1138,954,32,24
ist 1188,953,31,25
unter 652,994,75,19
Risikofachleuten 737,990,244,25
heute 991,991,77,24
allgemein 1078,991,140,31
akzeptiert, 651,1028,149,30
dass 821,1028,57,24
valable 897,1028,102,24
Risikoverglei¬ 1019,1028,199,31
che 652,1065,47,24
nur 721,1073,49,16
unter 792,1069,76,21
zwei 890,1066,63,24
Voraussetzungen 974,1067,243,29
möglich 652,1102,114,31
sind. 780,1102,65,25
<EOS>
Erstens 861,1104,103,24
müssen 979,1105,105,23
die 1097,1103,42,25
Risi¬ 1153,1103,65,25
ken 652,1140,51,24
aller 715,1140,64,24
Prozessstufen 792,1141,195,24
erfasst 1001,1141,90,24
werden, 1105,1141,110,29
die 651,1177,42,24
zur 707,1185,47,16
Energieerzeugung 769,1178,258,31
durchlaufen 1042,1179,175,23
werden. 651,1215,111,25
<EOS>
Zweitens 782,1216,127,24
dürfen 928,1216,95,24
nur 1042,1223,49,17
einiger¬ 1110,1216,108,31
massen 652,1261,102,16
vergleichbare 778,1253,192,31
Schadensfolgen 994,1254,223,30
miteinander 651,1290,175,24
verglichen 851,1290,149,31
werden, 1025,1291,111,28
also 1162,1291,54,24
Unfallfolgen 652,1328,182,30
mit 864,1328,47,24
Unfallfolgen 941,1328,183,31
oder 1154,1328,64,25
chronische 651,1365,154,24
gesundheitliche 839,1366,224,30
Schäden 1098,1367,118,23
wie 650,1402,48,25
die 709,1402,40,25
Folgen 760,1403,96,30
von 867,1411,52,16
chemischen 929,1403,168,24
oder 1107,1404,63,23
ra¬ 1180,1411,37,16
diologischen 650,1440,180,31
Emissionen 859,1440,163,25
untereinan¬ 1052,1441,165,25
der. 651,1478,51,24
<EOS>
Im 720,1479,37,22
gleichen 771,1477,119,32
Sinn 904,1477,65,25
können 984,1478,107,25
die 1106,1478,40,25
Fol¬ 1162,1479,55,24
gen 650,1523,49,23
des 711,1516,44,24
kontinuierlichen 768,1516,241,24
normalen 1023,1516,136,24
Be¬ 1173,1517,44,23
triebes 650,1553,93,24
und 756,1554,53,23
mögliche 822,1554,130,30
Folgen 965,1554,96,30
eines 1074,1554,70,24
viel¬ 1156,1554,61,24
leicht 651,1590,77,25
nie 751,1591,41,24
eintretenden 815,1591,182,24
Grossunfalles 1019,1592,197,23
vernünftigerweise 650,1628,258,31
nicht 939,1629,72,24
miteinander 1042,1629,175,24
direkt 650,1665,83,24
verglichen 760,1665,148,32
werden 936,1666,103,24
(ausführli¬ 1066,1666,150,30
cher 650,1703,60,24
siehe 726,1703,70,24
[2], 812,1703,37,30
[3]). 866,1703,49,30
<EOS>
Beachtet 933,1704,121,24
man 1070,1712,61,16
diese 1146,1704,70,24
Prinzipien 651,1741,147,30
nicht 814,1741,71,24
und 899,1742,54,23
greift 967,1742,75,30
einige 1057,1742,83,30
will¬ 1154,1742,62,23
kürliche 650,1778,118,25
Aspekte 778,1779,114,29
des 903,1779,43,24
ganzen, 956,1786,107,23
vielgestal¬ 1074,1779,142,30
tigen, 650,1815,76,32
wenn 742,1824,75,16
man 832,1824,61,16
will, 908,1816,59,29
farbigen 982,1816,118,31
Risiko¬ 1116,1817,100,24
bildes 650,1853,82,24
heraus, 744,1853,100,29
dann 857,1853,71,24
kann 941,1853,70,25
deren 1023,1854,79,24
Gegen¬ 1114,1854,102,31
überstellung 650,1891,176,30
in 838,1891,25,23
der 874,1891,45,24
Tat, 928,1892,53,27
wie 994,1891,47,25
Bühler 1052,1891,96,25
fest¬ 1158,1892,58,24
stellt, 649,1929,75,26
«keine 739,1929,94,23
relevante 846,1929,131,24
Aussage 989,1930,115,30
zur 1116,1937,46,16
Ri¬ 1175,1930,41,22
sikobeurteilung 649,1966,224,30
machen». 887,1967,137,24
<EOS>
Dazu 1041,1968,73,23
ist 1129,1967,31,24
die 1174,1967,41,24
Beurteilung 651,2003,166,32
des 831,2004,43,24
ganzen 888,2012,98,23
farbigen 999,2004,117,31
Bildes 1132,2004,83,25
unerlässlich. 649,2041,178,24
<EOS>
Konkret 650,2090,118,24
erfasst 778,2090,92,24
Bühler 881,2090,95,24
in 987,2090,26,24
seinem 1024,2090,99,25
Bild 1135,2090,55,25
2 1201,2091,13,23
bei 650,2127,39,24
der 702,2128,45,23
Kernenergie 759,2128,177,31
die 948,2128,41,24
aufgrund 1002,2129,129,30
einer 1144,2129,71,23
angenommenen 649,2173,229,22
Dosis-Wirkungshypo¬ 907,2166,309,31
these 649,2203,71,25
postulierten 767,2203,169,31
Krebstodesfälle, 986,2204,227,27
die 649,2240,40,25
nach 718,2241,65,24
einem 810,2240,87,25
unwahrscheinlichen 925,2242,289,24
schweren 649,2278,132,24
Unfall 808,2279,90,24
entstehen 925,2279,137,25
könnten. 1089,2280,124,24
<EOS>
Warum 649,2316,106,24
erfasst 768,2316,91,24
er 870,2324,27,16
bei 909,2316,40,25
der 962,2317,45,24
Energieerzeu¬ 1019,2317,197,31
gung 649,2361,68,23
durch 732,2354,82,23
die 831,2354,40,24
Verbrennung 886,2355,192,30
von 1094,2362,51,16
Gas 1162,2355,53,24
nicht 649,2391,72,25
die 731,2391,40,25
Folgen 782,2392,96,30
der 888,2392,45,24
C02Produktion, 943,2392,219,30
die 1174,2392,41,24
sich 649,2429,54,24
sogar 715,2437,73,23
mit 801,2429,46,25
grösster 858,2431,111,29
Wahrscheinlich¬ 980,2430,236,24
keit 649,2466,52,25
tatsächlich 715,2467,153,24
einstellen 883,2467,136,25
werden? 1035,2468,119,24
<EOS>
Zu¬ 1168,2469,48,23
mindest 650,2504,112,24
aber 776,2504,62,25
musste 853,2506,96,23
er 964,2513,27,16
beim 1007,2505,67,24
Gas, 1091,2505,61,26
wie 1169,2505,46,24
bei 649,2542,39,23
der 700,2543,45,22
Kernenergie, 757,2542,184,30
das 953,2543,44,23
Risiko 1010,2543,90,23
eventu¬ 1111,2548,105,19
eller 649,2579,62,24
schwerer 724,2579,127,24
Unfälle 865,2580,106,24
miteinbeziehen. 986,2580,227,24
<EOS>
Auch 649,2616,74,24
der 762,2617,45,23
Vergleich 843,2617,135,31
verschiedener 1017,2617,199,24
Energiesysteme 650,2653,220,31
kann 894,2654,69,24
auf 986,2655,46,24
diese 1052,2654,70,25
ober¬ 1144,2655,72,24
flächliche 650,2691,138,24
Weise 821,2692,83,23
nicht 939,2692,69,24
abgehandelt 1042,2692,172,31
werden. 650,2729,110,24
<EOS>
<EOP>
Gefahrenbewältigung 1265,184,367,33
Im 1265,265,39,24
letzten 1325,265,95,24
Teil 1440,264,55,25
seiner 1516,264,86,25
Ausführungen 1622,264,208,31
macht 1266,302,86,24
Bühler 1371,302,95,24
Vorschläge, 1483,302,165,31
wie 1666,301,49,25
Gefah¬ 1733,301,98,25
rensituationen 1265,340,207,24
in 1499,340,27,23
Zukunft 1553,340,119,23
vielleicht 1699,339,131,24
besser 1265,378,86,23
bewältigt 1366,378,129,30
werden 1510,378,104,23
könnten. 1630,378,125,23
<EOS>
Ent¬ 1775,378,58,22
scheide 1266,415,102,24
in 1377,415,27,24
diesem 1414,415,97,24
Bereich 1523,415,108,24
sind, 1642,415,65,29
darüber 1720,415,111,24
besteht 1265,452,101,25
kein 1376,452,60,24
Zweifel, 1445,453,114,28
gesellschaftspoliti¬ 1571,451,262,32
scher 1267,489,72,25
Natur. 1347,490,89,24
<EOS>
In 1450,490,29,23
den 1491,490,51,24
entsprechenden 1554,490,226,30
ge¬ 1792,497,38,23
sellschaftspolitischen 1265,527,302,30
Prozess 1588,528,105,23
mussten 1714,528,116,23
die 1264,569,42,25
Wertvorstellungen 1319,570,266,30
der 1600,570,45,24
Betroffenen 1660,570,169,24
einfliessen 1264,606,151,25
können, 1438,607,115,28
wohl 1576,607,70,24
am 1669,615,42,16
zweck- 1734,607,96,24
mässigsten 1265,644,151,31
bei 1438,644,40,24
ihrer 1501,644,70,24
direkten 1592,644,118,24
Vertre¬ 1731,645,99,23
tung 1264,687,64,25
in 1350,682,26,23
einem 1398,682,86,24
geeigneten 1506,682,152,30
Gremium, 1681,682,147,28
dem 1264,720,60,23
auch 1346,720,66,23
Risikofachleute 1434,719,225,24
angehören 1680,720,150,29
würden. 1264,757,114,24
<EOS>
Ein 1405,757,48,24
solches 1478,757,100,24
Modell 1605,757,99,24
scheint 1730,756,100,25
dem 1264,795,60,24
Schreibenden 1353,794,194,25
prüfenswert 1576,794,172,31
und 1776,794,54,24
wurde 1264,832,87,24
auch 1364,832,67,24
schon 1443,832,82,24
von 1538,840,51,16
ihm 1602,831,56,25
vorgeschla¬ 1670,832,160,31
gen 1263,877,49,23
[4], 1322,870,38,29
Ob 1372,870,41,23
als 1423,870,37,24
Ergebnis 1470,870,124,30
dieses 1604,870,83,24
Prozesses 1698,870,132,23
wirklich, 1264,907,125,29
wie 1406,907,48,24
Bühler 1470,908,96,23
offenbar 1581,908,122,23
dies 1719,907,53,24
an¬ 1787,915,43,16
nimmt, 1264,945,103,29
den 1393,946,50,23
Wertvorstellungen 1466,945,267,30
einer 1759,945,71,24
Minderheit 1264,982,162,25
schliesslich 1451,982,160,25
dasselbe 1637,983,116,24
Ge¬ 1780,982,50,25
wicht 1264,1020,76,24
zukommen 1357,1020,160,24
würde 1534,1020,87,24
wie 1637,1019,49,25
den 1702,1020,50,24
Vor¬ 1769,1020,61,24
stellungen 1263,1058,147,31
einer 1423,1057,72,25
Mehrheit, 1509,1057,141,29
oder 1665,1058,63,24
ob 1742,1057,32,25
die 1788,1057,41,25
Kenntnisnahme 1264,1096,230,24
gewisser 1530,1095,119,31
Tatsachen 1685,1096,144,23
diese 1263,1133,70,24
Wertvorstellungen 1347,1134,268,29
vielleicht 1629,1133,132,24
mo¬ 1776,1140,54,17
difizieren 1263,1170,137,24
könnte, 1413,1171,106,28
sollte 1532,1171,74,23
wohl 1619,1170,68,24
dem 1699,1170,60,24
Pro¬ 1772,1171,58,23
zess 1263,1215,54,17
überlassen 1340,1208,150,24
und 1514,1207,54,24
nicht 1592,1207,71,24
vorwegge¬ 1687,1215,143,23
nommen 1264,1252,125,16
werden. 1400,1245,110,23
<EOS>
In 1263,1281,29,23
diesem 1311,1280,99,25
Sinne 1428,1280,80,25
kann 1527,1281,72,24
der 1617,1281,46,24
ersten 1681,1285,85,21
der 1785,1282,45,24
drei 1262,1317,55,25
Schlussfolgeningen 1346,1317,273,32
Bühlers 1645,1319,108,24
mit 1782,1318,47,25
einer 1262,1355,72,24
wesentlichen 1350,1356,185,23
Einschränkung 1553,1356,218,31
zu¬ 1786,1364,44,16
gestimmt 1263,1392,131,31
werden, 1419,1393,110,28
nämlich, 1556,1392,124,29
dass 1705,1392,58,24
die 1787,1392,42,24
Beurteilung 1264,1429,167,32
von 1444,1438,52,16
Risiken 1510,1429,109,25
nicht 1632,1429,73,25
nur 1720,1438,48,16
von 1776,1437,53,17
Risikofachleuten, 1264,1467,251,29
aber 1532,1467,61,24
auch 1609,1467,67,24
nicht 1692,1466,72,25
nur 1780,1475,50,16
von 1263,1513,52,16
den 1344,1505,50,23
Betroffenen 1423,1505,170,24
vorgenommen 1621,1512,208,23
werden 1264,1543,103,23
darf, 1378,1543,64,28
sondern 1454,1543,114,23
von 1577,1550,53,16
den 1640,1543,50,23
zuständi¬ 1701,1543,129,23
gen 1263,1588,48,22
Instanzen, 1325,1580,146,28
in 1484,1580,26,24
denen 1522,1580,86,24
aber 1620,1580,61,24
beide 1692,1580,75,24
die¬ 1779,1580,51,24
se 1263,1625,26,16
Kreise 1300,1617,89,25
offen 1399,1618,74,24
mitwirken 1483,1617,149,25
können. 1642,1618,114,24
<EOS>
Die 1265,1666,48,25
zweite 1328,1666,90,24
Folgerung, 1434,1666,153,31
wonach 1604,1666,109,25
Risiko¬ 1730,1666,100,25
analysen 1264,1704,123,31
als 1399,1703,36,25
Entscheidungshilfen 1447,1703,294,32
unge¬ 1753,1711,77,23
eignet 1264,1741,85,31
seien, 1358,1741,79,29
ist 1448,1741,31,24
im 1488,1741,36,24
Widerspruch 1533,1742,186,30
mit 1729,1741,46,24
der 1785,1742,45,23
soeben 1264,1779,97,24
erwähnten 1377,1779,151,24
Forderung 1545,1779,151,30
Bühlers, 1713,1779,114,28
Risikofachleute 1265,1816,223,25
sollten 1515,1817,94,23
im 1636,1816,35,24
Entschei- 1699,1816,131,24
dungsprozess 1264,1854,188,30
beratend 1500,1853,124,25
mitwirken, 1672,1853,156,29
denn 1264,1891,70,24
diese 1358,1891,69,24
Beratung 1452,1891,130,31
musste 1605,1892,96,23
sich 1726,1891,55,23
ja 1803,1891,27,30
massgeblich 1265,1929,171,30
auf 1449,1929,45,23
Risikoanalysen 1506,1928,216,30
abstüt¬ 1735,1929,95,23
zen. 1264,1974,55,17
<EOS>
In 1264,2016,29,23
der 1306,2016,45,24
dritten 1363,2014,95,25
und 1471,2015,53,24
letzten 1538,2015,94,24
Schlussfolge¬ 1644,2015,186,31
rung 1265,2060,64,24
wird 1346,2052,63,24
die 1427,2052,40,24
unqualifizierte 1484,2051,212,32
Behaup¬ 1715,2052,115,31
tung 1264,2095,63,26
wiederholt, 1346,2090,159,28
bei 1528,2090,41,24
einem 1589,2090,87,23
schweren 1697,2090,132,23
Unfall 1265,2128,91,23
eines 1386,2128,70,23
schweizerischen 1487,2127,231,24
Kern¬ 1748,2128,82,23
kraftwerkes 1265,2165,168,24
könnte 1446,2165,98,24
eine 1558,2165,57,24
grössere 1627,2167,115,29
Men¬ 1756,2166,74,23
ge 1263,2211,30,23
an 1305,2211,33,16
Radioaktivität 1352,2202,203,25
freigesetzt 1569,2202,145,32
werden 1726,2203,104,24
als 1264,2241,36,24
beim 1311,2240,69,25
Tschernobyl-Unfall. 1389,2240,289,31
<EOS>
Damit 1690,2240,89,24
be¬ 1790,2241,40,24
gibt 1263,2278,54,31
sich 1334,2278,55,24
Bühler 1410,2278,95,24
offenbar 1524,2278,122,24
ohne 1665,2278,69,24
jeden 1751,2278,79,31
Skrupel 1264,2316,110,30
hinunter 1394,2316,124,24
auf 1537,2316,45,24
das 1601,2316,44,24
Niveau 1665,2316,101,24
der 1786,2316,44,23
Angstmacher 1265,2354,190,29
vom 1479,2361,60,16
Dienst, 1565,2353,100,26
zweifellos 1690,2353,140,24
wider 1264,2391,79,24
besseren 1361,2391,120,24
Wissens. 1499,2390,122,25
<EOS>
Es 1641,2392,30,23
sei 1690,2390,35,25
jedem 1742,2391,87,30
unbenommen, 1265,2429,206,28
sich 1495,2428,54,25
eine 1572,2428,59,25
eigene 1654,2428,88,32
Mei¬ 1766,2428,64,24
nung 1265,2474,71,23
auch 1348,2466,66,24
über 1426,2466,63,24
die 1500,2465,41,25
Kernenergie 1554,2466,177,31
zu 1742,2474,32,16
bil¬ 1786,2465,44,25
den. 1264,2504,58,23
<EOS>
Es 1335,2504,31,23
ist 1377,2503,30,24
aber 1417,2504,61,24
unredlich. 1488,2504,145,24
<EOS>
Talsachen 1644,2504,144,23
zu 1798,2510,32,17
verschweigen 1265,2541,190,31
oder 1478,2542,63,23
zu 1563,2549,30,16
verstellen, 1616,2541,145,24
um 1786,2548,43,17
diese 1264,2578,70,25
Meinung 1348,2579,129,30
öffentlich 1490,2578,138,25
zu 1643,2587,30,16
rechtferti¬ 1689,2578,141,25
gen. 1263,2624,58,23
<EOS>
Adresse 1264,2698,99,21
des 1377,2699,38,21
Verfassers: 1429,2698,137,22
A. 1582,2699,25,20
<EOS>
F. 1624,2698,19,22
<EOS>
Fritzsche, 1660,2697,115,26
Dr. 1790,2698,39,21
<EOS>
sc. 1264,2739,28,14
<EOS>
techn.. 1302,2732,83,22
<EOS>
Chesa 1396,2732,75,22
Crast'ota. 1480,2733,119,21
<EOS>
7504 1610,2733,56,20
Pontresina 1676,2732,133,21
664 36,2799,47,22
<EOS>
<EOP>
