1960,2865
Energietechnik 64,95,203,32
Schweizer 1129,95,138,25
Ingenieur 1274,97,131,30
und 1412,95,52,25
Architekt 1470,94,126,26
Nr. 1604,96,41,23
<EOS>
23, 1655,95,39,29
7. 1703,96,23,23
<EOS>
Juni 1736,95,56,24
1990 1803,94,59,25
<EOS>
<EOP>
¦ 86,202,18,20
Generatoren 124,201,160,21
Typ 292,202,48,26
Arco 361,202,61,20
M 431,202,25,20
55 466,202,26,20
Technologie 83,235,156,27
monokristallin 362,234,188,22
Wirkungsgrad 84,268,180,27
14.5% 364,268,69,22
<EOS>
Bruttofläche 85,302,157,21
46 360,302,29,21
m2 397,302,33,21
Anzahl 85,336,91,21
Module 185,336,97,21
108 364,336,38,21
Nennleistung 84,370,171,27
5,4 362,370,34,25
kW 406,370,42,21
Leistung 84,404,109,27
bei 201,404,37,21
1000 86,438,55,21
W/m2 148,438,77,20
Einstrahlung 84,471,165,28
und 257,472,47,21
20 83,505,27,22
°C 119,505,31,22
5.9 361,505,34,22
<EOS>
kW 405,505,42,21
Anstellwinkel 83,538,178,22
33 360,539,26,21
Grad 396,539,65,21
Ausrichtung 83,572,158,28
Süden 360,573,77,21
Hersteller 84,606,126,22
Arco 360,607,61,21
Solar 429,607,65,21
¦ 84,664,18,19
Inverter 122,663,103,20
Typ 81,697,48,26
SI 360,696,23,21
3000 393,696,57,21
Importeur 83,730,131,26
Fabrimex 360,729,123,22
AG. 491,730,53,21
<EOS>
<EOP>
Zürich 360,763,85,21
¦ 85,820,18,20
Anlage 122,820,89,27
Jahresertrag 82,853,156,27
ins 246,853,35,22
Netz 84,888,57,20
5250 361,887,57,21
kWh 428,887,59,21
Investitionskosten 84,920,233,22
18 363,921,24,20
Fr./Wp 397,921,95,26
<EOS>
Tabelle 66,988,92,26
2. 171,990,21,23
<EOS>
Anlage 212,988,98,32
Solcar 323,988,84,26
in 419,991,22,22
Mönchaltorf. 455,988,172,26
<EOS>
Technische 66,1025,144,27
Daten 219,1027,82,25
<EOS>
<EOP>
¦ 85,1184,18,19
Generatoren 123,1182,161,21
Typ 82,1231,48,27
Arco 345,1230,61,22
M 415,1231,25,20
55 450,1231,26,20
Technologie 81,1264,156,28
monokristallin 345,1264,188,21
Wirkungsgrad 82,1298,180,28
14,5% 347,1298,70,23
Bruttofläche 83,1332,157,22
45 343,1333,28,20
m2 380,1333,33,20
Anzahl 82,1367,92,21
Module 183,1367,96,21
105 347,1366,38,21
Nennleistung 82,1400,171,27
5,8 345,1400,33,25
kW 388,1400,43,21
DC 440,1400,43,21
<EOS>
<EOP>
5,4 345,1434,34,24
kW 388,1433,43,22
AC 439,1433,42,22
Anstellwinkel 82,1467,178,22
90 344,1467,27,21
bzw. 380,1467,55,21
<EOS>
70 445,1467,27,21
Grad 482,1467,64,21
Ausrichtung 82,1524,158,27
Südwest 344,1524,101,21
Hersteller 82,1558,126,21
Arco 344,1558,61,21
Solar 413,1558,65,21
¦ 84,1627,18,19
Inverter 123,1626,102,21
Typ 81,1674,48,26
SI 345,1674,23,20
3000 378,1674,57,20
Spannung 82,1708,128,26
DC 218,1708,43,20
40 344,1707,29,21
bis 381,1706,34,22
55 424,1708,26,20
V 460,1708,18,19
<EOS>
<EOP>
AC 218,1741,42,21
220 345,1741,42,20
V 396,1741,18,20
Strom 82,1775,76,21
DC 218,1775,43,21
120 348,1774,39,21
A 396,1774,20,21
<EOS>
<EOP>
AC 218,1808,42,21
25 345,1808,26,21
A 381,1808,19,21
Importeur 85,1843,129,26
Fabrimex 346,1842,122,22
AG 477,1842,45,22
<EOS>
<EOP>
Zürich 345,1875,85,22
¦ 84,1945,19,19
Anlage 122,1943,89,27
Jahresertrag 82,1992,156,26
ins 246,1991,35,22
Noch 345,1992,67,21
keine 422,1991,67,22
Netz 84,2027,57,20
Angaben 345,2026,114,26
Investitionskosten 85,2059,231,21
19 349,2060,24,20
Fr./Wp 383,2060,94,26
<EOS>
<EOP>
Simulierter 82,2162,144,22
Energieertrag 236,2162,172,27
(kWh) 417,2162,80,26
Sommer 82,2212,107,22
Winter 345,2211,88,22
(6 82,2245,23,25
Monate) 114,2246,106,26
(6 345,2245,22,27
Monate) 377,2246,106,26
April 82,2279,66,27
630 255,2279,42,21
Januar 343,2280,86,20
230 540,2279,42,21
Mai 82,2312,49,22
680 255,2313,42,21
Februar 346,2313,100,21
390 540,2313,42,21
Juni 80,2347,54,21
690 254,2347,42,21
März 345,2348,66,20
520 540,2347,42,21
Juli 81,2381,44,21
750 255,2382,42,20
Oktober 345,2381,105,22
460 539,2381,44,21
August 83,2415,88,27
700 255,2416,42,20
November 345,2415,134,21
250 540,2415,43,21
September 83,2449,135,27
520 256,2449,41,21
Dezember 347,2449,130,21
190 545,2448,38,21
<EOS>
<EOP>
Sommer 84,2553,107,20
3970 241,2552,57,21
Winter 346,2552,88,21
2040 527,2552,56,20
Ganzes 84,2600,93,22
Jahr 82,2634,55,21
6010 240,2634,58,21
Tabelle 66,2702,95,25
3. 186,2703,21,24
<EOS>
Anlage 251,2702,100,32
W. 380,2703,34,23
<EOS>
Schmidt 443,2702,108,25
AG, 575,2702,54,29
Glattbrugg. 65,2740,158,32
<EOS>
Technische 236,2739,144,25
Daten 389,2741,82,23
<EOS>
<EOP>
schlägt. 673,177,105,30
<EOS>
Erste 796,178,71,23
Ergebnisse 884,176,151,31
der 1052,177,44,24
noch 1113,176,68,24
an¬ 1197,184,43,16
dauernden 673,214,153,25
umfangreichen 851,214,218,31
Messkam¬ 1096,214,144,24
pagne 673,260,83,23
beziehen 776,251,127,25
sich 922,251,54,25
auf 997,251,44,24
den 1060,251,51,24
19. 1135,251,33,23
<EOS>
Juli 1189,251,51,24
1989, 676,290,69,28
einem 756,290,86,23
warmen 852,296,116,17
und 977,290,53,22
schönen 1041,289,116,24
Tag: 1165,290,62,29
D 675,340,21,22
An 717,339,42,23
diesem 778,338,98,24
Tag 893,339,53,29
schwankt 964,338,134,24
die 1117,337,40,25
Aus¬ 1176,338,64,23
sentemperatur 673,379,208,27
zwischen 903,375,131,25
15 1061,376,26,23
°C 1099,375,34,24
um 1157,383,44,16
8 1226,375,13,23
Uhr 673,413,59,24
und 741,413,55,24
30 807,413,31,24
°C 848,413,35,24
um 893,421,46,16
13 953,413,27,23
Uhr. 993,413,64,24
<EOS>
Die 1070,413,50,23
höchste 1131,412,109,24
Temperatur 671,451,171,30
der 860,450,45,24
Panels 924,450,91,24
übersteigt 1034,450,139,30
mit 1192,449,48,24
einer 672,488,73,24
zeitlichen 758,488,139,23
Verzögerung 909,489,184,29
von 1106,494,52,17
rund 1172,487,68,24
einer 672,525,72,24
Stunde 763,525,98,24
das 880,525,44,24
Maximum 943,525,150,24
der 1112,525,45,24
Aus¬ 1175,525,65,24
sentemperatur 673,567,207,27
um 889,571,45,15
17 947,563,27,23
°C 985,563,34,23
(vgl. 1029,562,60,31
<EOS>
Bild 1100,562,57,24
5). 1167,562,32,30
<EOS>
D 674,613,21,22
Der 716,612,54,23
Verlauf 790,611,108,24
der 918,611,45,24
Einstrahlung, 984,611,192,30
ab¬ 1198,611,42,23
hängig 674,649,95,31
von 780,656,52,17
der 845,649,44,24
Bezugsebene, 902,649,189,30
zeigt 1105,648,65,31
Bild 1183,648,57,24
6. 673,687,21,23
<EOS>
Die 720,686,49,24
horizontale 792,686,162,24
Einstrahlung 978,686,186,30
ent¬ 1187,690,53,20
spricht 673,724,97,30
im 785,724,36,24
wesentlichen 836,724,185,24
der 1036,724,45,24
Normkur¬ 1095,723,145,25
ve, 674,769,38,21
die 726,761,41,25
vormittäglichen 781,761,228,31
Schwankungen 1023,761,217,31
sind 673,798,59,25
auf 754,799,46,24
vorbeiziehende 822,798,219,25
Wolken 1064,798,112,24
zu¬ 1199,806,42,16
rückzuführen. 675,837,203,23
<EOS>
Der 900,837,53,23
Einfluss 974,836,115,24
der 1109,837,45,23
Wol¬ 1173,837,68,22
ken 674,874,51,24
auf 737,875,45,23
die 793,874,42,24
geneigte 846,874,118,30
und 975,874,55,23
vertikale 1041,873,126,24
Ebe¬ 1179,874,62,23
ne 674,919,32,17
ist 718,911,31,25
geringer, 760,911,126,31
weil 899,911,58,25
auf 969,911,45,25
diesen 1025,911,89,24
Flächen 1127,911,113,24
die 674,949,41,25
Direktstrahlung 728,949,230,31
eine 971,949,58,24
geringere, 1041,948,141,32
der 1196,949,45,24
diffuse 674,986,96,25
Anteil 794,986,89,25
des 906,986,44,25
Lichtes 974,986,101,24
aber 1099,986,61,24
eine 1183,986,57,24
grössere 673,1025,115,30
Rolle 802,1024,75,24
spielt. 890,1024,82,30
<EOS>
Die 987,1024,49,24
zeitliche 1049,1024,119,24
Ver¬ 1181,1024,60,24
schiebung 673,1062,144,30
der 836,1062,45,24
drei 899,1062,54,23
Kurven 973,1063,108,22
ist 1101,1061,30,24
in 1151,1061,27,24
der 1196,1062,45,23
Orientierung 674,1099,186,31
der 870,1100,44,24
Gebäude 925,1099,127,25
begründet. 1062,1099,150,30
<EOS>
D 675,1150,21,22
Bei 717,1148,45,25
einer 776,1148,72,25
Leistung 863,1148,123,31
von 1000,1156,52,17
rund 1067,1148,68,24
150 1151,1148,44,24
W 1210,1148,30,23
auf 673,1186,46,24
der 750,1186,45,24
Gleichstromseite 828,1185,244,25
geht 1104,1185,59,32
der 1196,1186,45,24
Wechselrichter 675,1223,216,24
in 908,1223,27,23
Betrieb. 953,1223,109,24
<EOS>
Dies 1080,1223,62,24
ist 1160,1223,30,24
an 1208,1230,33,17
der 674,1261,46,23
dunkel 736,1261,98,23
gefärbten 850,1261,136,30
Kurve 1003,1261,89,23
in 1109,1261,26,23
Bild 1153,1260,57,24
7 1227,1261,13,23
ersichtlich. 675,1298,155,24
<EOS>
Im 842,1299,39,23
weiteren 892,1298,122,24
Verlauf 1024,1298,108,24
des 1142,1298,43,24
Ta¬ 1195,1299,45,23
ges 674,1344,41,23
entspricht 740,1335,142,31
die 906,1335,41,25
Leistung 972,1335,122,32
vor 1117,1344,46,16
und 1186,1336,54,23
nach 675,1373,67,25
dem 775,1373,60,25
Wechselrichter 868,1373,217,24
ziemlich 1118,1373,122,24
genau 674,1418,84,24
der 776,1411,44,24
Einstrahlung. 838,1411,193,31
<EOS>
Auf 1050,1411,56,23
den 1122,1411,51,24
bei¬ 1190,1411,51,24
den 674,1449,51,23
höchsten 738,1449,127,23
Punkten 880,1449,119,23
weisen 1013,1449,94,23
die 1120,1448,42,24
Kur¬ 1176,1449,65,23
ven 674,1494,50,16
Werte 740,1487,85,23
von 842,1494,52,16
1,5 914,1487,35,28
bzw. 968,1486,62,24
<EOS>
1,37 1052,1486,52,29
kW 1122,1486,49,24
aus, 1186,1494,54,22
was 674,1532,51,16
einem 737,1523,87,25
Wirkungsgrad 837,1523,204,31
von 1054,1532,53,17
91% 1119,1524,57,24
ent¬ 1189,1528,52,21
spricht. 674,1561,104,31
<EOS>
D 676,1612,22,22
Das 719,1611,53,24
Verhalten 787,1610,141,25
der 944,1610,45,24
beiden 1004,1610,95,25
Wechsel¬ 1113,1611,129,24
richter 676,1648,94,24
ist 785,1648,30,24
in 831,1648,26,23
Bild 872,1648,57,24
8 944,1648,13,24
dargestellt. 972,1648,154,31
<EOS>
Da 1142,1648,41,24
der 1197,1648,45,24
eine 675,1685,58,24
Wechselrichter 747,1686,217,23
von 979,1693,51,16
einem 1045,1686,87,23
grösse¬ 1146,1687,96,29
ren 676,1731,45,17
Anteil 740,1723,88,25
geneigter 848,1723,131,31
Panels 998,1724,91,24
gespiesen 1107,1723,134,31
wird, 674,1760,71,30
weist 762,1761,71,25
er 848,1769,27,16
die 889,1761,41,24
höhere 946,1761,98,25
Leistung 1060,1761,122,31
aus 1197,1769,45,17
(siehe 676,1798,81,30
dazu 770,1799,65,24
Bild 848,1798,55,25
6). 916,1798,33,30
<EOS>
Die 964,1798,49,25
Zuordnung 1024,1799,162,31
der 1198,1799,45,24
einzelnen 675,1836,138,24
Panels 831,1836,91,24
zu 939,1844,33,16
den 989,1836,51,24
Wechselrich¬ 1056,1836,187,24
tern 676,1877,56,20
erfolgte 748,1874,109,30
nach 875,1874,66,23
dem 958,1874,61,23
Kriterium 1036,1873,145,24
der 1198,1874,45,23
Verdrahtung. 675,1911,189,30
<EOS>
<EOP>
Mönchaltorf 672,2021,203,26
Die 672,2101,50,25
«Solcar 742,2101,106,25
Genossenschaft 866,2101,226,25
Solarmo¬ 1110,2102,130,24
bilbau» 672,2139,106,24
bezweckt 799,2140,131,23
die 948,2139,42,24
vermehrte 1009,2140,148,23
Nut¬ 1176,2140,64,23
zung 671,2184,68,23
der 759,2177,45,23
Sonnenenergie. 824,2177,221,30
<EOS>
Sie 1066,2177,41,24
tut 1126,2181,39,19
dies 1184,2176,55,24
durch 671,2215,83,24
den 773,2215,50,24
Bau 843,2216,53,23
von 915,2223,52,16
Solarmobilen 986,2214,192,25
für 1198,2214,42,25
Genossenschafter 672,2252,254,24
und 937,2252,54,24
für 1003,2252,41,24
andere 1054,2252,96,24
Inter¬ 1162,2252,78,24
essierte. 672,2289,111,25
<EOS>
Bei 798,2289,44,24
den 854,2289,51,25
sogenannten 918,2294,180,27
Solarmo¬ 1111,2289,129,25
bilen 673,2327,70,24
handelt 756,2327,106,24
es 874,2335,26,16
sich 912,2327,54,24
von 980,2335,50,16
der 1043,2327,45,24
Typologie 1098,2327,141,31
her 672,2365,47,23
um 731,2372,44,16
Elektromobile, 787,2365,213,29
die 1013,2365,41,23
ihren 1068,2365,73,23
Strom 1153,2365,86,23
aber 672,2403,61,24
aus 744,2410,45,17
Solarzellenanlagen 800,2402,272,30
aufgepackt 1084,2402,156,31
aufs 673,2440,57,24
Fahrzeug 744,2440,134,31
oder 890,2440,63,24
an 965,2448,32,16
einem 1012,2440,86,24
Gebäude 1112,2440,128,24
fest 674,2477,48,24
installiert 746,2477,137,25
beziehen. 908,2477,133,25
<EOS>
Aus 1067,2477,54,25
prakti¬ 1146,2477,95,31
schen 673,2515,79,24
Gründen 767,2515,130,24
läuft 912,2515,64,24
der 990,2515,45,24
Energietrans¬ 1050,2515,190,31
fer 674,2553,38,23
zwischen 721,2552,129,24
Generatoren 861,2553,181,23
und 1053,2553,53,23
Motoren 1117,2554,123,22
über 674,2590,63,24
das 749,2590,44,24
öffentliche 806,2590,154,25
Netz 973,2591,65,24
der 1051,2590,45,25
Elektrizi¬ 1109,2590,131,24
tätswerke. 673,2627,143,25
<EOS>
Die 843,2627,49,25
Benutzer 918,2628,128,24
der 1069,2628,45,24
Mobile 1140,2627,100,25
«tanken» 675,2665,133,24
ihr 835,2664,40,24
Fahrzeug 901,2665,133,31
also 1058,2665,55,24
an 1137,2673,32,16
der 1195,2665,46,24
hauseigenen 675,2702,174,31
Steckdose 871,2703,139,24
auf. 1032,2703,52,23
<EOS>
Mit 1108,2703,50,24
dem 1179,2703,61,24
Kauf 675,2741,70,23
eines 778,2739,70,25
Elektromobils 884,2740,201,24
wechselt 1119,2741,121,23
<EOS>
<EOP>
auch 1289,176,67,24
das 1377,175,45,25
anteilige, 1444,174,128,32
auf 1596,175,45,24
insgesamt 1663,174,140,32
25 1824,174,31,24
Jahre 1288,213,76,24
beschränkte 1389,213,172,24
Nutzungsrecht 1587,213,210,30
an 1822,219,33,16
der 1289,251,45,24
gemeinschaftlichen 1367,250,280,31
Stromerzeu¬ 1681,251,175,23
gungsanlage 1289,289,174,30
der 1485,288,46,24
Solcar 1552,288,88,24
den 1661,288,51,24
Besitzer. 1734,287,120,25
<EOS>
Der 1289,327,53,23
Betrieb 1358,325,102,25
eines 1475,325,71,25
umweltfreundlichen 1562,325,293,24
Solarmobils 1289,363,169,25
ist 1478,363,30,24
also 1527,363,54,24
nicht 1601,362,72,25
vom 1692,370,61,16
Besitz 1772,362,83,24
eines 1289,400,71,25
besonnten 1372,401,147,24
Einfamilienhauses 1533,400,267,24
ab¬ 1813,400,43,23
hängig. 1289,438,101,31
<EOS>
Die 1289,487,49,24
Solcar-Anlage 1353,487,199,30
arbeitet 1567,486,108,25
seit 1689,486,47,25
einigen 1750,486,104,30
Monaten 1289,525,128,24
auf 1433,524,46,25
dem 1494,524,60,25
Dach 1571,524,73,24
eines 1661,524,70,24
kleinen 1748,523,106,25
Nebengebäudes 1289,562,222,31
in 1528,561,27,24
der 1571,561,45,25
Wohnzone 1632,562,154,23
von 1803,569,51,16
Mönchaltorf. 1289,599,188,24
<EOS>
In 1499,599,28,23
beiden 1546,599,94,24
elektrisch 1659,599,138,24
ge¬ 1815,606,40,23
trennten 1289,641,122,19
Solarzellenfeldern 1429,637,263,23
fliesst 1710,636,82,24
der 1810,636,45,24
Strom 1289,675,85,24
über 1395,674,65,25
zwei 1481,674,62,24
Klemmenkästen 1566,674,234,24
zu 1823,682,31,16
den 1289,712,50,24
Wechselrichtern. 1361,711,243,25
<EOS>
Die 1629,711,49,24
Daten 1702,712,85,23
der 1810,711,46,24
Wechselrichter 1289,749,216,24
: 1512,757,4,15
Gleichstromeingang 1565,748,291,31
mit 1290,787,47,24
einer 1348,787,72,24
Spannung 1430,787,143,30
je 1582,787,26,30
nach 1620,787,67,23
Betriebszu¬ 1698,787,159,23
stand 1290,825,75,23
zwischen 1378,824,129,24
40 1519,824,32,24
und 1564,825,54,23
60 1631,824,31,24
V 1674,825,22,23
bzw. 1708,824,62,24
<EOS>
einer 1785,824,72,24
Stromstärke 1290,862,173,24
von 1474,870,53,16
0 1538,862,15,24
bis 1565,861,38,25
60 1615,862,31,24
A. 1658,862,30,23
<EOS>
Zweiphasi- 1702,861,155,31
ger 1289,908,44,22
Wechselstromausgang 1344,899,318,31
mit 1674,899,46,24
220 1732,899,49,24
bzw. 1792,899,62,24
<EOS>
380 1290,937,47,24
V 1348,938,21,22
und 1379,937,54,24
einem 1444,936,86,25
Strom 1541,937,86,24
zwischen 1637,936,130,25
0 1777,937,14,24
und 1802,937,54,24
12 1294,975,27,23
A. 1330,975,31,23
<EOS>
Die 1290,1024,49,24
Solargeneratoren 1354,1024,245,30
sind 1613,1024,57,23
im 1686,1024,35,23
obersten 1736,1024,120,23
Drittel 1291,1061,94,24
des 1402,1062,43,23
15 1466,1062,27,23
m 1511,1069,27,16
breiten 1554,1061,100,24
und 1672,1061,54,24
von 1742,1068,52,17
der 1811,1061,46,24
Traufe 1289,1099,95,24
zum 1405,1107,61,16
Giebel 1487,1098,95,25
11 1605,1099,25,23
m 1654,1107,26,15
messenden 1701,1098,155,24
Daches 1290,1137,103,24
montiert. 1407,1136,131,25
<EOS>
Das 1554,1137,52,23
Zellenfeld 1620,1136,145,24
selbst 1779,1136,77,24
misst 1290,1173,72,25
14,5 1382,1174,51,28
auf 1449,1174,46,24
3,4 1509,1174,40,28
m, 1564,1181,33,21
also 1614,1173,54,25
rund 1683,1173,67,25
46 1764,1173,33,24
m2. 1811,1173,45,24
<EOS>
Erstmals 1289,1235,124,24
wurden 1427,1235,107,24
bei 1548,1235,41,25
dieser 1604,1235,83,25
Anlage 1700,1236,101,31
die 1815,1236,41,24
Zellen 1287,1273,91,23
anstelle 1388,1273,107,24
der 1506,1273,45,24
Ziegel 1560,1273,87,31
ins 1658,1273,39,24
Dach 1709,1273,73,24
inte¬ 1793,1273,63,24
griert. 1287,1310,85,31
<EOS>
Gegenüber 1412,1311,158,29
der 1608,1310,45,24
Dachfläche 1691,1310,162,24
(oberkant 1288,1347,139,31
Ziegel) 1445,1347,98,31
sind 1562,1347,59,25
die 1639,1347,42,24
Zellen 1700,1347,90,24
um 1808,1355,46,16
höchstens 1289,1385,138,24
6 1437,1385,14,24
cm 1461,1393,41,16
überhöht. 1511,1385,138,24
<EOS>
<EOP>
Fassadenintegration 1289,1510,339,33
Die 1289,1591,50,24
Idee 1357,1592,59,23
der 1433,1592,47,23
Fassadenintegration 1497,1591,289,31
von 1804,1599,53,16
Solarzellen 1289,1629,159,25
ist 1489,1629,32,25
sehr 1561,1629,60,25
einleuchtend: 1661,1628,196,26
Durch 1290,1667,90,24
die 1397,1666,41,25
Kombination 1455,1666,193,25
zweier 1664,1666,92,25
Funk¬ 1772,1667,85,23
tionen, 1289,1704,99,29
nämlich 1401,1704,116,24
die 1528,1704,42,24
des 1581,1704,44,24
stromerzeugen¬ 1636,1709,221,25
den 1289,1742,51,23
und 1361,1742,54,24
des 1436,1742,44,24
schützenden 1501,1742,178,24
Elementes, 1701,1742,153,27
Kosten 1290,1780,100,23
in 1400,1779,27,24
der 1436,1779,45,24
Herstellung 1491,1780,168,29
und 1668,1779,53,24
Montage 1731,1779,125,29
zu 1289,1825,33,16
sparen. 1339,1825,102,22
<EOS>
Die 1461,1816,49,25
oft 1528,1816,38,25
aufwendigen 1585,1816,183,31
Kon¬ 1787,1816,69,24
struktionen 1290,1854,165,25
für 1472,1854,42,24
Befestigung 1532,1853,166,32
oder 1714,1853,62,24
Auf- 1792,1853,65,24
ständerung 1290,1892,159,31
von 1465,1899,52,17
aktiven 1534,1891,106,24
solaren 1657,1891,102,24
Kom¬ 1777,1891,79,23
ponenten 1290,1934,133,26
können 1438,1930,108,23
durch 1560,1929,83,23
derartige 1658,1928,127,30
Fas¬ 1800,1929,57,23
saden 1289,1967,80,24
reduziert 1394,1966,128,25
oder 1546,1966,63,25
gar 1632,1974,44,22
überflüssig 1699,1965,158,31
werden. 1289,2004,111,25
<EOS>
Zudem 1416,2004,100,24
verlängern 1531,2004,154,30
die 1699,2003,41,24
Metall¬ 1755,2004,102,23
konstruktionen 1290,2041,220,25
die 1522,2040,41,25
energetische 1575,2040,177,32
Amor¬ 1764,2041,93,24
tisationszeit 1290,2079,170,24
erheblich; 1475,2079,145,28
Stichwort: 1634,2079,147,23
Ern¬ 1795,2079,62,23
tefaktor. 1289,2117,120,24
<EOS>
Die 1290,2165,49,24
erfolgreiche 1349,2165,171,30
Applikation 1530,2164,173,31
von 1713,2173,51,16
Solar¬ 1774,2165,82,24
zellen 1289,2203,83,24
auf 1387,2203,46,24
Fassadenteilen 1447,2202,210,25
ist 1672,2202,30,25
allerdings 1716,2202,139,31
noch 1290,2240,68,25
keine 1368,2240,76,24
ausreichende 1454,2240,188,25
Grundlage 1652,2240,152,31
für 1815,2240,42,24
eine 1289,2278,58,24
grosse 1377,2285,85,24
Verbreitung 1492,2278,173,31
integrierter 1695,2278,162,31
photovoltaischer 1290,2316,239,30
Systeme. 1544,2316,123,30
<EOS>
Bei 1685,2315,43,24
der 1744,2316,46,23
An¬ 1804,2316,53,23
lage 1291,2354,54,30
in 1364,2353,25,24
Glattbrugg 1410,2353,155,30
konnte 1584,2354,98,23
dies 1701,2353,53,24
ja 1771,2353,26,30
be¬ 1817,2354,41,23
reits 1290,2390,60,26
baulich 1372,2390,104,25
und 1499,2391,53,24
ästhetisch 1574,2390,141,25
befriedi¬ 1737,2390,120,25
gend 1289,2429,68,30
gelöst 1374,2428,82,31
werden. 1474,2428,112,24
<EOS>
Es 1606,2429,31,23
fehlen 1656,2428,88,24
serien- 1763,2427,95,25
mässig 1292,2465,93,32
hergestellte 1404,2466,161,31
Komponenten, 1584,2466,213,30
die 1816,2465,41,24
von 1291,2511,51,16
Architektur- 1364,2504,179,23
und 1564,2504,52,23
Ingenieurbüros 1639,2503,218,31
in 1291,2541,26,24
bezug 1330,2542,81,30
auf 1423,2541,46,24
Kosten 1481,2542,98,23
und 1592,2541,52,24
Ertrag 1659,2542,88,29
erfasst. 1758,2541,98,24
<EOS>
devisiert 1291,2578,120,25
und 1428,2579,54,24
geordert 1498,2579,117,30
sowie 1632,2578,78,25
von 1726,2586,51,16
Bau¬ 1796,2578,62,24
handwerkern 1292,2617,190,24
nach 1505,2616,66,25
geprüften 1592,2616,137,31
Verfah¬ 1751,2615,107,25
ren 1292,2662,44,16
montiert 1348,2653,122,25
werden 1480,2654,103,24
können. 1595,2654,114,24
<EOS>
Der 1291,2703,54,24
Preis 1361,2703,68,24
amorpher 1444,2703,141,31
Zellen 1600,2703,89,24
liegt 1707,2703,57,30
heute 1781,2703,77,23
bei 1291,2740,41,24
rund 1351,2741,66,23
400 1437,2741,48,23
Franken 1506,2741,120,23
pro 1646,2748,46,23
m2. 1712,2741,42,24
<EOS>
wobei 1775,2740,83,24
652 61,2813,47,23
<EOS>
<EOP>
