1960,2865
Wettbewerbe 47,97,186,26
Schweizer 1107,95,138,25
Ingenieur 1252,97,131,29
und 1391,94,51,26
Architekt 1446,94,129,25
Nr. 1582,96,42,23
<EOS>
23, 1633,95,39,29
7. 1681,96,22,23
<EOS>
Juni 1713,95,57,24
1990 1780,95,60,24
<EOS>
<EOP>
VC»* 216,219,77,21
f. 218,219,82,102
<EOS>
<EOP>
m 547,323,58,48
<EOS>
<EOP>
m 203,428,32,17
^tZZ 204,473,75,29
^lC 290,483,77,34
<EOS>
<EOP>
ssa 458,504,88,45
»• 113,524,27,19
Su 363,532,33,12
,S8KL 407,527,49,17
<EOS>
<EOP>
S4»j 516,566,36,24
r 582,566,6,17
<EOS>
<EOP>
SBB 463,717,52,22
T 530,717,25,19
a 394,785,16,24
"fer. 417,780,50,29
<EOS>
<EOP>
«¦¦Wr-J 451,810,66,23
<EOS>
<EOP>
5. 44,1011,19,21
<EOS>
Preis 75,1010,60,21
(6000 144,1009,67,27
Fr.): 222,1009,50,26
<EOS>
AAP, 282,1008,71,25
Atelier 362,1006,99,24
für 470,1006,43,23
Archi¬ 521,1005,89,23
tektur 44,1042,90,23
und 142,1041,54,23
Planung, 205,1041,130,28
Bern 345,1042,59,21
Aus 42,1091,47,19
dem 96,1090,55,20
Bericht 159,1090,88,20
des 254,1090,43,19
Preisgerichtes 306,1089,178,25
Mit 44,1132,37,19
der 97,1133,34,18
Verlegung 145,1132,114,24
des 273,1132,34,19
Coop 322,1132,57,24
soll 394,1132,37,19
ein 445,1131,33,20
attraktiver 493,1131,117,19
Dorfplatz 44,1162,107,24
zum 162,1168,46,12
Verweilen 219,1162,113,19
und 344,1162,41,18
für 397,1162,32,18
vielfältige 440,1162,110,23
Nut¬ 561,1162,49,17
zungen 43,1198,80,18
geschaffen 130,1192,118,24
werden. 257,1192,86,19
<EOS>
Der 353,1192,41,18
Dorfplatz, 402,1192,113,23
ein 523,1191,33,19
Ver¬ 565,1191,45,19
kehrskreisel, 45,1223,140,18
eine 193,1222,45,19
Fussgängerachse, 246,1222,191,24
feingliedrig 446,1221,128,24
ge¬ 581,1227,29,18
staltete 44,1252,77,19
platzbegrenzende 130,1252,195,24
Gebäude 334,1251,99,20
definieren 443,1251,114,19
eine 566,1251,44,18
markante 45,1283,105,18
Kernzone, 160,1283,113,21
setzen 284,1285,66,15
damit 361,1282,64,18
aber 434,1282,48,18
auch 490,1281,52,19
neue. 553,1287,56,13
<EOS>
<EOP>
»• 693,179,69,34
« 888,191,48,42
Alt 991,179,108,71
r* 1068,185,83,41
m 1187,201,25,23
* 1240,180,53,44
<EOS>
<EOP>
IP* 921,276,25,14
^,.»*•-¦¦ 965,279,32,15
<EOS>
<EOP>
¦v 1195,314,24,19
Lì 920,312,77,56
<EOS>
<EOP>
* 1785,364,18,23
.1 1312,374,21,26
<EOS>
* 1775,419,53,54
%,#i^» 1034,492,120,42
<EOS>
<EOP>
J 1470,525,29,47
£» 696,532,16,20
*, 731,532,18,17
SS 776,532,16,17
•>>• 876,575,28,16
<EOS>
<EOP>
'« 661,744,22,24
<EOS>
<EOP>
¦s4 1118,804,29,20
<EOS>
<EOP>
I 1200,925,22,50
» 1105,906,20,24
<EOS>
<EOP>
ungewohnte 656,1009,135,23
Massstäbe. 804,1009,117,18
<EOS>
In 936,1009,21,18
der 970,1008,35,19
ideellen 1018,1008,86,19
Mitte 1117,1008,59,18
des 1189,1008,33,18
Dorfes 657,1039,73,18
steht 739,1039,52,18
der 800,1039,35,18
Kreisel, 845,1038,83,20
gleichsam 937,1038,110,25
als 1057,1039,28,18
Höhepunkt 1096,1038,126,24
des 655,1069,34,18
Zentrums. 704,1069,114,18
<EOS>
Als 834,1068,36,19
Kontrast 885,1069,97,18
zum 997,1074,47,13
Dorfplatz 1059,1068,107,23
lädt 1182,1068,40,18
hinter 656,1099,68,19
dem 732,1099,45,18
heutigen 787,1099,94,23
Spar- 889,1099,56,23
und 953,1099,42,18
Leihkassenbau 1004,1098,164,19
eine 1177,1097,45,19
natürliche 657,1129,113,18
Grünanlage 780,1129,131,23
ein 920,1128,33,18
zu 963,1135,24,11
Spiel 997,1128,53,23
und 1060,1128,42,18
Erholung. 1113,1128,108,23
<EOS>
Eine 656,1158,49,19
reiche 715,1158,67,19
Palette 793,1158,73,19
von 876,1164,40,12
Gestallungselementen 927,1158,247,23
soll 1185,1157,37,19
eine 656,1189,45,18
hohe 714,1189,53,18
Erlebnisdichte 781,1188,160,19
bringen: 953,1188,93,24
Strassenbeglei- 1058,1188,165,24
tende 657,1219,59,18
Alleen, 727,1218,78,19
der 817,1218,36,19
offengelegte 863,1218,134,24
Bach, 1009,1218,59,19
ausmündend 1080,1218,143,18
in 658,1249,19,18
einen 687,1248,61,19
Stufenteich, 758,1248,131,22
der 900,1249,35,18
Sprudelbrunnen 944,1248,182,24
im 1137,1248,26,18
Zen¬ 1174,1248,49,19
trum 656,1282,54,15
des 717,1278,35,19
Kreisels. 759,1278,94,19
<EOS>
Laubengänge 862,1278,148,24
und 1017,1278,41,18
Passagen. 1067,1278,103,23
<EOS>
<EOP>
Durch 1267,1008,70,18
die 1345,1007,32,18
Ausgestaltung 1385,1007,157,23
der 1549,1006,35,18
Fussgängerübergänge 1593,1005,239,24
Neue 1267,1038,55,18
Bahnhofstrasse. 1334,1036,174,20
<EOS>
Ochsen 1520,1035,81,19
und 1612,1035,41,19
Hintergasse 1664,1035,129,23
so¬ 1803,1040,30,12
wie 1267,1066,36,19
durch 1317,1067,64,18
die 1395,1066,32,19
Baumpflanzungen 1442,1066,205,24
wird 1660,1064,50,19
der 1725,1065,34,18
Dorf¬ 1774,1064,60,19
platzbereich 1267,1096,134,25
erkennbar 1414,1096,114,19
abgegrenzt. 1539,1096,126,23
<EOS>
Speziell 1677,1095,86,23
inter¬ 1775,1094,59,19
essant 1267,1130,66,16
ist 1340,1126,24,20
der 1371,1127,35,19
Vorschlag 1412,1126,111,24
für 1531,1126,32,18
den 1570,1126,38,18
Kreisel. 1617,1125,83,19
<EOS>
Die 1267,1157,38,18
vorgeschlagenen 1319,1157,184,23
neuen 1520,1162,66,12
Strukturen 1601,1156,119,18
und 1737,1156,41,17
Ge¬ 1794,1155,39,18
staltungselemente 1266,1187,199,23
sind 1482,1185,45,20
wohl 1543,1185,53,19
eher 1612,1185,48,19
für 1677,1185,32,18
städtische 1725,1184,108,20
Verhältnisse 1267,1217,137,18
als 1414,1217,28,17
für 1452,1216,32,18
das 1494,1216,34,18
Dorf 1539,1216,53,18
Münsingen 1601,1215,125,24
geeignet. 1736,1215,96,24
<EOS>
Die 1267,1247,38,19
Lösung 1315,1247,80,23
ist 1405,1246,22,19
verkehrstechnisch 1437,1245,203,20
einwandfrei 1649,1245,134,18
und 1792,1245,41,18
phantasievoll. 1267,1277,153,23
<EOS>
<EOP>
Agrandissement 43,1436,241,29
du 292,1435,36,23
centre 337,1439,91,19
scolaire 436,1435,112,23
à 556,1435,16,22
Givisiez 43,1471,114,22
FR 166,1470,32,22
Face 43,1521,58,21
à 120,1520,13,21
l'évolution 153,1519,134,22
démographique 307,1519,198,27
impor¬ 527,1519,83,26
tante 43,1557,63,19
et 124,1557,22,18
aux 164,1560,44,15
besoins 228,1553,91,22
croissants 339,1553,122,21
en 480,1560,29,14
locaux 529,1553,81,20
communautaires 44,1592,213,17
de 273,1588,28,21
la 318,1588,20,20
Commune 354,1587,133,21
de 503,1587,28,21
Givi¬ 547,1586,64,22
siez, 44,1621,52,26
le 108,1621,19,22
Conseil 138,1621,95,22
communal 243,1621,135,22
a 388,1627,12,15
décidé 410,1621,79,21
d'organi¬ 500,1620,111,28
ser 43,1662,36,15
un 91,1662,31,14
concours 134,1662,112,14
d'architecture 259,1654,174,22
pour 446,1661,59,20
l'agran¬ 517,1654,93,27
dissement 43,1689,126,21
du 186,1689,31,21
Centre 235,1689,85,21
scolaire 338,1688,96,21
inauguré 453,1687,110,28
en 582,1694,27,15
1978 47,1723,53,21
au 112,1730,28,14
lieu-dit 152,1722,88,22
«La 251,1723,48,20
Colombière». 310,1721,173,22
<EOS>
Outre 495,1721,72,22
les 579,1721,31,22
locaux 45,1757,79,21
scolaires 138,1756,108,22
et 258,1760,21,18
communautaires 292,1755,213,22
propre¬ 519,1762,91,20
ment 44,1794,64,18
dits, 121,1790,50,26
le 186,1790,20,22
programme 219,1797,148,21
du 380,1790,30,21
concours 424,1796,113,15
com¬ 549,1796,61,15
prend 44,1825,72,27
une 130,1831,44,15
salle 188,1825,55,21
polyvalente, 256,1824,153,27
pouvant 423,1827,104,24
servir 539,1823,71,22
pour 44,1865,58,21
le 111,1858,19,22
sport 140,1862,62,24
et 211,1862,21,17
pour 240,1864,60,21
l'organisation 308,1857,173,27
de 490,1857,27,22
specta¬ 527,1861,84,22
cles 44,1892,44,21
simples, 97,1891,100,28
ainsi 207,1891,59,22
que 274,1898,44,20
la 328,1891,20,22
création 356,1891,101,21
d'un 467,1891,55,21
espace 531,1897,79,20
de 43,1925,28,21
rencontre 80,1929,122,17
et 210,1929,21,17
de 240,1925,27,21
fête 276,1924,45,22
au 329,1931,30,15
centre 367,1928,78,18
du 453,1924,30,22
village 492,1924,83,27
de 583,1924,27,21
Givisiez. 45,1958,110,22
<EOS>
Il 45,2004,17,20
s'agissait 72,2003,109,27
d'un 191,2003,55,21
concours 256,2009,113,15
public, 379,2002,85,27
ouvert 475,2005,82,19
aux 566,2009,45,15
architectes 43,2037,135,21
domiciliés 191,2036,128,22
ou 332,2043,29,14
établis 373,2035,82,22
sur 467,2043,38,14
le 518,2036,19,21
terri¬ 549,2035,62,22
toire 43,2070,58,22
du 109,2071,31,21
Canton 150,2071,91,21
de 251,2070,28,21
Fribourg 289,2070,111,27
avant 409,2073,69,18
le 488,2070,18,21
1er 519,2070,36,20
jan¬ 561,2069,50,27
vier 44,2104,48,22
1989 107,2104,53,21
et 172,2108,21,17
inscrits 205,2103,90,22
au 306,2110,28,14
registre 347,2102,93,28
cantonal 452,2102,107,21
des 572,2102,38,21
personnes 44,2145,126,20
autorisées. 179,2137,132,21
<EOS>
37 45,2184,26,20
inscriptions 86,2182,148,28
étaient 248,2182,86,21
enregistrées, 348,2181,157,28
30 520,2181,27,21
pro¬ 561,2187,50,21
jets 42,2217,44,27
ont 95,2221,40,17
été 144,2217,35,21
rendus. 189,2216,90,21
<EOS>
Le 290,2216,29,20
jury 327,2215,52,27
a 388,2223,12,14
décidé 408,2215,80,21
d'exclure 497,2215,113,21
huit 46,2250,48,22
projets 103,2250,87,27
de 198,2250,27,21
la 235,2250,20,21
répartition 263,2249,136,28
des 407,2249,39,21
prix. 456,2249,55,27
<EOS>
1er 48,2295,38,22
rang, 97,2302,61,20
1er 174,2295,38,21
prix 218,2296,53,26
(14 282,2294,38,27
000 328,2294,44,21
fr.): 379,2294,54,28
<EOS>
Y. 444,2294,26,21
<EOS>
Chappuis, 483,2294,128,27
P.A. 47,2329,51,21
<EOS>
Simonet, 108,2328,110,26
collaborateur: 229,2328,177,22
M. 415,2328,32,21
<EOS>
Chenaux 457,2327,113,22
2e 47,2374,27,22
rang, 89,2381,62,20
2e 167,2373,28,22
prix 207,2375,52,26
(7000 273,2372,69,27
fr.): 352,2372,54,28
<EOS>
Thomas 417,2373,102,21
Urfer, 535,2372,76,25
Fribourg;collaborateur: 47,2407,306,28
W. 361,2407,33,20
<EOS>
Degen 405,2407,78,26
3e 47,2453,27,22
rang, 89,2460,61,20
1er 169,2453,37,21
achat 218,2452,68,22
(5000 301,2452,68,27
fr.): 379,2451,53,28
<EOS>
Jean-Marc 444,2452,133,21
et 591,2454,21,18
Colette 46,2487,89,22
Ruffieux-Chehab, 146,2486,227,25
Fribourg; 385,2486,120,26
collabo¬ 514,2485,99,21
rateurs: 47,2525,94,18
A.-L. 153,2521,63,21
<EOS>
Python, 230,2521,95,27
J. 338,2521,17,20
<EOS>
Agustoni, 368,2519,121,28
C. 504,2520,24,21
<EOS>
Chas- 543,2519,70,21
sot, 46,2559,40,21
M. 97,2555,32,21
<EOS>
Eisenring, 140,2554,126,27
J.-L. 274,2554,53,21
<EOS>
Renevey 339,2554,106,27
4e 47,2600,27,21
rang, 89,2607,61,20
2e 166,2598,27,22
achat 207,2598,67,22
(3500 289,2598,68,28
fr.): 367,2598,53,28
<EOS>
Guido 433,2598,80,22
Ponzo, 528,2598,84,24
Fribourg; 47,2634,121,27
collaborateurs: 185,2633,190,21
O. 394,2632,26,21
<EOS>
Charrière. 440,2631,130,22
<EOS>
P. 591,2632,20,21
<EOS>
Szyszko 46,2668,100,27
5e 48,2713,27,21
rang, 86,2719,60,21
3e 158,2713,27,21
prix 192,2714,51,26
(3000 252,2712,68,27
fr.): 326,2712,52,26
<EOS>
Righetti, 389,2711,106,28
Baudois, 508,2710,105,25
Joye, 45,2747,61,27
Fribourg;collaborateur: 118,2746,306,27
J.-P. 430,2746,52,21
<EOS>
Varidel 492,2744,91,22
<EOS>
<EOP>
6e 655,1437,27,21
rang, 699,1444,60,20
4e 779,1437,25,20
prix 819,1443,51,20
(2500 886,1435,68,27
fr.): 967,1434,53,28
<EOS>
Verdon 1033,1434,94,22
& 1143,1434,21,21
Pa- 1183,1434,37,21
choud 654,1471,76,21
et 739,1474,21,18
associés, 769,1470,104,25
J. 881,1470,17,21
<EOS>
Brodard; 909,1469,113,25
Givisiez; 1031,1468,114,25
colla¬ 1153,1468,67,21
borateurs: 654,1505,128,21
J. 793,1505,18,21
<EOS>
Kittel, 826,1503,78,25
N. 919,1503,28,21
<EOS>
Reymondin, 963,1502,155,28
F. 1134,1502,22,20
<EOS>
Sey- 1171,1502,50,26
doux, 654,1538,68,25
A. 732,1538,27,21
<EOS>
Willomet 767,1538,119,21
7e 660,1583,23,21
rang, 705,1590,60,20
5e 789,1582,26,22
prix 834,1583,51,27
(2000 906,1581,69,28
fr.): 991,1581,53,28
<EOS>
Georges 1063,1581,103,27
M. 1188,1581,33,20
<EOS>
Rhally, 656,1617,89,26
Schmitten; 760,1615,139,25
collaborateurs: 913,1615,189,22
K. 1116,1615,27,20
<EOS>
Tysz- 1157,1615,66,26
kiewicz, 655,1650,100,26
F. 777,1650,22,21
<EOS>
Divorne, 821,1649,110,25
J.-C. 952,1649,55,21
<EOS>
Kaeser, 1029,1649,91,24
B. 1142,1648,23,21
<EOS>
De 1187,1648,34,21
Reyff, 655,1684,76,27
J. 739,1685,17,20
<EOS>
Cantin 767,1683,86,22
8e 657,1729,26,22
rang, 694,1737,61,19
6e 769,1729,26,21
prix 803,1730,51,26
(1500 864,1728,69,27
fr.): 940,1727,52,28
<EOS>
Marcel 1002,1728,87,20
Dillon, 1102,1726,87,24
A 1201,1727,21,21
Concept 656,1763,103,26
SA, 772,1763,42,24
Givisiez; 829,1762,113,24
collaborateur: 954,1761,178,22
J. 1143,1761,17,20
<EOS>
Me- 1174,1761,49,20
nendez 656,1797,89,21
9e 659,1842,24,21
rang. 694,1848,61,21
<EOS>
3e 769,1841,25,21
achat 804,1840,67,22
(1500 881,1840,68,27
fr.): 955,1840,53,27
<EOS>
Nicole 1015,1840,82,21
Bongard, 1108,1839,113,27
Fribourg 657,1875,111,27
Le 656,1921,30,20
jury 696,1919,54,28
recommande 760,1919,165,22
au 936,1926,28,14
maître 976,1920,81,20
de 1068,1919,28,21
l'ouvrage 1108,1919,115,26
d'attribuer 657,1953,134,22
au 800,1960,29,14
vinqueur 838,1953,115,27
du 964,1953,29,21
concours 1003,1958,113,16
la 1127,1952,20,21
pour¬ 1157,1958,67,21
suite 657,1987,58,22
du 723,1987,31,22
mandat 764,1987,94,21
d'architecte. 866,1986,153,22
<EOS>
La 657,2033,30,21
composition 697,2031,155,28
du 861,2032,29,21
jury 898,2031,54,28
était 960,2031,54,21
la 1024,2031,20,21
suivante: 1052,2030,116,22
pré¬ 1176,2031,47,26
sident: 657,2066,83,22
Adolphe 755,2066,109,26
Gremaud; 880,2065,131,25
conseiller 1026,2065,121,21
com¬ 1162,2071,61,14
munal, 658,2100,86,25
Givisiez: 765,2099,112,22
membres: 897,2100,123,21
Roger 1040,2099,74,27
Currat, 1132,2099,91,24
architecte 657,2134,123,21
SIA/FAS, 789,2134,125,24
urbaniste 925,2133,118,21
cantonal, 1052,2132,116,25
Fri¬ 1179,2131,45,22
bourg; 657,2168,82,27
Ivan 757,2168,54,21
Kolecek, 829,2166,108,23
architecte 956,2167,123,21
SIA, 1096,2167,54,22
Lau¬ 1169,2167,55,20
sanne; 657,2208,82,18
Catherine 754,2200,125,23
Mottet, 894,2201,90,24
institutrice, 1001,2200,143,25
Givi¬ 1160,2199,64,22
siez; 657,2235,56,25
suppléants: 736,2235,142,26
Ueli 902,2234,51,22
Brauen, 980,2234,96,23
architecte 1101,2233,122,22
EPFL, 659,2270,77,24
Lausanne; 755,2269,131,24
Georges 902,2268,103,27
Bitechler, 1023,2267,116,25
prési¬ 1156,2267,68,27
dent 657,2304,55,20
de 720,2303,28,21
la 757,2303,20,21
Commission 787,2302,158,21
financière, 955,2302,135,24
Givisiez. 1099,2300,111,23
<EOS>
Forum 657,2341,90,21
Mondial 756,2339,120,23
des 886,2338,49,23
Jeunes 943,2340,101,21
Architectes 1052,2338,160,23
FMJA 655,2373,81,24
Concours 658,2420,117,21
international. 783,2418,169,24
<EOS>
Perpignan. 964,2419,130,27
<EOS>
3-15 1105,2419,57,21
septembre 657,2453,124,28
1990 792,2453,56,21
Le 656,2497,30,21
concours 697,2503,112,14
international 821,2495,165,22
ayant 997,2499,67,24
pour 1076,2502,59,20
thème 1146,2495,77,21
«Habitat 657,2530,110,21
Social 779,2530,74,21
et 864,2534,21,17
Projet 898,2529,75,27
de 986,2530,27,21
Quartier» 1025,2529,123,27
s'ins¬ 1161,2529,62,21
crit 655,2564,41,22
dans 706,2564,57,21
la 773,2564,20,21
tradition 803,2563,109,22
des 921,2563,39,22
concours 969,2570,113,15
d'architec¬ 1091,2563,132,21
ture 656,2602,48,17
organisés 723,2597,117,28
par 859,2604,39,21
le 917,2597,19,22
Forum 956,2598,84,21
Mondial 1059,2597,107,21
des 1184,2597,39,21
Jeunes 654,2632,84,21
Architectes. 747,2631,149,22
<EOS>
Les 658,2677,41,21
praticiens 711,2676,124,27
du 847,2676,30,21
monde 892,2676,84,21
entier 990,2676,73,21
viendront 1075,2676,125,21
y 1212,2682,13,21
exprimer 656,2710,117,28
leur 784,2710,48,22
vision 842,2710,74,21
prospective 928,2710,144,27
sur 1082,2717,38,14
la 1131,2710,19,21
réha¬ 1162,2710,63,21
bilitation 656,2744,115,22
d'ensembles 784,2744,154,22
de 949,2744,29,21
logements 991,2744,127,27
sociaux 1129,2743,94,22
<EOS>
<EOP>
et 1268,1437,21,18
leur 1303,1433,49,22
insertion 1366,1433,111,22
dans 1491,1433,57,22
le 1562,1433,20,22
quartier 1595,1433,102,28
et 1709,1438,22,17
dans 1743,1433,57,22
la 1814,1433,22,22
ville. 1268,1466,60,22
<EOS>
Le 1269,1512,29,20
concours 1316,1518,112,15
s'articulera 1446,1511,140,21
autour 1604,1516,83,16
de 1704,1512,27,20
projets 1749,1511,87,27
réels 1269,1545,56,21
situés 1339,1546,69,20
à 1422,1545,13,21
Perpignan 1449,1545,129,27
et 1593,1549,21,17
dans 1628,1545,57,21
le 1700,1545,20,21
départe¬ 1733,1545,103,27
ment 1270,1583,63,17
des 1341,1579,39,21
Pyrénées-Orientales 1389,1579,254,27
en 1652,1586,28,14
France. 1690,1579,92,21
<EOS>
Le 1269,1624,30,21
Forum 1315,1624,86,21
Mondial 1417,1624,106,21
des 1540,1624,39,21
Jeunes 1593,1625,84,20
Architectes 1692,1624,144,21
est 1267,1661,33,18
un 1309,1664,32,15
organisme 1350,1657,132,27
ouvert 1491,1660,80,18
et 1581,1660,21,18
indépendant, 1612,1656,165,27
per¬ 1787,1663,49,20
mettant 1269,1694,97,18
aux 1375,1698,44,14
jeunes 1427,1691,82,27
architectes 1518,1690,136,22
du 1663,1690,29,21
monde 1703,1690,86,21
en¬ 1798,1697,38,14
tier 1268,1725,43,21
de 1320,1725,27,21
se 1357,1731,23,15
rencontrer 1392,1728,133,18
dans 1535,1725,57,20
le 1603,1724,19,21
cadre 1632,1724,67,21
d'activités 1709,1723,126,22
professionnelles. 1268,1758,211,28
<EOS>
Le 1269,1804,30,21
Forum 1318,1803,87,22
vise 1423,1803,48,22
à 1489,1803,13,22
stimuler 1521,1803,105,22
les 1646,1803,30,21
efforts 1696,1803,81,21
des 1796,1803,39,20
jeunes 1267,1837,82,27
architectes 1368,1836,135,22
dans 1521,1836,57,22
leur 1598,1836,49,22
recherche 1666,1836,122,21
de 1807,1836,28,21
nouvelles 1269,1870,120,22
orientations 1397,1870,152,22
professionnelles 1558,1869,205,28
et 1771,1873,21,18
ses 1801,1876,34,15
activités 1268,1904,104,22
sont 1383,1908,51,18
sous 1444,1911,53,14
la 1509,1904,20,21
responsabilité 1541,1902,174,28
d'un 1726,1903,55,21
Co¬ 1792,1903,44,21
mité 1269,1938,56,22
de 1333,1938,28,22
coordination 1368,1937,163,22
international. 1540,1936,172,22
<EOS>
Organisateurs 1270,1983,177,28
du 1461,1983,31,21
concours: 1506,1989,122,15
FMJA, 1643,1982,85,25
Section 1744,1982,92,21
Française, 1269,2017,128,27
UIA, 1422,2017,61,24
Section 1507,2016,92,22
Française. 1623,2016,127,27
<EOS>
Jury: 1773,2016,63,27
formé 1270,2051,75,21
de 1362,2051,27,21
membres 1407,2051,115,21
de 1540,2050,27,21
l'Union 1587,2049,95,22
Internatio¬ 1700,2049,136,22
nale 1270,2084,51,22
des 1334,2084,38,22
Architectes, 1386,2084,150,23
du 1549,2084,31,21
Comité 1594,2083,93,22
Internatio¬ 1700,2083,136,22
nal 1270,2118,36,22
des 1316,2118,39,22
Critiques 1364,2118,115,27
d'Architecture 1488,2118,183,21
et 1681,2121,20,18
du 1710,2118,30,20
Forum 1750,2118,86,20
Mondial 1270,2151,107,22
des 1397,2151,38,22
Jeunes 1454,2151,84,22
Architectes. 1558,2151,150,22
<EOS>
Ateliers, 1730,2151,105,23
conférences, 1269,2185,156,25
excursions, 1444,2184,141,24
échanges 1604,2185,114,27
avec 1736,2191,55,15
de 1808,2184,28,22
jeunes 1267,2219,83,27
architectes 1358,2219,135,21
français. 1502,2218,107,28
<EOS>
Les 1271,2265,40,21
praticipants 1322,2264,149,27
se 1481,2271,23,14
constitueront 1514,2264,168,21
en 1693,2271,27,14
équipe 1732,2264,82,27
à 1825,2264,11,21
leur 1270,2299,49,20
arrivée, 1334,2298,94,25
avec 1444,2305,55,14
deux 1512,2298,61,21
architectes 1587,2298,136,21
français 1738,2297,100,27
dans 1270,2333,57,21
chaque 1335,2332,89,27
équipe. 1433,2332,88,27
<EOS>
Les 1532,2333,41,20
projets 1582,2332,87,27
seront 1677,2336,76,17
élabo¬ 1763,2332,75,21
rés 1272,2367,33,21
pendant 1320,2366,102,28
la 1438,2366,21,21
rencontre-concours 1476,2370,244,17
à 1736,2366,12,21
Perpi¬ 1764,2365,74,28
gnan. 1269,2406,69,21
<EOS>
Les 1350,2400,42,21
prix 1403,2399,49,28
seront 1464,2404,77,17
de 1553,2399,27,22
nature 1593,2404,80,17
symbolique. 1684,2399,152,28
<EOS>
Les 1271,2434,40,21
projets 1325,2433,86,28
feront 1425,2433,75,22
l'objet 1514,2433,77,27
d'une 1604,2434,69,20
publication. 1687,2432,149,28
<EOS>
Les 1271,2468,40,21
langues 1328,2468,93,27
officielles 1436,2467,124,22
seront 1574,2471,77,17
le 1667,2467,20,21
français 1703,2466,98,27
et 1815,2471,21,17
l'anglais, 1272,2501,108,28
avec 1389,2508,55,14
traduction. 1452,2501,138,21
<EOS>
Le 1272,2547,28,21
nombre 1317,2547,96,21
des 1428,2547,39,21
participants 1483,2546,149,27
sera 1647,2553,48,14
limité. 1712,2545,78,21
<EOS>
La 1808,2546,29,20
sélection 1270,2580,110,22
sera 1392,2587,50,14
faite 1455,2580,53,21
d'après 1521,2580,88,26
le 1622,2580,19,21
curriculum 1653,2579,140,22
vi- 1808,2577,29,23
tae: 1270,2617,45,18
envoyer 1328,2620,101,21
un 1444,2620,30,15
document 1489,2614,126,21
concis 1630,2613,77,21
illustrant 1723,2613,113,21
l'expérience 1272,2648,150,27
du 1432,2648,29,21
candidat 1472,2647,107,22
en 1590,2653,27,15
regard 1630,2647,78,27
du 1719,2647,29,21
thème 1759,2647,77,21
du 1270,2681,30,22
concours 1310,2688,113,15
(une 1432,2681,56,26
à 1496,2681,12,21
trois 1517,2681,55,21
pages 1582,2687,66,21
de 1658,2681,27,21
texte 1694,2685,59,17
et 1763,2684,20,18
une 1792,2686,46,16
page 1272,2722,55,20
illustrant 1338,2715,113,21
un 1461,2721,30,15
projet). 1500,2714,92,28
<EOS>
<EOP>
674 41,2813,49,22
<EOS>
<EOP>
