1960,2865
Aktuell 38,88,98,25
Schweizer 1106,91,138,25
Ingenieur 1251,93,131,30
und 1389,91,51,26
Architekt 1445,91,128,27
Nr. 1581,94,40,24
<EOS>
23, 1632,94,38,29
7. 1680,95,22,24
<EOS>
Juni 1712,95,56,24
1990 1778,95,59,24
Umwandlung 41,173,197,30
und 275,173,54,23
Verteilung 367,172,151,31
von 556,180,52,17
Energie 42,210,108,30
wiederum 179,210,143,25
der 351,211,44,24
Einsatz 425,209,102,26
von 556,218,52,17
Energie 41,247,109,31
notwendig. 179,247,156,32
<EOS>
Auf 367,248,55,24
die 450,247,40,24
Dauer 520,248,88,24
muss 41,292,71,17
dabei 130,284,77,25
die 225,284,42,25
gewonnene 284,292,162,23
Nutzener¬ 466,285,142,24
gie, 40,321,47,31
auch 104,323,67,22
hinsichtlich 187,322,169,24
ihrer 372,322,69,24
Wertigkeit 456,322,152,30
(elektrische 41,359,166,30
Energie 224,359,109,31
ist 351,359,31,25
mehr 400,359,75,25
wert 492,363,63,21
als 572,360,36,24
Wärmeenergie), 40,396,228,32
grösser 280,398,101,29
sein 390,396,56,25
als 457,397,36,24
die 504,396,40,25
ein¬ 555,396,53,25
gesetzte. 39,438,118,26
<EOS>
Das 178,434,52,24
Verhältnis 249,434,149,25
zwischen 417,433,129,25
Er¬ 566,435,42,23
trag 41,475,53,27
und 103,472,54,23
Aufwand 167,472,132,24
während 309,472,124,24
der 443,472,46,23
Lebens¬ 499,472,109,24
dauer 41,509,80,24
einer 131,507,72,25
Anlage 213,508,100,30
oder 324,508,63,24
eines 397,508,71,24
Produkts 480,508,127,24
wird 41,545,63,25
auch 126,545,67,25
hier 216,545,56,24
Erntefaktor 294,545,168,24
genannt. 483,549,122,26
<EOS>
Für 41,604,51,23
eine 106,603,58,24
sparsame, 179,610,139,23
umweltfreundliche 334,602,273,25
Stromerzeugung 41,641,236,30
ist 288,640,30,25
es 329,649,26,16
wichtig, 366,640,111,31
dass 489,641,57,24
die¬ 557,640,52,25
ser 41,686,39,16
Erntefaktor 94,678,167,24
möglichst 273,678,138,31
hoch 424,677,68,25
ist. 505,677,39,25
<EOS>
Die 559,677,49,25
investierte 41,715,149,25
Energie 222,715,109,31
(die 363,715,52,31
sogenannte 447,720,160,26
graue 41,760,78,23
Energie) 134,753,120,31
soll 269,754,49,23
also 332,754,54,23
klein 401,753,71,24
sein, 487,752,63,29
da¬ 566,753,42,24
für 42,790,42,24
der 92,791,45,23
Ertrag 147,791,88,30
aber 245,791,61,23
hoch. 315,791,76,23
<EOS>
Bei 41,856,45,25
der 97,857,45,24
Diskussion 154,856,156,25
um 322,864,45,17
alternative 378,856,154,25
bzw. 543,856,63,25
<EOS>
additive 41,893,114,25
Energien 175,894,128,31
wird 323,894,63,25
dieser 406,893,83,26
Aspekt 508,894,99,30
oft 41,931,38,25
vernachlässigt. 95,931,211,32
<EOS>
In 325,932,30,23
der 372,932,45,24
Stromerzeu¬ 433,931,175,24
gung 41,977,68,23
geht 118,969,60,31
man 189,977,62,16
bei 261,969,40,24
den 312,969,50,24
konventionellen 373,969,234,24
Kraftwerken 41,1007,183,23
(bezogen 237,1007,126,30
auf 377,1007,45,23
die 433,1006,42,24
Gesamt¬ 489,1006,118,24
lebensdauer) 41,1044,182,30
von 241,1052,52,16
folgenden 312,1045,142,30
Erntefak¬ 472,1044,135,24
toren 41,1085,73,21
aus 140,1090,45,16
(Richtwerte): 211,1081,189,31
Wasserkraft¬ 425,1081,182,25
<EOS>
<EOP>
werk 655,173,70,23
43, 746,173,39,29
Kernkraftwerk 809,174,215,24
20, 1046,174,38,28
Ölkraft- 1107,169,116,29
werkl0bis20. 655,210,205,25
<EOS>
Geduld 656,251,106,25
ist 778,251,31,25
jedoch 821,251,97,31
bei 932,251,43,25
der 989,252,45,24
Stromerzeu¬ 1048,252,175,24
gung 655,295,69,25
aus 737,297,44,16
Wind 793,289,78,24
oder 884,290,63,23
Sonne 958,290,88,23
gefragt. 1057,290,106,30
<EOS>
Bei 1179,290,43,23
Windenergie-Anlagen 655,325,315,32
kann 992,327,71,24
es 1084,334,25,17
in 1130,327,27,24
der 1178,328,45,23
Schweiz 655,363,115,26
mehrere 781,365,119,24
Betriebsjahre 912,364,190,31
dauern, 1114,365,106,29
bis 655,400,38,26
der 705,402,45,23
Erntefaktor 760,401,168,25
1 941,402,8,24
erreicht 963,401,111,25
wird, 1085,401,71,30
und 1168,402,54,24
das 655,439,44,24
gleiche 717,439,99,31
gilt 833,439,45,31
auch 896,439,67,24
für 980,439,43,25
die 1040,439,41,25
Nutzung 1098,440,125,30
der 655,476,45,24
Sonnenkraft 715,477,177,24
mit 908,477,46,23
der 969,477,45,24
Photovoltaik. 1030,477,190,24
<EOS>
Für 656,514,50,24
Solaranlagen 730,515,185,30
werden 939,515,104,23
in 1068,514,26,24
Europa 1119,516,103,29
Werte 654,551,86,25
zwischen 749,551,130,25
2 889,552,14,24
und 912,552,54,24
5 976,553,13,23
angegeben 999,553,149,30
; 1156,560,4,21
d.h. 1169,552,51,24
<EOS>
also, 655,588,61,29
dass 729,589,57,24
eine 797,589,58,24
Solaranlage 866,589,166,31
für 1044,589,41,24
ihre 1096,589,55,25
gan¬ 1162,598,61,22
ze 655,633,28,16
Betriebsdauer 705,627,198,24
im 924,627,36,23
guten 980,632,80,26
Fall 1082,627,54,24
etwa 1157,631,65,20
5mal 655,664,70,23
soviel 745,664,81,24
Energie 848,664,108,31
erzeugt, 978,669,110,26
wie 1111,665,47,23
für 1179,665,43,23
ihre 655,700,55,26
Erstellung 727,702,147,30
benötigt 890,702,115,30
wurde. 1022,703,95,23
<EOS>
Wind- 1134,702,88,24
und 654,739,55,24
Sonnenenergie 726,738,213,32
holen 958,739,79,25
jedoch 1053,739,97,31
auf, 1168,740,51,29
und 654,776,55,24
es 725,784,25,16
sind 767,776,58,24
bald 842,776,59,24
bessere 918,777,101,24
Werte 1035,777,85,24
zu 1136,785,32,16
er¬ 1185,785,37,16
warten. 654,818,105,19
<EOS>
Sehr 653,857,64,24
schlechte 745,858,130,24
Erntefaktoren 903,859,202,23
haben 1135,859,84,23
z.B. 653,895,51,24
<EOS>
Batterien; 726,895,142,30
sie 889,895,36,24
brauchen 946,896,134,24
für 1101,896,42,23
ihre 1164,896,55,24
Herstellung 654,932,167,32
bis 840,932,38,26
50mal 897,933,87,25
soviel 1002,933,81,25
Energie, 1102,933,116,31
als 653,969,36,25
sie 704,969,36,25
während 755,970,125,25
ihrer 896,970,69,25
Lebensdauer 980,971,183,25
ab¬ 1178,971,42,25
geben 652,1008,84,30
(Faktor 751,1008,107,30
0,02). 873,1008,75,30
<EOS>
Energie 966,1008,108,31
aus 1091,1016,44,17
Was¬ 1151,1009,69,24
serkraft 653,1046,111,23
ist 784,1045,30,24
so 835,1053,27,17
gesehen 882,1046,113,30
etwa 1015,1051,65,19
2000mal 1099,1046,119,24
sparsamer. 653,1090,151,23
<EOS>
<EOP>
Sensationelle 41,1195,296,34
Bilder 351,1195,128,34
von 489,1207,79,22
Spiralnebeln 583,1196,279,42
(pd) 42,1260,55,32
Astronomen 114,1261,178,24
haben 312,1262,86,23
kürzlich 417,1260,118,24
ent¬ 554,1265,53,19
deckt, 40,1299,83,28
dass 141,1299,57,23
die 215,1298,41,24
Spiralen 273,1298,118,31
verschiedener 408,1298,199,24
bekannter 40,1336,145,25
Spiralnebel 206,1336,161,31
ein 389,1336,43,25
«unterbro¬ 455,1336,152,24
chenes» 40,1374,112,24
Muster 163,1374,101,24
aufweisen. 273,1373,150,25
<EOS>
Sensationel¬ 434,1373,172,25
le, 40,1411,29,28
computerverstärkte 92,1411,281,31
Bilder 394,1411,86,24
der 500,1411,45,24
be¬ 566,1411,41,24
troffenen 39,1449,134,24
Galaxien 191,1449,131,24
liefern 340,1449,94,24
den 452,1449,51,23
ersten 522,1453,84,19
optischen 39,1486,135,31
Nachweis. 185,1487,144,24
<EOS>
Eine 39,1535,64,25
Spiralgalaxie 126,1535,185,31
sieht 334,1536,67,24
aus 424,1543,45,16
wie 493,1534,47,26
ein 563,1535,43,25
Windrädchen: 38,1573,206,25
zwei 255,1573,63,25
oder 331,1574,63,24
mehrere 406,1573,118,25
riesi¬ 538,1572,68,26
ger 38,1618,44,23
Spiralarme 101,1610,157,31
von 278,1619,51,16
Sternen 350,1611,109,24
entsprin¬ 479,1610,127,31
gen 38,1655,49,24
einem 104,1648,88,24
zentralen 209,1648,135,24
Kern. 362,1648,78,24
<EOS>
Betrachtet 461,1648,144,24
man 39,1692,62,17
die 110,1685,41,24
normale 162,1686,117,23
Fotografie 290,1685,148,31
einer 448,1685,71,24
Gala¬ 529,1685,77,24
xie, 38,1722,48,29
werden 102,1723,104,24
die 220,1722,41,25
Spiralnebel 275,1722,162,31
durch 451,1722,82,24
eine 548,1722,57,25
optische 38,1759,116,31
Täuschung 174,1760,158,31
zusammengefügt, 353,1760,251,30
die 38,1797,41,24
in 97,1797,27,23
Wahrheit 140,1797,136,24
gar 292,1805,44,23
nicht 354,1797,72,25
zusammen¬ 442,1804,164,17
hängen. 38,1835,111,30
<EOS>
Wissenschafter 38,1882,216,25
der 265,1883,45,24
IBM 322,1883,62,23
haben 396,1882,86,24
ein 493,1881,43,25
Pro¬ 547,1882,58,24
gramm 38,1928,101,23
entwickelt, 149,1919,155,29
das 315,1920,45,24
Bilder 371,1919,85,25
von 466,1927,50,16
Gala¬ 528,1919,77,24
xien 39,1957,59,25
in 113,1957,26,24
digitale 153,1957,104,31
Daten 273,1958,84,23
umwandelt. 372,1957,167,24
<EOS>
Mit 555,1956,50,25
diesen 39,1995,88,24
umfangreichen 152,1995,217,30
Informationen 395,1994,210,24
<EOS>
<EOP>
können 653,1261,106,24
computerverstärkte 779,1262,280,30
Bilder 1079,1262,85,24
er¬ 1183,1270,36,16
stellt 652,1299,68,23
werden. 737,1299,111,24
<EOS>
Diese 868,1299,78,24
sind 964,1299,58,24
schwenkbar, 1039,1300,178,28
damit 653,1336,81,25
die 747,1336,40,25
Galaxien 801,1336,129,25
auch 943,1337,67,24
von 1022,1345,52,16
vorne 1086,1345,82,16
ge¬ 1179,1345,40,22
sehen 652,1373,80,25
werden 744,1374,104,24
können. 860,1374,115,24
<EOS>
Aus 988,1374,54,24
dieser 1054,1374,84,25
Sicht 1149,1374,70,25
wird 652,1410,63,26
klar, 737,1411,64,29
dass 824,1411,57,25
die 903,1411,42,25
Spiralarme 967,1411,157,32
nicht 1147,1411,71,25
kontinuierliche, 653,1448,228,29
lückenlose 916,1449,151,25
Sternen¬ 1100,1450,119,24
bänder 652,1486,99,24
darstellen, 762,1487,146,29
sondern 922,1487,114,24
an 1048,1494,33,17
verschie- 1092,1487,127,24
nen 653,1531,51,17
Orten 715,1524,82,25
unterbrochen 805,1524,195,25
sind. 1009,1524,65,25
<EOS>
Nach 650,1582,74,24
Ansicht 743,1582,111,24
der 874,1582,45,24
Wissenschafter 937,1582,218,24
lie¬ 1173,1582,44,24
fern 650,1619,58,24
die 726,1619,40,24
Bilder 785,1620,85,23
überzeugende 888,1620,198,30
Beweise 1105,1619,112,24
für 650,1656,42,25
die 723,1657,42,24
Richtigkeit 797,1657,158,30
einer 987,1657,71,24
gängigen 1089,1657,128,30
Theorie 649,1694,110,25
über 774,1695,63,24
den 851,1695,50,24
Ursprung 917,1695,136,31
dieser 1067,1694,84,25
Spi¬ 1164,1694,53,31
ralgebilde. 651,1731,147,32
<EOS>
Etwas 817,1733,81,24
muss 916,1740,70,16
die 1003,1731,41,25
charakteri¬ 1061,1731,156,25
stische 649,1769,94,25
Windrad-Gestalt 777,1770,241,24
dieser 1052,1770,83,24
mit 1169,1770,47,23
grosser 649,1814,100,23
Geschwindigkeit 761,1807,241,31
um 1013,1815,45,16
ihren 1070,1807,76,24
Mit¬ 1157,1807,61,24
telpunkt 649,1844,121,31
rotierenden 787,1845,166,24
Galaxien 970,1844,131,25
zusam¬ 1117,1853,100,16
menhalten. 651,1883,159,24
<EOS>
Wären 826,1883,96,24
die 937,1882,42,25
Spiralarme 994,1882,157,31
nur 1168,1890,49,17
gerade 649,1920,93,30
eine 754,1919,58,25
Art 823,1920,47,24
«Papierschlangen», 883,1919,279,32
die 1175,1919,42,25
am 650,1964,42,17
Galaxie-Mittelpunkt 707,1957,295,31
befestigt 1017,1957,119,31
sind, 1150,1957,65,28
dann 650,1994,71,24
würden 738,1996,107,23
sie 862,1995,35,24
schliesslich 914,1995,161,24
letzteren 1093,1996,124,23
<EOS>
<EOP>
Qualitätsüberwachung 37,2110,507,43
1989 563,2112,107,33
der 682,2111,73,34
wichtigsten 765,2112,250,44
schweizerischen 37,2159,352,35
Zementsorten 403,2161,310,33
(EMPA) 39,2224,116,31
Im 182,2225,38,23
Rahmen 244,2225,120,24
der 388,2225,45,24
generellen 454,2225,148,31
Qualitätsüberwachung 37,2261,325,33
nach 388,2262,66,25
Art. 481,2262,54,24
<EOS>
4.4 562,2263,41,23
<EOS>
der 36,2300,45,24
Norm 98,2300,83,24
SIA 199,2300,53,24
215 270,2300,47,24
(1978), 335,2300,95,30
«Minerali¬ 450,2300,153,24
sche 36,2338,60,23
Bindemittel», 119,2337,194,29
wurden 338,2338,106,24
im 468,2338,35,23
Jahre 526,2338,76,24
1989 39,2375,61,24
insgesamt 115,2375,139,31
395 268,2376,47,23
Zementproben 331,2376,211,30
un¬ 557,2383,46,16
tersucht, 36,2413,121,28
nämlich 183,2413,115,25
325 323,2414,46,24
PC/PCS5-Pro- 396,2413,206,25
ben, 36,2450,56,29
52 105,2451,30,24
HPC-Proben 146,2451,183,25
und 340,2451,53,25
18 408,2451,25,24
PCHS-Pro- 446,2451,157,25
ben. 36,2488,56,24
<EOS>
Bezogen 36,2537,117,31
auf 174,2537,45,25
die 239,2537,40,25
1988 305,2538,59,24
gelieferten 385,2537,153,33
Ze¬ 558,2538,45,24
mentmengen 36,2579,185,27
ergibt 231,2576,81,30
dies: 323,2576,63,24
PC/PCS5: 36,2625,144,23
1 196,2626,5,22
Probe/14 218,2625,131,23
300 358,2626,48,22
t 416,2629,7,19
(Soll: 434,2625,74,28
1 523,2626,5,22
Pro¬ 545,2625,57,23
be/15 35,2662,78,24
000t) 124,2662,77,29
HPC: 35,2699,78,24
1 146,2699,6,23
Probe/53001 186,2699,182,24
(Soll: 397,2699,75,28
1 505,2700,5,22
Pro¬ 545,2699,57,24
be/10 35,2736,79,24
000t) 124,2736,77,29
<EOS>
<EOP>
PCHS: 649,2226,96,24
1 774,2227,6,23
Probe/20001 811,2227,181,23
(Soll: 1019,2227,73,29
1 1121,2228,7,22
Pro¬ 1158,2228,58,22
be/2000 648,2263,114,25
t) 772,2264,20,30
394 649,2332,48,23
Proben 707,2333,101,23
zeigten 819,2332,100,31
normgemässe 930,2334,194,29
Güte¬ 1135,2333,81,23
werte. 649,2373,83,21
<EOS>
Lediglich 748,2369,132,31
1 896,2371,7,23
Probe 919,2370,82,24
entsprach 1013,2371,139,29
den 1165,2371,50,23
Anforderungen 649,2406,221,32
der 899,2407,46,25
Norm 974,2408,83,24
SIA 1085,2408,54,24
215 1168,2408,46,24
(1978) 649,2443,87,31
nicht 756,2444,71,25
in 847,2444,26,24
allen 892,2445,69,24
Punkten 980,2445,121,25
(1 1119,2446,22,30
PC- 1165,2446,51,24
Probe 650,2482,81,24
mit 745,2482,47,24
zu 804,2490,33,16
geringer 850,2482,119,32
Raumbeständig¬ 983,2482,233,32
keit). 649,2518,71,30
<EOS>
Bei 651,2586,42,24
sämtlichen 708,2587,156,25
Proben, 879,2588,108,28
die 1002,2587,42,25
auf 1058,2588,46,24
die 1117,2588,41,25
Be¬ 1174,2590,43,23
anstandung 649,2626,165,30
hin 837,2625,45,24
zusätzlich 905,2626,141,24
durch 1070,2626,81,24
die 1175,2626,41,24
EMPA 650,2662,96,24
gezogen 766,2670,113,23
wurden, 901,2664,115,28
lag 1039,2664,39,30
der 1098,2664,45,24
ent¬ 1163,2668,54,20
sprechende 649,2700,160,30
Gütewert 839,2700,135,25
innerhalb 1003,2701,139,24
der 1171,2702,46,23
normgemässen 650,2739,213,29
Grenze. 873,2738,113,25
<EOS>
<EOP>
eng 1267,182,50,23
umwickeln, 1334,174,165,28
wie 1519,174,47,25
sich 1584,174,55,25
eine 1657,174,58,24
Schnur 1732,175,102,24
um 1267,219,46,17
eine 1322,212,58,24
Kugel 1390,212,83,30
windet. 1483,211,103,25
<EOS>
Aber 1265,289,71,23
die 1347,288,42,24
Tatsache, 1399,289,132,29
dass 1544,290,57,24
die 1613,290,41,24
Windradge¬ 1665,290,167,31
stalt 1265,326,59,25
weiterhin 1347,326,136,25
beibehalten 1506,327,166,24
wird, 1696,327,71,29
be¬ 1792,329,40,23
weist, 1266,363,78,29
dass 1356,363,56,25
etwas 1423,368,76,20
dieser 1510,364,84,25
«Umwicklungs¬ 1605,365,227,31
problematik» 1265,400,193,32
entgegenwirkt. 1468,402,212,31
<EOS>
Die 1267,473,50,25
Mehrheit 1334,473,132,25
der 1483,474,44,24
Astronomen 1543,475,178,24
glaubt, 1737,475,94,30
dass 1267,511,57,24
Dichtewellen 1341,511,190,25
die 1547,512,41,25
meisten 1605,512,110,25
der 1731,513,45,24
bei 1792,512,41,25
Galaxien 1268,549,130,24
bebachteten 1411,549,172,25
Spiralstrukturen 1597,549,236,32
bewirken. 1267,586,140,24
<EOS>
Dichtewellen 1424,586,190,25
sind 1629,587,58,24
sich 1703,588,55,24
fort¬ 1773,588,61,24
bewegende 1267,624,155,30
Wellen, 1448,624,108,30
die 1584,625,41,24
abwechselnd 1651,626,182,23
aus 1267,669,45,17
Regionen 1338,661,136,31
mit 1499,661,47,26
hoher 1571,663,83,24
und 1679,663,54,24
tiefer 1759,662,74,25
Sterndichte 1267,699,163,24
bestehen. 1449,699,131,25
<EOS>
Nähert 1599,700,99,24
sich 1716,700,55,24
der 1789,700,45,24
dichte 1267,736,87,24
Teil 1373,736,55,24
einer 1449,736,72,25
Welle 1541,737,81,24
einem 1643,737,87,24
Stern, 1751,738,81,28
dann 1267,774,71,24
verlangsamt 1351,774,176,30
die 1540,775,42,23
Schwerkraft 1595,775,175,24
die¬ 1783,775,51,24
ser 1267,820,39,16
Welle 1335,812,81,24
die 1447,811,41,25
Geschwindigkeit 1519,812,240,31
des 1790,813,43,24
Sterns 1267,849,87,25
auf 1378,849,46,24
seiner 1447,848,85,26
Laufbahn, 1557,850,146,29
und 1730,850,53,25
er 1808,858,27,17
schliesst 1267,886,116,25
auf 1409,887,46,24
andere 1479,887,96,25
Sterne 1601,888,90,24
auf 1716,888,46,24
wie 1786,887,48,25
Autos 1267,925,83,24
in 1373,924,27,24
einem 1424,924,86,24
Verkehrsstau. 1533,925,198,25
<EOS>
Diese 1756,925,77,25
«Verkehrsschlange» 1267,962,290,31
aufgeschlossener 1593,963,241,31
Sterne 1266,1000,90,24
vestärkt 1389,1000,114,24
nun 1538,1008,55,16
ihrerseits 1626,1000,132,25
die 1792,1001,40,24
Schwerkraft 1266,1037,174,25
der 1457,1038,45,24
Dichtewellen, 1518,1038,197,30
was 1734,1046,51,17
zu 1801,1046,32,17
weiteren 1266,1075,121,25
Gruppierungen 1405,1075,222,32
oder 1644,1077,63,25
«Klum¬ 1723,1078,109,24
pen» 1265,1121,69,24
von 1344,1121,52,17
Sternen 1405,1113,110,25
führt. 1525,1114,79,25
<EOS>
Die 1264,1186,49,25
Lücken 1330,1186,106,24
in 1453,1186,26,24
den 1496,1186,50,25
Spiralarmen 1563,1186,176,32
legen 1757,1187,73,31
dar, 1264,1224,52,28
dass 1335,1224,58,24
das 1411,1223,44,25
allgemeine 1473,1223,156,31
Spiralmuster 1646,1224,184,31
der 1263,1262,46,24
Galaxien 1319,1261,130,24
auf 1460,1262,45,23
zwei 1515,1262,63,24
Dichtewellen 1588,1262,190,24
zu¬ 1787,1269,43,16
rückgeht, 1264,1299,132,30
die 1411,1299,42,23
sich 1467,1298,55,24
in 1537,1298,26,25
entgegengesetzter 1578,1303,252,27
Richtung 1265,1336,131,31
bewegen. 1409,1337,129,30
<EOS>
Die 1554,1337,50,24
Lücken 1619,1337,105,24
entste¬ 1738,1340,92,21
hen 1264,1375,52,24
dort, 1334,1374,65,28
wo 1419,1382,39,16
sich 1477,1373,55,25
die 1551,1374,42,25
Wellen 1610,1374,102,25
überla¬ 1731,1374,99,24
gern, 1263,1420,70,24
das 1357,1412,44,24
heisst, 1425,1411,86,29
wo 1536,1419,39,18
der 1598,1413,45,24
Kamm 1666,1412,97,24
der 1786,1412,45,25
einen 1264,1449,77,25
Welle 1360,1449,81,24
auf 1461,1449,45,24
das 1524,1449,45,25
Tal 1587,1450,46,24
der 1652,1450,45,24
anderen 1715,1450,115,24
trifft. 1264,1487,74,24
<EOS>
Beim 1350,1486,73,24
Durchgang 1434,1487,159,31
durch 1604,1488,82,23
einen 1696,1487,77,24
sol¬ 1783,1487,48,24
chen 1264,1524,67,25
Ort 1346,1524,48,24
sind 1407,1524,59,24
die 1480,1524,41,24
Sterne 1536,1524,90,25
in 1641,1524,26,24
keiner 1682,1524,90,25
der 1786,1525,45,24
beiden 1264,1561,94,25
Richtungen 1375,1561,167,31
einer 1558,1561,73,25
starken 1646,1562,105,24
Gra¬ 1767,1561,65,25
vitationsanziehung 1264,1599,274,31
ausgesetzt, 1552,1604,150,26
sondern 1717,1599,114,24
bewegen 1265,1637,122,30
sich 1400,1636,55,24
weiterhin 1469,1636,136,25
normal 1621,1637,102,24
auf 1737,1637,45,23
ih¬ 1797,1637,35,23
rer 1266,1681,39,17
gewohnten 1317,1674,156,30
Laufbahn, 1488,1675,146,27
wodurch 1649,1675,125,23
der 1787,1674,45,24
Eindruck 1264,1709,132,25
einer 1421,1709,73,24
Lücke 1517,1709,87,25
im 1629,1709,36,24
Spiralarm 1689,1709,141,31
entsteht. 1264,1747,119,25
<EOS>
<EOP>
v*: 1264,1977,41,22
<EOS>
<EOP>
Y 1306,1996,33,38
<EOS>
<EOP>
Dieses 1262,2437,85,24
Bild 1360,2436,51,25
der 1420,2436,46,25
sogenannten 1476,2443,178,26
M 1665,2439,27,24
81-Gala¬ 1704,2438,125,26
xie 1260,2476,40,23
besteht 1312,2473,101,26
aus 1425,2484,46,15
zwei 1483,2477,63,23
Aufnahmen, 1555,2475,167,30
die 1737,2476,40,25
um 1790,2486,38,14
2 1261,2512,17,25
und 1293,2511,52,26
um 1359,2521,38,16
8 1414,2512,17,25
Uhr 1447,2511,50,26
aufgenommen 1512,2511,197,33
worden 1727,2512,100,25
sind. 1261,2548,60,27
<EOS>
Mit 1341,2549,48,25
einem 1407,2551,81,23
Supercomputer 1508,2549,210,32
konnte 1736,2549,92,26
das 1261,2586,46,26
Bild 1329,2586,52,25
so 1400,2596,28,15
gedreht 1448,2586,109,33
werden, 1578,2587,106,30
dass 1707,2587,59,26
die 1787,2587,41,25
Frontseite 1262,2625,135,24
der 1411,2624,45,25
Galaxie 1471,2623,107,27
zu 1592,2635,31,15
sehen 1637,2624,78,26
ist. 1730,2626,34,24
<EOS>
Auf 1779,2624,53,26
diese 1261,2661,70,26
Weise 1345,2662,82,24
wurden 1438,2661,100,26
die 1549,2663,40,25
gut 1599,2667,45,27
erkennbaren 1654,2662,173,25
Unterbrüche 1262,2698,171,27
der 1461,2699,46,26
Spiralarme 1534,2699,149,32
entdeckt 1712,2699,118,26
(Bild: 1262,2736,67,32
IBM) 1338,2737,62,31
678 30,2804,46,23
<EOS>
<EOP>
