1960,2865
Wasserwirtschaft 90,97,239,27
Schweizer 1151,91,139,27
Ingenieur 1298,93,130,31
und 1435,90,53,26
Architekt 1493,89,126,26
Nr. 1627,91,41,23
<EOS>
23,7. 1677,90,71,29
<EOS>
Juni 1759,90,57,24
1990 1825,90,60,24
<EOS>
<EOP>
Wasserkraftnutzung 84,318,746,71
im 853,319,83,54
Widerstreit 86,398,415,57
der 518,396,123,58
Meinungen 659,399,408,68
In 86,508,28,24
einer 134,508,85,24
Zeit, 238,507,75,29
in 334,507,27,24
der 381,505,56,26
fast 455,505,61,26
alle 535,505,59,26
bisherigen 615,505,172,33
Werte 807,505,102,25
hinterfragt 930,504,182,32
werden, 1129,503,138,30
gerät 86,545,89,31
auch 186,544,76,25
die 274,544,50,25
Wasserkraftnutzung 334,543,345,32
in 691,544,28,23
den 731,543,61,25
Widerstreit 803,542,190,25
der 1003,541,57,25
Meinungen. 1070,542,197,31
<EOS>
Soll 86,582,58,25
die 156,582,50,25
Wasserkraftnutzung 216,581,344,32
weiter 571,582,105,24
ausgebaut 687,580,177,32
werden? 873,579,144,26
<EOS>
Ist 1030,580,37,25
sie 1077,579,44,25
auf 1132,577,54,27
dem 1196,578,71,26
heutigen 86,619,145,33
Stand 242,618,94,26
zu 346,627,36,17
belassen 394,618,143,26
und 548,618,60,25
zu 618,627,36,16
erhalten? 664,616,158,27
<EOS>
Zeichnet 832,616,143,27
sich 985,616,59,26
eine 1054,617,69,25
Extensi- 1134,616,132,25
vierung 86,658,126,31
oder 229,656,77,26
gar 322,665,56,24
ein 395,657,48,25
Rückbau 461,655,139,27
ab? 618,655,60,26
<EOS>
Der 697,655,57,26
vorliegende 769,654,200,33
Beitrag 986,655,118,30
stellt 1122,653,80,26
die 1218,653,50,26
Wasserkraftnutzung 84,694,344,32
zuerst 448,699,101,20
in 566,694,28,25
den 613,693,61,26
Kontext 693,694,133,24
der 843,692,56,26
anderen 916,692,139,26
Wassernut¬ 1072,693,194,24
zungsarten 85,737,187,28
und 283,732,61,25
geht 354,732,75,32
dann 437,732,84,25
auf 531,731,55,25
diese 594,731,87,25
Fragen 691,732,113,31
ein. 814,731,60,24
<EOS>
Dabei 884,730,96,25
wird 988,729,75,25
auf 1072,729,55,25
die 1135,729,51,25
Ver¬ 1195,730,72,24
hältnisse 87,770,146,25
in 244,770,27,24
der 282,769,56,25
Schweiz 347,769,131,25
und 489,768,60,25
die 560,768,50,25
derzeitigen 621,768,188,31
Diskussionen 821,767,214,25
im 1047,768,38,24
Parlament 1097,766,172,26
Bezug 87,808,99,31
genommen. 196,814,197,24
<EOS>
<EOP>
Versorgungen 699,875,193,24
entnehmen 905,867,163,25
aber 1080,866,60,24
auch 1152,866,67,24
di¬ 1231,865,36,25
rekt 699,906,56,24
Wasser 768,907,102,23
aus 883,912,45,17
einem 942,904,88,25
See 1043,904,47,24
oder 1103,903,63,25
einem 1179,903,87,24
Fluss, 699,944,81,28
das 792,943,45,25
sie 847,943,37,24
dann 894,943,72,23
entsprechend 976,941,192,31
aufbe¬ 1179,941,88,24
reiten. 701,981,89,24
<EOS>
Kleinere 820,980,122,24
Wasserversorgungen 969,980,298,29
basieren 701,1019,119,24
auf 858,1018,45,23
Quellwasserfassungen, 942,1017,325,30
nützen 702,1057,96,23
also 816,1056,54,24
ein 889,1055,42,24
Fliessgewässer 951,1055,206,30
gleich¬ 1174,1053,95,31
sam 700,1101,56,17
an 765,1101,34,17
der 808,1093,45,25
Quelle. 862,1092,101,32
<EOS>
Auch 700,1142,77,25
die 795,1142,42,24
Abwasserentsorgung, 857,1141,297,30
die 1172,1140,42,24
als 1231,1139,37,24
Gegenstück 703,1179,167,32
zur 886,1186,47,17
Wasserversorgung 948,1179,264,29
be¬ 1228,1177,41,24
zeichnet 702,1218,118,23
werden 835,1217,104,23
kann, 953,1217,79,27
nutzt 1047,1219,73,21
die 1134,1215,40,24
Ober¬ 1190,1214,79,25
flächengewässer 703,1255,232,30
als 953,1254,36,24
Vorfluter. 1008,1253,139,24
<EOS>
Infolge 1168,1252,100,31
der 702,1293,46,24
erfreulichen 756,1292,177,25
Anstrengungen 941,1291,221,30
im 1172,1289,37,24
Ge¬ 1218,1289,52,24
biet 701,1329,53,26
des 771,1330,44,24
Gewässerschutzes 834,1328,255,26
enthält 1107,1328,100,24
das 1224,1327,44,24
dem 703,1368,60,24
schweizerischen 803,1367,230,24
Gewässernetz 1073,1366,196,23
übergebene 704,1405,163,30
Abwasser 879,1404,136,23
meist 1028,1403,74,24
keine 1115,1402,76,25
gros¬ 1202,1410,68,23
se 704,1450,25,16
Belastung 748,1442,138,30
mehr, 903,1441,82,28
sondern 1003,1441,114,24
nur 1135,1448,49,16
noch 1201,1439,68,25
eine 704,1480,58,24
sogenannte 785,1483,160,27
Restbelastung. 969,1478,206,30
<EOS>
Aber 1200,1477,71,24
auch 703,1517,67,25
diese 785,1516,69,25
Restbelastung 870,1516,199,30
ist 1084,1515,29,24
nicht 1129,1515,72,23
ver¬ 1217,1522,53,16
nachlässigbar 704,1554,194,31
und 933,1554,53,23
entspricht 1022,1553,142,30
einer 1199,1552,72,24
bestimmten 704,1592,168,24
Menge 897,1592,95,29
an 1016,1599,32,16
Abfallstoffen. 1072,1590,197,24
<EOS>
Demzufolge 705,1630,174,30
kann 901,1628,71,25
das 993,1628,45,25
schweizerische 1059,1627,212,25
Gewässernetz 706,1667,196,25
gleichsam 914,1666,142,32
als 1068,1666,37,23
System 1118,1665,99,31
für 1230,1665,42,23
den 704,1705,51,24
Gratisabtransport 774,1704,256,30
von 1048,1711,52,16
Abfallstof¬ 1118,1702,153,24
fen 705,1742,44,24
ins 759,1742,39,24
Ausland 807,1742,120,24
gesehen 935,1742,112,30
werden. 1057,1741,111,23
<EOS>
Auch 706,1792,75,23
die 791,1791,41,23
Schiffahrt 843,1790,147,31
benutzt 998,1790,107,24
das 1114,1789,44,24
Gewäs¬ 1169,1789,104,24
sernetz 705,1833,101,20
an 833,1836,33,16
verschiedenen 893,1827,205,25
Orten 1126,1826,81,24
als 1235,1826,37,24
Transportsystem. 704,1867,246,30
<EOS>
Dabei 966,1864,83,25
werden 1063,1864,104,24
vor 1180,1871,46,16
al¬ 1240,1864,33,23
lem 706,1904,51,23
Personen 767,1904,131,23
transportiert, 908,1902,187,31
um 1106,1908,45,17
touristi¬ 1160,1901,113,24
sche 705,1941,60,24
Bedürfnisse 781,1939,168,26
zu 963,1947,33,16
befriedigen. 1010,1939,169,30
<EOS>
Doch 1196,1939,76,24
werden 707,1979,102,23
auf 829,1979,45,23
den 892,1978,49,24
Schweizer 960,1977,145,25
Seen 1123,1977,65,24
auch 1207,1976,66,24
erhebliche 707,2016,149,24
Mengen 867,2016,114,30
an 992,2023,32,16
Gütern, 1035,2014,111,29
in 1158,2014,26,24
erster 1194,2018,79,20
Linie 708,2053,73,24
Baustoffe, 803,2052,142,29
wie 968,2052,46,24
Sand, 1036,2051,77,29
Kies 1136,2051,61,24
und 1219,2051,54,24
Steine, 706,2091,94,28
umgeschlagen. 820,2090,210,31
<EOS>
Erwähnenswert 1050,2090,223,23
ist 707,2129,30,24
ferner 754,2129,87,23
der 856,2129,45,23
recht 917,2128,70,23
bedeutende 1004,2127,163,24
Trans¬ 1181,2127,92,24
port 707,2170,58,27
von 776,2173,51,17
festen 839,2166,82,23
Abfällen 933,2165,124,24
auf 1068,2164,46,25
der 1124,2165,44,24
Rhône 1180,2164,93,24
in 708,2204,26,24
Genf. 744,2204,80,24
<EOS>
Die 709,2252,48,25
Bewässerung, 772,2253,187,30
die 971,2251,42,24
als 1025,2251,37,24
eine 1074,2250,57,25
Art 1144,2251,47,24
land¬ 1204,2250,70,25
wirtschaftliche 708,2289,211,25
Wasserversorgung 946,2290,263,30
be¬ 1234,2289,41,23
zeichnet 707,2327,119,25
werden 849,2327,104,24
kann, 978,2327,78,27
spielt 1080,2327,76,29
in 1180,2326,25,24
der 1229,2327,45,23
Schweiz 708,2365,115,25
zwar 835,2373,68,16
keine 915,2365,76,24
dominierende 1003,2364,200,25
Rol¬ 1217,2364,58,24
le; 709,2404,34,27
sie 756,2403,36,24
beschränkt 808,2403,156,24
sich 979,2402,55,25
bloss 1049,2402,68,24
auf 1132,2402,46,24
einige 1191,2401,84,31
wenige 709,2441,98,30
Regionen. 828,2440,142,31
<EOS>
Als 992,2440,45,24
Beispiele 1060,2439,124,31
seien 1205,2438,70,25
hier 710,2478,55,25
die 778,2478,41,25
Wässerwiesensysteme 833,2477,311,31
des 1157,2477,44,24
Mit¬ 1216,2477,60,23
tellandes 709,2517,125,24
angeführt 845,2517,140,31
wie 997,2516,46,25
auch 1055,2516,66,25
die 1133,2516,40,25
seit 1184,2516,48,25
al¬ 1242,2517,34,24
ters 708,2559,51,19
her 773,2554,47,24
berühmten 833,2554,158,24
Suonen 1005,2554,108,24
im 1128,2554,35,24
Wallis. 1178,2554,97,24
<EOS>
Sie 709,2592,39,24
entnehmen 769,2592,161,24
das 952,2592,44,23
Bewässerungswas¬ 1018,2592,259,30
ser 709,2637,39,17
direkt 767,2629,85,25
den 871,2630,50,23
Oberflächengewässern. 942,2629,333,31
<EOS>
Doch 710,2667,74,25
ist 803,2667,28,24
darauf 848,2666,93,25
hinzuweisen, 958,2666,185,28
dass 1161,2666,57,24
die 1234,2665,41,25
grossen 707,2712,107,24
Bedarfsspitzen 856,2703,208,31
bei 1107,2703,41,25
vielen 1190,2703,85,24
schweizerischen 709,2742,229,24
Wasserversorgungen 977,2742,297,30
<EOS>
<EOP>
Die 85,903,51,24
Arten 145,903,91,24
der 246,902,55,25
Gewässernutzung 310,903,298,31
Einleitend 85,981,149,25
scheint 247,981,102,25
es 363,990,26,16
sinnvoll, 403,982,123,29
sich 541,981,54,25
die 610,982,41,24
Arten 85,1019,82,24
der 191,1019,46,24
Gewässernutzung 262,1019,255,31
zu 542,1027,32,16
ver¬ 599,1027,53,16
gegenwärtigen. 84,1057,214,31
<EOS>
Gewässernutzung 333,1057,255,30
ist 621,1057,31,24
<EOS>
<EOP>
VON 88,1157,75,24
DANIEL 182,1157,133,23
VISCHER, 327,1156,157,28
<EOS>
<EOP>
ZÜRICH 181,1190,135,28
nämlich 89,1280,116,25
keineswegs 224,1279,159,31
ein 401,1278,43,25
Synonym 462,1278,133,31
für 615,1278,41,23
Wasserkraftnutzung, 87,1317,300,30
wie 398,1316,47,24
heute 456,1316,77,24
manche 544,1315,110,24
meinen, 90,1356,113,27
sondern 226,1355,114,24
ein 362,1354,42,24
Oberbegriff 428,1352,172,31
für 614,1353,43,24
die 89,1393,41,23
<EOS>
<EOP>
- 90,1461,13,2
Wasserversorgung 122,1446,263,29
<EOS>
<EOP>
- 91,1498,13,2
Abwasserentsorgung 124,1483,298,29
<EOS>
<EOP>
- 90,1535,13,3
Bewässerung 124,1521,184,28
<EOS>
<EOP>
- 91,1572,13,3
Entwässerung 124,1558,199,30
<EOS>
<EOP>
- 91,1610,14,3
Wasserkraftnutzung 123,1594,294,30
<EOS>
<EOP>
- 92,1647,13,3
Schiffahrt 124,1632,144,24
<EOS>
<EOP>
- 91,1685,14,2
gewässergebundene 124,1669,282,32
Erholung, 435,1668,142,30
ein¬ 606,1667,53,24
schliesslich 124,1706,161,25
Fischerei. 295,1706,137,24
<EOS>
Es 91,1757,33,24
ist 135,1756,33,25
im 179,1756,37,24
vorliegenden 229,1755,186,31
Zusammenhang 427,1753,233,31
wichtig 92,1793,104,31
festzustellen, 233,1792,184,28
dass 456,1792,57,23
in 551,1792,26,22
der 615,1792,44,23
Schweiz 92,1830,115,25
sämtliche 219,1829,137,26
oben 368,1830,68,23
erwähnten 449,1830,151,23
Ar¬ 613,1829,47,23
ten 91,1874,44,19
die 147,1869,41,24
Oberflächengewässer 201,1868,305,29
und 518,1867,54,24
unter 584,1870,76,20
diesen 91,1907,89,23
vornehmlich 198,1904,186,26
die 400,1904,42,24
Fliessgewässer 461,1903,203,32
beanspruchen. 91,1943,209,31
<EOS>
Die 94,1992,48,24
Wasserversorgung, 171,1993,258,29
das 451,1991,44,23
heisst 518,1990,78,24
die 618,1990,42,24
Trink- 91,2029,92,24
und 216,2029,53,24
Brauchwasserversorgung 303,2029,357,29
der 93,2068,45,23
Schweiz, 151,2066,122,29
beruht 288,2066,93,24
zum 395,2073,60,17
weitaus 468,2065,106,24
über¬ 588,2065,72,24
wiegenden 92,2105,153,30
Teil 260,2102,56,25
auf 332,2103,46,24
dem 393,2103,61,24
Wasserdarge¬ 470,2103,190,30
bot 93,2142,44,25
der 150,2142,46,24
Oberflächengewässer. 208,2141,314,30
<EOS>
Die 536,2140,50,24
mei¬ 599,2140,61,24
sten 93,2184,56,20
Grundwasserpumpwerke 179,2178,361,31
stehen 569,2178,91,23
nämlich 95,2217,115,24
in 226,2216,25,23
der 268,2216,44,24
Nähe 327,2216,75,23
von 417,2223,52,16
Flüssen 484,2216,107,23
und 606,2215,54,24
Bächen 95,2255,103,23
und 224,2254,53,24
fördern 303,2254,106,24
Uferfiltrat, 435,2253,155,28
das 616,2252,44,24
heisst 96,2292,77,24
also 184,2292,53,24
Wasser, 247,2292,109,27
das 368,2290,44,25
aus 423,2299,45,15
den 479,2290,50,24
Fliessge¬ 542,2289,119,32
wässern 93,2331,112,23
ins 221,2328,39,25
Grundwasser 276,2328,190,25
sickert. 481,2327,101,25
<EOS>
Und 599,2327,61,24
in 94,2367,27,25
manchen 140,2366,130,25
Fällen 290,2366,88,24
ist 398,2366,30,24
es 446,2373,26,16
so, 490,2373,35,21
dass 544,2366,57,23
die 620,2365,40,24
Fördermenge 96,2405,190,30
des 303,2404,44,24
Pumpwerks 366,2403,167,31
die 550,2403,41,24
Sik- 608,2403,53,24
kermenge 95,2443,140,29
beeinflusst, 252,2441,161,29
in 433,2441,25,24
andern 475,2441,99,24
Wor¬ 591,2441,70,24
ten, 94,2484,51,25
dass 168,2480,57,24
es 246,2487,26,17
sich 294,2479,53,24
beim 369,2478,70,25
Grundwasser¬ 462,2478,199,25
pumpwerk 94,2518,153,30
indirekt 260,2517,113,24
um 384,2524,45,17
eine 439,2515,59,25
Bach- 511,2516,77,24
oder 599,2515,62,25
Flusswasserfassung 95,2555,277,30
handelt. 413,2554,114,24
<EOS>
Dieser 571,2554,91,24
Zusammenhang 94,2593,232,31
macht 344,2592,86,24
sich 448,2592,54,24
vor 521,2599,45,16
allem 583,2592,78,23
in 95,2631,24,25
Niederwasserperioden 149,2630,319,31
bemerkbar, 498,2629,162,29
wenn 94,2677,76,17
eben 193,2670,66,23
die 282,2668,41,24
Sickermengen 345,2668,204,30
gegen¬ 572,2675,90,23
über 93,2708,65,23
den 168,2707,50,24
ohnehin 229,2706,119,25
spärlichen 359,2705,148,31
Abflüssen 519,2705,142,24
ins 95,2743,38,25
Gewicht 145,2744,120,24
fallen. 278,2744,87,24
<EOS>
Vereinzelte 378,2743,162,25
Wasser¬ 551,2744,111,23
<EOS>
<EOP>
während 1307,332,126,24
Trockenzeiten 1457,331,208,25
im 1692,331,36,24
Sommer 1754,331,121,24
entstehen, 1309,370,144,28
wenn 1466,376,76,17
Tausende 1553,368,136,25
von 1701,376,52,16
Garten- 1765,368,111,24
sprenklern 1309,407,154,31
und 1483,406,55,25
andere 1559,406,95,24
häusliche 1676,406,134,23
Be¬ 1832,406,43,22
wässerungsanlagen 1309,444,273,31
in 1592,444,26,23
Betrieb 1628,443,103,24
stehen. 1740,443,98,24
<EOS>
Auf 1308,494,57,24
die 1378,494,42,24
Wasserkraftnutzung 1442,492,284,31
wird 1739,491,64,25
wei¬ 1818,491,57,24
ter 1308,536,39,19
unten 1355,536,83,19
noch 1447,531,69,24
eingegangen. 1524,530,186,30
<EOS>
Eine 1311,580,63,24
weitverbreitete 1387,579,214,25
Art 1614,579,47,24
der 1674,578,45,25
Gewässer¬ 1731,578,146,24
nutzung 1311,622,116,26
besteht 1437,616,101,25
in 1547,616,26,24
der 1583,616,45,24
Befriedigung 1640,615,183,32
von 1831,622,49,17
Erholungsbedürfnissen 1314,654,323,31
mittels 1652,653,96,24
der 1765,653,45,23
Ge¬ 1827,653,51,23
wässer. 1310,694,100,22
<EOS>
Es 1432,693,31,22
ist 1484,692,31,23
geradezu 1533,691,128,31
ein 1681,691,42,24
Merkmal 1744,690,133,24
unserer 1310,737,108,17
Zeit, 1430,729,64,29
dass 1508,729,58,25
die 1579,728,42,25
Gewässer 1635,729,137,24
als 1785,728,36,24
Er¬ 1835,728,42,23
holungsraum 1311,768,189,30
gesehen 1511,766,112,32
und 1635,766,54,24
dafür 1701,765,76,24
freige¬ 1789,765,89,30
stellt 1311,805,68,24
werden 1390,804,105,25
sollen. 1506,804,91,24
<EOS>
Das 1610,804,54,23
offene 1676,803,89,24
Wasser 1776,803,102,23
wird 1311,842,65,24
nicht 1401,842,72,24
nur 1499,849,50,16
als 1573,842,37,23
landschaftsberei- 1636,840,243,25
chernd 1311,880,100,24
empfunden 1429,880,164,30
und 1613,879,54,24
entsprechend 1687,877,191,31
hoch 1311,918,70,23
bewertet, 1400,917,128,28
sondern 1549,916,113,25
auch 1681,915,68,25
als 1768,915,36,24
Ele¬ 1824,915,54,24
ment 1313,959,72,20
für 1402,955,42,24
Baden, 1461,954,94,29
Schwimmen, 1573,953,185,28
Surfen, 1775,953,102,27
Paddeln, 1313,992,122,28
Rudern, 1459,992,113,28
Segeln, 1595,991,98,31
Motorboot¬ 1716,991,164,23
fahren 1314,1030,93,24
usw. 1422,1037,61,17
<EOS>
Nicht 1499,1029,79,24
nur 1594,1036,49,16
Seen 1659,1029,66,23
und 1740,1028,53,24
Stau¬ 1809,1028,71,24
seen 1313,1075,60,17
gehören 1389,1068,115,30
heute 1520,1067,76,24
zum 1611,1074,61,16
Tummelplatz 1687,1065,192,31
des 1312,1105,44,24
«homo 1369,1105,97,24
ludens», 1479,1104,118,28
sondern 1610,1103,113,25
auch 1735,1103,67,24
viele 1813,1102,66,24
Flussstrecken, 1313,1142,202,27
die 1525,1141,41,24
an 1576,1149,34,16
gewissen 1618,1140,125,32
Wochen¬ 1752,1140,128,24
enden 1314,1180,86,24
etwa 1420,1184,64,19
von 1505,1186,51,17
Schlauchbooten 1577,1178,227,24
und 1825,1178,55,23
andern 1314,1218,100,23
Wasserfahrzeugen 1443,1217,263,29
wimmeln. 1737,1215,142,24
<EOS>
Aber 1314,1256,70,23
auch 1406,1255,67,23
gewisse 1494,1254,105,30
Wildbachstrecken 1621,1253,259,24
spielen 1314,1292,99,30
für 1424,1292,42,24
die 1475,1291,42,25
Kajaks 1527,1291,99,31
und 1636,1291,55,24
Kanus 1701,1291,91,23
sowie 1802,1289,78,25
neuerdings 1314,1329,157,31
für 1486,1329,41,23
das 1542,1329,44,24
«White 1602,1328,103,24
Water 1719,1328,87,23
Raf¬ 1820,1328,60,23
ting» 1315,1367,71,31
eine 1397,1367,58,24
grosse 1464,1374,85,23
Rolle. 1560,1366,82,24
<EOS>
Zur 1315,1416,52,24
Erholung 1388,1416,133,29
gehört 1542,1415,90,30
in 1654,1415,26,23
der 1701,1415,45,23
Schweiz 1766,1413,114,25
aber 1315,1454,61,23
auch 1386,1453,66,24
die 1463,1453,41,24
Fischerei, 1516,1452,131,27
die 1657,1451,41,25
ja 1706,1450,27,31
zum 1742,1459,61,16
weit¬ 1813,1450,68,25
aus 1314,1499,46,16
überwiegenden 1369,1490,219,31
Teil 1594,1489,57,25
aus 1659,1497,46,16
reiner 1715,1488,85,25
Lieb¬ 1808,1488,74,24
haberei 1315,1528,105,24
betrieben 1435,1527,134,25
wird. 1583,1527,72,24
<EOS>
Sie 1670,1527,41,23
hat 1726,1527,44,23
sich 1784,1526,55,24
in 1853,1526,27,23
den 1316,1565,51,25
letzten 1384,1565,95,25
Jahrzehnten 1495,1565,177,24
ausserordent¬ 1690,1564,192,24
lich 1316,1603,51,24
ausgedehnt 1389,1603,160,31
und 1570,1602,54,24
beansprucht 1644,1601,175,31
die 1841,1600,40,25
Gewässer 1317,1641,135,24
mehr 1468,1640,75,24
und 1558,1640,54,24
mehr 1628,1640,75,24
und 1718,1639,53,24
vor 1787,1646,47,17
al¬ 1848,1638,35,25
lem 1316,1679,51,24
auch 1384,1678,68,25
bis 1468,1677,39,25
in 1525,1677,26,24
Meereshöhen 1569,1676,194,25
hinauf, 1781,1676,99,28
die 1315,1716,41,24
früher 1367,1716,89,24
von 1466,1723,50,16
ihr 1527,1715,40,24
verschont 1576,1715,139,24
blieben. 1726,1714,110,24
<EOS>
Es 1317,1765,31,24
ist 1360,1764,30,25
nun 1402,1772,55,17
selbstverständlich, 1468,1763,263,29
dass 1744,1763,58,24
diese 1813,1762,69,24
verschiedenen 1317,1803,204,23
Arten 1534,1802,82,23
der 1630,1801,45,24
Gewässernut¬ 1688,1801,195,24
zung 1316,1847,68,24
nicht 1400,1840,72,24
konfliktfrei 1488,1838,166,26
nebeneinander 1670,1838,213,25
bestehen. 1317,1878,132,24
<EOS>
In 1466,1878,28,23
vielen 1510,1877,84,24
Fällen 1610,1876,89,25
sind 1715,1875,57,25
die 1787,1875,42,25
In¬ 1844,1875,39,24
teressen 1316,1920,112,20
eben 1441,1915,66,24
nicht 1520,1914,71,25
gleich 1604,1913,83,32
gelagert. 1699,1913,120,31
<EOS>
Die 1833,1913,49,24
grössten 1316,1954,117,30
Divergenzen 1455,1952,182,31
bestehen 1658,1952,126,23
heute 1805,1951,78,23
zweifellos 1317,1991,140,24
zwischen 1474,1990,130,24
der 1621,1990,45,23
Fischerei 1683,1988,130,25
und 1829,1988,54,25
der 1317,2029,44,23
Wasserkraftnutzung, 1374,2028,299,29
wobei 1687,2026,84,25
es 1785,2034,25,17
dem 1824,2026,60,24
einen 1317,2066,77,24
Kontrahenten, 1416,2065,207,27
nämlich 1645,2063,116,25
der 1781,2064,46,23
Fi¬ 1847,2063,38,24
scherei, 1316,2102,106,29
bis 1436,2102,39,24
jetzt 1483,2102,64,31
gelungen 1557,2102,130,30
ist, 1698,2101,39,28
seine 1749,2101,70,24
An¬ 1831,2101,53,23
liegen 1317,2140,83,31
als 1418,2140,37,24
quasi 1472,2140,73,30
ökologische 1565,2138,166,31
darzustel¬ 1745,2138,139,24
len. 1317,2178,50,24
<EOS>
Mit 1383,2177,50,24
andern 1448,2177,100,24
Worten, 1562,2177,115,27
wenn 1692,2184,78,16
es 1784,2184,25,16
dem 1825,2175,60,24
schweizerischen 1317,2214,232,25
Fisch 1571,2214,75,24
heute 1670,2214,76,23
schlecht 1769,2213,115,24
geht, 1316,2252,67,31
wird 1402,2251,64,25
das 1483,2252,44,24
gerne 1544,2258,79,24
der 1641,2250,45,25
Wasserkraft¬ 1703,2250,182,24
nutzung 1318,2294,117,26
und 1449,2289,55,24
damit 1519,2288,83,24
den 1616,2288,51,23
Wasserbauern 1682,2287,204,24
angelastet, 1318,2327,148,31
nicht 1488,2325,70,25
aber 1577,2326,62,24
jenen 1655,2325,82,30
Zehntau¬ 1755,2324,131,24
senden 1318,2365,99,23
von 1431,2372,51,16
Anglern, 1495,2363,126,31
die 1635,2362,41,25
dem 1688,2362,61,24
Fisch 1763,2361,74,25
di¬ 1851,2361,35,25
rekt 1320,2402,56,25
und 1391,2401,54,25
aus 1461,2409,45,17
reinem 1522,2400,100,25
Vergnügen 1637,2400,156,31
nach¬ 1811,2399,76,24
stellen. 1319,2440,99,24
<EOS>
Selbstverständlich 1449,2438,260,25
wird 1739,2437,64,24
sich 1831,2437,55,24
dieser 1319,2477,85,25
extreme 1416,2481,115,20
Standpunkt 1544,2475,167,31
nicht 1726,2475,71,24
belie¬ 1811,2474,76,25
big 1320,2515,41,31
lange 1373,2515,73,30
mehr 1458,2514,74,23
halten 1544,2514,88,23
können. 1644,2513,115,24
<EOS>
Er 1772,2513,32,23
kann 1815,2512,71,25
aber 1319,2554,63,23
als 1396,2552,38,24
Überschwingen 1450,2547,224,34
eines 1689,2550,72,25
Pendels 1778,2550,109,24
gedeutet 1320,2590,118,31
werden, 1450,2590,111,26
das 1574,2588,45,25
sich 1630,2587,55,25
entsprechend 1697,2587,190,31
den 1321,2628,50,25
gesellschaftlichen 1383,2626,254,32
Präferenzen 1650,2626,174,23
von 1836,2632,52,17
einer 1321,2664,72,25
intensiven 1404,2664,146,24
Gewässernutzung 1562,2663,256,32
zum 1828,2670,60,16
ebenso 1320,2702,97,24
intensiven 1433,2701,148,24
Gewässerschutz 1597,2701,230,24
hin 1842,2700,47,24
bewegt. 1322,2740,104,29
<EOS>
<EOP>
655 1847,2808,46,23
<EOS>
<EOP>
