1960,2865
Wasserwirtschaft 90,89,239,26
Schweizer 1151,83,139,25
Ingenieur 1297,84,131,30
und 1435,81,52,26
Architekt 1491,80,129,27
Nr. 1626,81,43,24
<EOS>
23,7. 1677,80,71,30
<EOS>
Juni 1758,80,56,25
1990 1825,80,59,24
<EOS>
<EOP>
¦£-.. 1514,250,35,20
<EOS>
<EOP>
,V 610,500,38,29
ai 1135,498,45,27
<EOS>
<EOP>
Y 1657,517,39,35
<EOS>
<EOP>
~:-a 1305,640,37,20
<EOS>
<EOP>
Bild 87,765,51,25
1. 149,766,16,24
<EOS>
Das 203,766,51,24
im 265,767,30,23
Umbau 308,764,98,26
befindliche 417,764,149,26
Rheinkraftwerk 578,764,208,26
Laufenburg. 797,764,161,32
<EOS>
Unter 87,803,77,25
Wahrung 175,802,128,31
der 313,803,46,25
Bausubstanz 367,802,174,26
werden 551,802,98,25
die 660,802,40,25
Walten 715,802,103,25
Turbinen¬ 831,801,128,26
gruppen 86,849,114,23
durch 213,840,76,25
10 307,841,30,24
moderne 350,839,120,26
ersetzt, 484,843,99,27
die 598,839,40,25
ein 653,841,39,23
grösseres 705,843,130,28
Schluck¬ 848,838,112,26
vermögen 88,881,135,27
aufweisen. 233,876,143,27
<EOS>
Dadurch 387,876,114,27
lässt 511,876,61,27
sich 579,876,50,27
die 638,877,40,26
gesamte 687,881,116,28
Jahrespro¬ 812,876,148,32
duktion 86,914,100,27
um 196,925,39,15
150 249,916,46,25
GWh 303,914,74,26
oder31% 386,914,129,27
steigern. 522,916,116,31
<EOS>
(Bild 649,914,60,31
KWL). 715,915,79,30
<EOS>
<EOP>
Bild2. 1006,760,78,27
<EOS>
Zur 1120,762,48,24
Ablösung 1177,759,129,33
des 1317,759,45,26
alten 1373,759,67,25
Regulierwehrs 1452,757,191,34
in 1654,759,22,23
der 1688,756,46,26
Rhone 1743,756,83,25
am 1837,765,41,16
Ausfluss 1003,798,112,26
des 1128,798,45,26
Genfersees 1187,797,153,27
und 1354,797,51,25
des 1416,796,45,26
zugehörigen 1473,795,172,32
Kraftwerks 1659,793,147,27
wird 1820,793,60,26
gegenwärtig 1004,837,175,32
die 1193,836,41,25
Stauanlage 1247,834,157,32
Seujet 1417,835,85,31
in 1515,835,23,23
Genf 1553,831,72,28
erstellt. 1636,831,96,27
<EOS>
Das 1748,833,51,24
neue 1814,841,65,15
Kraftwerk 1006,873,134,26
erhält 1157,872,80,26
eine 1252,874,56,23
Ausbauleistung 1324,871,212,31
von 1554,881,47,15
5,6 1618,871,41,28
MW 1676,870,65,25
und 1755,869,51,25
wird 1822,868,59,26
eine 1005,914,56,23
mittlere 1069,910,104,26
Jahresproduktion 1183,908,239,33
von 1433,919,47,15
rund30 1489,908,104,26
GWh 1602,907,74,26
erzielen. 1685,906,112,26
<EOS>
<EOP>
nate 86,1027,59,20
bis 155,1022,40,24
dreimal 205,1022,111,24
so 326,1029,28,17
hoch 365,1020,69,25
sein 445,1020,55,24
sollen 511,1019,83,25
wie 605,1019,47,23
der 86,1062,44,23
Mindestanforderung 143,1058,298,31
entsprechend, 453,1057,197,31
damit 87,1098,81,25
ihr 207,1097,39,24
gewässermorphologischer 284,1094,370,32
Charakter 89,1135,145,25
- 247,1150,14,2
also 274,1134,55,24
ihr 343,1134,41,23
Aussehen 396,1133,138,24
und 548,1132,54,24
bis 616,1131,38,25
zu 87,1181,32,16
einem 132,1173,86,24
gewissen 231,1172,125,31
Grad 369,1171,73,24
auch 455,1170,67,25
ihre 535,1169,55,24
Ge¬ 604,1169,50,24
räuschentwicklung 89,1208,272,32
- 377,1223,13,3
erhalten 407,1207,118,25
bleiben. 541,1207,112,24
<EOS>
In 90,1249,29,24
den 131,1249,50,24
Wintermonaten 193,1247,228,24
ist 433,1245,32,24
dies 477,1245,54,24
weniger 543,1244,112,30
wichtig, 88,1285,110,32
so 222,1293,28,17
dass 272,1284,57,25
die 352,1284,41,24
Mindestanforde¬ 417,1282,238,24
rung 89,1331,66,23
dann 171,1322,72,25
als 260,1322,36,24
angemessen 314,1328,170,24
erscheinen 501,1318,155,26
mag. 90,1369,66,23
<EOS>
Aufgrund 89,1409,141,31
dieser 252,1408,83,25
Überlegungen 359,1402,202,35
kann 585,1405,70,24
man 90,1455,62,16
ausrechnen, 174,1445,171,28
dass 368,1444,58,25
die 448,1444,41,24
durch 511,1443,83,24
die 615,1442,42,24
neuen 92,1492,85,17
Restwasserbestimmungen 190,1482,370,29
verur¬ 572,1488,86,16
sachten 91,1522,107,24
Energieeinbussen 212,1519,252,31
in 479,1518,27,24
der 520,1518,45,24
Grös- 579,1518,78,24
senordnung 91,1558,170,30
von 274,1565,52,17
2,6 341,1557,40,29
bis 396,1555,38,26
5,0 450,1556,39,29
Milliarden 505,1554,153,26
kWh 93,1597,67,24
pro 171,1604,47,22
Jahr 228,1596,61,24
betragen 300,1595,122,30
werden. 433,1593,111,25
<EOS>
Nimmt 556,1593,103,23
man 92,1642,62,17
an, 165,1642,42,20
dass 219,1633,58,24
der 288,1633,46,23
wahrscheinliche 344,1630,233,26
Wert 588,1631,72,23
der 92,1672,45,24
Energieeinbusse 148,1670,232,32
genau 392,1676,84,24
in 488,1668,26,24
der 526,1668,45,24
Mitte 583,1667,75,25
der 93,1709,45,25
Gabel 151,1709,84,24
liegt, 249,1708,66,29
erhält 329,1707,82,24
man 425,1714,61,17
3,8 499,1706,38,28
Milliar¬ 551,1704,109,25
den 93,1748,51,23
kWh, 155,1746,75,29
was 243,1753,51,17
12% 308,1745,54,24
der 373,1744,44,25
heutigen 428,1743,123,31
Jahres¬ 560,1742,100,25
produktion 93,1783,160,32
aller 284,1782,62,25
Schweizer 376,1781,144,25
Wasser¬ 549,1781,111,23
kraftwerke 93,1821,158,26
ausmacht. 268,1820,144,25
<EOS>
Immerhin 432,1818,146,24
wird 596,1817,64,25
sich 94,1859,54,25
diese 159,1858,70,25
Energieeinbusse 240,1857,232,32
nicht 484,1856,71,24
schlag¬ 567,1854,97,32
artig 96,1898,65,30
manifestieren. 169,1895,204,25
<EOS>
Denn 388,1896,77,23
das 477,1894,44,24
neue 533,1901,66,16
Ge¬ 610,1892,50,25
wässerschutzgesetz 94,1934,272,29
anerkennt 384,1932,147,25
die 549,1930,42,25
lau¬ 609,1930,52,24
fenden 97,1972,95,24
Konzessionen 207,1970,198,26
als 417,1969,36,25
wohlerworbe¬ 466,1968,196,25
ne 96,2018,31,16
Rechte 139,2009,98,25
und 247,2009,54,24
sieht 312,2008,67,25
für 390,2007,43,24
die 442,2007,41,24
Einführung 494,2006,169,29
der 95,2047,45,24
Mindestabflüsse 165,2046,233,24
zwei 422,2044,64,24
Fälle 512,2044,69,24
vor: 607,2050,55,17
Entweder 97,2084,136,25
erfolgt 266,2083,93,31
diese 392,2082,69,25
Einführung 497,2081,166,29
während 97,2122,123,24
einer 238,2121,72,24
laufenden 328,2121,143,24
Konzession, 491,2118,170,27
dann 96,2160,70,24
wird 191,2159,64,24
die 279,2157,41,25
verursachte 345,2157,166,25
Einbusse 537,2156,125,24
voll 97,2197,53,25
entschädigt, 163,2195,169,32
oder 346,2195,63,25
sie 422,2195,35,24
tritt 471,2194,54,25
bei 537,2194,42,23
einer 593,2193,71,24
Konzessionserneuerung 98,2234,344,29
oder 486,2232,62,24
einer 593,2231,71,25
neuen 98,2279,84,16
Konzession 211,2270,162,25
ohne 400,2270,68,24
weiteres 495,2269,115,24
in 638,2268,25,24
Kraft. 98,2310,83,23
<EOS>
Geht 201,2309,71,24
man 290,2316,61,17
davon 368,2308,87,24
aus, 472,2315,54,20
dass 544,2306,58,24
der 619,2305,46,25
zweite 98,2346,89,25
Fall 202,2346,53,24
der 269,2346,44,24
häufigere 328,2345,133,31
sein 475,2344,54,24
wird, 544,2344,70,28
er¬ 629,2351,36,16
streckt 97,2384,96,25
sich 203,2383,55,25
die 269,2383,41,24
Einführungszeit 323,2382,232,30
theore¬ 566,2382,99,23
tisch 98,2421,65,25
über 181,2421,64,24
die 261,2420,41,24
nächsten 319,2421,126,23
80 462,2420,31,23
Jahre, 508,2420,86,27
also 610,2418,55,25
fast 100,2460,47,24
bis 162,2458,38,25
ins 215,2459,38,23
Jahr 266,2458,63,24
2070, 341,2458,73,28
weil 428,2456,58,25
die 500,2456,41,25
meisten 556,2456,109,24
und 98,2497,54,25
insbesondere 166,2496,185,25
auch 364,2495,67,24
die 444,2494,41,25
neusten 499,2498,110,21
der 621,2493,45,24
bestehenden 98,2534,177,25
Konzessionen 287,2532,198,26
über 496,2532,63,24
80 569,2532,30,23
Jah¬ 608,2532,57,23
re 100,2581,25,17
laufen. 135,2572,97,25
<EOS>
Die 100,2622,48,24
Weiterentwicklung 178,2620,276,30
der 482,2620,45,22
Wasser- 556,2619,110,23
kraftnutzung 99,2659,189,30
in 303,2657,26,24
der 345,2658,44,23
Schweiz 405,2656,114,25
im 536,2655,35,25
Sinne 587,2655,78,25
einer 99,2697,72,25
Stromproduklion 196,2694,249,31
ist 473,2693,30,26
also 528,2693,54,25
jene 606,2693,60,31
einer 98,2736,74,24
Extensivierung, 191,2735,216,29
falls 424,2732,58,25
es 499,2740,25,16
nicht 542,2731,70,25
ge¬ 628,2739,40,23
<EOS>
<EOP>
lingt, 702,1019,70,30
die 792,1018,42,24
restwasserbedingten 853,1015,289,31
Einbus- 1161,1014,108,24
sen 702,1063,45,17
durch 772,1055,81,24
Um- 881,1055,61,24
oder 967,1054,63,24
Neubauten 1055,1052,156,24
zu 1237,1059,30,15
kompensieren. 703,1091,210,31
<EOS>
<EOP>
Die 704,1219,51,25
Effizienz 766,1218,138,25
von 913,1224,59,18
Um¬ 983,1218,67,23
Neubauten 704,1256,185,25
<EOS>
<EOP>
und 1064,1215,60,25
<EOS>
<EOP>
In 706,1336,29,23
der 746,1335,46,24
Diskussion 803,1332,159,26
um 974,1340,45,16
die 1030,1331,42,25
restwasserbe¬ 1085,1331,188,25
dingten 706,1372,108,31
Einbussen 825,1371,145,24
wird 982,1368,64,26
etwa 1057,1373,65,21
vermerkt, 1132,1367,139,29
dass 705,1411,57,23
diese 776,1409,69,24
durch 858,1408,83,25
den 953,1408,51,24
Ausbau 1018,1407,107,24
bestehen¬ 1138,1405,135,25
der 706,1449,46,23
Anlagen 778,1447,119,30
und 925,1445,54,25
durch 1006,1444,83,25
Neubauten 1115,1444,158,23
kompensiert 710,1484,171,31
werden 897,1483,103,24
können. 1019,1483,115,23
<EOS>
In 1155,1481,29,23
einer 1202,1480,72,24
Studie 706,1521,88,26
von 812,1529,52,16
Fachleuten 881,1520,160,24
aus 1057,1527,46,16
dem 1120,1518,61,25
Jahre 1196,1518,77,24
1987 710,1560,61,24
wird 788,1559,65,23
das 870,1559,45,23
Potential 932,1556,129,26
der 1077,1557,46,24
Aus- 1138,1556,65,24
und 1220,1554,53,25
Neubaumöglichkeiten 709,1594,318,32
bis 1041,1594,39,25
2005 1096,1593,63,24
auf 1175,1593,46,24
3,2 1234,1593,41,28
Milliarden 709,1634,153,25
kWh 876,1633,69,24
pro 958,1640,48,23
Jahr 1019,1632,62,24
veranschlagt 1095,1630,179,30
und 708,1672,54,25
bis 789,1671,38,25
zum 853,1679,61,16
Planungshorizont 942,1668,254,32
von 1223,1675,52,16
2025 710,1710,62,24
um 786,1716,45,17
weitere 842,1708,103,24
0,2 957,1708,40,28
Milliarden 1009,1706,153,25
erhöht. 1173,1705,101,25
<EOS>
Diese 707,1758,77,24
Zahlen 805,1758,100,24
ergeben 926,1757,113,30
sich 1058,1756,56,25
aus 1135,1764,45,17
einer 1201,1756,72,24
Prognose 707,1797,129,29
der 845,1795,45,24
<EOS>
<EOP>
- 707,1861,14,3
Erhöhung 740,1846,144,30
der 908,1845,45,24
Produktivität 979,1843,189,26
beste¬ 1193,1843,80,24
hender 740,1884,100,24
Anlagen 853,1883,122,30
durch 989,1882,84,24
Verbesseiiing 1093,1880,184,30
des 743,1920,43,25
Wirkungsgrades 813,1919,225,32
und 1062,1919,52,24
Erhöhung 1137,1918,140,29
des 743,1958,44,25
Schluckvermögens, 803,1957,265,31
Nutzung 1085,1957,125,29
bis¬ 1226,1955,48,25
her 741,1996,46,24
ungenutzter 811,1999,174,27
Fluss- 1008,1996,83,22
und 1115,1994,55,24
Bach¬ 1195,1994,79,24
strecken 741,2034,118,24
durch 872,2033,82,24
grössere 967,2034,115,29
Neuanlagen, 1100,2031,173,31
Auferstehung 742,2071,196,30
der 947,2070,45,24
einst 1002,2069,66,25
weitverbreite¬ 1077,2068,198,25
ten 742,2114,43,20
Kleinkraftwerke. 798,2107,237,32
<EOS>
Diese 709,2158,77,24
Prognose 808,2158,128,30
ist 958,2156,30,24
heute 1010,2156,76,24
nicht 1108,2155,71,24
mehr 1201,2155,74,23
vertretbar. 710,2195,149,25
<EOS>
Sie 875,2195,39,24
postuliert 930,2194,136,31
eine 1080,2193,58,24
Vermeh¬ 1151,2192,125,25
rung 710,2241,66,23
der 799,2234,44,23
mittleren 869,2232,130,24
Jahresproduktion 1023,2229,252,32
der 709,2272,44,23
Schweizer 777,2270,145,24
Wasserkraftwerke 946,2268,259,26
um 1229,2274,46,17
rund 710,2308,66,25
10%, 789,2308,61,29
und 860,2308,54,24
zwar 924,2315,67,16
schon 999,2307,83,24
bis 1091,2305,38,25
2005, 1139,2305,73,28
also 1222,2305,54,24
in 711,2345,25,25
den 751,2346,51,24
nächsten 817,2346,124,24
15 961,2345,25,23
Jahren. 1002,2344,103,24
<EOS>
Das 1123,2344,51,22
würde 1189,2343,87,23
gegenüber 710,2383,146,31
heute 887,2383,76,23
ein 994,2382,42,24
beschleunigtes 1069,2380,207,30
Wachstum 710,2421,151,23
voraussetzen, 884,2423,190,23
woran 1096,2426,89,17
wohl 1207,2417,70,25
niemand 712,2458,123,24
mehr 847,2458,73,24
glaubt. 929,2457,95,31
<EOS>
Die 712,2507,47,24
Praxis 774,2506,85,25
beweist 873,2505,102,25
allerdings, 988,2505,147,31
dass 1149,2504,57,25
eine 1218,2504,59,24
Erhöhung 712,2544,143,30
der 871,2543,46,25
Produktivität 935,2543,190,24
bestehen¬ 1143,2543,134,23
der 711,2582,45,24
Anlagen 781,2581,118,31
bis 925,2581,37,24
zu 987,2588,31,16
einem 1043,2580,86,24
gewissen 1153,2579,125,31
Grad 711,2620,73,24
durchaus 796,2620,130,23
möglich 939,2617,113,32
ist. 1065,2618,37,24
<EOS>
In 1116,2619,28,23
den 1157,2618,50,24
letz¬ 1219,2617,59,25
ten 711,2662,43,20
Jahren 764,2658,95,23
wurde 872,2657,87,24
eine 971,2656,58,24
Anzahl 1041,2656,102,24
von 1156,2663,50,16
älte¬ 1218,2655,60,24
ren 714,2703,44,16
Kraftwerken 770,2695,180,24
erneuert 961,2698,119,20
und 1091,2693,53,25
hinsicht¬ 1157,2692,122,24
lich 713,2732,50,25
des 793,2732,45,24
Wirkungsgrades 875,2731,225,32
verbessert. 1127,2731,150,23
<EOS>
<EOP>
Weitere 1311,1012,112,23
Erneuerungsarbeiten 1472,1008,302,31
sind 1821,1008,59,24
noch 1313,1049,69,25
im 1400,1047,36,25
Gang. 1454,1048,84,30
<EOS>
Diese 1557,1046,79,25
Erneuerung 1654,1046,170,30
ge¬ 1840,1053,40,23
schah 1314,1086,80,25
und 1427,1085,55,25
geschieht 1515,1085,132,30
hauptsächlich 1681,1083,199,31
durch 1315,1124,81,24
den 1412,1124,51,23
Ersatz 1480,1124,87,22
von 1584,1129,53,17
überholten 1652,1121,156,25
Ma¬ 1825,1121,55,23
schinen 1314,1162,108,23
- 1439,1175,13,3
gemeint 1468,1160,114,31
sind 1598,1159,57,25
Turbinen, 1670,1158,142,28
Ge¬ 1830,1157,50,25
neratoren 1315,1203,138,20
und 1490,1198,55,24
Transformatoren 1581,1196,247,25
- 1867,1210,13,2
<EOS>
<EOP>
durch 1315,1237,82,24
neuere. 1413,1243,103,17
<EOS>
Die 1532,1234,50,25
überholten 1597,1234,156,24
Maschi¬ 1769,1232,113,25
nen 1315,1282,52,16
weisen 1378,1273,95,25
ein 1485,1273,42,24
Alter 1539,1273,74,23
von 1625,1278,51,17
50 1689,1272,31,23
bis 1731,1271,38,24
60 1781,1271,32,24
Jah¬ 1823,1271,57,24
ren 1316,1319,45,16
auf, 1372,1311,53,28
stammen 1437,1315,130,20
also 1578,1310,54,24
aus 1643,1316,45,18
den 1699,1309,51,24
späteren 1761,1310,119,29
20er 1317,1350,59,23
und 1395,1349,54,23
30er 1468,1348,61,24
Jahren 1546,1348,97,24
und 1663,1347,53,24
damit 1736,1345,81,25
aus 1837,1353,44,16
einer 1316,1386,72,25
Zeit, 1409,1385,63,29
in 1496,1385,26,24
der 1545,1385,46,24
die 1612,1384,42,24
entsprechende 1676,1383,206,31
Technik 1315,1422,118,26
noch 1444,1423,68,24
nicht 1524,1422,72,25
voll 1607,1422,52,24
ausgereift 1671,1421,139,31
war. 1821,1428,59,16
<EOS>
Darum 1317,1462,100,24
bringt 1432,1461,86,30
ihr 1532,1460,40,23
Ersatz 1586,1461,87,22
durch 1687,1459,81,24
moder¬ 1783,1458,100,25
ne 1317,1507,32,16
Einheiten 1365,1498,139,24
eben 1518,1498,67,23
auch 1600,1497,66,24
eine 1681,1496,58,25
nennens¬ 1755,1503,129,17
werte 1316,1541,77,19
Verbesserung. 1405,1536,200,29
<EOS>
Es 1621,1535,31,23
darf 1665,1534,59,25
aber 1737,1534,60,24
nicht 1811,1532,70,25
damit 1317,1573,82,26
gerechnet 1411,1574,138,30
werden, 1562,1572,112,29
dass 1687,1571,58,25
sich 1758,1570,55,25
eine 1825,1571,59,24
solche 1317,1612,88,24
Aufwertung 1417,1611,173,30
auch 1601,1609,67,25
in 1680,1610,26,23
Zukunft 1718,1609,118,24
er¬ 1847,1616,37,16
zielen 1317,1649,83,24
lässt, 1414,1649,66,28
denn 1494,1649,71,24
schon 1577,1648,82,24
die 1672,1647,41,24
Maschinen 1726,1646,156,24
der 1317,1687,46,24
40er 1379,1687,62,23
und 1458,1687,55,23
dann 1531,1686,72,24
insbesondere 1621,1685,186,24
jene 1822,1684,62,31
der 1318,1725,45,23
50er 1382,1724,59,24
Jahre 1457,1725,77,23
weisen 1552,1723,96,25
Wirkungsgrade 1665,1721,219,31
auf, 1318,1762,52,29
die 1386,1760,41,26
sich 1443,1761,56,25
nur 1513,1768,50,17
wenig 1577,1760,84,30
oder 1676,1760,62,24
gar 1753,1766,44,23
nicht 1812,1759,72,23
übertreffen 1318,1799,162,26
lassen. 1490,1799,92,24
<EOS>
Wenn 1592,1798,85,24
sie 1687,1797,35,25
einmal 1732,1797,97,24
um 1839,1804,45,16
das 1319,1838,44,24
Jahr 1373,1836,62,26
2000 1445,1836,65,25
und 1521,1836,53,24
später 1585,1837,85,30
ersetzt 1680,1839,91,20
werden 1781,1834,104,24
müssen, 1320,1877,112,25
springt 1475,1874,98,31
produktionsmässig 1615,1871,271,33
kaum 1320,1914,79,23
etwas 1408,1917,77,19
heraus. 1495,1913,101,22
<EOS>
Im 1322,1979,38,23
Zuge 1372,1979,70,29
gewisser 1455,1977,120,30
Erneuerungen 1588,1977,204,29
konn¬ 1806,1975,82,23
te 1320,2019,24,21
und 1358,2015,53,24
kann 1427,2015,70,24
auch 1511,2014,67,24
die 1592,2013,41,25
Schluckfähigkeit 1649,2011,240,31
der 1320,2052,47,25
Anlagen 1379,2052,122,30
mit 1516,2051,47,24
neuen 1578,2057,87,18
Maschinen 1680,2048,157,25
er¬ 1852,2057,36,16
höht 1322,2090,65,24
werden. 1396,2090,111,23
<EOS>
Auch 1519,2089,76,23
das 1605,2089,44,23
bringt 1659,2087,86,31
insbeson¬ 1757,2087,132,24
dere 1321,2128,60,23
bei 1393,2127,41,24
den 1445,2127,51,24
älteren 1507,2126,100,25
und 1618,2126,53,24
darum 1683,2125,93,24
niedrig 1788,2123,102,30
ausgebauten 1321,2164,175,31
Wasserkraftwerken 1530,2162,279,26
der 1843,2162,46,23
Vorkriegszeit 1322,2199,190,32
eine 1546,2199,58,24
Produktionserhö¬ 1638,2196,252,26
hung. 1322,2239,79,30
<EOS>
Wenn 1412,2238,86,23
aber 1509,2236,62,25
einmal, 1581,2236,106,28
das 1698,2235,45,25
heisst 1754,2234,79,24
um 1843,2241,47,17
das 1322,2276,45,24
Jahr 1380,2276,62,24
2000 1456,2275,65,24
und 1536,2274,54,25
später, 1605,2275,93,29
die 1714,2272,41,24
von 1770,2279,52,17
An¬ 1837,2272,53,23
fang 1323,2314,62,30
an 1394,2321,33,15
höher 1438,2312,83,24
ausgebauten 1530,2311,176,31
Anlagen 1715,2310,121,30
der 1845,2309,46,24
Kriegs- 1324,2350,101,30
und 1447,2350,53,24
Nachkriegsjahre 1525,2348,237,31
erneue¬ 1785,2354,106,17
rungsbedürftig 1324,2387,212,32
werden, 1553,2387,111,27
ist 1685,2385,29,25
eine 1732,2384,58,25
ähnli¬ 1808,2383,83,25
che 1323,2426,49,24
Steigerung 1394,2425,154,31
nicht 1571,2424,72,24
mehr 1668,2423,75,24
möglich. 1768,2421,122,31
<EOS>
Ausserdem 1325,2463,158,25
ist 1494,2462,29,25
zu 1533,2470,32,16
bedenken, 1575,2461,146,28
dass 1731,2460,58,25
die 1798,2459,42,24
Er¬ 1851,2460,41,22
höhung 1326,2502,107,30
der 1466,2500,45,24
Schluckfähigkeit 1544,2496,242,33
eines 1820,2497,71,24
Kraftwerkes 1326,2538,176,25
grundsätzlich 1518,2536,195,31
eine 1730,2535,59,24
Ände¬ 1806,2530,86,28
rung 1328,2584,64,23
der 1415,2576,45,24
Konzession 1484,2574,162,24
bedingt. 1670,2573,113,31
<EOS>
Dabei 1809,2571,82,25
wird 1324,2615,64,24
bei 1402,2615,42,24
Umleitkraftwerken 1458,2614,279,25
unweiger¬ 1751,2613,140,30
lich 1324,2653,51,24
die 1389,2651,40,25
Restwasserfrage 1444,2652,229,29
aufgerollt 1686,2651,138,30
und 1836,2651,54,24
im 1326,2690,35,24
bereits 1375,2690,93,24
besprochenen 1481,2690,197,29
Sinne 1691,2688,80,26
so 1784,2697,28,16
gere¬ 1824,2696,69,23
gelt, 1323,2729,59,30
dass 1397,2728,58,25
eine 1470,2727,58,25
Produklionseinbusse 1544,2726,298,25
re- 1858,2732,35,20
<EOS>
<EOP>
657 1847,2795,46,25
<EOS>
<EOP>
