1960,2865
Kern 47,83,61,24
technologie 112,81,157,32
Schweizer 1109,81,139,26
Ingenieur 1255,83,130,30
und 1393,81,51,26
Architekt 1449,81,127,26
Nr. 1584,83,41,24
<EOS>
23, 1635,83,39,29
7. 1683,83,22,25
<EOS>
Juni 1715,84,56,24
1990 1781,84,59,24
scheinlichkeit 88,166,200,25
um 306,174,46,16
einen 370,166,78,25
Faktor 467,167,95,24
50 581,167,29,24
unterschieden. 89,203,208,24
<EOS>
c) 43,250,24,29
Amerikanische 88,250,218,24
Ergebnisse 329,250,154,30
für 505,251,42,22
die 569,250,41,24
<EOS>
<EOP>
Wahrscheinlichkeit 87,287,283,25
eines 414,287,70,25
Kern¬ 530,288,81,24
schmelzunfalles 89,325,229,25
ergäben 345,325,113,31
Grössen- 484,325,128,25
ordnungen 89,363,156,30
von 269,370,53,17
IO-3 350,358,49,28
bis 424,362,38,25
10"6 490,359,51,27
pro 565,370,46,23
Reaktorjahr. 90,400,182,31
<EOS>
Der 291,400,54,24
Wert 361,400,70,24
für 449,400,41,24
Beznau 508,401,103,23
betrage 89,439,103,29
1,7 205,439,35,28
• 255,450,5,6
10'3. 278,433,57,28
<EOS>
Zu 47,487,38,24
a: 100,494,26,17
Kernkraftwerke 138,487,231,24
erschweren 384,487,162,24
von 560,494,52,17
ihrer 46,524,69,25
Grundauslegung 141,524,240,31
her 406,524,46,24
Sabotage- 477,524,135,31
und 45,562,54,24
analoge 116,562,108,31
Eingriffe 241,561,128,31
[1], 386,562,38,29
zudem 442,562,95,24
sind 554,561,58,24
aufwendige 46,599,162,31
spezifische 246,599,154,31
Schutzmass¬ 437,599,175,24
nahmen 46,637,116,23
vorhanden. 175,637,162,23
<EOS>
Der 353,638,53,22
Risikobeitrag 421,636,191,30
durch 46,674,81,25
solche 140,675,87,24
Eingriffe 240,674,127,31
wird 380,674,63,24
deshalb 456,674,107,24
als 575,674,36,24
gering 45,711,89,32
eingeschätzt 147,712,175,31
(und 334,711,66,31
durch 413,712,83,24
die 509,711,41,25
bis¬ 563,711,49,25
herige 46,749,87,31
Erfahrung 143,750,148,30
bestätigt). 300,748,138,32
<EOS>
Zu 47,798,39,24
b: 106,798,26,24
Die 149,798,48,24
Unterschiede 217,798,189,24
betrafen 426,798,118,24
v.a. 562,805,48,17
<EOS>
die 45,836,41,23
Modellierung 116,836,195,30
des 339,836,45,23
menschlichen 412,836,199,23
Verhaltens 44,873,154,24
bei 213,873,42,24
dem 270,873,59,24
isoliert 346,873,98,24
untersuch¬ 460,873,151,24
ten 45,914,43,20
System. 102,911,105,30
<EOS>
Bei 224,910,43,24
der 281,910,45,24
Analyse 340,911,112,30
einer 467,910,71,25
gan¬ 551,918,60,23
zen 44,956,48,16
Reaktoranlage 107,947,207,31
kann 329,948,71,24
das 414,948,44,24
menschli¬ 473,947,138,25
che 44,986,47,23
Verhalten 104,986,142,23
dagegen 259,986,114,30
auf 386,986,46,23
eine 444,986,58,23
grösse¬ 515,987,96,29
re 45,1030,26,17
Erfahrungsbasis 88,1023,230,30
abgestützt 336,1023,142,30
werden; 495,1024,115,28
damit 45,1060,81,25
werden 141,1061,103,24
die 258,1060,42,25
Unterschiede 314,1060,190,25
in 519,1060,26,25
den 560,1061,50,24
Bewertungen 46,1099,186,30
automatisch 244,1098,173,24
kleiner 431,1098,100,24
- 544,1113,13,3
zu¬ 569,1107,41,15
dem 45,1135,59,24
heben 115,1135,85,25
sich 211,1135,54,24
Differenzen 276,1135,173,25
bei 460,1135,40,25
Einzel¬ 512,1135,98,25
systemen 45,1178,129,25
im 190,1173,35,23
Gesamtergebnis 242,1173,230,31
teilweise 488,1173,122,24
auf. 44,1211,52,23
<EOS>
Zu 47,1260,37,24
cDie 97,1259,80,25
Unterschiede 189,1259,189,25
in 389,1259,27,24
den 427,1260,51,24
ermittel¬ 489,1259,122,25
ten 44,1300,43,21
Wahrscheinlichkeiten 106,1297,316,24
reflektieren 443,1297,167,24
nicht 45,1334,71,24
nur 141,1342,50,16
«schwarze» 215,1334,164,24
und 406,1335,53,23
«weisse» 485,1334,124,24
Schafe, 44,1372,100,28
sondern 161,1372,114,24
auch 291,1372,67,24
unterschiedliche 373,1372,237,24
Bearbeitungstiefen 45,1409,268,31
[2] 328,1410,29,28
der 373,1410,44,23
Risikoanaly¬ 432,1409,178,31
sen. 44,1455,52,16
<EOS>
Der 127,1447,52,24
für 209,1447,42,24
Beznau 280,1448,104,23
zitierte 412,1447,99,24
Wert 540,1448,70,23
stammt 44,1489,106,19
von 175,1493,52,16
einer 254,1484,71,24
Voruntersuchung, 351,1485,257,30
die 44,1521,41,25
zum 102,1530,61,16
Ziel 179,1521,55,25
hatte, 252,1522,77,28
die 348,1521,41,25
Schwerpunkte 406,1522,204,30
für 44,1560,42,23
die 108,1559,40,24
Vertiefung 170,1560,153,30
der 345,1560,45,23
Risikoanalyse 413,1560,197,30
festzulegen. 44,1597,166,30
<EOS>
Der 222,1598,53,23
Wert 284,1598,70,23
ist 365,1597,30,24
seither 405,1597,95,24
kleiner 510,1597,100,24
geworden, 43,1635,145,30
wozu 217,1643,73,16
natürlich 318,1634,130,25
auch 475,1635,66,24
die 569,1635,41,24
Nachrüstmassnahmen 44,1672,319,24
beitragen. 373,1672,140,31
<EOS>
Auswirkungen 45,1789,239,32
von 295,1797,58,17
Kernschmelz¬ 365,1788,224,26
unfällen 47,1826,134,27
Die 44,1883,48,24
Darlegungen 113,1883,184,30
von 318,1891,51,16
R. 391,1884,28,23
<EOS>
Bühler 441,1883,96,24
ver¬ 556,1891,54,16
schleiern 43,1920,128,25
den 205,1920,50,25
Zusammenhang 289,1921,231,30
zwi¬ 552,1920,58,24
schen 43,1958,79,24
den 140,1958,50,24
oben 207,1958,69,24
zitierten 293,1957,118,25
Wahrschein¬ 428,1957,182,25
lichkeiten 44,1996,141,23
für 202,1996,42,23
ein 257,1996,44,23
Kernschmelzen 317,1996,223,23
und 556,1996,54,23
dem 44,2034,59,23
Spektrum 113,2034,139,30
von 262,2041,51,16
Auswirkungen 323,2033,210,31
: 542,2040,2,17
In 44,2083,30,24
Wirklichkeit 102,2082,182,25
haben 315,2082,85,25
die 430,2082,41,25
meisten 500,2082,110,25
Kernschmelzunfälle 46,2120,289,24
keine 353,2120,76,24
merklichen 447,2120,163,24
Auswirkungen 45,2157,209,31
nach 280,2158,65,23
aussen 371,2165,92,16
(Beispiel 488,2157,122,31
Three 42,2195,83,23
Mile 140,2195,64,23
Island 218,2195,86,24
1979). 322,2195,79,29
<EOS>
Nur 416,2195,56,23
in 485,2195,26,23
einem 524,2195,86,23
sehr 44,2233,58,23
kleinen 115,2232,105,24
Prozentsatz 234,2233,164,23
der 410,2233,45,23
Fälle 467,2232,69,24
wur¬ 548,2239,63,17
den 44,2270,50,24
z.B. 107,2270,50,23
<EOS>
in 174,2269,25,24
der 213,2270,44,24
Phase 271,2270,81,24
A 365,2270,24,23
der 401,2270,45,24
Deutschen 460,2270,150,24
Risikostudie 45,2307,176,24
[3] 232,2307,30,30
grosse 273,2315,86,23
Aktivitätsfreiset¬ 370,2307,241,24
zungen 44,2352,101,23
errechnet, 163,2344,143,29
die 324,2344,42,25
bei 383,2344,41,25
Zusammen¬ 441,2345,170,24
treffen 43,2381,95,24
mit 152,2380,47,25
einer 211,2380,72,25
ungünstigen 295,2380,174,31
Wettersi¬ 482,2380,128,25
tuation 43,2418,101,25
zu 153,2427,32,15
einem 195,2418,85,24
Horrorszenarium 293,2418,249,25
füh¬ 554,2418,57,24
ren 44,2464,44,16
könnten. 100,2456,124,24
<EOS>
Trotzdem 42,2505,139,24
hat 196,2504,44,25
man 253,2512,62,17
sich 329,2504,54,25
in 398,2504,25,24
der 438,2504,45,25
Phase 497,2504,80,24
B 593,2504,17,23
der 42,2543,46,23
Deutschen 103,2543,150,23
Risikostudie 271,2542,176,24
[4] 463,2543,30,28
auf 509,2542,46,23
die 568,2541,42,24
Frage 44,2581,78,29
konzentriert, 135,2580,185,28
wie 334,2580,47,24
man 395,2587,60,17
Schadens- 468,2580,142,24
zustände 42,2618,125,24
und 189,2618,53,24
Kernschmelzen 265,2617,222,25
vermei¬ 512,2618,100,23
den 45,2654,47,26
kann 106,2656,70,24
(Stichworte: 191,2655,173,29
Accident 378,2654,127,25
Mana¬ 520,2655,90,23
gement, 42,2697,112,27
spezielle 183,2693,120,31
Nachrüstungsmass- 332,2692,278,31
nahmen). 44,2731,135,29
<EOS>
<EOP>
Demgegenüber 658,167,217,30
unterblieb 892,166,149,25
eine 1059,166,58,24
detail¬ 1135,165,88,25
lierte 658,205,72,24
Untersuchung 756,205,204,30
des 986,205,44,24
Überganges 1056,200,167,35
von 658,250,51,16
Schadenszuständen 749,242,279,25
zu 1069,251,32,16
Kern¬ 1142,243,81,23
schmelzen 657,280,149,24
und 817,280,54,24
Freisetzungen; 882,279,213,32
die 1105,279,41,25
Frei¬ 1157,279,66,25
setzungen 657,322,142,26
sind 809,318,59,24
deshalb 879,318,108,23
«lediglich 1000,318,139,30
abge¬ 1153,317,74,31
schätzt»^]. 660,354,159,30
<EOS>
R. 658,404,29,23
<EOS>
Bühler 703,404,96,24
irrt, 812,404,52,28
wenn 879,411,76,17
er 969,411,26,17
schreibt, 1008,404,120,28
die 1143,403,41,25
in 1197,404,26,24
[4] 658,441,29,30
für 700,441,42,24
sehr 753,441,59,25
schwere 823,441,113,25
Kernschmelzunfäl¬ 948,441,276,24
le 658,479,22,24
ermittelte 704,478,138,25
Menge 867,479,96,31
an 986,487,33,16
freigesetzten 1044,478,179,32
langlebigen 658,516,163,31
Spaltprodukten 838,516,221,31
sei 1075,516,37,25
«unge¬ 1129,524,95,23
fähr 658,554,58,23
eine 738,554,58,24
Grössenordnung 820,554,240,31
höher 1082,555,83,23
als 1188,555,35,23
der 657,592,45,24
1979 718,592,61,24
[3] 792,592,31,29
veröffentlichte 837,591,212,25
Wert». 1062,593,96,23
<EOS>
Für 1173,592,50,24
das 657,629,44,24
massgebliche 736,629,187,31
langlebige 958,629,144,31
Isotop 1137,630,86,30
Cs-137 657,666,93,25
findet 772,666,84,25
man 877,675,62,16
1979 964,667,60,24
den 1046,667,50,24
Freiset¬ 1118,667,106,24
zungsanteil 656,704,163,31
0,5 831,704,39,29
und 882,705,54,24
1989 952,704,61,24
die 1024,704,42,25
Schätzung 1077,704,147,32
0,5-0,9 656,742,99,28
<EOS>
.(beides 798,742,105,29
<EOS>
ist 924,742,29,24
natürlich 974,742,129,24
viel 1123,743,50,23
zu 1191,750,32,16
viel!). 656,779,80,30
<EOS>
R. 655,828,30,23
<EOS>
Bühler 710,828,98,24
übersieht 830,828,133,24
auch 986,828,66,24
grosszügig 1075,828,148,31
den 655,864,51,25
Satz 723,865,58,24
in 798,864,27,24
[4]: 842,865,40,30
«Selbst 900,865,101,24
wenn 1018,873,76,16
unreali¬ 1113,865,110,24
stisch 654,902,79,24
angenommen 757,910,195,23
würde, 976,903,95,28
dass 1096,903,58,24
der 1178,903,45,24
Sicherheitsbehälter 654,939,278,25
(Containment) 944,940,213,30
kei¬ 1171,940,52,24
nerlei 655,977,82,24
Rückhaltefunktionen 751,977,309,25
besitzt, 1074,977,98,30
er¬ 1186,986,37,16
gäbe 654,1014,64,31
sich 729,1014,55,24
in 795,1014,26,23
Phase 833,1014,81,24
B 925,1014,18,23
(nur) 953,1013,72,31
etwa 1036,1018,65,20
die 1111,1013,40,25
glei¬ 1162,1013,60,31
che 655,1052,48,23
Häufigkeit 724,1051,153,31
für 897,1052,44,23
massive 961,1051,111,24
Spaltpro¬ 1093,1052,129,29
duktfreisetzungen» 655,1089,277,30
wie 958,1089,48,24
in 1032,1088,26,25
Phase 1085,1089,80,24
A. 1190,1090,30,22
<EOS>
Amerikanische 655,1126,219,25
Risikoanalysen 894,1126,218,31
zeigen 1132,1126,89,31
zudem, 656,1164,101,28
dass 774,1164,57,24
eine 848,1163,57,25
Ermittlung 921,1163,159,32
der 1095,1164,45,24
Frei¬ 1156,1163,67,25
setzungen 655,1206,142,26
nach 810,1201,67,24
dem 890,1201,59,24
heutigen 963,1201,122,31
Stand 1098,1201,80,24
zu 1190,1209,32,16
viel 656,1239,50,24
kleineren 720,1239,135,24
Werten 867,1240,105,22
führt. 986,1239,79,23
<EOS>
Insgesamt 1080,1240,142,29
besteht 656,1276,101,24
also 770,1277,55,23
kein 842,1276,57,24
Grund 913,1276,95,24
zu 1021,1284,32,16
R. 1068,1277,29,23
<EOS>
Bühlers 1113,1276,109,24
Argwohn, 656,1314,141,31
die 814,1313,40,25
zitierten 870,1313,119,25
Risikoanalysen 1005,1313,217,32
würden 656,1351,107,25
das 779,1351,44,25
Risiko 840,1351,90,25
unterschätzen 950,1350,191,26
- 1156,1366,13,3
im 1186,1351,35,24
Gegenteil! 657,1389,147,31
<EOS>
Noch 656,1438,76,24
eine 749,1438,58,23
Bemerkung 825,1438,166,30
zur 1008,1445,46,16
Deutschen 1072,1438,150,23
Risikonanalyse 656,1475,218,30
bzw. 884,1475,63,24
<EOS>
zu 958,1483,33,16
der 1001,1475,45,24
«Effizienz» 1057,1475,164,24
der 656,1513,45,24
Konsensfindung: 713,1512,245,31
Die 970,1512,49,25
Phase 1032,1513,81,24
A 1124,1512,25,24
wur¬ 1158,1520,65,17
de 656,1550,31,24
von 704,1558,51,16
1976 774,1550,62,24
bis 851,1550,39,24
1979 909,1550,61,24
abgewickelt; 986,1550,180,31
für 1181,1550,42,24
die 656,1588,41,24
Phase 708,1588,81,24
B 801,1588,18,23
sah 830,1588,45,24
man 886,1596,62,16
vor 958,1595,47,16
[3]: 1015,1588,41,29
«möglichst 1067,1588,156,30
breite 656,1625,81,24
Mitarbeit 754,1625,134,24
verschiedener 905,1625,200,24
qualifi¬ 1121,1625,102,31
zierter 655,1663,93,24
Gruppen, 764,1663,135,30
auch 916,1663,66,24
solcher, 997,1663,109,28
die 1123,1663,40,24
der 1179,1663,44,24
Kernenergie 657,1700,177,31
skeptisch 856,1700,131,31
gegenüber 1008,1700,148,31
ste¬ 1177,1704,46,21
hen». 657,1737,78,25
<EOS>
Die 754,1737,49,25
Phase 823,1738,80,24
B 922,1738,18,24
dauerte 958,1738,106,24
dann 1082,1738,71,24
von 1172,1746,51,16
1981 660,1775,57,24
bis 732,1775,38,24
1990, 786,1775,68,29
und 868,1775,54,24
erst 933,1780,50,20
noch 996,1775,68,25
ohne 1075,1775,70,25
Frei¬ 1157,1775,66,25
setzungswerte 656,1817,199,26
nach 940,1814,66,22
heutigem 1091,1813,132,30
Stand.... 656,1851,141,24
<EOS>
<EOP>
RBMK-(Tschernobyl-)Reaktoren 657,1999,524,32
im 658,2038,37,24
Vergleich 705,2036,154,33
mit 870,2038,52,24
schweizerischen 931,2036,264,26
Kernkraftwerken 659,2073,285,27
R. 658,2156,29,22
<EOS>
Bühler 709,2155,95,23
behauptet, 824,2155,148,29
die 993,2154,41,24
viel 1053,2154,50,24
bessere 1124,2154,99,24
Einschätzung 660,2192,191,30
der 876,2192,46,24
Sicherheit 947,2191,144,25
unserer 1118,2199,106,16
Leichtwasserreaktoren 660,2229,323,25
gegenüber 1005,2229,147,31
den 1174,2228,49,24
Tschernobyl-Reaktoren 656,2267,339,31
beruhe 1009,2267,97,24
nur 1119,2274,49,16
auf 1179,2267,46,23
«subjektiver, 660,2305,184,30
zahlenmässig 857,2304,192,31
nicht 1060,2304,70,24
beleg¬ 1143,2304,82,30
ter 658,2347,37,19
Beurteilung». 706,2342,192,31
<EOS>
Geht 659,2392,71,24
man 748,2399,60,17
von 826,2399,51,17
den 893,2391,51,25
Geburtsgebrechen 962,2390,262,31
der 658,2429,45,25
Fehlkonstruktion 714,2428,251,25
RBMK 977,2429,102,23
aus, 1089,2436,52,20
näm¬ 1155,2430,70,22
lich 660,2466,50,25
dem 721,2466,60,24
bei 792,2466,41,25
kleineren 845,2466,134,24
Leistungen 992,2465,156,31
posi¬ 1160,2465,66,31
tiven 658,2504,70,24
Leistungskoeffizienten 757,2504,325,30
(«super¬ 1109,2504,116,29
jähzorniger 655,2542,169,30
Charakter») 840,2541,176,29
und 1032,2541,53,24
dem 1102,2541,60,24
un¬ 1179,2548,46,17
genügenden, 657,2579,180,31
zum 852,2587,60,16
Teil 925,2579,55,24
kontraprodukli- 996,2578,228,31
ven 658,2625,49,16
Schnellabschaltsystem, 719,2617,327,31
so 1060,2624,28,17
brauchte 1101,2616,123,24
es 658,2663,24,16
ausserordentliche 712,2654,252,25
Merkmale, 995,2653,154,28
um 1179,2661,44,16
eine 658,2692,57,24
Gesamtbeurteilung 745,2692,277,30
«genügend» 1052,2692,171,30
zu 657,2737,31,17
ermöglichen. 701,2729,186,31
<EOS>
Leider 903,2729,91,24
muss 1007,2737,70,16
man 1091,2737,60,16
aber 1163,2730,61,23
<EOS>
<EOP>
viele 1268,167,66,24
weitere 1347,167,103,24
Mängel 1464,168,107,29
und 1584,167,54,24
Verstösse 1651,168,132,23
ge¬ 1796,174,39,24
gen 1267,213,50,22
anerkannte 1334,205,162,24
Sicherheitsregeln 1513,204,247,31
fest¬ 1777,205,59,24
stellen, 1268,243,99,28
so 1379,251,27,16
dass 1417,243,57,24
R. 1487,243,28,23
<EOS>
Bühler 1528,243,96,24
wohl 1634,243,69,24
der 1714,243,45,24
erste 1769,247,65,20
wäre, 1268,282,74,27
der 1353,280,45,24
dem 1407,280,59,24
RBMK 1477,280,102,24
eine 1589,280,58,24
bessere 1657,280,101,24
Note 1767,281,67,23
als 1269,318,37,24
«völlig 1324,318,97,31
ungenügend» 1438,318,194,31
(Stand 1649,318,92,29
1986) 1762,318,73,29
gibt! 1269,356,63,30
<EOS>
R. 1270,405,29,23
<EOS>
Bühler 1314,405,96,23
führt 1423,405,71,23
an, 1507,411,41,22
die 1562,404,41,24
Leistungsdichte 1619,404,219,30
im 1270,442,35,24
RBMK 1320,442,101,24
sei 1433,442,36,24
etwa 1483,446,63,20
20mal 1559,442,86,24
tiefer 1662,441,75,31
als 1745,442,36,24
bei 1794,442,41,24
unseren 1270,487,112,17
Druckwasserreaktoren. 1415,480,333,24
<EOS>
Das 1782,480,53,24
trifft 1269,516,67,25
etwa 1350,522,65,19
zu 1429,525,32,16
(ich 1476,516,52,31
rechne 1543,517,96,24
gut 1653,522,44,26
4 1710,518,16,23
kW/1), 1740,517,93,30
wenn 1270,562,75,17
man 1360,562,62,17
den 1436,555,51,24
gesamten 1500,560,133,26
RBMK-Kern 1649,555,186,24
berücksichtigt. 1269,592,209,31
<EOS>
Für 1517,593,50,23
die 1603,593,40,23
Aufheizge¬ 1679,593,156,30
schwindigkeit 1269,630,198,30
der 1481,630,44,24
Brennelemente 1538,631,218,23
(und 1770,630,65,30
der 1269,668,45,24
Hüllen!) 1334,667,118,30
<EOS>
bei 1471,667,42,25
den 1531,667,51,25
interessierenden 1601,667,234,25
schnellen 1270,705,134,24
Transienten 1416,705,172,24
spielen 1601,704,99,31
aber 1713,705,61,24
nur 1786,713,50,16
die 1269,743,42,24
RBMK-Druckrohre 1323,743,285,24
(die 1621,743,52,29
die 1686,743,40,23
Brenn¬ 1741,743,95,23
elemente 1269,781,129,23
enthalten) 1407,781,147,29
eine 1564,780,57,24
Rolle. 1632,781,82,23
<EOS>
Berücksichtigt 1269,829,206,30
man 1487,837,62,16
nur 1561,837,50,16
diese, 1622,829,76,28
dann 1712,829,71,24
be¬ 1795,830,41,23
kommt 1269,867,102,23
man 1385,874,62,17
rund 1461,866,67,25
55 1543,867,29,23
kW/1 1588,866,73,24
- 1676,881,14,3
also 1703,866,54,24
etwa 1771,870,65,20
so 1268,911,27,16
viel, 1308,903,58,29
wie 1379,903,47,24
bei 1438,903,41,24
einem 1491,903,87,24
westlichen 1589,903,151,24
Siede¬ 1752,903,84,24
wasserreaktor. 1268,941,205,24
<EOS>
Die 1500,941,50,23
höchst 1576,941,91,23
belasteten 1692,941,143,23
Druckrohre 1269,979,169,23
weisen 1454,978,95,24
etwa 1565,983,64,19
85 1645,979,29,23
kW/1 1692,979,74,23
auf, 1781,978,53,29
liegen 1269,1016,83,30
also 1363,1016,53,24
nahe 1428,1016,67,24
bei 1506,1015,42,25
einer 1558,1015,72,25
Druckwasser¬ 1641,1016,194,24
reaktor-Leitungsdichte! 1268,1051,336,31
<EOS>
Dass 1629,1052,65,22
schliess¬ 1719,1051,115,23
lich 1268,1089,51,24
der 1346,1089,45,24
Tschernobyl-Reaktor 1415,1089,305,30
wegen 1746,1096,87,22
eines 1268,1126,71,25
sich 1356,1126,55,25
innert 1430,1126,87,24
Sekunden 1537,1125,138,25
abspielen¬ 1692,1125,143,31
den 1268,1164,50,24
Reaktivitätsunfalls 1333,1163,271,25
zerstört 1617,1164,108,23
wurde, 1737,1163,96,28
und 1268,1201,53,24
nicht 1334,1201,71,24
wegen 1416,1209,88,23
eines 1515,1201,71,24
Kernschmelzens 1598,1201,237,24
(Massstab: 1268,1239,151,29
Stunden), 1438,1239,136,29
sollte 1594,1239,75,23
R. 1688,1239,29,23
<EOS>
Bühler 1738,1239,98,23
doch 1268,1277,68,23
endlich 1345,1276,105,24
zur 1460,1284,46,16
Kenntnis 1516,1276,131,24
nehmen 1657,1276,116,24
<EOS>
<EOP>
(einfache 1268,1314,132,30
Erläuterungen 1411,1314,205,30
gibt 1626,1313,53,31
[5]). 1687,1312,50,31
<EOS>
R. 1270,1363,28,23
<EOS>
Bühler 1312,1362,97,25
behauptet 1421,1362,141,31
dann, 1574,1362,78,29
dass 1665,1362,58,24
sowohl 1736,1362,99,24
beim 1268,1400,71,24
RBMK 1354,1400,102,24
wie 1470,1400,47,24
bei 1532,1400,42,24
westlichen 1588,1400,150,24
Reak¬ 1753,1400,83,23
toren 1268,1442,75,20
das 1355,1438,45,23
Containment 1412,1437,189,24
(soweit 1613,1437,100,30
vorhan¬ 1725,1437,111,24
den) 1269,1475,62,30
eine 1345,1475,58,24
radioaktive 1417,1475,161,24
Verseuchung 1591,1475,187,30
der 1791,1474,45,24
Umgebung 1271,1513,156,30
nicht 1455,1513,71,24
verhindern 1552,1512,159,25
könne. 1739,1512,95,24
<EOS>
Dass 1270,1551,65,23
das 1349,1550,45,25
Containment 1407,1550,190,25
von 1610,1557,52,17
Three 1673,1549,85,24
Mile 1771,1549,65,24
Island 1271,1588,86,24
trotz 1383,1593,65,19
weitgehend 1474,1588,163,30
geschmolze¬ 1662,1588,174,30
nem 1270,1633,62,17
Kern 1359,1626,71,23
die 1458,1626,41,23
Umgebung 1527,1626,158,29
schützen 1712,1625,124,23
konnte, 1271,1664,106,28
war 1390,1670,52,17
kein 1454,1663,60,24
Zufall 1526,1663,86,24
- 1626,1677,12,3
werden 1650,1663,104,24
west¬ 1767,1666,70,20
liche 1271,1700,67,25
Containments 1353,1700,201,25
doch 1569,1700,68,24
auf 1651,1700,47,24
die 1710,1699,41,25
Bela¬ 1767,1700,69,24
stungen 1270,1742,111,27
bei 1395,1737,41,25
einem 1450,1737,88,25
Bruch 1552,1738,85,24
einer 1652,1737,72,25
Haupt¬ 1739,1737,97,30
leitung 1271,1775,98,31
(rund 1383,1775,79,30
500-800 1478,1775,115,24
mm 1610,1783,54,15
Durchmes- 1680,1775,156,23
<EOS>
<EOP>
Literatur 1293,1908,126,22
[1] 1291,1954,28,26
Fuchs 1339,1953,71,22
H.: 1424,1954,39,20
<EOS>
Zur 1475,1954,45,20
Bedeutung 1534,1954,135,26
des 1682,1954,39,20
Schut¬ 1735,1953,79,21
<EOS>
<EOP>
zes 1336,1994,36,14
gegen 1384,1994,71,20
Sabotage 1468,1987,111,27
innerhalb 1593,1987,122,21
des 1728,1987,39,21
ge¬ 1779,1994,35,20
nerellen 1338,2021,101,21
Schutzkonzeptes 1455,2021,211,26
von 1681,2028,46,14
Kern¬ 1742,2021,72,21
kraftwerken: 1337,2055,166,22
Bulletin 1543,2054,100,22
SEV/VSE. 1683,2055,130,23
<EOS>
Band 1338,2089,63,21
70 1410,2088,27,21
(1979). 1445,2088,85,27
<EOS>
Nr. 1539,2089,40,20
<EOS>
1. 1592,2089,16,22
<EOS>
Seiten 1617,2088,76,21
17-20 1706,2089,69,20
[2] 1292,2123,27,26
Fuchs 1339,2122,71,21
H.. 1423,2123,37,22
<EOS>
Mite 1476,2123,57,20
ff 1532,2121,29,28
L.: 1572,2123,34,20
<EOS>
PRA 1618,2122,60,21
- 1692,2135,11,3
to 1717,2126,22,17
what 1753,2122,60,21
depth? 1336,2156,86,27
<EOS>
(The 1438,2156,57,26
«bed 1514,2156,58,21
of 1590,2156,25,21
nails» 1632,2156,74,21
effect); 1725,2156,89,25
Fifth 1337,2189,62,22
International 1411,2189,167,22
Meeting 1590,2189,104,28
on 1704,2196,31,15
Ther¬ 1745,2190,69,21
mal 1337,2223,46,22
Nuclear 1394,2224,100,21
Reactor 1505,2224,98,21
Safety. 1614,2223,83,27
<EOS>
Karlsru¬ 1709,2224,105,21
he. 1337,2258,34,21
<EOS>
September 1397,2258,135,27
9-13. 1556,2258,65,21
<EOS>
1984. 1651,2258,59,21
<EOS>
Seiten 1737,2257,76,22
1919-1925 1339,2292,122,21
[3] 1291,2326,27,26
Deutsche 1338,2326,115,21
Risikostudie 1465,2326,156,21
Kernkraftwer¬ 1632,2326,182,22
<EOS>
<EOP>
ke. 1337,2360,34,23
<EOS>
Verlag 1395,2360,82,27
TÜV 1499,2355,62,26
Rheinland. 1587,2360,139,23
<EOS>
Köln 1753,2361,61,21
1979 1339,2394,55,21
[4] 1291,2427,27,26
Gesellschaft 1337,2427,155,22
für 1517,2427,37,22
Reaktorsicherheit. 1579,2427,234,22
<EOS>
<EOP>
Köln: 1337,2461,71,21
Deutsche 1428,2461,116,21
Risikostudie 1565,2460,157,22
Kern¬ 1743,2461,71,21
kraftwerke, 1337,2494,145,24
Phase 1505,2495,72,20
B. 1600,2495,23,22
<EOS>
Kurzfassung. 1647,2494,166,27
<EOS>
Juni 1334,2527,54,22
1989 1400,2528,55,21
[5] 1290,2562,27,26
Fuchs 1338,2561,71,22
H.:Sicherheit 1419,2561,173,22
<EOS>
von 1604,2569,44,14
Kernreakto¬ 1660,2561,154,22
<EOS>
<EOP>
ren 1335,2602,39,15
zur 1395,2602,41,15
Energieerzeugung 1457,2595,230,28
- 1706,2609,12,2
Rück¬ 1740,2595,74,21
blick 1336,2630,61,21
und 1408,2630,46,21
Ausblick. 1466,2629,118,23
<EOS>
«Schweizer 1598,2629,143,22
Inge¬ 1752,2630,62,26
nieur 1337,2663,65,21
und 1419,2664,46,20
Architekt 1483,2663,119,21
- 1620,2676,12,2
SIA» 1648,2664,62,20
(1989). 1728,2663,84,25
<EOS>
Nr. 1336,2697,39,21
<EOS>
23. 1385,2697,33,22
<EOS>
Seiten 1428,2697,76,21
612-617 1513,2697,102,21
<EOS>
<EOP>
662 41,2799,46,23
<EOS>
<EOP>
