1960,2865
SIA 90,97,43,25
-M 137,97,37,25
itteilungen 178,97,143,32
Schweizer 1153,94,138,25
Ingenieur 1298,96,130,30
und 1436,94,51,25
Architekt 1493,92,127,27
Nr. 1627,94,42,25
<EOS>
23, 1678,93,39,30
7. 1726,94,23,24
<EOS>
Juni 1759,93,56,25
1990 1825,93,60,24
<EOS>
<EOP>
Sia 115,192,217,119
Schweizerischer 362,202,274,27
Ingenieur- 649,201,167,33
und 830,199,58,26
Architekten-Verein 900,196,317,29
<EOS>
<EOP>
Société 362,240,123,28
suisse 497,240,101,26
des 610,239,55,26
ingénieurs 677,237,173,34
et 862,240,29,22
des 902,236,56,26
architectes 969,235,183,27
Società 363,278,121,27
svizzera 497,278,128,26
degli 638,274,77,35
ingegneri 729,274,153,34
e 894,281,17,19
degli 923,273,77,33
architetti 1013,272,145,27
Wie 85,356,72,28
weiter 166,356,118,28
mit 294,356,57,26
der 361,354,61,29
SIA-Wett- 433,355,185,27
bewerbsordnung 86,395,314,36
152 416,395,64,28
für 489,395,55,27
die 553,395,56,27
Architekten? 84,437,234,29
<EOS>
Das 86,496,47,20
Vernehmlassungsverfahren 152,494,353,28
zum 525,500,54,15
Ent¬ 600,494,52,21
wurf 86,528,60,22
für 177,529,37,21
eine 246,528,51,21
neue 330,535,59,14
Architekten-Wett¬ 421,527,232,22
bewerbsordnung 86,562,212,27
ist 319,562,26,21
abgeschlossen. 366,561,183,28
<EOS>
Leider 572,561,81,22
lässt 86,597,53,21
sich 153,596,49,22
aber 216,596,55,21
aufgrund 284,596,116,27
der 415,597,40,20
sehr 468,595,54,22
zahlreich 535,594,118,22
eingegangenen 86,631,188,27
Meinungsäusserungen 287,630,285,27
keine 585,629,67,21
klare 86,665,63,21
Schlussfolgerung 168,664,216,27
ziehen. 401,662,90,23
<EOS>
Die 511,662,44,22
Einga¬ 573,663,80,27
ben, 85,699,51,24
die 151,698,37,22
aus 202,704,39,16
praktisch 255,697,118,28
allen 386,697,61,22
am 461,704,37,14
Baugesche¬ 512,697,140,27
hen 86,732,46,22
interessierten 151,732,172,22
Kreisen 341,732,98,21
stammen, 458,736,123,17
sind 600,731,53,21
kontrovers. 87,766,143,21
<EOS>
Ablehnung 254,765,143,27
und 419,765,48,22
Zustimmung 489,765,165,27
halten 87,800,78,20
sich 179,799,48,21
ziemlich 241,799,108,21
genau 362,805,75,21
die 451,798,36,22
Waage, 500,798,91,27
und 605,798,48,21
dies 86,833,48,21
auch 144,833,59,21
innerhalb 213,832,123,21
der 345,832,41,21
einzelnen 395,831,122,22
Vernehm- 527,831,127,22
lassergruppen. 87,867,182,26
<EOS>
So 279,866,29,21
findet 318,866,73,20
man 401,872,55,14
bei 466,865,34,21
den 511,865,44,21
institu¬ 566,864,88,22
tionellen 86,900,112,21
Bauherrschaften 207,899,211,21
sowohl 427,899,87,21
solche, 522,898,85,25
die 617,898,36,21
mit 86,933,42,22
den 147,934,45,20
neuen 212,940,76,14
Regelungen 307,933,150,26
«leben 478,932,83,21
könn¬ 581,932,73,21
ten», 85,971,63,21
als 158,967,33,21
auch 201,967,60,21
solche, 270,967,85,24
bei 366,966,37,21
denen 412,967,77,20
der 499,966,40,21
Entwurf 549,965,105,22
total 85,1000,56,22
oder 158,1001,56,21
teilweise 230,1000,109,22
auf 356,1000,41,21
strikte 412,999,81,22
Ablehnung 511,999,143,27
stösst. 86,1035,74,21
<EOS>
Das 178,1034,46,21
gleiche 241,1033,88,28
Bild 347,1033,50,21
zeigt 414,1032,58,27
sich 489,1032,49,21
bei 554,1031,38,22
den 607,1032,46,20
SIA-Mitgliedern. 86,1067,215,28
<EOS>
Obwohl 314,1066,100,22
sich 426,1066,48,21
die 485,1065,37,22
Romands 533,1065,120,22
im 87,1102,32,21
grossen 130,1107,94,21
und 235,1101,47,21
ganzen 294,1107,89,21
ablehnend 394,1100,133,21
geäussert 538,1101,115,26
haben, 88,1135,82,25
gibt 186,1135,48,27
es 249,1141,23,15
auch 287,1134,60,22
hier 362,1134,50,21
Befürworter, 428,1134,160,24
und 606,1133,47,21
das 87,1169,40,21
gleiche 151,1168,88,27
Resultat 264,1168,103,22
zeigt 393,1167,57,28
sich 475,1167,49,22
bei 549,1167,35,21
den 610,1167,44,21
Deutschschweizern. 88,1201,252,22
<EOS>
Gewissermassen 378,1201,208,22
als 621,1201,33,21
dritter 87,1236,81,21
Weg 175,1236,56,27
zwischen 240,1235,114,21
Resignation 364,1234,151,28
und 524,1234,48,22
Total¬ 580,1234,74,22
revision 87,1269,101,22
wird 199,1269,56,21
angeregt, 266,1273,113,23
es 391,1276,23,14
bei 426,1268,35,21
einer 472,1268,65,21
Teilrevi¬ 545,1267,109,22
sion 86,1303,53,22
jener 157,1303,68,28
Artikel, 245,1302,98,26
die 365,1302,37,22
nach 423,1302,60,21
allgemeiner 504,1301,150,28
Meinung 88,1337,115,27
einer 221,1337,63,21
Überholung 302,1332,155,31
bedürfen 475,1336,113,21
und 606,1335,48,22
bei 89,1371,35,22
denen 135,1372,75,20
ein 221,1371,36,21
Konsens 269,1371,107,21
auch 386,1370,59,21
möglich 457,1369,101,28
zu 567,1376,28,14
sein 606,1369,48,21
scheint, 88,1405,96,25
bewenden 202,1405,127,21
zu 347,1411,28,14
lassen. 393,1404,81,21
<EOS>
Neben 493,1403,81,22
einer 592,1403,63,21
Aktualisierung 88,1438,191,27
der 295,1438,40,21
Ansätze 351,1438,101,21
für 470,1438,36,21
die 523,1437,37,21
auszu¬ 576,1444,79,14
richtenden 90,1472,136,22
Preisgelder 235,1472,140,27
sind 384,1471,50,22
dies 444,1471,47,22
einige 500,1471,75,27
recht¬ 584,1471,72,21
lich/formelle 90,1505,168,22
Bestimmungen 282,1505,191,27
und 495,1505,49,21
sodann 566,1505,88,21
gewisse 88,1539,93,27
Definitionen 203,1538,164,22
und 389,1538,48,22
Aufgabenberei¬ 458,1538,197,27
che, 88,1573,50,25
die 146,1573,37,21
einer 191,1572,65,22
Präzisierung 263,1572,161,27
bedürfen. 431,1572,121,21
<EOS>
In 91,1619,24,20
diese 126,1618,62,21
Richtung 199,1617,117,28
zielten 325,1617,84,21
denn 420,1618,63,20
auch 493,1617,59,21
die 563,1616,36,22
An¬ 610,1617,46,20
träge 90,1654,61,24
der 175,1652,41,21
Revisionskommission 240,1650,280,22
und 544,1650,48,21
der 616,1650,40,21
Zentralen 90,1686,123,21
Kommission 246,1685,162,21
für 441,1685,37,20
Ordnungen 511,1684,144,27
(ZOK), 90,1719,90,27
die 198,1719,37,21
dem 251,1719,53,21
Central 322,1719,94,21
Comité 433,1718,92,22
vorschla¬ 542,1718,115,21
gen, 89,1760,50,21
auf 157,1753,40,21
eine 212,1753,51,22
Totalrevision 278,1752,169,22
zurzeit 463,1752,86,21
zu 566,1759,27,14
ver¬ 610,1759,47,14
zichten, 90,1787,98,25
eine 198,1786,52,22
blosse 259,1787,75,21
Teilrevision 342,1786,152,22
gewisser 504,1786,105,27
Be¬ 619,1786,38,21
stimmungen 89,1821,159,26
durchzuführen 268,1820,193,22
und 482,1819,48,22
erst 550,1824,45,17
auf 616,1819,41,22
längere 90,1855,91,26
Sicht 191,1854,61,21
und 262,1854,46,21
ohne 318,1854,62,21
Zeitdruck 389,1853,123,22
die 522,1853,37,22
Fragen 569,1853,86,27
einer 90,1888,63,22
neuen 171,1895,76,15
Ordnung 265,1888,115,27
durch 397,1887,73,22
eine 488,1887,50,21
Arbeits¬ 556,1887,101,21
gruppe 89,1930,87,20
untersuchen 185,1922,157,21
zu 351,1929,27,13
lassen. 388,1921,80,21
<EOS>
Diesen 91,1968,85,21
Anträgen 186,1968,119,26
hat 316,1967,38,21
das 364,1967,39,21
Central 414,1967,93,21
Comité 518,1966,92,21
zu¬ 620,1973,37,14
gestimmt. 90,2001,123,27
<EOS>
Demzufolge 226,2001,154,27
wird 391,2001,56,21
nun 459,2007,47,14
eine 517,2000,52,21
kleine 581,2000,76,21
Arbeitsgruppe 91,2035,180,27
diese 290,2035,62,21
Teilrevision 371,2034,152,22
vorberei¬ 544,2034,113,21
ten, 90,2073,45,21
während 146,2068,110,22
eine 267,2068,51,22
neu 329,2075,44,15
zu 384,2075,27,15
bestimmende 423,2068,169,21
klei¬ 604,2068,53,21
ne 91,2109,28,14
Kommission, 129,2102,166,25
den 306,2102,45,21
Anregungen 362,2102,157,27
und 529,2101,48,22
Ideen 588,2101,68,22
der 89,2136,41,21
Vernehmlassung 141,2136,215,27
folgend, 368,2136,101,26
die 483,2135,37,21
Frage 534,2136,69,26
der 616,2135,40,21
Totalrevision 89,2169,169,22
weiterverfolgen 267,2169,199,27
wird. 475,2169,63,21
<EOS>
Parallel 91,2215,96,21
zu 206,2222,27,13
diesen 252,2214,78,21
Aufgaben 350,2215,122,26
arbeitet 492,2214,95,21
eine 605,2214,52,21
weitere 91,2248,90,21
Gruppe 192,2248,97,27
an 298,2255,28,14
der 337,2248,40,21
Revision 387,2248,110,21
des 507,2248,39,21
Artikels 556,2248,101,21
10 95,2282,23,20
der 130,2282,40,21
Leistungs- 184,2282,128,27
und 324,2282,47,21
Honorarordnung 385,2282,218,27
102 619,2282,38,21
für 91,2316,37,21
Architekten, 142,2315,159,25
die 316,2315,36,21
nicht 367,2316,62,21
ohne 444,2316,61,21
Querbezug 520,2316,138,26
zur 91,2356,40,14
Wettbewerbsordnung 140,2349,273,28
möglich 422,2349,100,27
ist. 533,2349,33,22
<EOS>
Die 91,2394,43,22
vielen 149,2394,75,22
Anregungen 239,2394,157,27
und 411,2394,47,22
Ideen, 475,2394,74,23
die 566,2394,36,22
aus 616,2401,40,15
der 90,2428,40,21
Vernehmlassung 146,2427,214,27
hervorgegangen 378,2427,202,28
sind, 597,2428,58,24
sollen 91,2462,72,21
ausgewertet 173,2465,148,23
werden. 330,2461,98,21
<EOS>
Die 91,2507,44,21
breit 156,2506,57,22
angelegte 234,2507,117,27
und 373,2507,45,20
verdankenswerte 441,2506,216,22
Arbeit 91,2541,79,21
der 192,2541,41,21
Revisionskommission 255,2540,278,22
152 559,2540,38,21
hat 620,2540,37,22
zweierlei 91,2575,111,22
gezeigt: 213,2574,96,28
Erstens, 321,2575,97,24
dass 430,2575,51,21
die 491,2574,36,22
bestehen¬ 538,2575,120,21
de 90,2609,27,22
Ordnung 135,2609,116,27
in 268,2607,22,23
breiten 308,2609,87,21
Kreisen 415,2608,96,22
als 529,2609,32,21
taugli¬ 578,2609,79,27
ches, 90,2643,60,26
ja 167,2642,24,28
gutes 207,2646,65,24
Instrument 290,2642,141,22
betrachtet 450,2642,126,22
wird, 594,2642,62,23
und 90,2677,46,21
zweitens, 159,2676,114,24
dass 297,2676,51,21
eine 370,2675,52,22
Neuorientierung 445,2675,212,28
zwar 89,2718,60,14
vielerorts 169,2710,120,22
gewünscht 309,2709,134,28
wird, 464,2709,63,26
dass 548,2710,52,21
die 620,2709,37,22
Zielrichtung 90,2745,159,27
solchen 266,2744,95,21
Bestrebens 381,2744,135,21
aber 533,2744,55,21
sehr 605,2744,53,21
<EOS>
<EOP>
sorgfältig 703,352,118,28
geprüft 835,353,91,27
werden 940,352,92,21
muss. 1046,359,70,15
<EOS>
Die 1131,352,44,21
Arbeit 1190,353,80,21
der 702,387,40,21
Kommission 753,386,161,22
war, 925,394,52,18
trotz 990,390,58,18
ihres 1059,387,60,22
momentan 1132,392,135,17
wenig 701,420,74,28
spektakulären 790,421,179,27
Ergebnisses, 986,421,153,28
wertvoll. 1156,422,110,21
<EOS>
Allen 700,455,70,21
Mitgliedern, 788,455,157,27
die 962,455,37,21
diese 1015,455,63,22
grosse 1093,461,77,21
Arbeit 1186,456,81,21
auf 701,489,41,21
sich 749,489,48,21
genommen 805,495,142,21
haben, 957,489,83,25
gebührt 1048,489,98,27
Dank. 1156,489,75,21
<EOS>
<EOP>
Dr. 1088,534,39,21
<EOS>
W. 1142,534,30,21
<EOS>
Fischer 1183,533,89,22
Chef 842,568,62,21
der 911,568,41,20
Rechtsabteilung 960,567,205,28
des 1173,568,39,21
SIA 1221,568,47,21
<EOS>
<EOP>
«Be 699,728,65,27
hin 776,726,55,28
de 843,726,45,28
r 900,736,15,18
un 926,735,43,19
ge 981,735,45,26
n» 1039,735,41,18
- 1093,738,14,7
<EOS>
<EOP>
ein 699,770,54,27
Film 765,768,71,28
über 848,767,84,29
anpassbaren 941,766,238,37
Wohungsbau 698,809,245,36
Es 699,867,27,21
sind 740,866,52,22
wenige 805,866,87,27
grundsätzliche 905,865,186,28
Anforderun¬ 1105,865,161,21
gen, 698,908,50,20
die 765,900,37,22
erfüllt 816,900,80,22
sein 910,899,49,22
müssen, 975,901,100,24
um 1091,906,41,14
aus 1146,905,41,15
einer 1201,898,65,21
Wohnung 699,935,126,26
eine 840,934,51,21
anpassbare 906,934,139,27
Wohnung 1059,933,126,26
- 1201,946,11,1
an¬ 1228,939,39,14
passbar 699,969,93,26
für 804,968,38,21
das 853,968,40,21
Wohnen 904,968,109,21
von 1025,974,47,14
Behinderten 1085,966,156,22
- 1254,979,12,1
<EOS>
<EOP>
zu 698,1009,28,15
machen, 737,1002,105,25
und 855,1002,47,21
diese 913,1002,62,21
wenigen 986,1001,104,27
wesentlichen 1100,1000,165,21
Dinge 701,1035,74,28
fallen 787,1036,70,21
baukostenmässig 869,1035,215,27
kaum 1095,1035,70,21
ins 1176,1034,35,21
Ge¬ 1222,1034,45,21
wicht. 699,1069,75,22
<EOS>
Dies 700,1115,55,21
ist 783,1115,26,21
die 837,1114,37,22
Botschaft 903,1114,117,21
des 1048,1114,38,21
Videofilmes 1114,1113,152,22
«Behinderungen, 701,1148,254,27
der 981,1148,40,20
im 1046,1147,32,21
Auftrag 1104,1147,98,26
der 1227,1147,40,21
Schweizerischen 699,1182,210,21
Fachstelle 919,1181,127,21
für 1057,1181,38,21
behinderten¬ 1104,1180,163,21
gerechtes 699,1216,117,27
Bauen 831,1216,78,20
gedreht 924,1215,95,27
wurde. 1034,1215,84,20
<EOS>
Er 1135,1215,28,20
ist 1178,1213,27,22
Teil 1218,1213,49,22
eines 699,1249,64,21
langfristigen, 787,1249,167,27
sponsorenfinanzierten 980,1247,287,28
PR-Konzeptes, 699,1283,187,26
das 900,1283,39,20
Planern, 953,1282,105,24
Bauherren 1072,1282,134,20
und 1218,1281,48,21
Behörden 701,1317,121,21
ins 834,1316,35,21
Bewusstsein 881,1315,151,22
bringen 1044,1315,96,27
will, 1151,1314,53,25
dass 1216,1315,51,20
behindertengerechtes 700,1350,273,27
Bauen 991,1350,78,20
- 1087,1361,12,3
d.h. 1117,1349,45,21
<EOS>
Bauen, 1181,1349,85,22
das 699,1384,40,21
Behinderte 753,1383,139,22
nicht 904,1383,65,21
zusätzlich 980,1382,127,22
behindert 1119,1382,123,22
- 1255,1394,12,2
<EOS>
<EOP>
eine 700,1416,52,22
Selbstverständlichkeit 768,1415,280,23
sein 1065,1415,49,21
sollte. 1130,1414,72,21
<EOS>
Der 1220,1414,47,21
anpassbare 701,1450,139,27
Wohnungsbau, 859,1449,191,26
als 1071,1449,32,20
Alternative 1123,1447,144,22
zu 701,1490,28,15
Behindertenheimen 739,1483,253,22
oder 1002,1483,55,21
zu 1065,1489,29,14
den 1103,1482,45,21
üblichen 1157,1482,110,21
zwei 701,1517,56,22
bis 775,1517,34,21
drei 826,1516,49,22
behindertengerechten 893,1516,279,27
Klein¬ 1190,1515,78,22
wohnungen 701,1551,148,27
pro 870,1557,40,20
Grossüberbauung, 931,1550,235,26
ist 1187,1549,27,22
so¬ 1234,1555,33,16
wohl 701,1585,62,21
unter 774,1588,68,18
den 853,1585,46,20
sozialen 911,1584,102,21
Aspekten 1025,1583,121,27
der 1157,1583,42,21
Inte¬ 1210,1583,59,21
gration, 701,1618,97,28
als 814,1618,33,22
auch 862,1618,58,21
volkswirtschaftlich 936,1616,243,23
sicher 1194,1616,74,22
die 702,1652,36,22
richtigere 748,1652,121,27
Lösung. 878,1653,97,25
<EOS>
Es 703,1698,28,21
ist 743,1698,27,21
kein 782,1697,54,22
Behindertenfilm, 849,1696,218,25
der 1080,1696,40,21
an 1131,1703,29,14
das 1173,1696,39,21
Ge¬ 1224,1695,45,22
wissen 703,1731,82,22
oder 802,1731,55,21
an 874,1737,28,15
der 919,1731,40,21
Helferinstinkt 976,1730,181,21
des 1174,1730,39,21
Be¬ 1231,1730,38,20
trachters 704,1765,110,21
appelliert, 830,1764,126,28
es 973,1770,23,16
geht 1012,1764,53,27
nicht 1081,1763,64,22
um 1161,1770,40,14
Mit¬ 1217,1763,53,21
leid, 704,1798,51,27
sondern 774,1798,101,22
um 892,1805,40,14
sinnvolle 950,1797,116,22
Problemlösun¬ 1084,1797,186,22
gen. 702,1839,50,21
<EOS>
Verpackt 770,1832,114,27
in 902,1831,23,22
eine 941,1831,52,22
Geschichte, 1011,1831,147,25
werden 1177,1830,91,22
die 702,1866,38,22
wichtigsten 750,1865,145,28
baulichen 906,1865,124,21
Barrieren 1043,1864,121,22
gezeigt, 1174,1864,94,27
die 704,1900,36,21
es 753,1907,23,14
den 789,1900,44,21
Behinderten 848,1899,154,22
verunmöglichen, 1017,1898,215,27
in 1246,1897,24,22
einer 704,1934,63,21
«normalen» 776,1934,154,21
Wohnung 940,1932,126,28
zu 1074,1940,28,14
wohnen. 1110,1933,108,21
<EOS>
Die 704,1979,44,22
Geschichte: 758,1979,149,22
Thomas 914,1979,102,20
Berger 1026,1979,82,26
bewirbt 1118,1977,94,22
sich 1222,1977,48,21
im 704,2013,32,21
Architekturbüro 748,2013,210,21
Keller 969,2012,79,21
als 1058,2012,33,21
Architekt. 1102,2011,128,22
<EOS>
Es 1244,2011,26,20
wird 704,2046,55,22
ein 776,2046,37,22
Vorstellungsgespräch 828,2046,271,27
mit 1115,2045,41,22
Hinder¬ 1173,2045,98,21
nissen, 705,2080,83,26
denn 804,2080,62,21
Berger 882,2080,82,27
ist 980,2079,27,22
Rollstuhlfahrer. 1022,2079,204,22
<EOS>
Er 1242,2079,30,20
erhält 704,2114,73,22
die 786,2114,36,21
Stelle 831,2114,68,21
als 908,2114,33,20
Projektleiter 950,2112,161,28
für 1120,2112,37,22
eine 1165,2112,52,22
Ge¬ 1226,2112,45,22
nossenschaftssiedlung 704,2147,281,26
und 1004,2147,47,21
erreicht 1070,2146,99,22
in 1189,2146,23,21
der 1230,2146,42,21
Planung 705,2182,105,27
des 820,2182,39,21
Bauvorhabens, 870,2181,187,25
dass 1070,2181,51,21
mit 1132,2180,41,22
gering¬ 1184,2180,88,27
fügigen 705,2216,93,27
Projektänderungen 814,2216,246,27
die 1074,2214,37,21
ganze 1125,2221,71,20
Sied¬ 1211,2213,61,22
lung 705,2250,55,27
als 776,2250,33,21
anpassbarer 826,2249,151,28
Wohnungsbau 994,2249,183,26
ausge¬ 1195,2255,77,20
führt 705,2283,64,22
werden 793,2283,92,22
kann, 911,2283,69,23
ohne 1006,2283,62,21
dass 1092,2283,51,20
dadurch 1168,2282,103,21
Mehrkosten 706,2317,153,21
entstehen. 867,2317,128,21
<EOS>
Die 706,2362,43,21
Zugänglichkeit 765,2361,192,27
von 973,2368,44,15
Parkplatz 1035,2361,121,27
zu 1172,2367,28,15
Auf¬ 1216,2360,57,22
zug, 704,2403,50,20
die 765,2395,37,22
Grösse 814,2395,85,22
der 910,2395,40,21
Aufzugskabine, 961,2394,198,28
die 1171,2394,36,22
Tür¬ 1217,2394,55,22
breiten 704,2429,89,22
in 806,2429,23,21
der 840,2429,41,21
Wohnung, 891,2429,133,27
das 1035,2429,41,20
Layout 1087,2429,87,26
der 1184,2428,41,21
Sa¬ 1235,2428,38,21
nitärräume 706,2463,142,21
und 878,2463,47,21
die 954,2463,37,20
Anpassbarkeit 1021,2462,181,27
der 1233,2462,40,21
Küche 707,2497,80,21
sind 796,2497,51,21
die 857,2496,35,22
wenigen 902,2496,104,28
entscheidenden 1015,2496,198,21
Kri¬ 1223,2495,50,21
terien, 706,2531,79,24
ohne 799,2531,61,21
die 874,2530,36,22
es 923,2537,23,14
nicht 960,2530,63,21
geht 1035,2530,53,27
- 1102,2543,11,2
keine 1128,2530,67,21
über¬ 1208,2530,65,21
triebenen 706,2564,120,22
Forderungen. 836,2565,170,26
<EOS>
Der 708,2610,46,21
Videofilm 771,2609,125,22
(VHS. 914,2609,75,26
<EOS>
farbig, 1009,2609,80,27
27 1108,2609,26,21
Minuten) 1153,2608,120,25
kann 707,2643,61,21
bei 781,2642,33,22
der 826,2643,41,21
Schweizerischen 877,2642,209,22
Fachstelle 1099,2642,126,22
für 1237,2642,36,22
behindertengerechtes 706,2677,272,26
Bauen 999,2677,77,20
bezogen 1097,2677,101,26
wer¬ 1218,2683,54,14
den. 705,2711,52,21
<EOS>
Darüber 768,2710,107,22
hinaus 883,2710,83,22
bietet 975,2710,69,21
die 1052,2710,38,22
Fachstelle 1100,2710,127,21
an, 1235,2717,37,16
den 706,2745,43,21
Film 765,2744,59,22
an 837,2751,29,15
Veranstaltungen 881,2745,208,26
von 1104,2751,45,14
SIA-Sek- 1162,2744,111,21
<EOS>
<EOP>
tionen 1312,351,80,22
oder 1402,352,56,21
Fachgruppen 1468,352,167,27
mit 1645,352,42,21
einem 1697,352,77,21
Referat 1785,352,93,21
zum 1311,393,54,14
Thema 1383,386,89,21
«anpassbarer 1492,386,167,26
Wohnungsbau» 1677,386,199,27
näher 1311,420,73,21
zu 1393,427,28,14
erläutern 1431,420,116,21
und 1557,420,48,21
Fragen 1616,420,87,27
zu 1713,427,28,14
beantwor¬ 1751,420,127,21
ten. 1311,457,45,17
<EOS>
Es 1369,454,28,21
ist 1408,453,27,22
ein 1446,453,38,21
Thema, 1494,454,96,25
bei 1602,454,36,21
dem 1649,454,54,21
die 1713,454,38,21
Sensibili¬ 1761,453,118,22
sierung 1312,487,93,28
von 1416,494,45,14
Planern 1472,488,99,21
und 1582,488,48,21
Bauherren 1642,488,133,21
für 1786,488,37,21
die¬ 1833,487,46,22
se 1312,527,22,15
Belange 1356,522,98,27
mehr 1475,522,66,21
bringen 1562,522,97,27
kann, 1681,522,68,24
als 1771,522,32,21
Vor¬ 1824,522,55,21
schriften 1312,555,111,22
und 1432,555,47,22
behördliche 1488,555,151,22
Erlasse. 1648,555,94,22
<EOS>
Bestellung 1312,600,132,27
des 1460,600,38,21
Films 1515,600,70,21
bzw. 1602,600,55,21
<EOS>
Kontaktaufnah¬ 1675,600,204,21
me 1312,641,37,14
für 1360,634,36,21
die 1405,634,37,21
Vorbereitung 1452,634,169,27
einer 1631,634,63,21
gemeinsamen 1703,634,175,27
Veranstaltung: 1311,668,187,26
Schweizerische 1527,668,193,21
Fachstelle 1751,668,127,21
für 1311,701,38,21
behindertengerechtes 1366,701,272,27
Bauen, 1657,702,85,24
Neugasse 1760,702,117,25
136, 1315,734,46,25
8005 1370,735,56,21
Zürich. 1435,735,92,21
<EOS>
Telefon 1535,735,99,21
01/272 1642,735,87,20
54 1737,735,28,21
44. 1772,736,36,19
<EOS>
<EOP>
Neuzeitlicher 1313,878,244,29
Holzbau 1568,878,150,28
in 1730,879,30,26
Europa 1314,921,126,35
14. 1315,978,32,20
<EOS>
Dreiländer-Holztagung 1358,976,290,28
in 1657,978,21,19
Interlaken. 1688,975,135,23
<EOS>
5.-7.9.1990 1313,1010,145,22
<EOS>
Unter 1312,1061,75,20
dem 1399,1060,54,21
Haupttitel 1466,1059,128,27
«Neuzeitlicher 1609,1059,188,21
Holz¬ 1810,1059,69,21
bau 1312,1095,45,21
in 1369,1094,23,21
Europa 1404,1094,91,27
- 1506,1107,12,2
Architektur, 1530,1093,157,25
Konstruktion, 1700,1091,178,27
Material» 1312,1128,124,21
wird 1447,1127,57,22
vom 1513,1134,54,15
5. 1577,1128,19,20
<EOS>
bis 1608,1127,33,21
zum 1651,1134,54,14
7. 1715,1127,19,21
<EOS>
September 1745,1126,134,28
1990 1316,1162,54,21
in 1381,1162,23,21
Interlaken 1415,1162,132,21
zum 1557,1168,54,14
14. 1624,1161,31,21
<EOS>
Mal 1667,1161,49,21
die 1727,1160,37,22
Dreilän¬ 1775,1160,105,21
der-Holztagung 1312,1195,198,28
durchgeführt. 1542,1195,174,27
<EOS>
Angespro¬ 1749,1195,131,26
chen 1312,1229,60,22
sind 1388,1229,50,22
alle 1455,1229,43,22
Kreise, 1514,1229,86,25
die 1617,1229,37,21
an 1670,1235,28,15
der 1714,1229,40,21
Holzver¬ 1770,1229,110,21
wendung 1312,1263,115,27
und 1439,1263,49,21
Holzverarbeitung 1500,1262,226,27
interessiert 1739,1262,140,21
sind, 1311,1297,60,25
namentlich 1396,1296,145,22
Baubehörden, 1565,1296,177,26
Bauinge¬ 1769,1295,110,27
nieure 1314,1331,79,21
und 1404,1331,47,21
Architekten 1462,1330,153,21
sowie 1626,1330,69,21
Zimmerleute, 1705,1329,173,24
Schreiner 1312,1364,123,22
und 1443,1364,47,21
Säger. 1499,1364,74,27
<EOS>
Veranstaltet 1312,1410,154,20
wird 1477,1409,56,21
die 1546,1409,36,20
Tagung 1593,1409,95,26
von 1700,1415,45,14
der 1758,1408,39,21
Deut¬ 1810,1408,70,20
schen 1312,1444,71,20
Gesellschaft 1394,1442,155,22
für 1559,1442,37,21
Holzforschung, 1605,1442,195,26
Mün¬ 1811,1442,69,20
chen; 1312,1477,71,24
der 1394,1477,40,20
Österreichischen 1447,1472,214,25
Gesellschaft 1675,1475,155,21
für 1843,1475,37,20
Holzforschung, 1313,1510,196,27
Wien; 1525,1510,76,24
der 1615,1510,40,20
Schweizerischen 1670,1508,209,22
Arbeitsgemeinschaft 1312,1543,262,28
für 1585,1543,37,21
das 1632,1543,38,21
Holz 1681,1543,60,21
(Lignum), 1751,1542,126,27
Zürich, 1311,1577,93,25
und 1416,1577,49,22
der 1477,1577,40,22
Schweizerischen 1528,1576,210,23
Arbeitsge¬ 1750,1576,129,27
meinschaft 1314,1610,140,22
für 1472,1610,37,22
Holzforschung 1526,1609,189,27
(SAH), 1731,1608,88,26
Zü¬ 1837,1608,43,21
rich. 1314,1644,55,21
<EOS>
Programm 1317,1698,128,26
Mittwoch, 1314,1742,129,24
5.9.1990 1453,1741,101,22
<EOS>
9.30: 1314,1786,59,22
<EOS>
Begrüssung 1384,1787,145,27
durch 1539,1786,73,21
Dr. 1623,1786,40,20
<EOS>
Clemens 1678,1784,104,22
Hagen, 1792,1785,88,26
Präsident 1314,1819,119,23
der 1444,1820,41,22
Lignum. 1496,1819,106,28
<EOS>
9.45: 1615,1819,61,22
<EOS>
«Die 1687,1818,61,22
Holzwirt¬ 1759,1818,121,21
schaft 1314,1854,74,21
vor 1400,1860,42,15
den 1453,1854,45,21
Herausforderungen 1511,1853,249,27
eines 1772,1852,63,21
in¬ 1847,1852,33,21
tegrierten 1315,1888,123,27
europäischen 1459,1886,167,28
Marktes 1648,1886,104,22
- 1774,1898,12,3
volks¬ 1807,1886,74,21
wirtschaftliche 1315,1921,189,22
Betrachtungen» 1525,1921,201,26
(Prof. 1748,1919,71,27
<EOS>
Dr. 1840,1919,40,21
<EOS>
Heidi 1317,1955,70,22
Scheiben, 1398,1954,123,26
Präs. 1532,1955,60,21
<EOS>
des 1604,1955,39,21
Forums 1656,1954,97,21
für 1764,1953,38,21
Holz, 1814,1953,66,25
Zürich). 1316,1989,101,26
<EOS>
10.15: 1431,1989,71,21
<EOS>
«Ergeben 1512,1989,120,27
sich 1641,1987,49,22
aus 1699,1994,40,15
den 1749,1987,45,21
Quali¬ 1804,1986,78,27
tätsanforderungen 1316,2023,233,27
an 1573,2029,29,14
Bauholz 1627,2021,103,22
nach 1753,2021,61,21
den 1836,2020,46,22
europäischen 1316,2057,167,27
Normen 1499,2057,105,20
veränderte 1619,2055,135,22
Chancen 1770,2055,111,21
und 1315,2090,47,22
Risiken?» 1382,2090,126,22
<EOS>
(Prof. 1526,2090,71,26
<EOS>
Dr. 1616,2090,39,20
<EOS>
Ing. 1675,2090,46,26
<EOS>
Peter 1742,2089,63,20
Glos, 1822,2087,61,25
München). 1316,2124,138,26
<EOS>
Block 1317,2170,70,21
1: 1410,2170,17,20
für 1446,2169,37,21
Bauplaner 1502,2168,130,27
und 1649,2167,48,22
Ausführende 1716,2167,166,22
«Tendenzen 1317,2204,155,21
in 1488,2202,22,21
Architektur 1525,2202,151,21
und 1689,2201,48,22
Ingenieur¬ 1753,2200,130,28
holzbau». 1317,2237,123,21
<EOS>
11.15: 1456,2237,71,20
<EOS>
«Die 1538,2236,60,21
Vorarlberger 1608,2235,164,27
Schule» 1783,2234,98,22
(dipi. 1317,2271,64,27
<EOS>
Ing. 1402,2272,47,26
<EOS>
Hermann 1472,2271,116,21
Kaufmann. 1609,2268,141,29
<EOS>
Schwarz¬ 1769,2268,114,22
ach. 1317,2305,49,22
<EOS>
Vorarlberg). 1385,2304,154,27
<EOS>
11.45: 1564,2304,69,20
<EOS>
«Holzbau 1653,2303,122,21
in 1796,2302,23,21
den 1838,2302,44,21
skandinavischen 1317,2338,211,23
Ländern» 1545,2338,121,21
(Gunnar 1683,2337,109,26
Matts- 1807,2337,79,20
son. 1319,2380,48,15
<EOS>
Arch. 1379,2372,69,22
<EOS>
SAR, 1461,2372,66,23
Stockholm). 1539,2371,153,24
<EOS>
12.15: 1709,2370,71,22
<EOS>
Mittag¬ 1792,2370,92,27
essen. 1317,2413,72,14
<EOS>
14.15: 1408,2406,69,21
<EOS>
«Naturintegriertes 1493,2404,234,28
Bauen 1742,2405,78,21
auf¬ 1835,2404,49,21
grund 1317,2440,74,28
moderner 1406,2440,124,21
Fertigungsmethoden» 1543,2438,280,27
(Pe¬ 1836,2438,50,26
ter 1321,2479,32,17
Braucht. 1365,2473,104,23
<EOS>
Wr. 1482,2473,45,21
<EOS>
Neustadt). 1543,2472,129,24
<EOS>
14.45: 1692,2472,70,21
<EOS>
«Neuere 1777,2472,107,21
Entwicklungen 1318,2507,192,27
im 1532,2507,31,20
Holzbau 1586,2506,106,21
Frankreichs» 1715,2505,168,22
(Prof. 1317,2542,72,26
<EOS>
Roland 1405,2540,90,23
Schweitzer. 1505,2540,141,22
<EOS>
Paris). 1659,2539,77,26
<EOS>
15.15: 1753,2540,70,21
<EOS>
Dis¬ 1836,2539,49,21
kussion. 1319,2575,101,22
<EOS>
15.30: 1436,2575,70,22
<EOS>
Pause. 1517,2575,77,21
<EOS>
16.00: 1610,2574,71,21
<EOS>
«Funktion 1692,2573,133,21
und 1837,2573,46,21
Form 1319,2610,68,21
im 1400,2609,29,21
Holzbau 1442,2609,105,21
- 1560,2620,11,3
Überlegungen 1583,2604,178,30
des 1772,2607,39,21
Inge¬ 1824,2607,62,27
nieurs 1320,2643,75,21
zur 1411,2649,40,15
zeitgemässen 1466,2642,165,27
Verwendung 1646,2641,162,27
eines 1822,2640,63,22
altbekannnten 1317,2677,184,21
Baustoffes» 1522,2675,146,22
Walter 1706,2673,82,24
Bieler. 1808,2674,77,23
<EOS>
Holzbau-Ingenieur, 1318,2709,248,28
Bonaduz). 1626,2708,127,24
<EOS>
16.30: 1814,2708,72,22
<EOS>
«Neuere 1320,2745,106,20
Schalenbauten 1434,2743,185,22
aus 1629,2750,41,14
Holz» 1680,2742,74,22
(Prof. 1764,2742,71,26
<EOS>
Dr. 1846,2743,38,21
<EOS>
<EOP>
679 1838,2809,48,24
<EOS>
<EOP>
