1960,2865
Kerntechnologie 99,85,224,32
Schweizer 1162,84,138,25
Ingenieur 1307,85,131,31
und 1445,83,51,25
Architekt 1502,82,126,26
Nr. 1637,83,40,24
<EOS>
23, 1687,82,39,30
7. 1736,83,21,24
<EOS>
Juni 1767,83,57,24
1990 1834,81,59,25
<EOS>
<EOP>
Vom 97,322,158,54
Umgang 279,322,304,67
mit 606,319,114,54
Risiken 741,317,253,56
Stellungnahme 99,400,268,44
zu 380,414,38,19
R. 433,402,28,31
<EOS>
Bühler: 476,399,123,34
Kernenergie 614,401,220,41
und 848,399,62,34
Risiko, 926,398,112,41
«Schweizer 1052,398,201,34
Ingenieur 99,451,170,41
und 282,449,63,34
Architekt 358,448,166,35
- 537,468,18,3
SIA» 568,450,77,32
(1990), 660,448,112,42
Nr. 787,450,55,32
<EOS>
10, 854,450,45,38
Seiten 914,449,107,32
260-265 1035,449,155,32
In 99,535,30,23
seinem 141,533,99,25
Artikel 252,533,103,25
macht 367,533,88,24
R. 470,533,29,23
<EOS>
Bühlerden 513,532,152,25
löblichen 100,572,132,24
Versuch, 246,572,125,27
Anstösse 387,572,124,23
zur 527,578,46,16
«Ent¬ 589,571,77,23
krampfung» 100,609,177,30
der 295,609,45,23
Risikobeurteilung 356,608,259,30
im 631,607,35,24
VON 100,686,74,24
HANS 194,687,93,23
FUCHS, 301,686,121,29
<EOS>
<EOP>
BADEN 193,724,119,24
allgemeinen 100,786,173,29
und 290,787,54,22
der 359,786,45,23
Kernenergie-Dis¬ 421,785,245,30
kussion 100,823,107,24
im 218,823,35,24
besonderen 262,823,164,24
zu 435,830,32,17
geben. 476,823,90,30
<EOS>
Leider 100,871,92,24
muss 209,879,70,17
der 297,871,45,24
Versuch 358,871,117,24
als 493,871,35,24
misslun- 547,871,120,24
gen 99,917,50,23
bezeichnet 162,908,153,25
werden: 328,908,114,24
Der 455,909,53,23
Artikel 521,908,101,24
ist 637,908,30,24
ein 100,946,43,24
Schulbeispiel 156,946,189,30
dafür, 358,947,84,28
dass 457,947,57,23
komplexe 528,946,139,30
Fragestellungen 102,983,227,30
nicht 339,982,72,25
mit 421,981,47,25
einer 478,982,71,24
verwor¬ 558,989,109,17
renen 102,1028,80,17
Methodik 207,1020,138,24
beantwortet 370,1020,169,24
werden 563,1019,103,24
können. 101,1058,114,24
<EOS>
Zudem 227,1057,100,25
sind 338,1057,57,24
die 406,1057,41,24
Aussagen 458,1057,135,31
über 603,1057,63,23
Risiken 101,1096,108,23
von 240,1103,52,16
schweizerischen 323,1095,231,24
Kern¬ 586,1095,80,23
kraftwerken 102,1133,174,24
mehr 296,1133,75,24
als 390,1133,37,24
nur 447,1140,49,17
fehlerhaft. 516,1132,149,24
<EOS>
Konsensfindung 102,1170,235,31
erfordert 345,1170,128,24
von 483,1178,52,16
allen 544,1170,69,23
Be¬ 623,1170,44,23
teiligten 102,1207,116,32
ehrliche 240,1207,116,25
Anstrengungen 379,1207,220,31
zur 621,1215,47,15
klaren 102,1245,90,24
Trennung 207,1245,142,31
und 364,1245,54,24
Darstellung 433,1245,168,30
von 616,1252,52,16
Sachverhalten, 102,1283,210,28
Meinungen 334,1282,164,31
und 516,1282,55,24
Wert¬ 588,1283,80,23
massstäben! 102,1320,171,25
<EOS>
<EOP>
Risikobeurteilung 100,1438,292,34
in 402,1439,28,25
einer 440,1439,85,24
Luxusgesellschaft 101,1476,292,33
R. 102,1558,28,23
<EOS>
Bühlers 144,1557,108,25
Bemerkungen 264,1557,200,30
über 476,1556,63,24
die 550,1555,41,25
Risi¬ 603,1555,64,25
ken 102,1595,50,24
in 165,1594,26,25
einer 203,1594,72,25
Mangel- 287,1594,117,31
bzw. 415,1593,63,25
<EOS>
Wohlstands¬ 489,1593,178,24
gesellschaft 100,1632,165,31
bedürfen 279,1632,129,24
folgender 424,1631,136,31
Ergän¬ 574,1632,93,29
zung: 100,1677,78,23
Während 100,1719,133,24
der 250,1719,45,23
Grossteil 312,1717,127,25
der 456,1718,45,24
gut 516,1721,44,27
5 577,1718,13,24
Mil¬ 608,1717,59,24
liarden 102,1757,100,24
Erdenbewohner 212,1756,228,24
sich 450,1755,55,24
wie 514,1755,47,24
eh 571,1755,32,24
und 613,1754,53,25
je 98,1794,27,31
den 135,1794,52,24
realen 198,1794,88,24
Risiken 296,1793,110,25
des 417,1793,44,24
Kampfes 472,1792,127,31
ums 610,1800,57,16
tägliche 102,1831,110,31
Brot 232,1832,59,23
aussetzen 310,1836,135,19
muss, 465,1838,77,20
meinen 563,1830,105,24
viele 102,1869,66,24
Kreise 182,1869,91,24
in 289,1869,26,23
den 329,1869,51,23
Luxus-Industriena¬ 395,1868,274,24
tionen, 102,1907,97,28
sie 212,1906,36,24
könnten 259,1907,118,23
sich 389,1906,54,24
folgenlos 456,1906,127,30
alle 594,1905,49,25
- 655,1919,13,4
<EOS>
<EOP>
auch 102,1945,66,24
nur 187,1952,50,17
theoretische 254,1944,174,25
- 447,1958,14,3
Risiken 479,1943,109,24
vom 606,1951,62,16
Leibe 102,1982,77,24
halten. 202,1982,95,24
<EOS>
Man 322,1982,63,24
wehrt 408,1980,81,25
sich 511,1980,55,25
gegen 587,1988,80,23
Verkehrsinfrastrukturen, 101,2019,361,28
Chemieanla¬ 486,2018,182,24
gen, 101,2065,56,22
Abfälle 168,2057,105,24
aller 283,2057,63,24
Art 355,2057,48,23
einschliesslich 412,2056,205,24
de¬ 627,2056,41,23
ren 102,2102,46,16
Behandlungsanlagen, 173,2094,306,31
Kraftwerke 505,2094,163,24
fast 103,2132,49,24
aller 171,2132,64,24
Art, 253,2132,54,28
Übertragungsleitungen, 330,2127,337,35
Gentechnologie 103,2169,227,31
usw. 344,2177,61,16
<EOS>
Dass 421,2169,64,24
sich 499,2168,54,25
die 567,2168,41,24
Lu¬ 622,2169,48,23
xusgesellschaften 103,2207,248,31
damit 369,2206,81,24
ihren 470,2206,74,24
Nieder¬ 564,2206,105,23
gang 102,2252,66,23
programmieren, 191,2244,231,30
könnte 448,2245,98,22
als 568,2244,37,23
be- 628,2244,42,23
wusster 102,2286,106,19
Entscheid 240,2281,139,24
noch 412,2282,68,23
verstanden 512,2282,155,23
werden 103,2319,103,24
(schon 221,2319,92,29
der 329,2319,44,24
Hans 389,2319,72,24
im 477,2318,34,24
Schnägge- 527,2319,142,30
loch 103,2356,59,24
wollte 174,2356,85,24
nicht, 272,2355,79,30
was 364,2364,51,16
er 427,2364,27,16
hatte 467,2356,68,24
<EOS>
We¬ 614,2356,55,24
niger 103,2394,73,31
Verständnis 190,2394,170,23
dürften 374,2394,107,23
die 496,2394,42,23
dadurch 552,2394,117,23
hauptsächlich 104,2431,197,31
betroffenen 324,2431,165,23
Armen 512,2432,99,22
im 635,2431,34,23
eigenen 103,2470,108,30
Land 231,2469,70,24
haben 320,2469,84,24
- 423,2483,13,3
nicht 455,2468,70,25
zu 542,2477,30,16
reden 592,2469,76,24
von 103,2515,51,17
denjenigen 168,2506,157,31
in 342,2506,24,24
der 381,2506,45,24
Dritten 441,2506,102,24
Welt... 557,2506,111,24
<EOS>
Dazu 105,2546,73,23
kommt 193,2544,101,24
noch, 310,2544,74,28
dass 400,2544,57,24
wir 472,2543,45,24
Industrie¬ 533,2543,138,25
länder 103,2582,90,25
als 206,2582,35,24
Hauptverursacher 256,2581,260,31
des 527,2581,45,24
Treib¬ 583,2581,87,24
hauseffektes 103,2620,177,24
(schon 292,2619,92,29
vor 398,2627,46,16
und 456,2619,53,24
auch 522,2619,66,24
noch 602,2619,67,23
nach 102,2659,66,23
dem 195,2658,60,23
Niedergang) 281,2657,175,30
gerade 482,2657,92,30
diese 600,2656,69,25
Ärmsten 102,2691,124,28
einer 257,2695,72,24
grossen 358,2703,106,22
Gefährdung 494,2694,177,31
aussetzen! 103,2734,145,24
<EOS>
<EOP>
Fazit: 710,533,80,24
Wir 805,532,55,23
müssen 876,533,106,23
lokal 998,532,70,24
globalgerecht 1084,532,192,30
handeln; 710,571,127,28
rein 868,570,55,24
schweizerisch-insulare 954,569,322,25
Entscheide 711,607,155,25
über 886,608,65,23
Risiken 971,607,109,24
sind 1101,606,58,25
in 1179,606,28,24
den 1226,607,52,24
meisten 712,645,109,24
Fällen 835,645,90,23
nicht 938,644,72,24
mehr 1024,644,75,24
verantwort¬ 1112,649,166,19
bar 711,682,45,24
(die 779,682,52,29
EGES-Energieszenarien 855,682,346,30
und 1223,682,53,22
unser 711,726,78,17
Umweltverträglichkeitsritual, 850,718,426,31
das 710,757,44,24
den 771,757,50,24
Treibhauseffekt 837,757,229,24
nicht 1083,756,71,24
berück¬ 1170,756,108,24
sichtigt, 710,794,110,31
sollten 836,794,93,24
die 944,794,41,24
letzten 1001,794,94,24
diesbezügli¬ 1109,793,169,31
chen 710,831,66,23
Fehlleistungen 805,829,213,31
gewesen 1046,837,116,22
sein!). 1191,828,83,30
<EOS>
Und: 710,868,72,24
Die 809,867,50,24
Zeitbombe 886,867,155,24
«Weltbevölke¬ 1070,866,207,24
rungsexplosion» 712,904,234,32
tickt 982,904,63,24
unaufhaltsam 1080,903,198,25
weiter... 711,941,132,26
<EOS>
<EOP>
Objektive 711,1068,163,34
Fakten 884,1068,109,26
• 1004,1080,3,6
Wertung? 710,1107,166,32
<EOS>
<EOP>
Subjektive 1028,1068,174,32
<EOS>
<EOP>
R. 712,1188,31,23
<EOS>
Bühler 760,1187,98,24
überträgt 873,1186,132,31
offenbar 1021,1185,124,25
die 1160,1185,42,24
Hei- 1219,1184,60,24
senbergsche 713,1224,170,31
Unschärferelation 915,1223,262,25
(«die 1207,1222,72,30
Wirklichkeit 712,1262,183,23
an 912,1269,33,16
sich 962,1261,55,24
gibt 1033,1261,53,30
es 1103,1268,26,16
nicht, 1146,1260,79,29
sie 1243,1260,36,24
hängt 714,1300,78,29
vom 803,1306,61,17
Beobachter 875,1299,160,24
ab») 1044,1298,62,30
aus 1116,1306,45,16
dem 1171,1298,60,24
su¬ 1241,1305,39,17
batomaren 713,1337,153,24
Bereich 880,1336,107,25
auf 1000,1336,46,25
unsere 1057,1344,94,16
makros¬ 1164,1335,116,24
kopische 714,1374,123,30
Welt 853,1374,66,24
und 935,1374,53,24
sagt: 1004,1378,63,26
«Jede 1084,1373,77,24
wissen¬ 1177,1372,102,25
schaftliche 713,1411,153,25
Aussage 880,1412,115,30
ist 1010,1411,30,24
mit 1055,1411,47,24
dem 1116,1411,59,24
Stand¬ 1190,1411,89,23
punkt 713,1449,84,31
und 811,1449,53,24
dem 880,1449,59,24
Bewusstsein 954,1448,172,24
des 1140,1448,44,24
Beob¬ 1200,1448,79,24
achters 714,1487,100,23
verknüpft.» 823,1486,168,30
<EOS>
Gute 715,1536,70,24
Nacht, 794,1535,92,29
Wissenschaft! 897,1534,197,25
<EOS>
Wenn 1102,1535,86,24
er 1197,1542,27,17
we¬ 1233,1542,48,16
nigstens 715,1573,114,31
«wissenschaftliche» 846,1571,283,26
weggelas¬ 1146,1572,135,31
sen 715,1619,44,16
hätte 770,1611,70,24
<EOS>
Und 899,1610,60,24
dann 970,1610,71,24
weiter: 1051,1610,97,24
«In 1160,1610,47,23
kon¬ 1218,1610,63,23
troversen 713,1653,135,19
Problemkreisen, 881,1647,233,29
wie 1149,1647,47,24
bei¬ 1229,1647,51,24
spielsweise 714,1686,155,30
der 889,1686,45,23
Kernenergie, 954,1685,185,30
sind 1160,1684,58,25
die 1239,1684,40,25
Aussagen 715,1724,133,29
nicht 865,1723,71,25
mehr 953,1723,76,24
von 1044,1731,52,16
demjenigen 1113,1722,166,31
zu 714,1769,32,17
trennen, 754,1765,119,24
der 884,1761,45,24
die 938,1760,41,25
Aussage 988,1761,115,30
macht». 1114,1760,113,24
<EOS>
Bin 715,1810,48,24
ich 776,1809,41,25
hoffnungslos 830,1809,185,31
altmodisch, 1028,1808,163,29
wenn 1205,1816,75,16
ich 715,1847,42,25
meine, 770,1847,94,28
dass 879,1847,57,24
sich 949,1847,55,24
gerade 1017,1847,92,30
bei 1123,1846,40,24
kontro¬ 1177,1847,105,23
versen 715,1893,91,16
Fragestellungen 851,1885,228,30
(zumindest 1123,1884,158,29
wenn 715,1930,76,16
sie 808,1922,35,24
so 860,1930,27,16
konkret 905,1923,112,23
und 1034,1922,53,24
wichtig 1103,1921,104,31
sind 1223,1921,58,24
wie 715,1960,46,25
die 778,1960,41,25
Energieversorgung) 837,1959,281,32
alle 1135,1959,48,24
Betei¬ 1202,1958,79,24
ligten 715,1998,78,31
so 807,2006,27,16
redlich 848,1997,99,25
wie 960,1997,47,24
möglich 1020,1996,115,32
bemühen 1147,1996,133,25
sollten, 715,2036,100,28
die 840,2035,41,24
Fakten/Sachverhalte 905,2035,300,24
von 1229,2041,51,16
blossen 715,2073,103,24
Meinungen/Vermutungen 833,2073,379,30
und 1227,2072,53,24
Wertmassstäben/Beurteilungen 715,2109,455,31
zu 1250,2117,31,16
trennen? 716,2148,127,25
<EOS>
<EOP>
Partnerschaftliche 716,2273,299,27
Risikoentscheidungen? 716,2311,380,33
<EOS>
R. 717,2394,28,22
<EOS>
Bühler 757,2393,96,23
schlägt 862,2393,98,30
vor, 969,2400,55,21
dass 1034,2393,57,23
die 1100,2392,42,24
«von 1152,2399,70,17
den 1231,2392,51,24
Technologiefolgen 715,2430,266,31
betroffene 997,2430,147,24
Bevölke¬ 1161,2429,122,25
rung» 717,2476,81,23
in 826,2468,25,24
den 876,2468,51,24
Risikobeurteilungspro- 953,2467,330,31
zess 716,2513,54,17
eingebunden 785,2505,183,31
werden 984,2505,103,24
sollte, 1102,2505,82,27
wobei 1201,2504,81,25
nicht 717,2543,71,24
nur 805,2551,48,16
die 869,2543,41,24
direkten 926,2543,119,24
Wirkungen 1061,2543,162,30
auf 1239,2543,45,23
Mensch 716,2581,110,23
und 838,2581,53,23
Umwelt, 903,2581,121,28
sondern 1035,2581,114,23
auch 1161,2580,65,24
der 1238,2580,45,24
«geistig-seelische 717,2620,242,32
Bereich» 980,2621,125,25
zu 1125,2629,32,16
berück¬ 1177,2621,107,24
sichtigen 715,2659,127,30
wäre. 856,2661,74,22
<EOS>
Als 946,2659,45,24
Ingenieur 1006,2659,139,31
realisiert 1159,2659,123,24
er 716,2703,27,17
dann 754,2696,72,24
aber 837,2696,61,23
selbst, 908,2696,86,28
«dass 1008,2696,76,23
in 1096,2696,25,23
der 1133,2696,46,23
prakti¬ 1190,2694,94,31
schen 717,2733,79,25
Ausführung 815,2734,174,30
nicht 1008,2733,71,24
alle 1097,2733,49,24
Wirkun¬ 1164,2732,121,24
<EOS>
<EOP>
gen 1322,323,49,23
bis 1381,316,38,24
ins 1430,316,40,24
Detail 1481,316,86,24
ermittelt 1577,316,124,24
werden 1711,316,104,24
kön¬ 1826,316,63,24
nen». 1322,361,78,17
<EOS>
Ich 1323,403,44,25
sehe 1379,403,61,25
bei 1453,403,41,25
dem 1506,403,60,24
vorgeschlagenen 1579,403,238,30
Dia¬ 1829,402,61,24
log 1322,441,43,30
durchaus 1378,441,130,24
positive 1521,440,111,31
Aspekte, 1645,440,122,31
bezwei¬ 1782,439,107,25
fle 1323,478,34,24
aber, 1368,478,68,29
ob 1448,478,33,24
man 1492,486,62,16
angesichts 1564,478,145,31
der 1720,478,45,23
genann¬ 1775,485,114,23
ten 1322,520,44,20
realen 1389,516,87,24
Umstände 1499,516,145,23
damit 1667,515,82,24
über 1771,515,65,24
ir¬ 1858,515,31,23
gendein 1322,554,112,30
grösseres 1452,555,128,29
Projekt 1599,553,105,30
einen 1723,553,77,24
Kon¬ 1819,553,70,24
sens 1323,599,58,17
herstellen 1390,591,140,24
kann. 1540,591,79,24
<EOS>
Stichworte 1629,589,152,26
dazu: 1790,590,77,25
D 1324,641,22,23
Ein 1367,639,49,25
Rechtsstaat 1426,639,162,25
muss 1598,646,70,17
sich 1677,638,55,25
an 1742,647,33,16
eine 1784,638,58,25
ge¬ 1851,646,40,24
wisse 1323,677,73,24
Hierarchie 1427,676,153,25
von 1610,684,53,17
Gesetzen/Re¬ 1694,676,197,25
geln/Verantwortlichkeiten 1323,714,386,32
halten. 1719,715,95,22
<EOS>
Eine 1826,713,65,24
reine 1323,752,71,24
Betroffenheitsdemokratie 1411,751,370,25
verun- 1797,759,93,17
möglicht 1323,790,126,30
alle 1459,790,49,24
grösseren 1518,791,135,29
Anlagen, 1663,790,127,30
die 1802,789,41,24
im 1854,789,36,24
gemeinsamen 1322,827,197,31
Interesse 1536,828,126,23
lägen. 1679,827,81,31
<EOS>
Zu 1778,827,38,23
prü¬ 1832,828,59,29
fen 1323,865,45,24
wären 1378,866,87,23
allerdings 1475,864,140,31
klare 1626,864,71,24
kompensato¬ 1708,864,183,30
rische 1324,903,84,23
Regelungen 1431,903,168,30
für 1622,902,43,23
direkt 1687,902,83,23
Betrof¬ 1794,902,97,23
fene. 1325,940,67,24
<EOS>
D 1326,991,22,22
Die 1369,988,49,25
Genehmigungsverfahren 1433,988,359,31
in 1807,987,26,25
der 1847,988,44,24
Bundesrepublik 1325,1026,227,31
Deutschland 1581,1025,179,25
schlies¬ 1788,1025,103,25
sen 1324,1072,45,16
eine 1381,1063,57,25
weitgehende 1450,1063,179,32
Partizipation 1643,1063,184,31
ein. 1839,1063,50,24
<EOS>
Nach 1324,1102,74,23
meinen 1411,1101,105,24
Erfahrungen 1529,1102,183,29
mit 1725,1101,46,23
solchen 1783,1101,107,23
Erörterungs- 1324,1140,181,29
und 1538,1139,54,23
Gerichtsverfahren 1626,1138,264,24
grenzt 1323,1180,89,27
es 1423,1184,26,17
aber 1460,1177,61,24
an 1531,1184,33,16
ein 1574,1176,43,24
Wunder, 1626,1176,125,28
wenn 1762,1184,76,16
da¬ 1849,1176,42,23
bei 1325,1213,41,25
in 1380,1213,27,25
irgendeinem 1422,1213,179,32
Punkt 1615,1213,85,24
ein 1714,1213,42,24
Konsens 1770,1213,121,24
erzielt 1325,1251,89,24
wird. 1422,1251,72,24
<EOS>
<EOS>
Selbst 1368,1300,83,24
die 1468,1300,41,23
Erarbeitung 1527,1300,171,30
von 1715,1307,51,16
Studien 1783,1300,108,23
in 1326,1338,26,23
Zusammenarbeit 1379,1337,245,24
zwischen 1651,1337,130,24
Kern¬ 1809,1338,82,23
energiegegnern 1324,1375,219,30
und 1555,1375,55,24
Gutachtern 1622,1375,164,24
verlief 1798,1374,93,24
enttäuschend: 1325,1413,199,24
Die 1545,1412,48,24
Modellstudie 1615,1411,188,25
«Ra¬ 1825,1412,66,23
dio-Ökologie 1324,1445,185,36
Biblis» 1519,1449,97,25
brachte 1628,1449,105,24
ausser 1743,1457,87,16
viel 1839,1449,52,24
Papier 1326,1488,90,30
nur 1440,1495,49,16
wenig 1511,1488,85,30
Konsens, 1619,1488,129,27
und 1771,1487,56,23
die 1849,1487,42,23
Phase 1326,1525,80,24
B 1430,1526,18,23
der 1472,1525,44,24
Deutschen 1539,1525,152,24
Risikostudie 1714,1524,177,25
scheiterte 1326,1562,135,25
beinahe 1471,1562,111,25
(vgl. 1592,1562,60,31
<EOS>
weiter 1663,1562,87,24
unten). 1759,1561,100,31
<EOS>
D 1326,1613,22,23
Die 1369,1611,50,25
Medien 1431,1611,108,25
verstärken 1552,1611,150,24
den 1714,1611,50,24
latenten 1777,1611,114,24
Hang 1326,1649,76,31
zur 1420,1657,46,16
Polarisierung 1485,1648,191,31
in 1694,1648,27,24
kontrover¬ 1741,1648,150,24
sen 1324,1694,45,16
Gebieten: 1381,1687,140,24
Die 1532,1687,49,23
Mediokratie 1593,1685,174,25
will 1777,1686,52,23
den 1840,1687,50,22
«Boxkampf», 1326,1724,191,30
nicht 1529,1724,71,24
den 1610,1724,50,24
Konsens 1670,1725,121,23
<EOS>
<EOP>
D 1325,1775,22,22
Während 1367,1774,132,23
wir 1516,1773,45,24
die 1576,1772,42,25
Zeit 1633,1772,56,25
verreden, 1704,1773,133,28
er¬ 1855,1780,36,17
wärmt 1325,1813,91,22
sich 1427,1810,55,25
die 1493,1810,40,25
Atmosphäre 1544,1810,176,31
weiter, 1731,1809,94,30
und 1837,1810,54,24
es 1325,1856,25,17
verhungern 1378,1848,166,31
weitere 1572,1848,103,24
Millionen 1703,1847,142,25
<EOS>
<EOP>
Deren 1326,1886,87,24
Interessen 1426,1886,145,24
sollten 1582,1886,94,23
z.B. 1687,1886,51,23
<EOS>
in 1752,1886,26,23
Kodex- 1791,1886,101,23
Form 1325,1924,78,23
in 1425,1924,25,23
solche 1472,1924,87,23
Entscheidungsverfah¬ 1580,1923,312,30
ren 1324,1969,45,16
einf 1379,1961,56,24
Hessen! 1438,1961,102,24
<EOS>
<EOP>
Ergebnisse 1325,2088,178,31
von 1510,2096,60,16
Risikoanalysen 1581,2087,249,32
für 1839,2087,50,25
Kernkraftwerke 1326,2124,265,26
Wahrscheinlichkeit 1324,2202,318,26
von 1649,2211,60,17
Kernschmelzunfällen 1324,2239,349,27
R. 1324,2295,29,23
<EOS>
Bühler 1373,2294,96,24
zweifelt 1486,2294,112,24
die 1615,2294,42,24
mittels 1676,2294,95,24
Risiko¬ 1791,2294,100,24
analysen 1324,2332,123,30
ermittelten 1472,2331,159,24
Wahrscheinlich¬ 1654,2330,237,25
keiten 1325,2369,87,25
für 1440,2369,42,24
einen 1509,2368,77,25
Kernschmelzunfall 1615,2368,276,25
mit 1326,2406,46,25
drei 1381,2406,55,25
Argumenten 1445,2407,182,31
an: 1637,2413,43,17
a) 1326,2456,24,30
Sabotage 1370,2456,125,30
und 1537,2455,53,24
vorschriftswidrige 1632,2454,260,31
<EOS>
<EOP>
Eingriffe 1371,2493,127,31
des 1516,2493,44,24
Personals 1579,2493,135,24
seien 1731,2492,71,24
nicht 1821,2492,70,24
berücksichtigt. 1371,2530,208,31
<EOS>
b) 1326,2580,26,30
In 1371,2581,28,23
einer 1421,2579,72,25
Vergleichsrechnung 1513,2579,287,31
eines 1821,2578,70,25
<EOS>
<EOP>
Notspeisesystems 1370,2617,246,31
eines 1657,2616,70,25
französi¬ 1769,2616,124,25
schen 1369,2655,80,25
Reaktors 1466,2655,127,24
durch 1608,2654,82,25
verschiedene 1707,2653,184,25
Gruppen 1371,2693,128,31
hätten 1513,2692,89,24
sich 1613,2692,56,24
die 1681,2692,42,24
extremsten 1734,2696,158,20
Ergebnisse 1372,2731,152,30
für 1558,2731,41,23
die 1632,2729,42,25
Ausfallwahr- 1708,2730,186,24
<EOS>
<EOP>
661 1853,2800,44,23
<EOS>
<EOP>
