1960,2865
Wettbewerbe 41,93,187,27
Schweizer 1102,88,139,27
Ingenieur 1248,90,131,31
und 1386,88,52,25
Architekt 1443,86,128,27
Nr. 1577,88,42,24
<EOS>
23,7. 1628,87,70,29
<EOS>
Juni 1709,87,56,25
1990 1775,86,59,26
<EOS>
<EOP>
/ 130,269,32,21
© 193,258,33,25
%'yY^ 242,248,123,35
' 435,254,4,6
L- 535,247,42,36
m 86,378,53,43
WUSSÊ® 146,359,267,61
mm 432,375,134,41
ICS 260,399,122,43
<EOS>
<EOP>
E 551,473,36,25
m 284,488,43,31
<EOS>
<EOP>
1 555,515,33,68
<EOS>
i=S« 186,554,32,12
« 58,579,11,11
® 79,576,17,19
g®@ 102,572,59,22
<EOS>
<EOP>
e>" 333,596,29,16
« 395,594,14,16
<EOS>
<EOP>
&g 451,617,35,22
rr® 251,622,57,30
m 225,633,47,36
fczS13. 470,671,115,37
<EOS>
<EOP>
^r- 522,696,66,25
& 237,711,29,36
ff 321,770,28,28
terns®- 329,807,167,44
B. 540,825,34,24
<EOS>
sgä'V 253,857,70,26
c^ 531,870,33,11
<EOS>
<EOP>
1. 38,931,17,22
<EOS>
Preis 70,930,60,23
(25 144,931,36,27
000 190,930,42,21
Fr.) 247,930,43,26
<EOS>
Hiltbrunner 306,927,170,22
und 490,927,46,21
Ro- 552,926,48,21
then, 36,964,75,26
Münsingen 119,963,143,28
Aus 36,1037,46,20
dem 90,1036,55,20
Bericht 153,1035,87,21
des 247,1035,43,20
Preisgerichtes 299,1034,179,26
Das 38,1080,41,17
Projekt 92,1079,81,23
führt 186,1079,54,17
alle 253,1078,38,18
Strassen 304,1078,90,18
auf 406,1077,36,19
einen 454,1075,59,20
Kreisel 527,1075,77,19
als 38,1109,28,19
neuen 79,1114,66,14
Brennpunkt. 158,1108,139,24
<EOS>
Der 312,1108,41,18
Verlauf 364,1107,85,18
der 460,1106,35,18
Strassen- 507,1107,98,17
räume 37,1140,70,17
wird 116,1139,51,18
durch 175,1139,64,18
mehrgeschossige 249,1137,184,24
neue 444,1141,50,14
Gebäude 505,1136,99,19
definiert. 37,1169,101,19
<EOS>
In 149,1169,22,18
der 180,1168,35,19
Achse 224,1168,67,18
der 301,1168,34,18
Bernstrasse 345,1168,125,17
als 479,1167,28,17
wichtig¬ 516,1166,89,23
stem 39,1203,48,15
Strassenraum 99,1200,149,18
wird 259,1198,48,19
ein 318,1196,32,20
durch 361,1197,63,19
eine 434,1196,44,19
feinsliede- 490,1195,115,20
<EOS>
<EOP>
T 699,177,19,31
/ 1427,181,16,21
<EOS>
A* 1500,175,49,28
<EOS>
<EOP>
-te 1389,225,23,21
1 932,245,17,32
•v; 1466,245,40,18
i 1564,247,4,15
<EOS>
<EOP>
V 1251,301,44,40
<EOS>
<EOP>
\ 1580,378,8,22
' 1615,376,5,8
h 704,384,75,119
i 1585,422,10,24
Ht 1074,422,15,13
<EOS>
<EOP>
3 1400,597,26,39
i. 1488,610,8,26
<EOS>
tt*$4 771,653,132,31
<EOS>
<EOP>
> 725,840,12,18
<EOS>
<EOP>
rige 652,925,40,24
Überbauung 703,921,138,27
gebildeter 850,924,110,23
Platz 970,924,54,17
mit 1034,923,35,18
Kopfbau 1080,922,95,25
an¬ 1185,928,33,13
geordnet. 651,955,103,25
<EOS>
Die 765,955,38,18
Neubauten 813,953,122,20
nehmen 946,954,88,18
die 1045,953,31,19
vorhandene 1086,953,132,19
Baustruktur 651,985,135,19
in 799,985,21,18
Typologie 832,984,110,24
und 957,984,42,18
Massstab 1013,983,101,19
auf 1127,983,36,19
und 1176,982,42,19
führen 651,1015,74,19
sie 735,1015,28,19
in 774,1014,19,19
eine 803,1014,45,19
neue, 859,1019,55,15
charakteristische 925,1013,189,20
bauliche 1124,1013,94,18
Ordnung 651,1046,102,23
über. 760,1045,55,18
<EOS>
Insbesondere 825,1044,146,19
der 978,1044,36,19
auffällige 1021,1043,105,24
Bau 1135,1043,40,19
der 1184,1043,35,18
Spar- 652,1076,56,23
und 721,1075,41,19
Leihkasse 776,1074,109,20
wird 897,1074,49,19
auf 960,1074,36,19
selbstverständliche 1008,1073,210,19
Weise 652,1106,64,18
integriert. 729,1104,108,25
<EOS>
Die 851,1104,38,20
Charakteristik 902,1103,161,21
der 1075,1103,35,19
Strassen- 1121,1103,98,19
räume 652,1137,69,17
der 729,1135,35,19
Schulhausgasse 771,1135,170,23
und 949,1135,42,18
des 998,1134,34,18
Überganges 1041,1130,129,27
von 1178,1139,40,12
Hintergasse 652,1166,129,23
zu 793,1171,24,13
Tägertschistrasse 828,1164,189,24
wird 1029,1164,48,19
beibehalten 1090,1163,128,20
und 652,1196,41,18
ergänzt. 703,1197,87,21
<EOS>
Auch 801,1195,58,18
die 869,1195,31,18
typischen 910,1195,104,23
rückwärtigen 1024,1194,146,23
Ge¬ 1180,1193,39,19
<EOS>
<EOP>
bäude 1261,921,64,19
mit 1338,920,36,19
den 1386,920,39,18
Kleinbauten 1438,919,138,19
werden 1588,919,81,18
in 1681,919,21,17
der 1714,919,35,18
neuen 1760,923,66,13
Bebauung 1262,951,110,23
vorbildlich 1378,950,121,18
weitergeführt. 1508,948,156,25
<EOS>
Das 1260,985,42,17
Erschliessungsnetz 1312,983,210,24
ist 1532,982,25,19
originell 1566,982,94,24
und 1670,982,42,18
leistungs¬ 1724,981,104,23
fähig. 1260,1013,61,24
<EOS>
Die 1339,1013,39,19
städtebauliche 1394,1013,160,18
Grundhaltung 1572,1011,161,24
stimmt 1749,1011,77,19
mit 1260,1043,37,20
dem 1311,1044,48,19
vorgeschlagenen 1374,1043,186,24
Erschliessungskonzept 1576,1041,251,23
überein. 1262,1073,89,19
<EOS>
Eine 1367,1073,48,18
neue, 1429,1078,57,13
auf 1500,1072,36,19
die 1548,1072,32,19
Zentrumsfunktionen 1593,1071,234,20
abgestimmte 1261,1103,140,24
räumliche 1412,1102,112,19
Ordnung 1534,1102,101,23
ergibt 1644,1102,64,22
eine 1718,1101,45,18
klare 1774,1101,54,18
Gesamtsituation 1261,1133,183,18
und 1456,1133,40,18
vernetzt 1509,1135,90,16
trotzdem 1611,1131,99,19
feinmass- 1723,1130,105,20
stäblich 1261,1163,84,19
die 1360,1163,31,18
bestehenden 1405,1162,138,19
Aussenräume 1557,1162,152,17
und 1723,1160,41,19
Bau¬ 1779,1160,49,18
strukturen. 1262,1193,122,19
<EOS>
<EOP>
/ 1426,1284,20,27
VÜ 229,1284,29,32
<EOS>
<EOP>
I 707,1452,75,111
rtwpt 255,1473,39,14
<EOS>
<EOP>
¦ 947,1513,3,3
<EOS>
<EOP>
¦'¦?* 1013,1558,28,17
<EOS>
S 374,1604,27,51
„f. 236,1629,29,14
<EOS>
<EOP>
¦'Li 1008,1974,24,14
2. 49,2021,19,19
<EOS>
Preis 84,2019,58,22
(20 156,2019,38,27
000 202,2018,43,22
Fr.): 260,2018,50,27
<EOS>
Fritz 324,2017,62,21
König, 400,2015,94,28
Münsin¬ 511,2013,105,22
gen 49,2060,42,20
Aus 47,2099,45,19
dem 100,2097,55,20
Bericht 163,2096,88,21
des 258,2096,43,20
Preisgerichtes 309,2096,180,25
Durch 49,2140,69,19
eine 130,2140,44,18
Umlenkung 186,2139,134,23
der 330,2139,35,17
Tägertschistrasse 375,2137,189,25
will 575,2135,40,20
der 48,2170,35,19
Verfasser 98,2170,104,19
Raum 218,2170,66,18
für 301,2168,33,19
einen 349,2168,59,19
neuen 426,2173,65,13
Dorfplalz 509,2167,107,23
schaffen. 47,2200,100,19
<EOS>
Durch 166,2200,69,18
eine 252,2199,46,18
halbkreisförmige 315,2198,191,24
Randbe¬ 523,2197,93,19
bauung 48,2231,82,23
entsteht 144,2230,87,19
ein 245,2229,33,19
vom 293,2234,47,14
vorhandenen 356,2228,145,19
Dorfzen¬ 517,2228,99,18
trum 48,2264,54,15
abgetrennter, 112,2261,147,23
von 268,2265,41,13
der 318,2259,36,19
Strasse 362,2259,76,19
nicht 447,2257,55,20
einsehba¬ 511,2257,105,19
rer 51,2296,29,13
Dorfplatz. 90,2290,112,24
<EOS>
Dadurch 213,2289,94,19
erhält 318,2289,63,18
der 390,2289,35,18
Platz 435,2289,53,18
eine 496,2288,46,18
gewis¬ 550,2286,67,25
se 50,2326,19,12
Intimität 83,2320,96,19
und 193,2320,40,18
Ruhe, 247,2320,63,19
gleichzeitig 323,2318,127,24
fehlt 462,2317,49,20
aber 523,2318,48,18
der 583,2317,34,19
<EOS>
<EOP>
räumliche 662,2016,110,19
Bezug 787,2016,66,24
zu 865,2021,24,13
den 903,2015,39,19
anderen 956,2015,90,18
Elementen 1061,2014,118,19
des 1193,2013,34,18
Zentrums. 660,2047,114,18
<EOS>
Es 789,2046,24,18
entstehen 826,2045,106,19
generell 945,2045,89,23
bei 1048,2044,31,18
diesem 1092,2043,77,19
Pro¬ 1183,2043,45,19
jekt 658,2077,43,24
verschiedene 712,2076,144,19
im 868,2074,26,20
einzelnen 905,2075,107,19
attraktive 1024,2073,106,20
Räume, 1142,2073,84,18
wie 660,2107,36,18
im 709,2106,26,19
Bereich 748,2106,83,19
der 843,2106,35,18
aufgegebenen 890,2105,151,24
Tägertschistras¬ 1052,2103,176,25
se. 661,2143,26,13
<EOS>
den 699,2137,39,19
Durchgängen 752,2136,149,24
des 914,2135,34,19
Rundbaues, 962,2134,129,19
den 1104,2134,38,18
Innen¬ 1157,2134,72,17
räumen 662,2168,85,17
in 756,2166,20,18
der 784,2167,36,17
2-/3. 828,2165,48,20
<EOS>
Etappe. 887,2166,81,23
<EOS>
Indem 978,2165,70,19
sich 1057,2164,43,20
der 1108,2164,35,19
Verfas¬ 1151,2163,78,19
ser 660,2203,32,13
auf 699,2197,36,19
das 741,2197,36,18
Gebiet 785,2195,74,20
südlich 866,2195,80,19
der 953,2195,36,19
verlegten 997,2195,101,23
Tägertschi¬ 1105,2193,124,24
strasse 660,2231,72,15
beschränkt, 742,2226,128,19
bildet 880,2225,61,20
das 951,2226,35,18
Ganze 996,2225,71,19
kein 1077,2224,47,19
überzeu¬ 1133,2224,95,18
gendes 661,2257,75,24
städtebauliches 743,2256,170,19
Gesamtkonzept. 920,2255,182,23
<EOS>
Gut 1111,2254,42,18
gelun¬ 1161,2254,68,23
gen 662,2293,38,18
ist 710,2287,23,18
die 743,2287,33,18
Integration 787,2285,121,25
der 919,2286,35,19
heute 964,2285,60,19
zu 1034,2291,23,12
grossmassstäb- 1068,2283,161,26
lich 664,2317,37,19
wirkenden 720,2316,117,19
Spar- 855,2316,57,22
und 930,2316,39,18
Leihkasse, 989,2315,114,18
allerdings 1121,2313,108,24
<EOS>
<EOP>
wirkt 1272,2012,57,18
der 1337,2012,35,17
vorgeschlagene 1380,2010,168,25
Rundbau 1557,2008,101,19
fremd 1667,2007,64,18
und 1740,2007,41,18
inte¬ 1791,2007,48,17
griert 1272,2041,59,24
sich 1341,2040,42,20
nur 1395,2046,38,13
schlecht 1442,2039,89,19
in 1543,2037,19,20
das 1572,2038,35,19
Ortsbild. 1617,2037,97,20
<EOS>
So 1725,2037,25,18
wie 1760,2036,37,19
die 1807,2036,32,19
städtebauliche 1272,2070,158,20
Gestaltung 1441,2069,121,23
nicht 1571,2068,56,18
überall 1637,2067,78,19
befriedigt, 1725,2065,111,25
so 1272,2107,21,13
gut 1300,2105,34,20
gelungen 1340,2101,99,24
ist 1449,2100,23,18
das 1480,2099,35,19
Verkehrskonzept. 1521,2098,197,23
<EOS>
Es 1275,2163,23,19
handelt 1309,2162,83,20
sich 1402,2162,42,18
um 1455,2167,34,13
ein 1500,2161,33,18
sehr 1544,2160,46,18
gut 1600,2163,33,21
organisiertes 1644,2159,141,24
Pro¬ 1797,2158,44,19
jekt 1272,2194,43,23
mit 1330,2192,37,19
einem 1378,2192,68,19
städtebaulich 1459,2190,148,20
richtigen 1621,2188,99,25
Massslab. 1733,2188,107,19
<EOS>
In 1274,2223,21,19
der 1306,2223,34,19
räumlichen 1350,2222,127,19
Gestaltung 1486,2221,122,23
entsteht 1616,2220,87,19
jedoch 1712,2219,74,24
eine 1795,2217,45,20
nicht 1275,2253,55,19
befriedigende 1339,2251,150,24
Situation 1497,2250,101,20
in 1606,2250,20,18
Bezug 1635,2250,66,23
auf 1708,2249,35,19
die 1749,2249,33,18
Lage 1790,2249,52,23
des 1274,2283,34,19
Dorfplalzes 1322,2282,129,23
und 1464,2281,41,19
die 1518,2280,32,20
Qualität 1563,2280,91,24
der 1666,2280,36,19
städtebauli¬ 1715,2278,127,20
chen 1275,2314,51,18
Situation. 1334,2312,105,19
<EOS>
<EOP>
Carl 47,2430,54,21
Fingerhuth, 113,2428,149,29
Kantonsbaumeister. 274,2427,255,22
<EOS>
Basel. 543,2425,69,22
<EOS>
Fritz 49,2464,59,21
Kobi, 124,2463,67,25
Bern. 208,2463,64,21
<EOS>
Rudolf 289,2461,88,22
Rast. 392,2462,60,21
<EOS>
Bern. 468,2460,66,22
<EOS>
René 550,2460,64,21
Stoos, 47,2498,72,25
Brugg. 149,2498,79,26
<EOS>
Matthias 258,2495,110,22
Lutz. 398,2495,62,22
<EOS>
Raumpla¬ 491,2493,123,27
nungsamt. 49,2534,130,25
<EOS>
Bern, 189,2532,66,22
Ersatz. 265,2531,84,20
<EOS>
Die 50,2576,42,22
Kantonsstrasse 111,2577,189,21
in 318,2575,22,21
Münsingen 359,2574,141,26
ist 521,2573,24,20
eine 564,2572,50,21
klassische 49,2610,124,22
innerörtliche 197,2609,165,22
Hauptstrasse. 387,2609,168,26
<EOS>
Sic 578,2605,37,22
dient 47,2644,64,22
einerseits 131,2643,119,22
als 270,2642,32,22
historisch 324,2642,121,22
gewachsene 466,2641,148,27
Verbindung 49,2678,152,26
dem 208,2677,53,21
regionalen 272,2676,131,27
Durchgangsver¬ 415,2675,201,27
kehr, 51,2713,62,21
anderseits 130,2711,125,22
erfüllt 270,2709,78,23
sie 363,2709,32,22
im 411,2709,30,22
Kernbereich 459,2707,155,24
der 48,2747,41,21
Gemeinde 100,2745,132,22
die 242,2744,37,22
Funktion 292,2743,116,22
einer 420,2742,64,22
Einkauls¬ 496,2742,119,22
<EOS>
<EOP>
und 660,2425,46,22
Geschäftsstrasse 719,2424,207,22
mit 938,2421,41,23
den 991,2422,44,21
damit 1046,2421,72,22
verbun¬ 1129,2421,98,21
denen 660,2459,75,22
vielfältigen 759,2457,143,27
Ansprüchen 925,2456,155,27
an 1103,2462,28,15
Über- 1157,2450,70,27
querbarkeit, 660,2492,154,28
Anlieferungsmöglichkeit, 832,2488,326,30
Par¬ 1178,2488,49,22
kierung 661,2526,98,28
usw. 776,2532,55,16
<EOS>
Das 850,2526,47,20
Wohnen 914,2525,109,21
entlang 1041,2524,95,25
dieser 1153,2522,75,21
Strasse 660,2561,86,21
ist 755,2559,26,22
zudem 791,2559,83,22
immer 884,2559,83,21
stärkeren 975,2558,118,22
Immissio¬ 1104,2556,124,22
nen 663,2601,42,14
ausgesetzt. 715,2597,133,24
<EOS>
Die 660,2641,42,21
Zunahme 713,2640,122,21
des 846,2640,39,21
Autoverkehrs 897,2638,174,23
in 1083,2638,22,21
den 1117,2638,44,21
letz¬ 1173,2638,52,21
ten 660,2679,35,17
Jahrzehnten 711,2674,156,21
hat 886,2674,36,21
zu 939,2680,27,14
einem 983,2673,75,21
Ausbau 1075,2672,95,21
der 1186,2671,40,22
Kantonsstrasse 660,2708,189,22
geführt, 863,2708,99,26
dem 977,2708,52,20
markante 1045,2707,119,21
und 1179,2706,46,21
eindrückliche 659,2741,175,23
Bauten 857,2742,87,21
auf 966,2741,42,22
dem 1028,2742,52,21
Dorfplatz 1104,2741,122,26
<EOS>
<EOP>
weichen 1274,2421,102,22
mussten. 1386,2426,109,17
<EOS>
Für 1506,2421,44,21
den 1559,2421,45,21
Autoverkehr 1613,2421,163,21
wur¬ 1784,2426,57,14
de 1273,2456,27,22
ein 1315,2455,38,22
komfortables 1369,2454,168,23
Angebot 1552,2454,107,28
an 1672,2460,31,16
Verkehrs¬ 1716,2454,125,21
flächen 1274,2490,91,21
geschaffen, 1376,2489,142,27
gelitten 1530,2488,94,27
dabei 1636,2488,66,22
haben 1715,2488,74,21
das 1800,2488,39,20
Ortsbild, 1274,2523,110,24
in 1398,2523,23,21
das 1433,2523,40,21
eine 1484,2522,53,22
ausgedehnte 1549,2522,156,27
Lücke 1718,2521,77,22
ge¬ 1805,2526,36,22
schlagen 1274,2558,107,27
wurde, 1403,2557,84,22
sowie 1508,2556,69,22
die 1598,2556,35,21
Sicherheit 1654,2554,127,23
der 1802,2554,40,22
Fussgänger 1275,2592,141,27
und 1424,2591,48,21
Velofahrer. 1480,2590,145,22
<EOS>
Ziel 1274,2637,48,22
des 1339,2637,39,22
Wettbewerbs 1394,2636,164,22
war 1575,2642,46,15
die 1637,2636,35,21
Erarbeitung 1690,2634,152,26
eines 1275,2670,63,22
etappenweise 1347,2670,169,27
zu 1526,2675,27,16
realisierenden 1564,2669,179,22
Gestal- 1753,2668,89,21
lungs-. 1275,2708,82,23
<EOS>
Überbauungs- 1372,2698,179,33
und 1565,2703,46,21
Verkehrskonzep¬ 1626,2702,216,26
tes 1275,2742,32,17
für 1318,2738,37,21
den 1363,2738,45,21
Dorfkern 1420,2737,118,21
Münsingen. 1549,2736,149,28
<EOS>
Es 1710,2736,28,21
wurden 1747,2735,95,21
672 45,2813,46,22
<EOS>
<EOP>
