1960,2865
Energietechnik 89,93,202,33
Schweizer 1154,91,137,26
Ingenieur 1299,92,129,32
und 1436,91,52,25
Architekt 1494,90,127,25
Nr. 1628,91,42,24
<EOS>
23, 1679,91,39,28
7. 1727,91,22,24
<EOS>
Juni 1759,91,57,24
1990 1825,91,60,24
<EOS>
<EOP>
- 368,233,5,1
Aussentemperatur 381,229,156,17
o 554,229,17,11
Paneltemperatur 581,230,144,18
<EOS>
<EOP>
30 138,588,23,13
<EOS>
<EOP>
325 124,687,37,13
<EOS>
<EOP>
"Un 190,782,27,16
^^ 204,784,267,101
<EOS>
<EOP>
200 230,1219,36,14
400 290,1219,35,14
600 349,1219,35,14
800 407,1218,36,15
1000 461,1218,46,14
1200 520,1218,46,14
1400 579,1218,46,14
1600 638,1218,46,14
1800 697,1219,46,14
2000 754,1219,48,14
2200 814,1219,47,15
2400 873,1220,46,14
<EOS>
<EOP>
Taaeszeit 491,1269,77,15
<EOS>
<EOP>
Einstrahlung 1119,229,105,17
horizontal 1239,229,81,15
O 1339,229,17,12
Einstrahlung 1366,229,101,17
geneigt 1477,229,61,17
* 1588,229,9,9
Einstrahlung 1611,229,106,17
Vertikal 1731,228,64,14
<EOS>
<EOP>
f 1335,957,39,98
Ï 1402,1068,27,40
y 1322,1123,61,32
«r 1324,1143,26,19
<EOS>
<EOP>
200 1149,1220,35,14
400 1207,1220,35,13
600 1266,1220,34,13
800 1323,1219,35,14
1000 1376,1219,46,14
1200 1433,1219,46,14
1400 1491,1219,47,13
1600 1549,1218,46,14
1800 1607,1218,46,14
2000 1664,1218,47,14
2200 1722,1218,47,14
2400 1780,1219,46,14
<EOS>
<EOP>
Bild 88,1337,52,25
5. 146,1339,22,23
<EOS>
Tagesgänge 199,1339,164,30
der 373,1337,46,25
Temperatur 430,1338,158,30
des 596,1336,45,25
Aussenraumes 649,1338,199,23
und 859,1335,50,26
der 918,1335,46,26
Panelsam 88,1374,136,26
19. 238,1376,32,24
<EOS>
Jul 281,1374,38,26
il 320,1376,26,24
989 353,1375,48,25
<EOS>
<EOP>
Bild 1008,1336,51,25
6. 1067,1337,20,24
<EOS>
Horizontale, 1116,1335,168,31
geneigte 1295,1338,121,29
und 1426,1335,51,26
vertikale 1486,1334,117,27
Einstrahlung 1613,1334,169,33
am 1792,1344,41,16
19. 1847,1335,33,24
<EOS>
Juli 1008,1373,46,27
1989, 1066,1374,67,29
aufgetragen 1144,1372,169,33
über 1323,1372,64,26
die 1394,1372,39,25
Tageszeit 1445,1372,128,31
<EOS>
<EOP>
Leistung 299,1584,68,17
DC 376,1584,24,14
seitig 408,1584,41,17
WR1 457,1584,37,14
L} 563,1582,17,12
Leistung 590,1584,69,17
AC 669,1583,24,15
Wechselrichter! 704,1583,130,15
<EOS>
<EOP>
:T*-Hl 855,2532,53,18
200 243,2574,36,13
400 301,2574,35,13
600 359,2573,36,14
800 417,2573,35,14
1000 470,2573,46,14
1200 527,2573,46,14
1400 585,2573,47,14
1600 643,2573,46,14
1800 701,2573,46,14
2000 758,2573,47,14
2200 816,2573,48,14
2400 874,2573,46,14
<EOS>
<EOP>
Tageszeit 520,2605,76,17
<EOS>
<EOP>
¦ 1152,1586,3,2
Leistung 1165,1582,66,17
AC 1237,1582,25,14
L> 1368,1581,18,12
Leistung 1395,1582,66,17
AC 1467,1582,24,13
¦? 1599,1581,12,10
<EOS>
Solarleistung 1625,1581,106,17
AC 1739,1580,24,14
Total 1770,1581,40,13
Wechselrichterl 1164,1604,142,13
Wechselrichter2 1394,1603,144,14
<EOS>
<EOP>
*.\ 1582,1692,26,20
<EOS>
r\ 1557,1707,64,45
<EOS>
<EOP>
200 1164,2572,35,14
400 1222,2572,35,14
600 1280,2571,35,14
800 1338,2571,34,14
1000 1390,2571,46,14
1200 1448,2571,46,13
1400 1505,2570,47,14
1600 1564,2570,46,14
1800 1621,2570,47,13
2000 1678,2570,48,13
2200 1737,2570,47,14
2400 1795,2570,47,14
<EOS>
<EOP>
Tageszelt 1442,2609,76,17
<EOS>
<EOP>
Bild 95,2701,51,25
7. 152,2703,22,23
<EOS>
Tagesverlauf 204,2698,178,35
der 388,2700,45,25
Leistung 441,2701,112,30
eines 562,2701,68,23
Teils 643,2698,55,26
der 707,2698,46,26
Anlage 759,2698,99,32
vor 868,2708,45,15
und 920,2697,51,26
Bild 1013,2698,51,26
8. 1078,2700,20,24
<EOS>
Tagesverlauf 1135,2698,178,33
der 1325,2698,46,26
Leistung 1385,2699,112,31
der 1513,2697,46,25
beiden 1573,2697,92,25
Wechselrichter 1684,2696,206,26
nach 95,2739,63,25
dem 168,2739,56,25
Wechselrichter 238,2737,205,27
am 450,2747,40,16
19. 505,2738,33,24
<EOS>
Juli 549,2736,45,26
1989 606,2737,62,25
sowie 1012,2739,77,23
ihrer 1098,2736,64,26
Summe 1170,2737,97,25
am 1277,2746,40,16
19. 1332,2737,32,24
<EOS>
Juli 1375,2736,46,25
1989 1433,2736,62,24
<EOS>
<EOP>
653 1839,2808,46,23
<EOS>
<EOP>
