1960,2865
Wasserwirtschaft 56,82,239,26
Schweizer 1118,86,138,26
Ingenieur 1263,89,131,30
und 1401,89,52,25
Architekt 1458,89,127,25
Nr. 1593,90,41,24
<EOS>
23, 1644,91,38,29
7. 1692,91,22,24
<EOS>
Juni 1724,91,57,25
1990 1791,91,58,25
sultiert. 55,168,108,24
<EOS>
Diese 179,168,78,24
wird 272,168,62,24
den 350,168,50,25
durch 415,168,83,25
den 512,169,51,24
hö¬ 578,169,44,24
heren 55,206,80,23
Ausbau 146,205,108,24
erzielbaren 266,206,160,24
Produktions¬ 437,207,184,23
gewinn 54,243,103,30
schmälern 182,244,147,24
oder 354,243,63,25
gar 439,251,45,23
wettma¬ 508,248,113,20
chen. 54,280,75,25
<EOS>
Folglich 143,280,116,32
ist 273,281,30,24
eine 316,281,58,24
bedeutende 388,281,162,25
Pro¬ 564,282,57,24
duktionserhöhung 55,318,263,32
nur 334,326,50,17
bei 400,318,40,25
einigen 456,318,104,32
der 577,319,44,25
wenig 54,356,83,29
zahlreichen 169,356,167,24
Flusskraftwerken 369,356,252,25
möglich. 54,392,121,32
<EOS>
<EOP>
Die 54,521,51,24
Akzeptanz 113,518,178,34
eines 300,521,85,25
Ausbaus 395,520,139,26
der 544,521,55,25
Wasserkraftnutzung 52,557,343,33
Sobald 52,636,95,24
die 162,637,40,24
Erneuerungen 218,638,205,29
ein 437,638,43,24
Ausmass 494,638,125,24
annehmen, 52,673,160,30
das 227,675,44,24
über 284,675,65,24
den 362,675,51,24
Ersatz 427,676,88,23
der 528,676,45,23
al¬ 587,675,34,24
ten 52,715,43,20
Maschinen 108,711,157,25
durch 278,712,82,24
grössere 372,714,116,28
und 500,713,54,24
bes¬ 566,713,54,24
sere, 52,756,61,21
einschliesslich 130,748,206,25
der 351,749,46,24
damit 411,750,83,24
verbun¬ 509,750,111,24
denen 52,787,85,23
Anpassung 156,787,158,30
der 332,787,45,24
Zentralen, 395,787,148,29
hin¬ 563,787,57,24
ausgeht, 52,823,114,31
werden 182,825,103,23
sie 300,824,35,24
praktisch 350,824,131,31
wie 497,826,45,23
Neu¬ 556,826,65,23
bauten 55,860,93,25
behandelt. 157,861,148,24
<EOS>
Und 318,860,60,25
da 389,860,33,25
muss 432,869,70,17
einfach 512,861,106,25
festgestellt 52,898,150,31
werden, 215,898,111,29
dass 341,898,57,24
sich 411,898,56,25
heute 480,899,77,24
sol¬ 571,898,47,25
che 52,936,46,23
Neubauten 110,935,157,25
für 279,936,42,23
Wasserkraftanlagen 332,936,286,31
weder 52,973,84,24
längs 154,974,72,29
bereits 244,973,94,24
genutzten 356,978,140,26
Gewäs¬ 515,974,103,24
serstrecken 52,1011,160,24
noch 239,1011,67,24
ungenutzten 334,1015,178,26
leicht 540,1012,78,23
verwirklichen 51,1046,200,26
lassen. 265,1048,91,25
<EOS>
Im 372,1048,39,25
Gegenteil! 425,1049,148,31
<EOS>
Es 587,1050,30,23
erwächst 51,1085,125,24
ihnen 196,1085,80,25
nicht 295,1085,72,25
nur 387,1093,49,17
von 455,1094,51,16
Natur¬ 525,1087,93,24
schutz 52,1123,89,24
und 165,1124,54,23
Fischereiverbänden, 245,1123,290,29
son¬ 561,1132,57,16
dern 51,1160,64,24
auch 129,1161,67,23
von 210,1168,52,16
breiten 276,1161,101,24
Kreisen 391,1161,109,24
der 515,1162,45,23
Be¬ 574,1162,44,23
völkerung 51,1198,145,31
ein 230,1198,43,24
nachhaltiger 307,1198,180,31
Wider¬ 520,1199,98,24
stand. 51,1234,82,25
<EOS>
Das 151,1236,52,24
äussert 218,1237,99,23
sich 331,1236,55,25
unter 401,1240,77,21
anderem 493,1237,125,24
in 52,1273,26,23
langwierigen 94,1273,183,31
Verfahrensprozeduren 292,1273,325,31
bis 52,1310,37,24
vor 106,1317,46,17
Bundesgericht 170,1311,203,31
und 389,1311,56,24
in 461,1311,27,24
entspre¬ 505,1316,113,26
chenden 51,1347,119,25
politischen 186,1348,157,30
Vorstössen. 359,1348,161,25
<EOS>
Es 538,1350,32,23
ist 587,1349,30,24
deshalb 51,1384,107,26
nicht 169,1385,72,25
auszuschliessen, 251,1385,232,30
dass 494,1386,58,25
sich 562,1386,55,25
die 50,1422,41,25
mit 104,1422,48,25
dem 164,1423,60,24
Inkrafttreten 238,1423,186,25
des 437,1424,44,24
Umwelt¬ 494,1425,123,24
schutzgesetzes 51,1461,203,30
am 265,1469,42,16
1. 322,1462,18,23
<EOS>
Januar 351,1462,97,23
1985 461,1461,61,25
einge¬ 533,1461,84,32
führte 51,1498,87,23
Umweltverträglichkeitsprüfung 161,1498,456,31
für 51,1535,41,24
Wasserkraftanlagen 120,1535,287,31
letztlich 437,1537,113,23
als 580,1537,36,23
bauverhindernd 53,1571,221,27
auswirken 287,1573,147,25
wird. 450,1574,70,24
<EOS>
Denn 538,1575,78,24
wenn 50,1617,76,17
eine 160,1610,58,25
neue 251,1619,67,16
Wasserkraftanlage 350,1611,266,32
«per 51,1655,62,23
se» 125,1654,43,18
schon 182,1648,81,24
abgelehnt 276,1648,140,31
wird, 428,1648,70,30
vermag 511,1656,106,23
ihr 50,1685,41,24
auch 109,1686,67,23
keine 195,1686,76,23
noch 290,1687,68,23
so 377,1693,28,17
subtile 423,1687,93,23
Argu¬ 536,1687,80,30
mentation 50,1723,146,24
im 211,1723,35,24
Umweltbereich 262,1723,220,25
mehr 496,1725,75,23
zu 584,1731,32,17
helfen. 50,1760,96,24
<EOS>
So 167,1761,31,24
hat 217,1761,44,24
denn 279,1761,70,24
heute 367,1760,78,26
auch 462,1762,67,24
noch 548,1762,68,24
kein 50,1797,61,24
einziges 127,1797,112,32
grösseres 255,1800,128,29
Neubauprojekt 399,1799,216,31
eine 49,1835,58,24
Umweltverträglichkeitsprüfung 161,1836,455,31
bestanden. 50,1872,150,25
<EOS>
Ja, 216,1874,35,28
bis 268,1873,38,24
jetzt 320,1874,64,30
hat 400,1874,43,23
auch 458,1875,67,23
unter 540,1879,76,19
den 49,1910,50,24
Umbauprojekten 117,1910,246,31
einzig 380,1911,85,31
Rheinfel¬ 483,1912,133,23
den 49,1947,50,25
diese 116,1946,69,26
Hürde 204,1948,90,24
genommen. 311,1955,167,24
<EOS>
Die 497,1949,49,25
ent¬ 563,1954,53,20
sprechenden 48,1985,181,30
Untersuchungen 257,1985,237,32
ziehen 522,1986,93,25
sich 48,2022,54,24
überall 121,2022,100,25
in 240,2023,26,23
die 284,2023,41,24
Länge 345,2024,85,31
und 448,2024,54,24
weisen 521,2024,93,25
zum 48,2068,60,16
Teil 119,2060,55,24
einen 185,2061,77,23
kaum 274,2061,80,24
zu 365,2068,32,17
bewältigenden 408,2062,206,30
Detaillierungsgrad 50,2097,265,32
auf. 330,2098,52,25
<EOS>
Es 398,2100,31,23
ist 445,2099,30,24
auch 489,2100,66,23
un¬ 570,2107,45,17
schwer 48,2135,98,24
vorauszusehen, 161,2136,217,27
dass 395,2136,57,25
die 467,2137,41,24
Ergeb¬ 524,2138,91,30
nisse, 48,2173,75,29
sollten 134,2173,94,24
sie 238,2173,35,25
gesamthaft 283,2173,157,31
gesehen 450,2175,111,30
po¬ 572,2183,43,23
sitiv 47,2210,60,24
ausfallen, 118,2211,136,28
sehr 267,2211,59,24
viele 337,2211,66,25
Ansatzpunkte 415,2212,199,31
für 48,2248,42,24
Einsprachen 114,2247,177,32
bieten 317,2249,86,24
können 428,2250,107,24
und 560,2250,53,24
werden. 49,2282,111,23
<EOS>
Die 46,2352,49,25
heutige 108,2353,102,31
Situation 221,2354,128,24
in 362,2354,26,23
der 400,2355,45,23
Schweiz 456,2355,114,24
ist 582,2355,30,24
also 45,2390,54,25
nicht 114,2389,72,26
weit 200,2391,57,25
von 273,2399,50,17
einem 339,2392,85,24
Moratorium 444,2393,170,23
für 46,2428,40,24
neue 98,2435,66,18
Wasserkraftwerke 176,2429,259,25
entfernt. 447,2431,122,23
<EOS>
In 583,2431,28,23
dieser 45,2465,83,25
Situation 144,2465,128,26
an 290,2475,33,17
eine 340,2467,58,25
Auferstehung 416,2468,196,31
der 44,2503,45,24
Kleinkraftwerke 108,2503,237,26
zu 364,2512,31,17
glauben, 414,2505,120,31
fällt 555,2505,56,25
dementsprechend 43,2541,253,31
schwer. 323,2543,105,23
<EOS>
Von 456,2543,56,24
einer 539,2543,72,24
Auferstehung 47,2578,190,32
möchte 252,2580,103,24
ich 373,2579,39,25
hier 432,2581,55,23
deshalb 503,2581,107,24
sprechen, 43,2616,135,31
weil 191,2617,55,25
es 257,2626,26,16
früher 294,2618,90,24
eine 395,2618,57,24
grosse 462,2626,87,23
An¬ 560,2619,51,23
zahl 42,2655,58,24
solcher 112,2654,101,26
Anlagen 223,2656,118,30
gab. 353,2655,55,31
<EOS>
Eine 422,2656,61,24
Statistik 494,2656,115,24
des 42,2693,44,24
Bundesamtes 103,2693,187,24
für 307,2693,42,24
Wasserwirtschaft 364,2693,245,24
für 44,2731,41,23
Kraftwerke 101,2731,161,23
unter 277,2735,75,20
10 371,2731,25,23
MW 412,2731,60,23
Leistung 489,2731,121,29
<EOS>
<EOP>
zeigt, 667,168,73,31
dass 756,168,57,25
davon 827,169,87,24
1914 931,169,62,23
fast 1008,169,49,24
7000 1071,168,64,25
in 1150,170,26,24
Be¬ 1191,171,43,24
trieb 668,205,64,24
waren, 748,213,93,22
1985 861,206,60,24
aber 937,207,61,23
nur 1013,214,50,16
noch 1078,208,68,23
1400. 1164,208,69,23
<EOS>
Innerhalb 668,244,141,24
der 823,244,46,24
letzten 883,244,94,24
70 992,245,31,23
Jahre 1035,245,77,23
wurden 1127,246,106,23
in 667,280,27,24
der 714,281,45,24
Schweiz 777,280,115,26
also 912,282,53,24
mehrere 986,282,119,24
tausend 1124,284,110,23
Kleinkraftwerke 667,318,237,25
stillgelegt. 952,319,142,32
<EOS>
Dieses 1143,321,90,24
Kleinkraftwerksterben 668,356,327,25
setzte 1007,362,78,20
vor 1097,365,47,17
allem 1155,359,78,24
nach 667,394,66,23
dem 753,395,60,23
Zweiten 831,394,116,24
Weltkrieg 966,395,141,30
ein, 1126,395,50,29
als 1196,396,37,24
viele 666,431,66,25
ältere 759,432,79,24
Anlagen 865,431,121,31
erneuerungsbe¬ 1013,433,220,31
dürftig 665,468,99,32
wurden, 781,468,115,30
sich 916,469,55,25
die 990,470,40,24
notwendigen 1049,471,184,30
Erneuerungskosten 666,506,277,32
aber 953,507,61,25
nicht 1024,507,72,25
lohnten. 1106,507,116,25
<EOS>
Eine 665,555,65,24
Auferstehung 746,555,196,32
der 958,556,45,24
Kleinkraftwer¬ 1019,555,214,26
ke 666,593,31,23
wäre 708,594,66,23
nur 785,601,49,16
denkbar, 844,593,125,29
wenn 981,602,76,16
sich 1068,594,54,25
die 1133,594,40,25
bis¬ 1184,594,49,25
herigen 665,630,107,30
wirtschaftlichen 798,631,232,24
Verhältnisse 1054,632,178,24
grundlegend 664,668,178,31
ändern 859,669,99,24
würden. 974,669,115,24
<EOS>
Eine 1106,669,63,24
sol¬ 1185,670,48,23
che 665,704,47,25
Entwicklung 731,704,182,32
zeichnet 931,705,119,26
sich 1068,706,56,25
gegen¬ 1141,715,92,22
wärtig 665,742,89,31
nicht 772,743,72,23
ab. 863,743,39,23
<EOS>
Im 923,743,38,23
Gegenteil! 981,743,148,31
<EOS>
Ange¬ 1148,744,85,31
sichts 665,779,77,24
des 759,780,44,23
Revisionsentwurfes 821,780,281,25
des 1119,781,44,24
Ge¬ 1182,781,51,25
wässerschutzgesetzes, 664,818,307,29
wonach 989,819,107,23
bei 1113,818,40,24
klei¬ 1170,819,62,24
nen 664,862,51,16
Gewässern 737,854,154,25
im 913,855,36,24
Verhältnis 969,855,148,26
bedeu¬ 1138,857,94,24
tend 663,891,61,23
grössere 735,892,115,29
Restwasserabflüsse 863,891,273,25
gefor¬ 1147,892,83,30
dert 663,928,55,24
werden 734,928,104,24
als 854,928,37,25
bei 907,928,41,25
grossen, 964,936,113,23
läuft 1095,928,65,25
dies 1176,930,53,23
auf 663,965,46,24
eine 731,965,57,24
ausgesprochene 811,967,224,30
Benachteili¬ 1060,967,170,24
gung 662,1011,69,23
der 768,1003,45,24
Kleinkraftwerke 850,1003,239,25
hinaus. 1127,1004,101,25
<EOS>
Denn 663,1041,78,23
diese 752,1041,69,24
werden 831,1041,104,24
von 946,1049,52,16
der 1008,1041,45,24
Restwasser¬ 1063,1042,167,24
frage 663,1078,70,30
weit 744,1078,59,24
stärker 814,1078,100,24
betroffen 925,1079,132,24
als 1068,1079,37,24
mittlere 1118,1080,111,24
und 663,1116,53,24
grosse 725,1124,86,22
Anlagen. 820,1115,128,31
<EOS>
Aus 662,1164,54,24
diesen 731,1164,89,25
Überlegungen 835,1159,202,36
gelangt 1051,1166,102,30
man 1168,1173,61,17
nun 663,1209,54,16
zu 742,1210,31,15
folgendem 798,1202,150,31
Fazit: 973,1202,80,25
Die 1078,1201,49,26
heute 1151,1203,78,24
weitgehend 662,1239,162,31
fehlende 853,1239,126,31
Akzeptanz 1009,1240,149,31
für 1187,1240,42,25
neue 662,1284,66,16
Energiebauten 746,1277,208,31
und 971,1278,54,24
insbesondere 1043,1278,186,24
Wasserkraftanlagen 661,1314,286,31
lässt 960,1315,59,24
einen 1032,1315,78,24
wesent¬ 1123,1320,106,19
lichen 663,1351,85,25
Weiterausbau 765,1352,197,25
der 979,1352,45,25
Wasserkräfte 1041,1353,187,25
kaum 662,1389,80,24
zu. 759,1397,39,17
<EOS>
Zwar 818,1391,74,23
ist 910,1390,30,24
anzunehmen, 958,1390,193,29
dass 1170,1391,58,24
wenigstens 662,1427,153,31
der 829,1428,45,23
bestehende 886,1428,158,24
Kraftwerks¬ 1058,1427,171,25
park 662,1464,64,30
laufend 737,1465,105,23
erneuert 853,1470,119,19
werden 982,1466,103,23
wird. 1096,1466,71,23
<EOS>
Da¬ 1179,1466,50,24
bei 661,1501,41,25
lassen 715,1502,83,25
sich 808,1502,55,25
durch 874,1502,81,25
bessere 966,1503,102,24
Wirkungs¬ 1078,1502,150,32
grade 660,1539,78,31
und 750,1540,53,24
höhere 815,1539,98,25
Schluckvermögen 925,1540,256,31
lo¬ 1194,1541,34,24
kal 661,1576,43,25
gewisse 726,1576,105,32
Verbesserungen 854,1576,227,33
erzielen. 1106,1578,120,25
<EOS>
Doch 662,1615,75,23
wird 752,1614,62,24
der 829,1615,45,23
entsprechende 888,1615,206,31
Energie¬ 1109,1615,119,32
gewinn 660,1652,103,30
durch 790,1651,82,25
Einbussen 900,1653,146,24
andernorts 1073,1653,154,25
mehr 661,1690,75,24
als 748,1690,36,24
wettgemacht 798,1691,180,29
werden. 991,1691,111,24
<EOS>
Zu 1116,1692,37,23
den¬ 1167,1692,61,23
ken 661,1727,50,24
ist 725,1726,30,26
dabei 768,1727,75,25
nicht 856,1727,73,25
nur 941,1736,50,16
an 1003,1736,33,16
die 1049,1728,41,25
Restwas¬ 1104,1728,124,25
serfrage, 660,1765,120,30
sondern 806,1764,114,25
auch 945,1765,67,25
an 1037,1774,32,16
Langzeit¬ 1096,1766,132,31
effekte, 660,1803,105,24
wie 786,1803,46,23
etwa 851,1806,65,21
die 935,1803,41,24
Verlandung 995,1803,169,32
der 1183,1804,45,24
Stauhaltungen. 660,1840,214,30
<EOS>
Über 910,1836,70,28
alles 1012,1842,62,23
gesehen, 1105,1842,120,30
wird 660,1877,62,25
die 737,1877,41,25
Produktion 792,1877,162,25
aus 968,1886,45,16
den 1027,1879,51,23
schweize¬ 1091,1879,136,24
rischen 660,1914,102,25
Wasserkraftanlagen 777,1916,286,30
in 1079,1916,25,24
der 1119,1917,46,24
Zu¬ 1179,1918,48,23
kunft 660,1952,77,24
also 760,1953,54,24
abnehmen. 837,1952,159,25
<EOS>
Offensichtlich 1021,1953,204,25
folgt 660,1990,62,30
nun 738,1998,54,16
nach 809,1990,66,24
einer 890,1991,72,24
langen 977,1991,92,31
Phase 1086,1991,81,25
der 1181,1991,46,25
Intensivierung 660,2027,209,30
der 879,2029,45,23
Wasserkraftnutzung 935,2028,291,32
eine 659,2065,57,24
solche 726,2066,88,24
der 823,2066,45,24
Exlensivierung. 881,2066,214,31
<EOS>
<EOP>
Der 660,2192,56,25
zweckmässigem 725,2192,272,32
Einsatz 1008,2194,114,24
der 1131,2192,56,26
Wasserkraft 658,2228,206,27
Nachdem 660,2318,136,24
festgestellt 808,2319,149,29
werden 967,2318,103,25
muss, 1080,2325,78,21
dass 1169,2319,57,24
die 660,2355,41,25
Stromproduklion 721,2355,248,32
aus 988,2364,46,16
der 1053,2356,45,24
Wasser¬ 1116,2356,111,24
kraftnutzung 660,2394,188,30
in 862,2393,26,24
der 902,2394,45,23
Schweiz 959,2394,115,24
zurückge¬ 1087,2394,140,31
hen 661,2432,49,22
wird, 726,2431,71,27
stellt 813,2431,68,24
sich 895,2431,55,24
die 965,2431,41,25
Frage, 1022,2432,85,31
ob 1124,2432,33,24
sich 1172,2432,54,24
diese 660,2468,69,25
Produktion, 749,2468,169,28
weil 938,2470,57,23
sie 1013,2469,36,25
ja 1066,2470,27,30
letztlich 1113,2469,112,25
Sonnenenergie 660,2506,207,31
nutzt 876,2511,72,20
und 959,2508,53,24
darum 1024,2508,92,24
sowohl 1127,2508,98,24
kurz- 661,2544,72,23
wie 748,2544,46,24
langfristig 811,2544,145,32
keine 972,2544,74,25
Schadstoffe 1062,2545,164,24
emittiert, 660,2581,130,28
nicht 802,2581,70,25
zumindest 882,2582,148,25
besser 1041,2583,85,24
einset¬ 1135,2582,92,25
zen 659,2626,47,16
liesse. 717,2619,81,24
<EOS>
Bedingt 659,2658,107,30
durch 790,2658,81,23
die 895,2659,41,24
klimatischen 960,2659,183,25
Ver¬ 1166,2661,60,23
hältnisse, 659,2695,130,28
führen 808,2696,95,24
die 919,2697,42,23
Schweizer 977,2697,145,24
Flüsse 1138,2698,87,24
im 658,2732,34,24
Sommer 705,2732,121,25
ja 836,2733,25,31
wesentlich 875,2735,149,23
mehr 1038,2736,75,22
Wasser 1124,2736,101,23
<EOS>
<EOP>
als 1279,171,36,24
im 1339,169,36,25
Winter. 1397,171,108,24
<EOS>
Dementsprechend 1529,171,263,31
ist 1815,171,31,25
auch 1278,207,67,25
die 1374,207,42,25
Wasserkraftproduktion 1444,207,336,32
im 1809,209,36,24
Sommer 1278,246,121,23
höher 1417,246,83,23
als 1519,246,36,24
im 1575,245,35,24
Winter. 1629,246,108,24
<EOS>
Daher 1758,246,88,25
wäre 1278,284,67,22
es 1368,290,26,17
naheliegend, 1417,283,182,31
einen 1623,284,78,23
Teil 1722,284,57,24
der 1801,284,45,24
Sommerproduktion 1278,320,283,31
zu 1582,329,32,16
speichern, 1634,321,145,30
um 1800,329,46,16
sie 1278,357,36,25
im 1324,357,37,24
Winter, 1369,358,107,29
in 1488,358,27,24
jener 1521,358,76,31
Jahreszeit, 1604,359,149,29
in 1764,359,28,24
der 1801,359,46,24
wir 1278,395,46,23
bekanntlich 1339,395,170,25
Strom 1524,396,86,24
aus 1625,404,45,17
Frankreich 1686,396,160,24
importieren, 1278,433,178,30
zur 1473,441,47,16
Verfügung 1534,433,153,32
zu 1702,442,32,16
haben. 1751,434,93,24
<EOS>
Nun 1278,471,63,23
lassen 1364,470,84,24
sich 1470,471,55,24
Kilowattstunden 1547,470,239,25
als 1808,471,38,25
solche 1278,507,88,25
nicht 1382,507,68,25
speichern, 1461,508,139,30
sondern 1612,509,115,24
müssen 1740,511,105,22
in 1278,544,28,25
eine 1317,544,57,25
speicherbare 1386,545,180,31
Energie 1578,546,109,31
umgewan¬ 1698,554,148,23
delt 1278,583,53,23
werden. 1340,583,112,24
<EOS>
In 1464,583,30,23
Frage 1505,584,78,30
kommt 1594,583,103,25
eine 1707,584,57,24
Kon¬ 1775,585,70,24
version 1278,619,105,24
in 1401,620,27,24
chemische 1446,621,149,23
Energie, 1615,621,116,31
so 1751,629,28,16
wie 1797,621,48,25
das 1278,657,44,25
in 1342,656,27,26
den 1387,658,51,24
Akkumulatoren, 1456,658,239,29
beispiels¬ 1715,659,131,30
weise 1278,694,76,25
in 1376,694,26,25
den 1423,695,51,25
Autobatterien, 1495,696,208,29
gemacht 1726,696,119,30
wird. 1278,732,71,24
<EOS>
Ebenso 1361,732,103,25
kann 1476,732,70,25
man 1558,740,62,17
sich 1631,733,55,24
vorstellen, 1696,734,148,29
dass 1278,770,57,24
man 1346,776,62,18
Schwungräder 1419,770,206,31
antreibt, 1635,770,118,30
deren 1766,771,80,24
Bewegungsenergie 1278,808,264,30
später 1555,809,86,29
wieder 1654,808,95,24
durch 1763,809,82,23
Generatoren 1278,845,183,25
zurückgewonnen 1494,845,246,31
wird, 1772,845,72,30
oder 1278,882,62,25
dass 1355,882,57,25
man 1427,891,62,16
Gewichte 1505,882,136,26
hebt 1657,884,60,24
und 1733,884,53,24
Fe¬ 1803,884,43,24
dern 1278,919,64,25
spannt. 1353,924,102,27
<EOS>
Andere 1468,920,105,25
Konversionen 1586,920,201,26
ste¬ 1798,925,47,21
hen 1278,958,51,23
diesbezüglich 1345,957,193,32
weniger 1555,958,113,31
im 1684,958,36,24
Vorder¬ 1736,959,109,24
grund. 1277,995,91,30
<EOS>
Vielleicht 1277,1043,138,25
ist 1427,1044,32,24
es 1472,1052,25,16
nützlich, 1510,1043,123,30
hier 1648,1045,56,23
auf 1717,1045,46,23
diese 1775,1045,68,24
Möglichkeitem 1278,1080,217,32
einzugehen: 1516,1081,173,32
Die 1710,1082,49,25
Um¬ 1781,1083,63,24
wandlung 1277,1118,140,32
von 1430,1127,53,16
grösseren 1494,1121,135,29
Strommengen 1643,1120,200,31
in 1278,1156,26,23
chemische 1317,1156,148,24
Energie 1478,1157,109,30
ist 1600,1157,31,24
zu 1643,1165,33,16
teuer. 1688,1162,79,19
<EOS>
Dies 1781,1157,63,24
leuchtet 1277,1193,113,25
ohne 1405,1194,70,24
weiteres 1491,1194,115,24
ein, 1622,1195,50,28
wenn 1689,1202,76,16
man 1781,1201,62,18
sich 1277,1230,54,25
eine 1343,1231,58,24
Autobatterie 1413,1230,180,26
vergegenwärtigt, 1605,1232,237,30
die 1277,1268,40,24
für 1332,1267,41,26
ihren 1387,1268,75,24
verhältnismässig 1476,1268,240,32
beschei¬ 1730,1269,113,25
denen 1277,1306,85,23
Energieinhalt 1375,1306,194,30
doch 1582,1306,67,24
recht 1662,1307,71,24
sperrig 1745,1306,98,32
und 1276,1344,54,23
teuer 1343,1346,73,21
ist. 1428,1343,38,24
<EOS>
Schwungräder 1481,1344,206,30
enthalten, 1699,1345,142,27
selbst 1277,1381,77,24
wenn 1368,1389,76,16
sie 1458,1381,36,24
ein 1508,1381,42,24
beträchtliches 1565,1381,199,25
Aus¬ 1778,1382,65,24
mass 1277,1425,68,17
annehmen, 1365,1419,158,28
ebenfalls 1544,1419,127,25
nicht 1692,1419,72,25
sehr 1784,1419,59,25
viel 1276,1455,51,25
Energie. 1339,1455,116,32
<EOS>
Eine 1471,1456,61,24
grosse 1544,1463,87,24
Versuchsanla¬ 1643,1457,199,24
ge 1276,1500,29,24
in 1320,1493,26,23
Deutschland 1362,1494,179,24
brachte 1555,1494,106,24
es 1676,1502,25,16
bloss 1715,1494,69,24
auf 1798,1494,46,24
ein 1276,1531,42,23
paar 1338,1538,62,22
Megawattsekunden, 1420,1531,285,31
was 1726,1540,51,16
um 1797,1539,45,17
mehrere 1277,1569,118,24
Zehnerpotenzen 1420,1569,235,30
unter 1681,1574,77,19
dem 1781,1570,61,23
liegt, 1276,1606,67,31
was 1357,1613,51,18
man 1422,1614,62,17
benötigt. 1498,1605,123,32
<EOS>
Dennoch 1637,1608,129,24
wird 1779,1607,63,25
das 1275,1643,45,25
Schwungradprinzip 1335,1643,282,32
im 1633,1644,36,24
schweizeri¬ 1684,1644,158,25
schen 1275,1681,80,24
Verbundnetz 1371,1681,186,25
bereits 1574,1681,94,25
im 1685,1682,35,24
grossen 1737,1689,105,24
Stil 1275,1719,46,24
ausgenützt, 1333,1720,160,30
sind 1505,1719,58,24
doch 1575,1719,68,25
dort 1654,1720,56,24
Hunder¬ 1723,1720,119,24
te 1275,1761,24,20
von 1309,1764,52,17
Kraftwerken 1373,1757,183,24
mit 1567,1756,47,25
Tausenden 1624,1758,154,23
von 1789,1764,53,17
Turbinen 1273,1793,136,26
zusammengeschlossen, 1439,1795,328,30
die 1800,1794,41,25
Zehntausende 1275,1832,201,24
von 1494,1840,51,17
Motoren 1564,1832,123,24
antreiben 1704,1832,137,24
und 1274,1869,54,24
somit 1345,1869,78,25
erhebliche 1440,1869,150,25
Schwungmassen 1607,1870,233,31
in 1275,1907,26,23
Bewegung 1325,1907,146,31
halten. 1494,1908,95,23
<EOS>
Und 1615,1908,61,23
zweifellos 1699,1908,142,23
profitiert 1274,1944,130,31
die 1421,1945,40,24
Stabilität 1478,1945,127,24
unseres 1623,1952,106,17
Strom¬ 1746,1946,96,23
versorgungsnetzes 1274,1987,260,26
stark 1566,1983,70,24
von 1667,1991,53,16
diesen 1752,1983,89,24
«Kreiseln». 1275,2018,164,25
<EOS>
Die 1272,2057,49,24
Konversion 1341,2057,166,25
mit 1527,2057,47,25
dem 1593,2057,60,25
Gewichthe¬ 1673,2058,165,24
ben 1271,2095,50,23
und 1338,2096,53,23
Federnspannen 1409,2096,222,29
lässt 1648,2096,60,23
sich 1724,2096,55,23
na¬ 1796,2103,42,16
türlich 1270,2131,96,25
auf 1380,2132,46,24
sehr 1438,2133,60,23
vielfältige 1511,2132,142,31
Weise 1667,2133,84,24
reali¬ 1766,2132,72,25
sieren, 1270,2169,91,28
am 1375,2177,43,17
einfachsten 1430,2169,163,25
aber 1606,2171,61,23
durch 1679,2171,82,24
Hin¬ 1775,2170,63,24
aufpumpen 1270,2207,163,31
von 1448,2215,51,16
Wasser 1513,2207,102,25
von 1628,2216,52,16
einem 1694,2207,87,25
tie¬ 1795,2208,43,25
fer 1272,2245,38,23
gelegenen 1328,2245,142,30
in 1490,2244,27,24
ein 1537,2245,43,24
höher 1600,2245,84,24
gelegenes 1703,2245,134,31
Reservoir, 1272,2282,144,29
wo 1433,2290,39,16
die 1488,2282,40,24
Schwereenergie 1544,2282,224,32
und 1783,2282,55,25
der 1271,2320,45,24
Druck 1330,2320,89,24
dieses 1433,2320,82,24
Wassers 1528,2321,115,23
dann 1657,2321,70,23
für 1742,2321,42,23
die 1797,2320,41,24
Rückwandlung 1271,2356,218,32
in 1514,2357,25,25
Strom 1564,2357,85,25
wieder 1674,2358,95,25
zur 1792,2366,46,16
Verfügung 1270,2394,152,32
stehen. 1435,2395,98,24
<EOS>
Wie 1548,2394,56,26
zahlreiche 1618,2395,147,25
Ver¬ 1779,2396,59,24
gleichsstudien 1270,2432,203,31
zeigen, 1513,2432,97,32
sind 1652,2433,57,24
solche 1750,2433,87,24
Pumpspeicherwerke 1274,2470,276,31
für 1571,2470,41,24
die 1634,2471,41,24
Umwand¬ 1698,2470,139,25
lung 1272,2508,62,31
und 1353,2508,53,24
Speicherung 1427,2508,177,31
grosser 1623,2516,101,23
Strom¬ 1742,2509,96,23
mengen 1272,2553,111,23
in 1399,2545,26,25
wirtschaftlicher 1440,2545,226,25
und 1681,2546,53,24
ökolo¬ 1749,2546,89,24
gischer 1270,2583,101,31
Hinsicht 1388,2583,121,25
unübertroffen. 1526,2583,210,25
<EOS>
Wenn 1753,2584,83,23
es 1271,2629,25,16
darum 1306,2621,93,24
geht, 1408,2621,67,31
Dutzende 1487,2620,137,26
von 1634,2629,52,16
Millionen 1696,2620,140,25
von 1273,2669,52,16
Kilowattstunden 1350,2661,237,25
zu 1611,2670,31,16
speichern 1666,2661,136,31
- 1827,2675,14,5
<EOS>
<EOP>
und 1274,2699,52,23
das 1338,2698,45,25
ist 1394,2698,30,25
die 1436,2699,41,25
gewünschte 1488,2700,166,31
Grössenord- 1665,2699,177,24
nung 1274,2743,71,23
-, 1367,2752,22,11
dann 1412,2737,71,23
ist 1508,2736,29,25
das 1560,2736,44,25
Pumpspeicher- 1629,2736,212,31
658 43,2800,47,24
<EOS>
<EOP>
