1960,2865
Wettbewerbe 102,97,187,26
Schweizer 1163,92,138,26
Ingenieur 1309,94,129,30
und 1446,92,52,26
Architekt 1503,91,127,27
Nr. 1637,93,41,24
<EOS>
23, 1688,92,39,28
7. 1737,92,22,25
<EOS>
Juni 1769,93,56,24
1990 1836,92,58,25
<EOS>
<EOP>
U-H 382,206,30,13
<EOS>
<EOP>
D 577,266,28,29
:-? 253,287,37,24
<EOS>
fltfSB 351,290,71,28
0 201,336,30,37
v2 218,377,30,29
<EOS>
<EOP>
G^rp 502,471,147,37
j-rm 515,544,137,54
<EOS>
<EOP>
j 379,746,26,24
<EOS>
<EOP>
,L 397,875,14,14
¦ 431,875,2,0
<EOS>
<EOP>
3. 98,931,20,22
<EOS>
Preis 128,930,61,23
(15 197,931,37,27
000 243,931,42,22
Fr.): 296,932,49,26
<EOS>
Urs 356,931,47,22
und 412,931,46,22
Sonja 469,930,80,28
Grand¬ 559,930,105,23
jean, 99,964,73,27
Herrenschwanden 181,965,233,21
Aus 98,1010,46,19
dem 152,1009,55,20
Bericht 215,1009,88,20
des 309,1008,43,21
Preisgerichtes 361,1008,178,26
Das 99,1052,41,18
Projekt 151,1052,79,23
beruht 241,1052,72,18
auf 323,1052,35,18
dem 367,1052,46,18
Gedanken, 424,1051,121,19
einen 555,1051,60,18
von 626,1057,39,12
der 97,1082,37,19
Strassenkreuzung 150,1082,198,23
abgewandten 365,1081,146,24
öffentlichen 528,1080,137,20
Platz 98,1112,54,18
anzubieten. 170,1112,127,18
<EOS>
Die 317,1111,38,19
Dorfmitte 373,1111,111,19
wird 502,1111,48,18
ringartig 569,1111,96,24
durch 98,1142,65,18
Neubauten 181,1142,121,18
und 324,1141,40,19
Gewerbenutzungen 384,1141,220,24
ver¬ 624,1147,41,12
dichtet. 99,1172,80,18
<EOS>
Der 191,1173,40,17
tangential 241,1172,110,23
an 360,1178,25,12
der 395,1172,34,18
Tägertschistrasse 438,1171,188,24
ge¬ 635,1177,30,18
legene 100,1202,68,23
Platz 182,1202,53,18
knüpft 250,1201,72,24
auf 335,1201,35,19
elegante 383,1201,89,24
Art 486,1202,36,17
an 535,1207,25,12
die 574,1201,31,18
jetzt 616,1201,49,23
<EOS>
<EOP>
\\ 986,325,24,29
<EOS>
<EOP>
¦> 1157,658,9,17
<EOS>
<EOP>
^ 705,728,65,35
<EOS>
<EOP>
schon 710,928,62,19
bestehende 788,927,123,19
interessante 927,927,131,18
städtebauliche 1074,925,160,19
Si¬ 1249,925,27,18
tuation 710,958,77,18
des 797,958,34,18
Trübelplatzes 838,957,152,23
an 998,962,25,13
und 1033,956,41,19
kann 1084,956,54,19
seine 1146,955,55,19
Funk¬ 1212,955,65,19
tion 710,987,43,20
als 766,987,28,20
Marktplatz 809,987,123,23
vor 947,992,34,13
dem 995,986,46,19
Coop 1056,986,57,23
erfüllen. 1128,986,92,18
<EOS>
Der 1236,986,41,17
Platz 710,1018,54,18
ist 773,1018,23,18
allerdings 803,1017,109,24
vom 919,1023,48,12
übrigen 975,1016,84,24
Kontext 1068,1016,89,18
eher 1165,1015,47,19
abge¬ 1220,1015,57,24
wandt. 710,1048,72,19
<EOS>
Die 797,1047,37,19
Anordnung 847,1047,128,23
der 986,1046,35,19
Parkierungsrampe 1034,1046,205,23
an 1251,1051,25,12
diesem 710,1078,76,18
wichtigen 798,1077,108,25
Ort 918,1077,37,19
ist 968,1076,23,20
sowohl 1003,1076,77,20
optisch 1093,1075,79,25
als 1184,1076,28,18
auch 1224,1075,52,19
betrieblich 710,1107,118,20
störend. 849,1107,88,19
<EOS>
Die 960,1107,37,18
angestrebte 1019,1107,126,23
erweiterte 1166,1106,110,18
Dorfmitte 710,1138,111,19
wird 830,1137,49,19
räumlich 887,1137,99,19
nur 996,1143,38,13
sehr 1041,1137,46,18
schwer 1095,1136,76,19
erlebbar. 1179,1135,97,19
<EOS>
Als 710,1168,36,19
zukünftige 766,1168,119,23
Vision 905,1167,70,18
eines 996,1167,55,18
Dorfzentrums 1072,1166,157,18
er¬ 1250,1171,27,13
scheint 710,1198,78,20
sie 798,1198,27,19
räumlich 836,1197,98,20
zu 944,1203,24,13
wenig 978,1196,64,24
kraftvoll 1052,1196,95,19
und 1157,1196,41,19
zu 1207,1201,25,13
we¬ 1241,1201,37,13
<EOS>
<EOP>
nig 1324,925,33,24
zusammenhängend. 1366,925,222,24
<EOS>
Die 1600,925,37,19
Bebauung 1649,925,110,24
im 1770,925,27,19
Bereich 1807,925,83,19
des 1323,956,33,19
Coop 1368,956,58,24
ist 1436,955,24,20
massstäblich 1471,956,139,19
gut 1621,959,33,21
eingefügt, 1665,956,108,24
der 1785,956,34,19
Halb¬ 1830,956,61,19
rundbau 1327,983,90,19
übernimmt 1430,983,124,19
eine 1565,984,45,18
wichtige 1621,984,92,24
Blickfangfunk¬ 1725,985,166,23
tion 1325,1012,42,19
von 1376,1019,40,12
den 1423,1013,39,19
Verkehrsstrassen 1470,1013,189,20
her. 1667,1014,42,20
<EOS>
ist 1718,1013,23,20
dafür 1749,1014,59,19
aber 1815,1014,48,19
in 1871,1014,20,19
seiner 1325,1042,65,20
architektonischen 1397,1043,199,20
Haltung 1605,1044,90,24
zu 1702,1051,24,12
abweisend. 1734,1044,120,19
<EOS>
Das 1326,1107,40,17
Projekt 1377,1106,80,23
ist 1469,1105,22,19
ein 1502,1105,33,19
wertvoller 1545,1106,114,18
städtebaulicher 1669,1105,169,19
Bei¬ 1850,1105,41,19
trag 1324,1140,43,20
vor 1378,1141,36,14
allem 1424,1135,60,19
im 1496,1135,28,19
Bereich 1536,1135,83,19
des 1630,1135,35,19
Coop, 1676,1135,63,24
vermag 1751,1141,83,18
aber 1844,1135,47,19
die 1325,1166,32,18
Erwartungen 1372,1166,143,24
an 1529,1172,25,12
eine 1568,1165,46,19
gut 1626,1169,34,20
erkennbare 1674,1165,127,19
zusam¬ 1814,1171,77,13
menhängende 1326,1196,155,23
Dorfmitte 1489,1195,111,19
nicht 1609,1195,55,19
ganz 1670,1201,51,18
zu 1729,1201,24,12
erfüllen. 1760,1195,93,18
<EOS>
<EOP>
""% 1015,1297,67,37
<EOS>
<EOP>
' 1107,1277,9,12
B£ 271,1295,34,22
m 222,1337,56,41
<EOS>
<EOP>
ma 829,1396,40,17
w 831,1414,43,35
Y 145,1387,32,33
f 1218,1396,25,33
> 1270,1405,14,27
<EOS>
<EOP>
V4% 1436,1440,66,54
<EOS>
<EOP>
m 1546,1475,86,49
\ 859,1459,58,65
h 1030,1478,34,43
n 1227,1453,30,30
.y-Ti^ 490,1461,80,23
<EOS>
L 1240,1513,6,10
î 1257,1512,7,12
I 765,1517,72,106
m 246,1520,46,40
f 1367,1572,18,28
%. 384,1598,35,30
<EOS>
- 886,1599,14,6
<EOS>
<EOP>
a 1205,1649,29,49
\ 788,1699,24,95
fZ^ 147,1720,47,33
<EOS>
<EOP>
* 1539,1956,21,11
<EOS>
<EOP>
4. 102,2031,18,20
<EOS>
Preis 132,2030,59,21
13 213,2031,22,20
000 245,2031,43,20
Fr.): 297,2031,50,25
<EOS>
Bruno 357,2030,87,21
Berz, 452,2029,73,25
Bern 536,2029,58,20
<EOS>
<EOP>
Aus 103,2134,46,19
dem 157,2133,54,20
Bericht 220,2133,87,19
des 314,2132,43,20
Preisgerichtes 366,2132,178,25
Die 105,2176,37,19
Verlegung 157,2176,112,24
der 283,2175,35,19
Tägertschistrasse 330,2174,189,25
als 533,2174,28,19
tragende 575,2174,95,24
verkehrsplanerische 104,2206,225,23
Idee 341,2206,45,17
bringt 399,2205,65,23
auch 476,2205,51,18
Vorteile 538,2204,89,19
für 639,2204,32,19
den 103,2236,39,19
Städtebau. 163,2236,114,19
<EOS>
Die 301,2235,36,19
alte 357,2235,39,19
Fussgängerverbindung 418,2234,253,24
Tägertschistrasse-Neue 103,2266,261,23
Bahnhofslrasse 377,2264,167,19
entwickelt 556,2264,114,19
<EOS>
<EOP>
sich 713,2024,42,18
zu 774,2030,24,13
einer 816,2024,57,19
100 894,2024,33,19
m 936,2030,18,13
langen 975,2024,71,24
grosszügigen 1064,2024,142,24
Fuss- 1224,2024,56,19
gängerachse. 713,2054,140,24
<EOS>
Hinzu 867,2055,68,18
kommt 947,2054,78,19
ein 1037,2054,32,19
grosser, 1080,2060,83,18
verkehrs¬ 1176,2055,103,18
freier 715,2084,60,19
Platz. 784,2084,58,19
<EOS>
Er 853,2085,24,18
wird 886,2084,48,19
von 943,2090,39,13
den 991,2085,39,19
Neubauten 1039,2084,121,19
unter 1169,2088,59,15
Ein¬ 1237,2084,44,19
bezug 715,2115,62,24
der 786,2115,34,18
bestehenden 829,2115,137,19
Bausubstanz 978,2115,136,19
räumlich 1124,2115,99,18
defi¬ 1232,2115,49,19
niert. 715,2145,56,18
<EOS>
Diese 796,2145,58,18
konzeptionellen 877,2145,178,23
Ansätze 1077,2145,88,18
sind 1186,2145,44,18
als 1252,2145,29,18
durchweg 714,2174,107,24
positiv 829,2174,74,24
zu 911,2180,23,13
werten. 943,2178,81,16
<EOS>
Die 1034,2174,38,19
Aussenräume 1080,2176,151,18
ver¬ 1240,2180,41,13
mögen 715,2206,72,22
in 799,2205,18,18
ihren 830,2205,56,18
Abmessungen 897,2205,156,23
und 1064,2205,41,18
in 1118,2205,17,18
ihren 1148,2205,57,18
raum¬ 1217,2211,64,12
definierenden 714,2234,155,19
Elementen 881,2234,117,19
nicht 1009,2234,55,19
im 1075,2234,27,19
gleichen 1111,2234,92,24
Masse 1215,2234,66,19
zu 714,2270,23,13
überzeugen 747,2265,125,23
wie 881,2264,36,19
das 925,2265,34,18
Grundkonzepl. 968,2264,169,24
<EOS>
<EOP>
Die 1325,2024,37,18
neue 1371,2029,51,12
Strassenführung 1429,2023,185,23
ist 1621,2023,23,18
ein 1652,2023,33,18
interessanter 1694,2023,143,18
Vor¬ 1843,2023,48,18
schlag. 1323,2053,73,24
<EOS>
Aus 1414,2053,41,19
den 1472,2053,38,19
gewonnenen 1527,2058,139,18
Fussgängerflächen 1684,2052,206,24
wird 1324,2083,48,18
aber 1382,2084,47,17
zuwenig 1438,2082,91,25
Qualität 1538,2082,90,24
gezogen. 1637,2089,94,18
<EOS>
Die 1742,2082,38,19
übergros¬ 1789,2083,103,24
sen 1323,2118,35,13
Aussenflächen 1368,2112,162,18
laufen 1540,2111,68,18
Gefahr, 1617,2111,85,19
dass 1711,2111,45,18
sie 1764,2111,28,18
zuwenig 1800,2111,91,23
belebt 1325,2142,64,19
werden. 1398,2141,86,19
<EOS>
Das 1327,2205,40,18
Projekt 1383,2204,80,24
ist 1479,2204,23,19
ein 1517,2203,32,20
interessanter 1566,2203,143,20
städtebaulicher 1723,2203,170,19
Vorschlag, 1326,2234,115,24
der 1455,2234,35,19
aber 1503,2234,47,18
in 1565,2234,18,18
Detailgestaltung 1599,2234,181,23
und 1793,2233,41,18
Ver¬ 1847,2234,47,17
kehrslösung 1327,2264,134,23
Mängel 1469,2264,81,19
aufweist. 1559,2263,97,20
<EOS>
<EOP>
konzeptionelle 102,2432,188,28
Vorschläge 300,2432,139,28
zu 450,2440,27,14
den 488,2432,43,22
folgenden 544,2433,123,27
Bereichen 103,2466,124,22
erwartet: 237,2471,113,17
Verkehr: 108,2511,104,22
Ausscheidung 221,2511,178,28
der 410,2512,40,21
für 461,2511,37,21
das 508,2512,40,21
Funktio¬ 560,2511,109,21
nieren 102,2546,78,22
des 200,2546,39,21
Verkehrsablaufes 257,2546,222,21
(Durchgangs¬ 497,2546,172,27
verkehr. 101,2579,105,22
<EOS>
Erschliessungs- 224,2578,193,27
und 432,2578,46,21
Anlieferungs¬ 494,2577,174,27
verkehr. 101,2613,105,22
<EOS>
Fussgänger- 220,2613,150,26
und 382,2612,46,21
Veloverkehr) 440,2611,168,26
not¬ 621,2615,48,17
wendigen 101,2647,119,27
Verkehrsflächen. 238,2646,218,22
<EOS>
Gestallung 473,2646,140,26
der 628,2645,41,21
Verkehrsräume 100,2681,197,22
mit 317,2680,39,21
dem 373,2680,52,21
Ziel, 443,2679,55,24
die 516,2679,35,22
Auswir¬ 568,2679,100,22
kungen 102,2715,92,27
des 204,2714,39,22
Verkehrs 252,2714,115,22
auf 377,2714,40,22
die 425,2714,36,21
Umgebung 474,2714,138,27
und 622,2713,45,21
die 101,2747,37,22
Umwelt 162,2747,99,22
(Lärm. 284,2747,86,26
<EOS>
Schadstoffe, 393,2747,153,22
Gefähr¬ 570,2746,99,22
<EOS>
<EOP>
dung 715,2432,62,27
usw.) 787,2432,63,25
<EOS>
zu 859,2439,27,14
minimieren. 897,2432,155,21
<EOS>
Bebauung: 718,2477,134,27
Objeklbezogene 864,2477,206,27
Ideen 1086,2477,68,22
für 1171,2477,36,22
Neu¬ 1223,2477,60,22
bauten. 715,2511,91,21
<EOS>
Gebäudeerweiterungen 826,2510,298,27
und 1141,2511,47,21
Sanie¬ 1206,2511,76,21
rungen. 717,2551,93,20
<EOS>
Bebauungsvorschläge 833,2545,273,27
für 1128,2545,35,21
freiwer¬ 1184,2544,98,22
dende 715,2578,74,22
Flächen 830,2579,97,21
(Fahrbahnflächenreduk¬ 967,2579,315,25
tion). 715,2612,66,25
<EOS>
Ideen 794,2613,66,21
für 873,2613,36,21
die 919,2612,36,22
Sanierung 965,2613,129,26
des 1103,2613,39,21
Ortsbildes 1153,2612,128,22
im 715,2646,31,21
Zusammenhang 758,2647,206,27
mit 975,2647,41,21
Umbauten 1029,2647,133,21
und 1174,2646,48,22
Un¬ 1234,2647,48,21
terhaltsarbeiten 714,2680,200,22
bei 924,2681,34,21
bestehenden 969,2681,156,21
Gebäuden. 1135,2681,137,21
<EOS>
Spezielle 713,2710,110,28
Bauaufgaben: 842,2710,177,28
Neubau 1035,2710,98,22
Coop 1152,2710,66,27
mit 1238,2709,40,22
1600 715,2746,54,20
bis 781,2744,33,22
1800 831,2746,52,20
m2 894,2746,31,20
Ladenfläche 938,2745,155,21
sowie 1105,2744,68,21
den 1184,2744,45,21
zu¬ 1241,2751,37,14
<EOS>
<EOP>
gehörigen 1325,2431,124,27
Nebenräumen. 1475,2432,188,20
<EOS>
Schweizerischer 1687,2431,205,21
Bankverein, 1327,2465,151,22
hintere 1496,2465,89,21
Erweiterung 1602,2464,157,28
und 1774,2465,46,21
Um¬ 1837,2465,56,21
bau 1326,2499,44,22
in 1383,2499,23,21
Beraterbank. 1421,2499,161,21
<EOS>
Fischer 1597,2498,93,22
Druck: 1703,2499,88,21
Zonen- 1803,2499,89,21
und 1326,2532,46,22
dorfkerngerechte 1386,2532,219,27
Nutzung 1618,2532,109,26
der 1739,2532,40,21
Parzelle 1792,2532,100,21
zwischen 1326,2566,114,21
Hauptgebäude 1450,2566,183,26
und 1643,2566,45,21
Parzelle 1699,2566,100,21
391. 1808,2565,49,22
<EOS>
<EOP>
Bepflanzung: 1326,2670,167,27
Konzeptionelle 1501,2670,193,27
Vorschläge 1703,2670,139,27
für 1853,2670,37,22
die 1325,2708,36,22
Begrünung 1373,2708,139,28
und 1523,2708,46,23
Gestaltung 1581,2708,139,29
der 1731,2709,40,22
Strassen- 1781,2710,112,22
räume 1327,2744,78,20
und 1415,2742,46,22
der 1470,2742,40,22
Aussenräume. 1519,2742,179,22
<EOS>
<EOP>
673 1851,2809,46,24
<EOS>
<EOP>
