1960,2865
Kernfechnolgie/Baustatik 42,79,350,32
Schweizer 1106,78,138,26
Ingenieur 1251,80,131,31
und 1389,79,51,25
Architekt 1445,78,128,25
Nr. 1581,80,40,23
<EOS>
23, 1632,79,38,29
7. 1680,79,22,24
<EOS>
Juni 1712,79,56,24
1990 1778,79,58,24
<EOS>
<EOP>
Literatur 62,196,126,22
[1] 61,242,27,26
Nowotny, 108,242,119,26
H., 246,242,38,23
<EOS>
Eisikovic. 304,240,119,24
<EOS>
R.: 444,241,37,21
<EOS>
Entste¬ 496,241,87,21
<EOS>
<EOP>
hung. 106,276,69,27
<EOS>
Wahrnehmung 195,275,194,26
und 408,275,48,20
Umgang 476,275,107,26
mit 104,309,43,22
Risiken, 156,309,103,23
Schweizerischer 270,308,206,22
Wissen¬ 483,308,100,21
schaftsrat 104,343,122,22
(Hrsg.). 235,343,94,27
<EOS>
Bern. 339,343,66,22
<EOS>
Januar 413,343,87,21
1990 511,342,54,21
[2] 60,377,27,27
Davies 108,378,82,21
P.: 205,378,32,20
<EOS>
Mehrfachwelten. 250,377,217,21
<EOS>
Entdek- 484,376,99,21
<EOS>
<EOP>
kungen 105,411,93,28
der 218,411,39,21
Quantenphysik. 278,410,200,27
<EOS>
Diede- 500,410,83,21
richs-Verlag. 105,445,158,27
<EOS>
Düsseldorf/Köln 274,445,217,21
1981 503,444,52,21
[3] 60,479,27,26
Gesellschaft 105,478,156,22
für 285,478,38,22
Reaktorsicherheit. 347,478,234,22
<EOS>
<EOP>
Deutsche 105,512,117,21
Risikostudie 232,511,157,22
Kernkraftwer¬ 400,511,183,22
ke 105,546,28,20
Phase 146,545,72,21
B. 231,546,23,22
<EOS>
zusammenfassende 268,545,245,21
Dar¬ 527,545,56,21
stellung. 104,579,107,27
<EOS>
GRS-72. 220,579,106,21
<EOS>
Juni 334,578,54,22
1989 400,578,54,21
[4] 60,613,28,26
USSR 106,613,75,21
State 193,613,61,21
Committee 268,612,141,21
on 422,619,30,14
the 466,612,38,21
Utili¬ 518,611,66,22
<EOS>
<EOP>
zation 105,646,78,21
of 197,646,26,21
Atomic 236,646,94,21
Energy: 346,647,96,26
The 456,646,48,21
Acci¬ 519,645,64,21
dent 105,680,55,21
at 170,683,21,18
the 202,680,38,21
Chernobyl 251,680,133,26
Nuclear 395,680,100,20
Power 505,680,78,20
Plant 106,714,65,21
and 187,714,45,21
its 248,714,27,21
Consequences. 291,714,186,26
<EOS>
- 494,726,11,2
Wor¬ 521,713,63,21
king 108,748,55,27
Document 176,748,132,20
for 323,747,36,21
the 372,748,38,20
IEA 425,748,51,19
Experts 489,747,94,26
Post-Accident 107,781,175,21
Review 293,781,92,21
Meeting, 396,780,110,27
Vien¬ 516,780,69,21
na. 107,821,35,16
<EOS>
Part 153,815,50,21
I 213,814,7,21
and 229,814,45,22
II. 284,814,26,22
<EOS>
August 320,815,89,24
1986 422,814,53,21
<EOS>
<EOP>
grössere 38,930,115,28
Anteile 173,929,104,24
schwerflüchtiger 295,929,241,31
Nu- 554,930,52,23
klide 39,965,70,25
freigesetzt 119,965,146,32
werden» 274,966,123,24
[3]. 407,967,38,30
<EOS>
Aus 457,967,55,24
dieser 522,967,84,24
Aussage 37,1003,116,31
schliesst 166,1003,117,25
Fuchs, 296,1004,92,28
dass 402,1004,57,24
gar 472,1012,44,23
keine 528,1004,77,25
Berechnungen 40,1041,206,30
gemacht 255,1041,119,30
wurden 384,1041,107,24
und 501,1041,53,23
da¬ 564,1041,41,23
mit 40,1078,46,24
Vergleiche 97,1078,152,31
gar 260,1085,44,23
nicht 316,1078,72,24
möglich 400,1078,114,31
seien. 526,1078,78,24
<EOS>
«R. 41,1116,47,23
<EOS>
Bühler 100,1116,96,24
sollte 207,1116,73,24
deshalb 291,1116,108,24
nicht 410,1115,72,25
behaup¬ 492,1116,113,30
ten, 39,1157,51,25
der 102,1153,46,24
sogenannte 158,1157,160,27
«Hochdruck-Pfad» 332,1153,272,25
könnte 40,1190,98,24
zu 154,1198,31,16
grösseren 202,1192,134,29
Freisetzungen 352,1190,202,31
als 569,1191,36,24
bei 39,1228,42,24
Tschernobyl 100,1228,178,30
führen.» 298,1229,124,23
<EOS>
Die 443,1228,50,24
in 513,1228,28,24
der 560,1229,46,23
Deutschen 41,1266,151,23
Risikostudie 207,1265,177,24
für 400,1266,41,23
den 456,1266,50,23
Hoch¬ 521,1266,85,23
druck-Pfad 40,1303,157,24
angegebenen 211,1303,184,31
Werte 409,1303,85,25
sind 508,1303,58,24
in 579,1303,27,24
Tabelle 39,1340,105,24
1 163,1341,8,23
in 191,1340,27,24
der 234,1341,45,24
zweiten 294,1340,108,25
Spalte 419,1340,86,31
aufge¬ 521,1341,86,31
führt. 41,1378,78,24
<EOS>
Daraus 134,1378,101,24
kann 249,1378,70,24
man 333,1386,61,16
beurteilen, 407,1378,152,28
ob 573,1378,32,24
meine 41,1415,85,24
Aussage 154,1416,114,30
so 296,1423,27,16
abwegig 351,1416,115,30
ist, 493,1416,38,28
wie 559,1416,47,23
Fuchs 40,1453,84,24
dies 133,1453,54,24
darstellt. 196,1453,123,24
<EOS>
Dass 41,1489,65,23
das 121,1488,45,24
maximal 185,1488,124,24
denkbare 323,1487,130,24
Schadens¬ 466,1487,141,23
ausmass 40,1533,116,16
der 181,1526,45,23
schweizerischen 251,1525,232,24
Leicht¬ 509,1524,98,24
<EOS>
<EOP>
wasserreaktoren 649,163,233,24
trotz 893,167,66,20
Sicherheitsbehäl¬ 970,163,247,24
ter 649,205,38,19
ebenso 704,201,96,23
hoch 818,201,67,23
ist 903,201,31,23
wie 951,200,47,24
dasjenige 1015,200,132,30
von 1165,207,51,17
russischen 650,238,148,24
Reaktoren, 812,238,157,29
ist 986,238,29,24
für 1030,238,42,24
Fritzsche 1086,237,130,25
eine 650,276,58,24
Selbstverständlichkeit. 733,275,324,25
<EOS>
Weil 1084,275,65,24
die 1175,275,41,24
berechneten 649,313,176,24
Wahrscheinlichkeiten 841,312,317,25
für 1174,312,43,25
ein 649,351,43,24
solches 705,351,100,24
Schadensausmass 819,351,250,23
für 1084,351,41,23
Fritz¬ 1139,350,78,24
sche 649,389,61,23
sehr 725,389,58,23
klein 798,388,72,24
sind, 884,388,66,29
ist 967,388,30,23
es 1012,395,26,16
für 1053,388,43,23
ihn 1110,387,47,24
un¬ 1171,395,47,16
qualifiziert 649,426,158,30
und 833,426,54,24
skrupellos 913,425,145,31
anzuneh¬ 1085,426,132,23
men, 650,472,68,20
dass 732,464,57,24
das 802,463,44,24
maximal 859,462,125,25
Denkbare 997,463,140,24
auch 1150,463,67,24
Wirklichkeit 649,500,182,25
werden 844,501,104,24
könnte. 962,500,106,24
<EOS>
Für 1083,500,51,24
mich 1146,500,71,23
gilt 649,538,46,31
dieser 711,538,83,24
Schluss 810,538,104,24
nicht. 931,538,80,24
<EOS>
Erstens 1030,538,103,23
habe 1150,538,67,23
ich 650,576,43,23
zu 701,584,33,15
wenig 743,576,84,30
Vertrauen 835,577,145,22
in 991,575,27,24
die 1027,575,41,24
berechne¬ 1078,576,140,23
ten 651,617,43,20
Wahrscheinlichkeiten. 729,613,323,25
<EOS>
Zweitens 1090,612,128,24
sind 651,650,58,25
sie 719,651,35,24
für 765,651,41,24
mich 816,651,70,24
nicht 896,650,73,25
vernachlässigbar 978,649,240,31
klein. 652,687,78,25
<EOS>
Ob 750,688,41,25
der 809,688,44,25
von 870,696,52,16
Fritzsche 941,687,130,25
gezogene 1088,695,130,23
Schluss 651,726,104,24
gemacht 776,726,119,30
werden 916,726,103,23
kann, 1042,726,78,28
sollte 1143,726,75,23
nach 652,764,67,23
meiner 736,763,100,24
Überzeugung 853,759,192,34
jedermann 1060,763,157,30
selbst 651,801,78,24
entscheiden. 755,800,175,25
<EOS>
Dieser 959,800,92,24
Entscheid 1078,799,140,25
sollte 651,838,75,24
nicht 744,837,71,25
von 834,845,52,16
den 904,837,50,24
Risikofachleuten 974,837,243,25
vorweggenommen 651,882,263,24
werden. 924,875,111,24
<EOS>
Treibhauseffekt 650,941,264,26
und 923,942,60,25
Drittweltproblematik 652,979,350,32
Die 652,1033,48,24
drohende 724,1033,134,24
Klimakatastrophe 881,1033,259,30
und 1162,1033,54,24
die 650,1070,42,25
Armut 708,1071,95,24
der 820,1070,45,25
Dritten 882,1070,104,24
Welt 1002,1070,66,24
wurde 1085,1070,88,24
in 1190,1070,27,23
meinem 652,1108,114,24
Bericht 791,1108,101,24
nicht 917,1107,71,25
behandelt. 1012,1107,148,25
<EOS>
Es 1185,1108,32,23
sind 650,1146,59,23
dringende 726,1146,144,30
Probleme, 889,1146,143,27
für 1053,1146,41,23
die 1112,1145,41,24
wir 1171,1145,46,23
dringend 651,1183,127,30
nach 796,1183,66,24
Lösungen 880,1184,138,29
suchen 1035,1183,98,24
müs¬ 1150,1184,68,23
sen. 651,1229,53,16
<EOS>
Ich 720,1221,45,24
messe 778,1229,82,16
aber 874,1221,62,24
anderen 949,1221,115,23
Lösungen 1078,1221,139,30
weit 651,1257,59,25
höhere 721,1258,97,24
Bedeutung 831,1258,151,30
zu 992,1266,32,15
als 1035,1258,36,23
dem 1082,1257,60,24
mas¬ 1153,1265,65,16
siv 652,1295,37,24
gesteigerten 704,1295,169,31
Ausbau 889,1295,108,24
der 1013,1295,44,24
Kernener¬ 1073,1295,145,24
gie. 651,1333,47,31
<EOS>
Allein 721,1333,88,23
eine 831,1333,57,24
25prozentige 910,1333,183,30
Reduk¬ 1116,1333,102,23
tion 652,1370,54,24
des 718,1371,43,23
heutigen 773,1370,123,31
Beitrages 908,1370,128,30
der 1047,1371,45,23
Schweiz 1103,1370,115,24
zum 652,1416,60,16
Treibhauseffekt 721,1408,230,24
mittels 961,1407,96,25
Ersatz 1068,1408,87,24
von 1166,1415,51,17
fossilen 653,1445,106,24
Energieträgern 787,1445,213,31
durch 1027,1445,82,24
Kern¬ 1136,1445,82,24
energie 652,1483,102,31
würde 772,1483,88,23
den 878,1483,51,24
Bau 947,1483,53,23
von 1019,1490,51,16
ungefähr 1090,1483,128,30
zehn 652,1521,66,23
Kernkraftwerken 756,1521,248,23
der 1040,1521,45,23
Grösse 1121,1520,97,24
<EOS>
<EOP>
Leibstadt 1262,163,130,24
erfordern. 1411,163,143,24
<EOS>
Ich 1575,162,44,23
würde 1637,162,88,23
es 1743,169,26,16
be- 1787,162,41,23
grüssen, 1260,201,114,28
wenn 1392,206,76,17
verschiedene 1484,197,186,25
Szenarien 1687,197,139,24
zur 1260,244,46,16
Reduktion 1329,236,151,24
des 1504,235,43,24
Treibhauseffektes 1570,235,256,24
und 1261,274,53,24
der 1331,273,45,25
Armut 1392,273,96,24
in 1505,273,26,24
der 1548,273,45,24
Dritten 1610,273,104,23
Welt 1730,273,67,23
- 1814,287,12,3
<EOS>
<EOP>
mit 1261,312,46,23
und 1321,312,53,23
ohne 1387,312,70,23
Ausbau 1469,311,109,23
der 1591,311,46,23
Kernenergie 1648,310,178,30
<EOS>
<EOP>
- 1261,364,13,3
untersucht, 1296,349,159,29
miteinander 1479,348,176,25
verglichen 1676,347,150,31
und 1261,387,53,24
die 1330,386,41,25
Ergebnisse 1388,386,152,31
dann 1556,386,71,24
in 1644,385,26,24
konkretes 1687,385,139,25
Handeln 1261,424,123,24
umgesetzt 1394,428,142,27
würden. 1545,424,115,24
<EOS>
Schlussbemerkung 1262,489,309,33
Mit 1262,544,49,25
meinem 1327,544,115,24
Beitrag 1459,544,100,31
zur 1573,551,47,16
Risikodiskus¬ 1635,544,192,23
sion 1262,582,57,24
möchte 1338,583,103,22
ich 1459,582,40,23
nichts 1519,582,84,23
beweisen, 1621,581,136,29
z.B. 1776,582,51,23
<EOS>
auch 1262,620,67,23
nicht, 1341,619,79,29
dass 1433,619,58,24
die 1503,619,41,24
Kernschmelzwahr¬ 1557,618,272,25
scheinlichkeit 1262,656,199,24
der 1481,656,45,24
russischen 1544,655,148,25
und 1711,655,53,24
der 1784,655,45,24
schweizerischen 1262,693,232,25
Kernkraftwerke 1505,693,230,24
gleich 1744,693,85,30
gross 1262,738,71,24
sei, 1346,731,43,28
wie 1405,731,47,23
Fritzsche 1466,730,131,24
mir 1611,730,50,24
unterstellt. 1675,730,153,24
<EOS>
Mein 1263,768,75,24
Anliegen 1351,768,129,30
ist 1494,768,31,24
es 1538,776,25,16
zu 1576,776,33,16
zeigen, 1621,767,98,31
dass 1733,767,58,24
es 1803,775,27,16
verschiedene 1262,805,186,25
Meinungen 1461,805,164,31
(Wirklichkei¬ 1637,804,193,30
ten) 1262,842,55,30
gibt, 1333,842,61,31
die 1412,841,41,24
nebeneinander 1471,841,213,24
Platz 1701,841,70,23
ha¬ 1787,840,43,24
ben, 1262,880,59,28
auch 1335,880,67,23
im 1416,879,35,24
Bereich 1465,879,107,24
der 1586,878,45,25
Kernenergie. 1644,877,185,31
<EOS>
Die 1263,917,50,24
von 1332,925,51,16
unseren 1404,924,112,17
Sicherheitsbehörden 1535,915,295,25
und 1263,955,54,24
Reaktorbetreibern 1359,953,265,26
dargestellte 1666,953,164,30
Wirklichkeit 1262,991,182,25
wollte 1467,991,87,24
ich 1577,991,42,24
mit 1643,991,46,23
meinem 1714,990,115,23
Beitrag 1263,1030,101,30
aus 1376,1037,45,16
einer 1433,1029,72,24
anderen 1517,1029,116,24
Sicht 1645,1028,70,24
in 1728,1028,27,24
eini¬ 1767,1027,63,25
gen 1262,1074,49,24
Punkten 1328,1067,121,24
ergänzen. 1465,1068,136,29
<EOS>
Eine 1620,1066,63,23
Meinung 1700,1065,130,30
dazu 1262,1105,67,24
sollte 1342,1105,75,24
sich 1431,1104,54,25
jede 1497,1104,60,31
Leserin 1571,1102,105,25
und 1690,1103,54,24
jeder 1756,1102,74,31
Leser 1263,1143,77,23
selber 1351,1142,83,24
bilden 1446,1141,87,25
können. 1547,1141,114,24
<EOS>
Ich 1676,1140,43,24
bin 1731,1140,45,24
zu¬ 1788,1147,42,16
versichtlich, 1263,1179,174,28
dass 1454,1179,56,24
im 1527,1179,37,23
«Schweizer 1581,1178,162,24
Inge¬ 1759,1178,71,30
nieur 1264,1217,76,24
und 1359,1217,54,23
Architekt» 1433,1216,154,24
die 1608,1216,42,24
verschiede¬ 1670,1215,160,25
nen 1265,1262,52,16
Meinungen 1332,1254,162,30
zum 1509,1261,61,16
Risiko 1584,1253,92,24
der 1690,1253,45,24
Kern¬ 1750,1253,81,23
energie 1265,1294,102,30
auch 1378,1294,66,24
in 1454,1294,26,23
Zukunft 1489,1295,119,23
nebeneinander 1618,1294,213,24
Platz 1265,1332,69,24
haben 1345,1332,85,24
werden. 1439,1332,111,24
<EOS>
<EOP>
Adresse 1263,1451,98,21
des 1385,1451,39,21
Verfassers: 1448,1451,137,21
R. 1612,1452,25,20
<EOS>
Bühler. 1663,1450,87,24
<EOS>
dipi. 1775,1451,53,27
<EOS>
Masch.-Ing. 1264,1485,147,27
<EOS>
ETH/SIA, 1421,1485,130,24
Dörfli 1561,1485,76,21
5. 1646,1486,19,20
<EOS>
8933 1674,1485,56,21
Masch- 1739,1486,91,20
wanden. 1263,1520,104,20
<EOS>
<EOP>
30 41,1838,90,55
Jahre 146,1836,205,56
plastische 373,1834,353,72
Berechnungsmethoden 43,1912,831,73
in 897,1914,60,54
der 978,1911,122,58
Schweiz 41,1994,287,57
Zur 41,2078,61,31
Emeritierung 116,2078,229,40
von 359,2088,63,20
Professor 439,2073,168,35
Bruno 621,2076,103,31
Thürlimann 737,2073,201,34
Lieber 41,2152,91,25
Bruno, 142,2153,95,27
Am 40,2205,51,23
1. 106,2206,18,22
<EOS>
April 137,2204,75,30
1960 227,2204,60,24
hast 300,2204,56,24
Du 367,2204,43,23
die 421,2202,40,24
Professur 474,2202,133,24
für 41,2243,41,23
Baustatik 102,2241,132,25
und 253,2241,53,24
Massivbau, 327,2240,158,27
wie 505,2239,48,23
sie 572,2239,35,23
damals 40,2279,99,24
noch 152,2278,67,24
so 230,2286,28,16
schön 269,2278,81,24
hiess, 363,2277,76,28
hier 452,2277,55,23
an 518,2284,32,16
der 562,2276,45,24
<EOS>
<EOP>
VON 42,2384,73,24
HUGO 135,2384,106,24
BACHMANN, 257,2384,212,29
<EOS>
<EOP>
ZÜRICH 135,2416,134,30
ETH 41,2501,65,24
angetreten. 118,2504,157,27
<EOS>
Am 288,2500,50,23
Tage 348,2500,67,31
Deiner 428,2499,96,24
Eme¬ 536,2500,72,23
ritierung, 41,2538,133,31
am 190,2546,41,16
31. 246,2537,39,24
<EOS>
März 302,2538,76,23
1990, 395,2537,70,27
waren 481,2544,86,17
es 583,2544,25,16
also 40,2576,54,24
genau 108,2583,83,23
30 206,2576,30,23
Jahre 249,2575,76,24
her. 340,2575,52,24
<EOS>
Du 409,2576,41,22
kamst 466,2575,83,23
aus 563,2581,45,17
den 41,2614,50,23
USA, 103,2613,75,29
von 191,2620,49,17
der 252,2613,46,24
Lehigh 310,2612,97,30
University 421,2610,150,32
in 582,2610,25,24
Bethlehem, 44,2651,159,28
wo 218,2658,39,17
Du 271,2650,42,24
vorher 327,2650,95,23
gewirkt 434,2648,107,32
hat¬ 555,2648,54,25
test. 41,2692,56,21
<EOS>
Und 113,2688,61,25
Du 189,2688,40,24
brachtest 246,2687,129,25
die 389,2686,42,25
Plastizitäts¬ 447,2686,162,25
theorie 41,2725,100,25
mit, 154,2725,54,28
bei 223,2725,39,24
deren 275,2725,79,24
Anwendung, 367,2725,182,30
vor 563,2731,46,16
<EOS>
<EOP>
allem 652,2151,76,24
im 751,2151,36,23
Stahlbau, 808,2151,132,27
Du 964,2151,41,23
selbst 1026,2151,78,23
bereits 1125,2150,93,24
massgeblich 653,2188,172,31
beteiligt 835,2188,113,30
gewesen 958,2195,116,23
warst. 1084,2192,82,19
<EOS>
Die 654,2237,48,24
Plastizitätstheorie 731,2236,255,25
brachte 1013,2236,105,24
kom¬ 1147,2236,72,24
plett 651,2275,64,30
Neuartiges 739,2274,153,31
in 918,2273,25,24
das 969,2275,44,23
statisch-kon¬ 1038,2273,180,25
struktive 652,2312,125,24
Denken 792,2312,111,24
und 916,2311,53,24
Arbeiten 983,2311,125,24
der 1122,2311,45,24
In¬ 1181,2312,37,22
genieure. 651,2350,130,30
<EOS>
Sie 798,2349,40,24
war 854,2356,51,17
gewissermassen 920,2349,225,31
eine 1160,2349,58,23
Offenbarung, 653,2387,191,30
eine 858,2387,57,23
Befreiung 929,2386,139,30
aus 1080,2394,44,16
elasti¬ 1136,2386,83,24
zitätstheoretischen 652,2424,268,25
Fesseln, 938,2424,111,28
die 1066,2423,41,25
vor 1124,2431,46,17
al¬ 1185,2424,34,24
lem 653,2462,51,25
wir 721,2461,45,25
damaligen 783,2461,147,32
jungen 947,2461,99,31
Ingenieure 1066,2461,152,31
begeistert 653,2499,135,32
aufnahmen. 812,2499,171,24
<EOS>
Und 1011,2499,60,24
Du 1096,2499,42,24
hast 1162,2499,57,24
Dich 654,2537,67,24
seither, 737,2537,102,26
in 857,2537,25,23
diesen 897,2537,90,24
30 1002,2537,33,23
Jahren 1048,2537,97,24
Dei¬ 1162,2536,58,24
nes 654,2582,45,16
Wirkens 708,2575,120,23
in 839,2574,25,24
der 874,2575,45,23
Schweiz, 928,2574,122,29
für 1063,2575,40,23
die 1113,2574,41,24
wei¬ 1163,2574,58,24
tere 654,2617,51,20
Entwicklung 732,2612,181,30
der 936,2613,45,24
Verfahren 1005,2612,146,24
der 1175,2611,46,25
Plastizitätstheorie 654,2649,255,25
und 932,2651,52,23
deren 1008,2650,78,24
Anwen¬ 1109,2649,112,24
dung 654,2688,70,31
in 754,2687,25,24
der 808,2687,45,25
Praxis 883,2687,86,25
als 998,2687,37,24
«plastische 1064,2686,156,31
Berechnungsmethoden» 656,2725,346,31
mit 1040,2725,45,24
grosser 1121,2732,100,23
<EOS>
<EOP>
Vortrag, 1288,1868,103,26
gehalten 1416,1867,106,27
am 1547,1874,38,14
Festkolloquium 1610,1866,198,27
«Plasticity 1290,1901,131,27
in 1444,1901,22,20
Structural 1489,1901,126,21
Engineering» 1639,1899,169,28
vom 1289,1941,54,15
25. 1352,1935,34,21
<EOS>
März 1397,1935,65,21
1990 1474,1935,53,20
im 1538,1934,31,21
Auditorium 1577,1933,150,22
Maxi¬ 1737,1934,73,21
mum 1289,1975,66,15
der 1371,1968,40,22
Eidgenössischen 1427,1968,206,27
Technischen 1649,1967,161,22
Hochschule 1290,2002,148,22
Zürich. 1447,2002,91,21
<EOS>
<EOP>
Schaffenskraft 1265,2103,208,25
eingesetzt. 1483,2102,148,32
<EOS>
Einige 1643,2102,88,31
Statio¬ 1742,2102,89,24
nen 1267,2148,50,17
dieser 1329,2140,83,25
«30 1426,2140,48,24
Jahre 1485,2140,76,24
plastische 1574,2140,138,31
Berech¬ 1726,2140,106,23
nungsmethoden 1267,2178,228,31
in 1508,2178,25,23
der 1546,2178,45,23
Schweiz» 1603,2177,133,25
sollen 1748,2178,83,23
im 1267,2216,34,23
folgenden 1327,2216,139,30
aufgezeigt 1491,2215,144,31
werden, 1659,2216,111,27
im 1797,2215,34,24
Sinne 1264,2253,81,25
eines 1359,2253,72,25
kurzen 1446,2253,97,24
historischen 1560,2253,173,25
Rück¬ 1748,2253,84,24
blicks. 1266,2291,88,24
<EOS>
<EOP>
Vortrag 1264,2418,128,31
im 1403,2418,37,24
November 1452,2417,175,26
1960 1640,2418,79,25
Sozusagen 1264,2498,147,29
das 1438,2498,44,23
Startereignis 1507,2497,180,31
war 1713,2505,51,16
ein 1789,2497,41,24
Vortrag 1265,2535,109,30
mit 1396,2535,46,24
dem 1463,2535,60,24
Titel 1544,2535,66,24
«Grundsätzli¬ 1634,2534,199,25
ches 1265,2572,60,24
zu 1344,2580,31,16
den 1394,2572,50,24
plastischen 1464,2572,157,31
Berechnungs¬ 1640,2573,192,30
verfahren», 1267,2609,165,28
den 1444,2609,50,25
Bruno 1506,2610,88,24
Thürlimann 1604,2609,175,25
am 1790,2617,41,16
12. 1269,2648,35,23
<EOS>
November 1315,2647,151,24
1960 1479,2648,61,23
an 1549,2655,33,16
einer 1592,2648,73,23
Tagung 1672,2648,107,30
der 1788,2647,44,23
Fachgruppe 1267,2685,167,30
für 1447,2685,41,23
Brückenbau 1499,2685,171,23
und 1683,2685,52,23
Hoch¬ 1748,2685,84,23
bau 1266,2722,50,25
des 1328,2722,44,25
SIA, 1384,2723,60,27
des 1458,2723,43,24
Schweizerischen 1513,2722,235,25
Inge- 1763,2723,70,30
666 39,2798,47,22
<EOS>
<EOP>
