1960,2865
Baustatik 47,84,127,26
Schweizer 1111,84,138,25
Ingenieur 1256,86,130,30
und 1394,84,51,25
Architekt 1450,83,127,25
Nr. 1585,85,41,23
<EOS>
23, 1637,84,38,29
7. 1684,85,22,23
<EOS>
Juni 1716,85,56,24
1990 1782,85,60,24
<EOS>
<EOP>
i. 202,616,66,63
<EOS>
<EOP>
i 1128,875,7,13
.'S 1160,859,70,38
<EOS>
Bild 47,937,50,27
3. 103,939,21,24
<EOS>
Stahlrahmen 152,938,172,26
mit 334,941,43,23
horziontalen 384,938,173,26
und 567,938,51,26
vertikalen 627,937,132,26
Lasten 770,938,86,25
stimmter 44,1023,130,24
Tragwerke 181,1024,153,30
nicht 345,1024,72,23
beherrschen, 427,1024,181,28
so 44,1068,27,17
musste 83,1062,96,23
die 191,1061,40,24
Einführung 243,1061,167,31
einer 421,1061,72,24
solchen 503,1062,107,23
«Baustatik 45,1098,151,25
für 219,1099,42,24
Schwachbegabte» 284,1099,252,30
erst 560,1103,50,21
recht 44,1136,71,24
abgelehnt 124,1136,139,31
werden.»*) 273,1135,158,31
<EOS>
Bruno 46,1186,87,23
Thürlimann 143,1184,176,25
Hess 331,1184,58,25
sich 400,1184,56,25
aber 467,1185,61,24
nicht 540,1184,71,25
entmutigen. 45,1223,171,30
<EOS>
In 246,1223,29,22
der 302,1223,46,23
Schweizerischen 375,1222,237,24
Bauzeitung 47,1260,160,30
folgte 218,1260,78,30
zwar 307,1267,69,17
noch 387,1260,68,24
eine 467,1259,58,25
Rich¬ 537,1259,76,24
tigstellung 46,1297,148,31
[3], 207,1297,38,30
eine 260,1296,58,25
Erwiderung 333,1297,168,31
[4] 515,1297,29,29
und 558,1297,54,24
ein 45,1334,43,24
Schlusswort 113,1334,170,24
der 307,1334,45,24
Redaktion 378,1334,149,24
zum 551,1342,60,16
Aufsatz 45,1372,109,24
«Gegen 184,1372,109,30
das 321,1372,45,24
Traglastverfah¬ 393,1372,219,30
ren» 47,1416,62,17
[5]. 137,1410,37,28
<EOS>
Auch 202,1409,77,24
erschien 306,1408,118,25
1963 454,1408,60,24
beim 543,1408,68,24
Schweizerischen 47,1446,234,25
Stahlbauverband 296,1446,244,24
eine 555,1445,57,25
weitere 47,1484,101,24
Kampfschrift 167,1483,192,32
Stüssis 377,1483,93,24
mit 488,1483,47,24
dem 552,1483,60,24
Titel 45,1521,66,24
«Fehler 124,1521,111,24
und 247,1521,54,24
Mängel 314,1521,107,31
des 433,1521,44,24
Traglast¬ 488,1521,125,30
verfahrens». 47,1559,178,24
<EOS>
Bald 239,1559,63,23
aber 314,1559,61,23
ging 386,1558,61,31
Bruno 459,1559,87,23
dar¬ 558,1559,55,23
an, 47,1604,40,21
die 98,1596,41,25
Praxis 149,1596,87,25
mit 246,1596,47,25
der 302,1596,46,25
Plastizitätstheorie 357,1595,256,25
bekannt 46,1634,116,24
zu 170,1642,32,16
machen. 213,1634,118,24
<EOS>
<EOP>
Plastizitätskurs 45,1765,250,26
1963 309,1765,80,26
Im 46,1846,39,23
März 102,1846,74,23
1963 196,1846,61,23
fand 277,1846,63,24
der 356,1847,46,23
Fortbildungs¬ 419,1846,194,31
kurs 46,1883,62,24
«Plastische 138,1883,158,25
Berechnungsmetho¬ 326,1884,288,30
den» 47,1920,66,24
für 127,1921,42,24
Bau- 180,1921,64,24
und 255,1921,53,24
Maschineningenieu¬ 321,1921,293,31
re 47,1963,25,17
statt, 83,1960,66,25
an 162,1963,33,17
dem 206,1956,60,24
der 278,1956,45,24
unvergessliche 334,1956,209,30
Pro¬ 555,1957,58,23
fessor 47,1993,81,25
Hans 145,1994,73,23
Ziegler 232,1992,101,32
ebenfalls 343,1994,127,24
massgeb¬ 485,1994,128,30
lich 47,2030,50,25
beteiligt 112,2030,114,32
war. 240,2039,59,16
<EOS>
Dieser 316,2030,92,25
Kurs 422,2031,68,24
war 504,2039,52,16
ein 570,2030,42,25
historisches 47,2068,166,24
Ereignis; 236,2068,127,31
er 385,2076,27,16
setzte 434,2073,78,19
einen 535,2068,76,25
Markstein 47,2106,145,23
in 230,2106,25,23
der 292,2107,46,22
Geschichte 374,2106,158,24
des 569,2107,43,23
Schweizerischen 46,2143,235,24
Bauingenieurwesens 321,2143,291,31
und 47,2181,53,24
weit 120,2180,58,25
darüber 198,2181,112,24
hinaus. 331,2181,101,24
<EOS>
Es 455,2182,30,24
wurden 505,2182,108,24
hier 47,2217,55,25
fundamentale 128,2218,197,25
Begriffe 351,2218,114,31
definiert 489,2218,123,25
wie 45,2256,48,24
«statisch 113,2256,122,24
zulässiger 254,2256,141,31
Spannungszu¬ 411,2256,202,31
stand» 45,2294,92,23
und 150,2294,52,24
«kinematisch 215,2294,191,24
zulässiger 418,2294,140,31
Be¬ 570,2294,42,23
wegungszustand». 46,2332,258,29
<EOS>
Diese 318,2332,76,24
gehörten 405,2332,125,30
denn 542,2333,69,22
bald 45,2368,60,25
auch 122,2369,66,24
zum 205,2377,61,17
unabdingbaren 283,2369,217,31
Instru¬ 517,2370,95,24
mentarium 47,2406,157,24
des 227,2407,43,24
statisch-konstruktiven 292,2406,318,25
<EOS>
<EOP>
*) 45,2529,22,27
Anmerkung 84,2530,155,28
des 259,2530,40,22
Verfassers: 319,2530,139,21
Die 480,2529,44,21
vehe¬ 545,2529,67,21
mente 46,2568,76,18
Ablehnung 149,2564,143,27
der 318,2565,40,20
Plastizitätstheorie 386,2562,225,23
durch 45,2598,71,22
Fritz 130,2598,56,22
Stüssi 194,2598,73,22
entbehrt 274,2598,107,21
nicht 391,2597,63,22
einer 463,2597,64,22
gewis¬ 536,2597,76,27
sen 45,2639,39,15
Tragik, 97,2631,91,28
hat 204,2632,38,21
er 256,2639,23,14
doch 292,2631,59,22
an 367,2638,28,15
anderen 410,2631,101,22
Stellen 527,2631,83,22
seines 44,2666,75,22
insgesamt 135,2666,122,27
sehr 273,2666,52,21
fruchtbaren 341,2665,148,22
Wirkens 505,2664,106,22
selbst 45,2700,68,22
Ansätze 127,2700,100,22
postuliert, 240,2699,127,28
die 381,2699,37,22
heute 432,2699,68,21
der 512,2699,41,21
Pla¬ 566,2698,47,21
stizitätstheorie 45,2734,186,22
zugerechnet 240,2734,152,27
werden. 402,2734,98,20
<EOS>
<EOP>
Hochschulunterrichtes. 655,1022,335,24
<EOS>
Und 1004,1022,61,24
es 1077,1030,25,16
wurden 1113,1022,108,24
die 655,1059,41,25
Grenzwertsätze 707,1059,223,25
der 940,1059,45,25
Plastizitätstheo¬ 995,1059,227,25
rie 655,1096,36,25
eingeführt: 711,1096,159,32
Der 890,1098,53,23
«statische 964,1096,138,25
Grenz¬ 1123,1096,99,25
wertsatz» 654,1139,135,19
oder 814,1135,62,23
«Gleichgewichtssatz», 901,1134,318,31
der 655,1173,45,23
zu 715,1180,31,15
einem 761,1172,87,23
unteren 863,1176,111,19
sicheren 988,1172,119,24
Grenz¬ 1123,1172,99,23
wert 654,1213,63,21
der 729,1210,46,24
Traglast 786,1210,114,30
führt, 914,1209,79,29
und 1007,1209,54,25
der 1074,1209,44,24
«kine¬ 1133,1209,88,24
matische 656,1246,125,25
Grenzwertsatz» 808,1246,226,25
oder 1061,1247,62,24
«Me¬ 1149,1247,73,24
chanismussatz», 656,1284,232,29
der 904,1284,45,24
einen 964,1284,77,24
oberen 1056,1284,97,24
und 1168,1284,54,24
deshalb 656,1322,107,24
auf 774,1322,46,24
der 829,1322,45,24
unsicheren 884,1322,157,23
Seite 1051,1322,67,24
liegen¬ 1129,1322,93,30
den 656,1360,50,23
Wert 721,1360,70,23
der 806,1360,45,23
Traglast 864,1360,116,30
liefert. 996,1359,91,24
<EOS>
Und 1104,1360,61,23
die 1181,1359,41,24
zugehörigen 656,1397,175,30
Methoden 860,1397,146,24
wurden 1035,1397,106,24
den 1171,1397,50,24
praktischen 656,1434,166,32
Ingenieuren 837,1434,173,32
didaktisch 1024,1434,146,25
ge¬ 1183,1442,40,23
schickt 655,1472,99,24
vermittelt: 766,1472,151,24
Die 928,1472,49,24
statische 988,1472,120,24
Metho¬ 1120,1472,103,24
de 656,1510,31,24
und 699,1510,55,24
die 767,1510,41,24
Mechanismusmethode, 822,1510,331,28
und 1168,1510,53,23
zwar 655,1554,68,17
für 733,1548,42,23
Stabtragwerke 783,1548,205,30
und 998,1548,54,23
für 1062,1548,41,23
Platten. 1114,1548,106,23
<EOS>
Verschiedene 655,1585,191,24
Fliessbedingungen 870,1584,265,31
wur¬ 1159,1593,64,16
den 655,1623,50,24
bereits 719,1622,93,25
fundiert 826,1622,116,25
diskutiert. 955,1622,144,25
<EOS>
Und 1115,1622,62,24
zu 1190,1630,31,16
all 655,1660,33,24
dem 699,1660,60,24
wurden 770,1660,107,24
auch 888,1660,68,24
instruktive 967,1659,155,25
Kollo¬ 1134,1660,88,24
quien 655,1697,78,31
und 744,1698,52,23
Übungen 807,1692,131,36
abgehalten. 948,1698,162,30
<EOS>
Was 654,1747,60,23
aber 732,1747,61,23
diesem 813,1746,98,24
Kurs 931,1747,68,23
sozusagen 1019,1754,142,23
die 1180,1746,41,24
Krone 656,1784,88,24
aufsetzte, 765,1784,132,29
waren 919,1792,86,16
die 1026,1784,41,24
hervorra¬ 1088,1784,134,24
genden, 654,1821,110,31
an 787,1829,33,16
der 842,1821,46,24
Empa 910,1822,82,29
in 1015,1821,26,24
Dübendorf 1064,1821,159,25
durchgeführten 655,1858,223,32
Versuche, 902,1859,138,28
mit 1066,1858,46,25
denen 1135,1859,85,24
das 656,1897,44,23
theoretisch 723,1897,158,24
Dozierte 906,1897,121,24
veranschau¬ 1051,1897,172,24
licht 656,1933,62,25
wurde. 739,1935,96,23
<EOS>
Die 858,1934,49,24
(hier 929,1934,68,30
abgedruckten) 1018,1935,204,30
Bilder 657,1971,85,25
zeigen 759,1971,90,31
einige 867,1971,84,31
Fotos 970,1973,76,23
von 1064,1980,51,16
diesen 1133,1972,89,24
Versuchen: 655,2009,160,24
<EOS>
<EOP>
- 656,2077,14,2
Ein 690,2061,47,24
2feldriger 752,2062,140,31
Stahlträger 905,2062,158,31
mit 1076,2062,47,25
plasti¬ 1137,2062,86,31
schen 689,2100,79,23
Gelenken 785,2100,139,23
über 940,2100,63,24
der 1018,2101,45,23
Zwischen¬ 1077,2100,146,24
stütze 689,2139,81,23
und 781,2138,53,24
in 844,2137,26,24
den 880,2138,50,24
Feldern 941,2138,109,24
<EOS>
<EOP>
- 656,2189,14,3
Ein 690,2174,47,25
ähnlich 750,2174,107,25
belasteter 870,2175,137,24
Stahlbetonträ¬ 1019,2175,204,25
ger 688,2220,44,23
<EOS>
<EOP>
- 656,2265,14,2
Ein 690,2250,47,24
Stahlrahmen 760,2250,185,24
mit 971,2250,45,24
horizontalen 1041,2250,180,24
und 688,2288,54,24
vertikalen 752,2287,145,25
Lasten 907,2289,93,23
<EOS>
<EOP>
- 655,2340,14,3
Eine 689,2325,63,25
vierpunkt-gelagerte 766,2325,279,31
Stahlbeton¬ 1058,2326,164,24
platte, 688,2363,87,31
bei 789,2363,40,25
der 842,2363,44,24
sich 898,2363,55,25
auf 965,2363,46,25
der 1022,2363,45,24
hier 1080,2363,55,25
sicht¬ 1147,2363,76,24
baren 689,2401,79,23
Unterseite 794,2400,147,24
die 966,2400,41,24
Gelenklinien 1032,2400,189,25
nach 689,2438,66,23
der 803,2438,45,23
Mechanismusmehtode 897,2438,324,24
leicht 689,2475,77,24
verschmiert 776,2475,170,24
ausgebildet 956,2475,159,30
haben. 1126,2476,92,23
<EOS>
<EOP>
Intensive 657,2576,149,24
Forschung 816,2575,165,30
Im 658,2656,37,23
erwähnten 711,2655,151,25
Vortrag 879,2655,109,31
von 1004,2663,50,16
1960 1077,2654,59,24
hatte 1154,2654,69,24
Bruno 658,2693,86,24
Thürlimann 774,2692,174,25
noch 983,2692,65,24
feststellen 1081,2692,142,24
müssen, 658,2731,112,27
dass 798,2731,57,23
auf 882,2731,46,23
dem 954,2731,59,23
Gebiete 1041,2729,111,25
des 1179,2729,44,24
<EOS>
<EOP>
Dissertationen 1291,193,211,22
zur 1511,199,47,15
Anwendung 1289,226,177,29
der 1475,226,49,22
Plastizitätstheorie 1532,225,266,23
auf 1289,259,49,24
Stahlbetontragwerke 1345,259,318,29
Wolfensberger 1295,306,182,28
R. 1482,306,26,21
<EOS>
: 1515,313,6,14
Traglast 1288,340,101,27
und 1408,340,48,22
optimale 1475,340,110,27
Bemessung 1605,340,142,27
von 1764,345,46,16
Platten 1289,374,89,21
(1964) 1386,373,78,27
Bachmann 1291,407,131,22
H.: 1433,408,39,21
<EOS>
Zur 1289,442,45,20
plastizitätstheoretischen 1371,441,307,27
Berech¬ 1716,441,95,21
nung 1289,482,63,20
statisch 1367,475,93,22
unbestimmter 1473,475,180,21
Stahlbeton¬ 1666,475,145,21
balken 1289,509,84,21
(1967) 1382,509,78,26
Lampen 1292,544,105,26
P.: 1405,544,33,20
<EOS>
Bruchwiderstand 1289,577,218,21
von 1523,583,47,15
Stahlbetonbalken 1587,577,223,21
unter 1289,615,68,17
Torsion 1364,610,97,22
und 1471,610,47,22
Biegung 1528,610,102,28
(1970) 1637,610,78,27
Knöpf 1293,643,83,29
el 1374,643,20,22
H. 1403,644,27,21
<EOS>
: 1438,651,4,14
Berechnung 1291,678,153,27
starr-plastischer 1451,677,203,28
Platten 1664,678,89,21
mit¬ 1761,677,51,22
tels 1290,712,41,21
finiter 1340,711,79,22
Elemente 1428,712,119,20
(1973) 1555,710,78,27
Grob 1294,745,60,21
J. 1361,746,19,21
<EOS>
: 1387,753,5,13
Plastische 1291,779,124,21
Traglast 1423,779,103,27
von 1536,785,46,14
Stäben 1592,779,84,21
mit 1687,778,42,21
dünn¬ 1739,779,74,20
wandigen, 1290,812,128,27
offenen 1427,812,97,22
Querschnitten 1534,812,181,27
1975) 1738,812,64,26
Lüchinger 1293,845,127,28
P.: 1427,847,32,20
<EOS>
Bruchvviderstand 1290,880,217,21
von 1520,886,45,15
Kastenträgern 1579,880,181,27
aus 1772,886,40,15
Stahlbeton 1289,914,137,21
unter 1442,917,68,18
Torsion, 1523,913,105,24
Biegung 1646,913,103,28
und 1764,914,48,21
Querkraft 1291,948,126,27
(1977) 1426,947,77,27
Müller 1292,981,84,22
P.: 1383,982,32,20
<EOS>
Plastische 1290,1014,123,22
Berechnung 1433,1015,151,27
von 1602,1021,46,14
Stahlbeton¬ 1666,1015,146,20
scheiben 1289,1049,110,21
und 1407,1049,48,21
-balken 1462,1049,94,21
1977) 1578,1048,65,26
Zimmerli 1291,1082,116,21
B.: 1416,1083,34,20
<EOS>
Tragwiderstand 1289,1117,198,27
von 1495,1124,46,13
Hochhäusern 1551,1116,170,21
(1980) 1731,1116,77,26
Marti 1292,1151,70,20
P.: 1371,1151,33,20
<EOS>
Zur 1289,1184,46,21
plastischen 1344,1183,139,28
Berechnung 1493,1184,153,26
von 1654,1190,46,14
Stahlbe¬ 1709,1183,103,21
ton 1289,1222,40,17
(1980) 1338,1217,78,27
PralongJ.: 1293,1251,132,27
<EOS>
Poinçonnement 1290,1284,200,27
symétrique 1517,1284,140,27
des 1683,1284,39,22
plan¬ 1749,1284,64,27
chers-dalles 1291,1318,147,22
(1982) 1447,1318,77,26
Brandii 1294,1351,92,22
W.: 1398,1352,42,20
<EOS>
Durchstanzen 1292,1386,177,21
von 1503,1392,45,14
Flachdecken 1582,1385,160,21
bei 1776,1384,37,22
Rand- 1292,1420,75,20
und 1375,1419,48,21
Eckstützen 1433,1420,138,20
1984) 1593,1419,63,26
FreyR.: 1294,1454,99,26
<EOS>
Ermüdung 1293,1488,135,27
von 1444,1494,46,15
Stahlbetonbalken 1506,1487,224,21
unter 1746,1490,68,18
Biegung 1293,1521,101,28
und 1403,1521,46,21
Querkraft 1460,1521,126,27
(1984) 1594,1520,78,27
Kanellopoulos 1295,1554,179,28
A.: 1482,1554,38,22
<EOS>
Zum 1292,1589,59,21
unelastischen 1361,1588,172,22
Verhalten 1543,1588,126,22
und 1680,1588,47,21
Bruch 1739,1588,75,21
von 1291,1629,46,14
Stahlbeton 1345,1622,137,21
(1986) 1490,1621,79,27
Maier 1295,1657,75,21
J.E.: 1374,1657,59,21
<EOS>
Tragfähigkeit 1290,1689,173,28
von 1491,1697,46,14
Stahlbetonscheiben 1565,1689,248,22
(1988) 1291,1724,78,26
Muttoni 1295,1759,100,20
A.: 1404,1759,38,20
<EOS>
Die 1292,1791,43,22
Anwendbarkeit 1348,1791,199,22
der 1560,1791,39,21
Plastizitätstheo¬ 1614,1790,200,22
rie 1293,1825,30,22
in 1345,1825,23,22
der 1389,1825,40,22
Bemessung 1450,1826,141,26
von 1611,1831,46,15
Stahlbeton 1677,1825,135,21
(1989) 1291,1858,78,28
<EOS>
<EOP>
Literatur 1294,2079,127,22
[1] 1293,2124,27,27
Thürlimann, 1342,2123,153,24
B.: 1514,2123,35,22
<EOS>
Grundsätzliches 1563,2122,207,23
zu 1786,2129,28,15
<EOS>
<EOP>
den 1337,2158,44,20
plastischen 1410,2157,139,27
Berechungsverfah- 1576,2156,238,28
ren. 1339,2198,45,14
<EOS>
Schweizerische 1396,2191,192,21
Bauzeitung, 1599,2190,148,27
Heft 1759,2190,55,21
48/1961, 1337,2225,108,23
Heft 1456,2225,54,21
49/1961 1519,2226,99,20
[2] 1292,2259,28,26
Stüssi, 1338,2259,79,24
F.: 1436,2260,32,20
<EOS>
Gegen 1481,2259,82,27
das 1577,2259,41,21
Taglastverfah¬ 1632,2258,183,28
<EOS>
<EOP>
ren. 1337,2300,46,14
<EOS>
Schweizerische 1394,2292,194,22
Bauzeitung. 1599,2292,148,28
<EOS>
Heft 1759,2292,54,22
4/1962 1335,2327,87,21
[3] 1292,2361,26,26
Thürlimann. 1341,2360,153,23
<EOS>
B.: 1527,2361,34,21
<EOS>
Richtigstellungen 1591,2361,223,27
<EOS>
<EOP>
zum 1335,2401,54,15
Aufsatz 1400,2394,96,22
«Gegen 1507,2394,97,27
das 1614,2394,40,22
Traglastver¬ 1662,2394,152,27
fahren». 1337,2428,106,21
<EOS>
Schweizerische 1457,2427,193,22
Bauzeilung, 1665,2427,148,27
Heft 1338,2462,53,21
8/1962 1401,2462,87,21
[4] 1291,2497,27,25
Stüssi. 1338,2496,79,23
<EOS>
F.: 1444,2497,32,20
<EOS>
Zum 1495,2497,59,20
Traglast 1577,2496,101,27
verfahren, 1682,2496,131,22
<EOS>
<EOP>
eine 1335,2529,54,22
Erwiderung. 1427,2529,156,28
<EOS>
Schweizerische 1621,2529,193,22
Bauzeitung, 1338,2563,148,27
Heft 1497,2563,55,22
8/1962 1561,2563,87,21
[5] 1292,2598,27,25
Schlusswort 1337,2597,150,22
der 1501,2597,40,21
Redakton 1555,2597,122,20
zum 1692,2603,53,14
Auf¬ 1759,2596,56,21
<EOS>
<EOP>
satz 1336,2634,47,18
«Gegen 1398,2631,96,27
das 1509,2631,40,21
Traglastverfahren». 1560,2630,254,27
<EOS>
Schweizerische 1336,2664,193,21
Bauzeitung, 1571,2663,147,28
Heft 1760,2664,54,21
8/1962 1337,2697,86,22
<EOS>
<EOP>
668 43,2800,47,24
<EOS>
<EOP>
