1960,2865
Aktuell 91,98,99,26
Schweizer 1158,93,138,26
Ingenieur 1304,94,129,30
und 1441,91,52,26
Architekt 1498,91,128,26
Nr. 1633,91,41,25
<EOS>
23, 1684,91,39,29
7. 1732,92,22,24
<EOS>
Juni 1764,91,56,24
1990 1830,91,59,24
<EOS>
<EOP>
Aktuell 163,225,293,57
«Splitter 97,379,187,43
und 296,378,80,34
Balken» 391,377,175,34
aus 579,388,75,23
dem 666,376,94,35
Jahresbericht 774,374,300,36
1989 1085,375,99,33
des 1196,374,74,34
Gute 1322,374,105,33
Energieernten 1441,373,310,43
mit 1765,373,70,32
Flughafens 98,427,240,45
Zürich 351,425,137,36
Wasser- 1321,424,184,32
und 1521,421,80,35
Kernkraft 1616,419,214,36
(FDZ) 98,494,87,30
Wie 198,493,55,23
dem 263,493,60,23
eben 332,493,66,23
erschienenen 408,491,188,25
Jah¬ 605,491,57,24
resbericht 97,530,141,25
der 256,530,45,24
Flughafendirektion 318,528,281,32
Zü¬ 616,529,47,23
rich 97,568,55,25
(FDZ) 172,567,90,32
zu 281,576,32,16
entnehmen 334,567,161,25
ist, 516,566,38,29
wider¬ 575,566,89,24
spiegeln 97,605,116,32
die 226,605,41,25
Ergebnisse 281,605,152,31
des 447,605,43,23
Flughafens 505,604,158,31
Zürich 97,643,96,25
auch 209,643,68,24
1989 296,643,61,23
die 374,642,42,24
allgemeine 433,642,155,31
Ent¬ 605,642,59,23
wicklung 96,681,132,31
des 244,681,45,24
Weltluftverkehrs, 305,680,254,28
die 577,679,41,25
in 636,678,27,25
gewissen 97,719,124,31
Verkehrsregionen 231,717,258,31
zweistellige 500,716,164,31
Zuwachsraten 97,757,202,24
erreichte. 308,755,133,25
<EOS>
D 99,824,23,23
Die 142,822,50,24
genauen 207,829,121,24
Ergebnisse 343,821,153,31
für 512,821,43,24
Zürich 569,820,96,25
lauten: 98,860,98,24
12,2 218,859,53,28
Mio. 290,859,65,24
<EOS>
Passagiere 375,859,146,29
+ 554,863,18,18
8,2%); 579,858,86,28
335 99,897,47,23
0361 157,897,65,23
Fracht 235,897,92,23
(+7,1%); 340,896,126,29
15 480,897,27,22
8211 519,896,64,23
Luft¬ 596,895,70,24
post 98,938,58,26
(-1,2%); 176,933,116,31
Flugbewegungen 312,933,243,31
(Starts 576,932,89,30
und 98,971,55,24
Landungen): 163,970,183,31
210 356,970,47,24
464 412,970,49,24
+ 484,974,18,18
5,6%). 509,970,83,29
<EOS>
D 99,1021,23,23
Als 141,1019,47,25
Reiseziel 203,1019,128,24
stand 345,1019,76,24
die 435,1019,42,24
BRD 492,1019,70,23
knapp 577,1019,88,28
vor 98,1064,47,17
Nordamerika 161,1056,193,25
am 371,1063,43,17
höchsten 432,1055,126,25
in 577,1054,26,25
der 621,1055,44,24
Gunst 101,1095,87,23
der 203,1094,45,24
Fluggäste. 264,1094,142,30
<EOS>
Es 423,1093,32,24
folgen 471,1093,87,30
Gross¬ 575,1092,91,24
britannien 100,1131,151,25
und 262,1131,54,24
Asien 328,1130,81,25
mit 421,1129,47,25
grossem 478,1137,116,24
Vor¬ 605,1130,62,24
sprung 101,1177,96,23
vor 213,1176,46,17
Afrika. 275,1168,101,24
<EOS>
Auf 394,1168,56,24
dem 465,1168,59,24
nächsten 541,1168,126,23
Platz 101,1207,70,23
finden 193,1206,93,24
wir 307,1206,46,23
schon 374,1206,83,24
die 478,1205,43,24
Schweiz: 542,1204,125,25
Rund 101,1244,78,23
372 199,1244,47,23
000 256,1243,47,24
Passagiere 323,1243,146,31
wählten 489,1243,113,24
das 621,1242,45,24
Flugzeug 102,1282,129,30
für 254,1281,41,24
ihre 319,1280,55,25
Reise 398,1280,75,25
von 497,1288,52,16
Zürich 572,1278,95,25
nach 102,1319,66,24
einer 179,1318,71,25
anderen 259,1319,114,23
Schweizer 384,1317,143,25
Stadt. 537,1317,78,25
<EOS>
D 103,1369,21,23
Pro 146,1368,48,24
Tag 205,1368,52,30
landeten 268,1367,123,24
und 402,1367,55,24
starteten 469,1370,123,20
1989 606,1366,61,23
durchschnittlich 102,1405,235,24
577 353,1405,47,23
Flugzeuge 417,1404,144,30
in 577,1403,27,24
Zü¬ 621,1404,47,23
rich. 102,1443,63,24
<EOS>
Am 178,1443,52,23
Spitzentag, 241,1441,156,31
dem 409,1442,62,24
8. 483,1441,21,25
<EOS>
September 516,1441,153,31
1989, 107,1481,67,28
zählte 185,1480,85,24
man 280,1487,62,17
751 351,1480,44,23
Flugbewegungen. 408,1479,250,31
<EOS>
D 104,1531,22,22
Die 147,1528,49,25
Zahl 214,1528,65,25
der 297,1528,45,24
geräuscharmen 359,1527,218,32
Flug¬ 597,1527,73,29
zeuge 102,1574,80,23
stieg 191,1565,63,32
1989 267,1565,61,24
von 337,1573,52,16
72 399,1565,30,24
auf 439,1565,45,24
80% 494,1565,55,23
an. 558,1572,41,17
<EOS>
D 103,1617,22,23
Ein 146,1615,49,24
erster 207,1619,79,21
Ausbauschritt 297,1614,201,25
der 510,1615,45,23
Fracht¬ 566,1614,103,23
anlagen 103,1654,110,30
ist 229,1653,30,24
auf 273,1653,45,23
gutem 331,1657,88,26
Wege. 433,1653,85,29
<EOS>
Der 534,1652,54,24
Kan¬ 602,1652,68,23
tonsrat 103,1695,99,20
bewilligte 223,1689,137,31
im 382,1689,35,25
Dezember 439,1689,146,24
1989 608,1688,61,24
einen 103,1728,78,25
Kredit 198,1727,91,25
von 305,1735,52,17
9,35 373,1727,55,29
Mio. 446,1726,65,25
<EOS>
Fr., 528,1727,48,27
<EOS>
nach¬ 594,1726,77,24
dem 102,1766,61,25
er 182,1774,28,16
schon 228,1765,82,25
im 329,1764,37,25
Januar 383,1765,97,24
1989 501,1764,63,24
einem 583,1764,87,23
Kredit 103,1803,92,25
von 217,1811,51,16
3,35 291,1803,54,28
Mio. 370,1802,64,24
<EOS>
Fr. 459,1803,38,22
<EOS>
für 522,1802,41,23
Entla- 585,1801,85,24
stungsmassnahmen 103,1841,279,31
im 409,1840,36,24
Frachtbereich 471,1838,200,26
zugestimmt 103,1879,167,31
hatte. 292,1879,76,23
<EOS>
Bei 393,1877,43,25
dieser 457,1877,84,24
Vorlage 561,1876,110,30
geht 103,1917,60,30
es 185,1924,26,17
im 232,1916,36,24
wesentlichen 290,1915,185,25
darum, 497,1914,100,28
den 621,1914,50,24
ehemaligen 103,1953,165,32
Hangar 298,1954,107,30
der 433,1953,46,24
Schweizeri¬ 507,1950,164,26
schen 103,1992,80,24
Luftverkehrsschule 202,1991,277,24
SLS 498,1990,54,24
für 571,1990,40,23
die 629,1989,41,24
Frachtabfertigung 106,2029,259,30
zu 374,2036,32,16
nutzen. 416,2032,104,19
<EOS>
D 106,2079,22,22
Die 149,2078,49,24
Arbeitsgruppe 240,2077,203,31
«Prognosen» 485,2077,185,30
rechnet 106,2116,106,24
für 229,2116,42,24
das 288,2115,44,24
Jahr 348,2115,63,24
2000 428,2114,64,24
mit 511,2113,45,25
folgen¬ 575,2113,97,31
dem 104,2153,61,24
Verkehr 188,2151,118,26
am 329,2160,43,16
Flughafen 397,2151,145,31
Zürich: 566,2151,106,24
227 105,2190,47,24
000 162,2190,48,24
Bewegungen 233,2190,178,30
im 434,2189,36,24
Linien- 494,2189,101,23
und 618,2189,53,23
Charterverkehr, 106,2227,231,28
19,5 363,2228,52,27
Mio. 439,2226,64,24
<EOS>
Passagiere 527,2226,144,30
und 108,2265,51,24
565 170,2265,46,24
0001 226,2265,66,24
Fracht. 301,2265,100,24
<EOS>
In 108,2332,28,23
seinem 152,2331,101,24
Geleitwort 270,2330,153,25
unter 439,2334,77,20
dem 531,2330,61,24
Titel 606,2329,67,24
«Splitter 108,2368,121,31
und 251,2368,51,24
Balken» 323,2368,116,24
zum 461,2375,60,16
Jahresbe¬ 540,2367,133,24
richt 108,2406,66,25
weist 193,2405,70,25
Flughafendirektor 284,2405,264,31
Staffel¬ 568,2404,108,31
bach 111,2443,64,25
darauf 186,2443,93,24
hin, 293,2443,52,28
dass 361,2443,56,23
die 431,2442,41,24
heutigen 487,2442,121,30
An¬ 622,2442,53,23
lagen 109,2482,73,30
einem 198,2481,86,24
solchen 301,2481,105,23
Verkehrsaufkom¬ 422,2479,253,25
men 108,2526,60,17
in 183,2519,26,24
keinem 223,2518,105,25
der 341,2518,46,24
drei 400,2517,55,25
massgebenden 468,2517,205,31
Bereiche 109,2556,121,25
- 244,2570,13,4
Flugzeugabfertigung, 272,2554,302,33
Passa¬ 590,2554,84,24
gier-Terminals 108,2593,210,33
und 330,2593,52,24
Frachtanlagen 395,2592,205,31
- 612,2606,13,3
ge¬ 636,2598,40,24
wachsen 108,2632,120,25
sind, 240,2631,65,28
dass 318,2631,56,24
ein 386,2631,42,24
weiterer 440,2630,116,24
Ausbau 568,2630,106,23
unseres 108,2677,105,18
Luftverkehrszentrums 238,2669,322,24
unum¬ 583,2675,93,17
gänglich 107,2707,121,32
sei. 249,2705,43,26
<EOS>
Wörtlich 315,2705,126,26
führte 464,2705,87,25
er 572,2713,27,16
aus: 620,2713,56,16
«Luftverkehr 108,2744,193,25
macht 329,2744,86,24
sich 442,2743,53,25
nicht 525,2742,70,25
von 623,2750,50,16
<EOS>
<EOP>
selbst, 710,490,85,29
Luftverkehr 806,490,174,24
machen 991,489,111,24
Sie 1112,489,39,24
und 1162,489,54,24
ich, 1226,489,49,27
und 710,528,55,24
wer 785,536,51,16
mit 856,527,47,24
dem 923,527,60,24
Finger 1005,526,92,32
auf 1117,527,45,23
andere 1182,527,95,23
zeigt 710,566,66,30
- 792,580,14,3
seien 822,565,70,24
dies 908,565,54,24
nun 978,572,55,16
Luftverkehrsge¬ 1050,564,228,30
sellschaften 711,603,166,24
oder 888,603,62,24
Flughäfen 961,601,146,31
-, 1116,616,22,15
der 1149,602,45,24
sollte 1203,602,74,24
sich 710,641,55,24
stets 776,644,61,21
bewusst 848,641,112,24
sein, 971,639,63,28
dass 1047,640,59,24
drei 1117,639,55,24
Finger 1184,638,94,31
seiner 710,678,85,25
Hand 804,678,78,24
auf 892,678,45,24
ihn 947,677,45,24
selbst 1002,677,78,25
zeigen.» 1090,676,115,32
<EOS>
<EOP>
(VSE) 1323,487,86,31
Setzt 1434,488,68,23
der 1524,487,45,24
Bauer 1592,486,84,25
im 1698,486,35,24
Frühjahr 1757,485,130,31
eine 1322,525,58,24
Kartoffel 1389,525,132,24
in 1531,524,27,24
den 1567,524,50,25
Boden, 1628,524,96,28
erwartet 1736,527,117,21
er 1862,531,27,16
im 1322,563,36,24
Herbst 1373,563,96,24
einen 1483,561,77,25
Stock 1575,561,77,25
mit 1666,560,47,25
mindestens 1728,560,160,25
acht 1322,600,59,25
Kartoffeln. 1412,599,157,25
<EOS>
Damit 1601,599,91,24
erreicht 1722,598,109,25
er 1863,606,26,16
einen 1322,638,78,24
Erntefaktor 1409,638,167,23
von 1585,644,52,17
8. 1647,637,21,23
<EOS>
Entsprechend 1323,676,197,29
ist 1539,675,32,24
für 1590,674,42,25
die 1651,674,41,25
Gewinnung, 1712,672,176,31
<EOS>
<EOP>
Panzersperrmauer 713,796,414,40
am 1138,803,66,23
Brandenburger 1219,791,340,44
Tor 1569,792,69,33
wird 710,842,98,34
beseitigt 821,842,191,43
(pd) 714,907,55,32
Die 798,907,50,24
Panzersperrmauer 874,908,264,29
um 1162,914,46,16
das 1233,907,45,23
Brandenburger 712,946,217,29
Tor, 943,946,58,27
die 1019,944,41,25
nach 1077,945,67,24
der 1160,945,45,24
Öff¬ 1222,939,56,29
nung 712,991,71,22
der 792,983,45,24
Mauer 848,983,93,24
im 951,982,36,24
Dezember 997,982,148,24
1989 1157,981,62,25
nur 1229,990,49,16
an 711,1029,33,16
zwei 763,1020,64,25
Stellen 846,1020,96,25
für 963,1020,42,24
Fussgänger 1024,1019,160,32
offen 1203,1019,75,24
war, 710,1066,60,20
fällt 784,1058,58,24
seit 853,1057,48,25
dem 913,1057,61,25
28. 986,1057,38,24
<EOS>
April 1038,1057,76,31
1990 1130,1057,61,24
ganz. 1203,1064,74,23
<EOS>
Aus 711,1096,54,24
Gründen 779,1096,129,24
der 921,1096,45,23
Sicherheit 978,1095,145,24
an 1135,1102,33,16
diesem 1180,1094,98,24
spektakulären 711,1133,203,31
Einsatzort 930,1133,145,24
und 1090,1132,54,25
zur 1158,1140,47,17
Ver¬ 1219,1132,59,25
meidung 712,1171,125,30
zusätzlicher 853,1170,172,25
Belastungen 1043,1170,174,31
des 1234,1170,44,24
Strassenverkehrs 710,1208,244,25
wird 966,1207,64,24
Nacht 1041,1208,87,24
für 1140,1208,42,23
Nacht 1192,1207,86,24
von 711,1254,52,16
Grenztruppen 781,1246,205,30
der 1004,1245,46,24
DDR 1067,1245,78,23
die 1162,1245,41,24
Bre¬ 1221,1245,57,23
sche 711,1284,60,23
erweitert, 785,1283,134,28
bis 934,1282,38,24
die 986,1282,40,24
Mauer 1041,1283,94,23
hier 1147,1282,56,24
total 1216,1282,62,24
abgebrochen 711,1319,182,31
ist. 904,1320,37,24
<EOS>
Die 713,1368,48,25
in 774,1368,26,24
grossem 810,1376,116,24
Bogen 937,1369,87,30
um 1035,1376,45,16
das 1092,1368,44,24
Branden¬ 1149,1368,130,23
burger 711,1406,93,31
Tor 837,1406,50,24
herumgeführte 921,1405,216,30
Panzer¬ 1172,1406,106,23
sperrmauer 710,1451,166,23
ist 885,1444,31,23
174 929,1444,46,23
m 983,1450,27,16
lang, 1019,1443,67,31
3 1096,1443,13,23
m 1120,1450,26,16
dick 1156,1442,60,24
und 1224,1443,55,23
2,2 713,1481,39,29
m 762,1488,26,17
hoch. 803,1481,75,24
<EOS>
Sie 893,1480,41,25
besteht 948,1479,101,25
aus 1063,1487,44,17
zwei 1122,1478,62,25
«Rin¬ 1200,1478,79,24
gen» 713,1526,65,23
aufeinandergestapelter 800,1517,329,31
und 1148,1516,54,24
mit¬ 1223,1516,56,24
einander 713,1555,125,25
festvermörtelter 856,1554,231,25
Fertigbeton¬ 1105,1554,175,30
platten 713,1593,98,30
von 825,1600,51,16
1 893,1593,10,22
m 914,1600,27,16
Breite 955,1592,83,24
und 1052,1592,55,23
3 1120,1592,14,23
m 1144,1599,25,16
Länge. 1184,1592,93,29
<EOS>
Zwischen 713,1630,136,24
den 874,1630,51,24
Ringen 952,1629,104,31
sind 1081,1629,59,25
schwere 1166,1629,113,25
Schienen 713,1667,129,25
in 862,1667,27,24
den 908,1668,50,24
Untergrund 978,1667,169,31
einbeto¬ 1166,1666,114,25
niert. 714,1705,73,25
<EOS>
Ursprünglich 804,1704,193,32
war 1012,1712,51,16
dieser 1078,1704,84,24
massig¬ 1177,1703,104,32
ste 714,1747,36,20
Teil 765,1742,56,25
der 837,1744,45,23
Berliner 899,1742,116,24
Mauer 1033,1742,92,24
zur 1141,1749,46,16
«Ver¬ 1204,1741,77,24
<EOS>
<EOP>
schönerung» 1326,906,182,30
mit 1527,905,46,25
Kunststoffelementen 1590,905,301,25
verkleidet, 1326,943,149,29
die 1488,943,42,25
1987 1545,943,61,24
durch 1619,943,82,24
schwere 1713,943,113,24
und 1837,942,54,25
hochfest-armierte 1326,980,252,25
Betonplatten 1599,980,182,31
ersetzt 1800,984,91,20
worden 1324,1019,108,24
waren. 1447,1026,94,17
<EOS>
Alles 1559,1018,72,24
in 1648,1018,27,23
allem 1691,1019,79,23
müssen 1786,1019,105,22
hier 1325,1056,57,24
etwa 1404,1061,66,19
30001 1492,1056,83,24
Stahlbeton 1598,1056,153,24
beseitigt 1774,1055,117,30
werden. 1326,1095,111,23
<EOS>
Die 1327,1137,49,25
Pionierkräfte 1402,1137,191,25
schlugen 1619,1136,124,32
nun 1770,1144,55,16
zu¬ 1851,1144,42,16
nächst 1327,1175,90,24
eine 1430,1174,58,25
10 1505,1174,27,25
m 1542,1182,27,16
breite 1581,1174,82,25
Bresche 1676,1173,110,25
mitten 1800,1173,92,25
in 1326,1212,26,24
die 1363,1212,42,25
Panzersperrmauer. 1416,1213,271,30
<EOS>
Der 1700,1212,53,23
Blick 1764,1212,73,23
auf 1847,1212,47,23
das 1326,1251,45,23
Brandenburger 1385,1250,218,30
Tor 1615,1250,51,23
ist 1681,1249,31,24
wieder 1726,1249,95,24
frei, 1835,1248,56,29
ein 1327,1287,43,24
bedeutender 1385,1287,177,24
symbolischer 1578,1286,188,30
Akt 1781,1286,55,24
für 1852,1286,41,24
das 1327,1325,44,24
Zusammenwachsen 1383,1324,282,25
der 1677,1323,45,24
beiden 1733,1323,95,24
Tei¬ 1839,1322,55,25
le 1327,1362,23,24
Berlins. 1359,1361,107,25
<EOS>
Für 1327,1405,50,24
den 1389,1405,50,23
Mauerabbruch 1453,1405,213,23
werden 1679,1404,103,23
Geräte 1796,1404,96,23
aus 1326,1450,46,16
Ost 1393,1442,47,24
und 1461,1442,55,24
West 1535,1443,71,23
gemeinsam 1626,1441,162,31
einge¬ 1808,1441,86,31
setzt: 1326,1482,73,20
Ausschlaggebend 1408,1477,247,31
für 1666,1477,42,23
die 1717,1476,42,24
Auswahl 1768,1476,125,24
des 1327,1516,44,23
DDR-Baggers 1389,1516,196,29
und 1603,1515,54,23
der 1675,1514,45,24
Hydraulik¬ 1737,1513,157,30
hämmer 1328,1554,119,23
aus 1462,1560,46,16
der 1524,1553,45,23
BRD 1585,1553,70,23
war 1671,1560,52,16
neben 1738,1551,86,25
Lei¬ 1841,1550,53,25
stungsfähigkeit 1326,1589,218,32
und 1556,1590,55,24
Zuverlässigkeit 1621,1588,219,31
die 1852,1588,40,24
hohe 1327,1628,69,25
Wirtschaftlichkeit. 1424,1626,269,26
<EOS>
Dass 1724,1627,66,23
beide 1819,1626,74,24
Geräte 1328,1666,96,24
zu 1444,1673,32,16
einer 1496,1665,72,24
Einheit 1588,1664,104,24
vereint 1711,1664,100,24
wur¬ 1830,1671,66,16
den, 1328,1703,57,28
hat 1406,1703,43,24
sicher 1468,1703,85,24
auch 1571,1703,67,23
Symbolkraft 1656,1701,178,31
für 1853,1702,43,24
Deutschlands 1328,1741,193,23
Zukunft. 1531,1740,126,24
<EOS>
<EOP>
¦i 757,2208,13,15
K: 778,2209,30,16
<EOS>
<EOP>
Ute! 1285,2254,119,50
<EOS>
¦-X--.1 805,2327,36,8
<EOS>
<EOP>
Viele 722,2665,64,26
Schaulustige 797,2665,171,32
hatten 979,2665,86,26
sich 1077,2664,50,27
unter 1139,2670,72,20
den 1219,2664,49,26
Bäumen 1280,2665,109,24
im 1401,2664,30,24
Hintergrund 1443,2661,167,33
eingefunden, 1619,2659,178,33
als 1809,2659,37,26
der 1857,2659,45,25
Abbruch 717,2703,118,26
der 848,2703,46,26
Panzersperrmauer 903,2705,255,29
um 1168,2712,40,16
das 1220,2702,47,26
Brandenburger 1278,2700,211,32
Tor 1501,2701,43,24
begann 1554,2698,103,32
- 1671,2713,13,2
symbolträchtig 1696,2697,206,33
mit 718,2743,42,23
einem 768,2743,80,24
aus 859,2751,45,15
Ost 914,2742,50,24
und 971,2741,52,25
West 1033,2742,69,24
zusammengesetzten 1110,2743,279,29
Gerät 1400,2740,81,24
(Bild: 1489,2736,67,33
Krupp) 1565,2736,90,32
<EOS>
<EOP>
677 1856,2807,46,24
<EOS>
<EOP>
