1960,2865
Kerntechnologie 96,88,222,32
Schweizer 1159,83,138,25
Ingenieur 1305,83,129,30
und 1442,80,51,26
Architekt 1499,79,127,26
Nr. 1633,79,41,25
<EOS>
23, 1685,79,38,29
7. 1732,79,22,24
<EOS>
Juni 1764,79,56,24
1990 1831,78,59,24
ser) 94,172,51,30
ausgelegt 156,171,129,31
und 295,170,55,25
nicht 362,169,71,25
nur 444,177,50,17
partiell 504,168,101,32
auf 616,168,46,24
den 95,210,51,24
Bruch 163,208,84,25
eines 267,210,67,22
Druckrohres 349,207,181,25
(80 546,207,43,29
mm 606,213,54,16
Durchmesser) 95,246,200,29
wie 306,246,46,23
beim 362,245,70,24
RBMK! 442,245,111,23
<EOS>
Schon 96,296,85,24
weiter 200,295,87,23
oben 305,295,68,23
habe 392,294,65,24
ich 477,293,40,24
erwähnt, 536,293,124,27
dass 96,334,56,23
die 165,333,41,24
Phase 218,333,81,23
B 311,333,18,23
der 341,332,45,24
Deutschen 398,330,151,25
Risiko¬ 561,329,101,25
studie 96,371,83,24
keine 198,369,75,26
Fveisetzungsberechnungen 286,367,378,32
enthält. 96,408,106,25
<EOS>
R. 219,408,29,23
<EOS>
Bühler 266,407,96,24
sollte 377,406,73,24
deshalb 467,405,106,24
nicht 589,405,72,23
behaupten, 97,446,155,30
der 287,445,45,23
sogenannte 364,447,160,27
«Hoch¬ 558,442,105,25
druck-Pfad» 97,483,175,24
könnte 288,483,98,22
zu 400,489,33,16
grösseren 447,482,133,29
Frei¬ 596,479,67,25
setzungen 97,525,140,25
als 247,520,37,24
bei 293,519,41,25
Tschernobyl 342,518,177,31
führen. 530,518,102,23
<EOS>
Das 97,570,52,23
«Herbeiholen» 173,568,215,25
von 411,575,52,16
Tschernobyl 485,566,176,30
via 97,607,41,24
«auch 154,605,84,25
bei 254,605,41,25
uns 310,613,49,16
nicht 374,605,72,24
ausgeschlosse¬ 461,605,202,30
nes 98,652,44,16
menschliches 197,643,191,24
Fehlverhalten» 445,642,216,24
möchte 97,682,105,23
ich 218,681,42,24
schliesslich 274,679,162,26
als 451,680,38,24
billige 504,678,88,32
Ma¬ 609,679,55,24
sche 97,720,60,23
bezeichnen 168,718,162,25
(Tschernobyl: 342,717,197,31
Gefähr¬ 552,716,111,25
liche 98,757,67,24
Fehlkonstruktion, 183,755,259,29
betrieben 461,754,133,25
von 611,761,52,17
schlecht 99,794,114,25
Ausgebildeten 254,793,203,31
unter 498,795,76,21
den 614,792,50,23
schlechten 99,831,149,25
Bedingungen 272,831,187,30
des 481,830,43,23
Real-So- 547,829,118,24
zialismus). 98,869,151,28
<EOS>
In 268,870,27,22
das 312,869,44,23
gleiche 372,868,99,29
Kapitel 488,867,103,30
fällt 608,867,56,24
auch 99,907,67,23
die 195,906,41,24
manipulatorische 268,905,248,31
Verwen¬ 545,904,120,25
dung 99,945,70,30
von 179,952,51,16
Daten 240,944,87,24
von 337,951,51,16
Fritzsche 399,942,129,25
im 538,941,36,25
Bild 585,942,56,24
2 651,941,14,24
durch 99,982,82,24
R. 191,982,29,23
<EOS>
Bühler. 232,981,102,24
<EOS>
<EOP>
Schlussfolgerungen 708,187,322,33
D 707,282,21,22
Der 750,281,53,23
Dialog 815,279,95,31
über 923,279,63,24
technische 1000,278,150,25
Risiken 1162,277,110,24
sollte 706,318,75,23
zweifelsohne 803,316,186,24
verstärkt 1012,316,127,24
werden. 1162,316,111,24
<EOS>
Eine 707,354,63,24
Chance 789,355,107,23
zur 913,362,46,16
Konsensführung 976,353,241,31
be¬ 1234,353,40,23
steht 706,393,68,24
aber 785,392,61,24
nur 857,399,49,16
dann, 917,391,78,28
wenn 1008,397,77,17
alle 1096,389,49,24
Beteilig¬ 1157,389,116,30
ten 706,433,45,21
sich 765,428,56,26
redlich 836,428,100,24
bemühen, 949,428,142,28
die 1107,427,42,24
objekti¬ 1164,426,110,30
ven 708,474,50,17
Fakten 772,467,99,23
transparent 886,469,163,27
herauszuarbei¬ 1064,463,210,26
ten 708,509,43,19
und 763,504,54,24
die 830,502,40,25
Meinungen 883,503,164,30
und 1058,502,55,25
Wertmass¬ 1124,502,151,24
stäbe 708,542,70,24
offen 787,542,75,24
zu 871,549,32,16
deklarieren. 913,539,171,26
<EOS>
D 710,593,22,22
Die 752,590,51,24
Kernenergiediskussion 838,588,330,32
kann 1203,588,72,23
nicht 710,627,71,25
isoliert 808,626,98,26
von 931,634,53,17
den 1010,627,51,23
gravierenden 1087,626,188,30
Weltproblemen 709,665,223,31
geführt 959,664,105,31
werden; 1091,663,116,28
die 1234,662,41,25
Industrieländer 710,702,221,25
werden 956,702,103,24
globalgerecht 1083,700,192,32
handeln 713,740,111,25
müssen, 834,742,108,25
statt 951,743,60,20
nur 1019,746,51,17
zu 1078,746,33,16
reden. 1119,738,88,24
<EOS>
Ver¬ 1216,738,61,24
mehrte 710,778,101,24
Kernenergienutzung 821,776,297,32
könnte 1128,776,99,23
ein 1239,776,39,23
Beitrag 711,815,101,31
gegen 839,821,80,25
die 948,814,41,24
Klimakatastrophe 1018,813,259,30
sein. 710,853,63,24
<EOS>
D 711,903,23,22
Entgegen 754,902,132,30
den 898,901,51,24
Behauptungen 962,900,207,30
von 1182,907,52,16
R. 1245,899,30,23
<EOS>
Bühler 712,939,96,25
gibt 817,938,53,31
es 880,946,25,17
keine 918,937,73,25
Anzeichen, 997,937,161,28
dass 1169,937,58,24
die 1236,936,42,24
Risiken 712,976,109,25
von 843,984,52,16
Kernkraftwerken 918,975,250,24
bisher 1191,974,87,24
<EOS>
<EOP>
unterschätzt 1320,163,169,25
wurden. 1496,163,115,24
<EOS>
Neuere, 1623,163,109,28
eingehen¬ 1744,162,139,29
de 1317,202,31,24
Analysen 1362,202,134,30
weisen 1510,201,96,24
im 1622,201,36,23
Gegenteil 1674,198,139,32
dar¬ 1828,199,56,25
auf 1316,240,45,23
hin, 1378,239,53,29
dass 1449,239,57,23
die 1523,239,41,23
Risiken 1581,237,109,25
kleiner 1707,237,101,25
sind 1824,236,58,25
oder 1318,278,63,23
durch 1409,277,83,24
besondere 1520,275,145,25
Massnahmen 1693,274,193,24
kleiner 1322,313,96,26
gemacht 1422,314,121,31
werden 1552,313,103,24
können. 1665,312,116,24
<EOS>
D 1318,362,23,24
Die 1361,362,51,23
Sicherheit 1432,360,145,25
von 1599,366,51,18
Kernreaktoren 1671,357,214,26
ist 1318,399,31,24
hingegen 1369,399,129,30
keine 1518,397,76,25
Selbstverständlich¬ 1614,395,271,26
keit, 1320,436,59,29
sondern 1400,436,115,25
bedarf 1533,434,93,25
dauerhafter 1645,433,169,25
An¬ 1832,433,54,23
strengungen. 1320,479,182,26
<EOS>
Wenn 1319,523,86,24
aber 1423,522,61,24
auch 1503,522,68,24
im 1589,521,37,23
ehemaligen 1645,520,165,30
Ost¬ 1829,519,58,24
block 1320,560,76,25
den 1416,560,51,24
etablierten 1488,559,153,24
Reaktor-Sicher¬ 1662,556,224,26
heitsgrundsätzen 1322,597,241,31
Nachachtung 1604,595,190,29
ver¬ 1834,601,54,16
schafft 1322,635,95,25
und 1429,635,54,25
zudem 1496,634,95,24
weltweit 1604,632,119,25
die 1736,632,41,24
Sicher¬ 1790,631,99,24
heit 1322,673,53,24
weiterhin 1400,671,136,25
als 1560,671,37,24
Daueraufgabe 1622,668,201,32
be¬ 1847,669,42,24
trachtet 1321,710,110,25
wird, 1447,710,70,27
bestehen 1535,709,125,24
gute 1676,712,59,26
Chancen, 1753,707,133,27
dass 1322,748,57,24
der 1390,748,46,23
Tschernobyl-Unfall 1444,745,283,31
ein 1738,744,43,25
einma¬ 1792,743,98,24
liger 1323,786,63,30
Sündenfall 1394,784,156,25
bleibt. 1560,783,87,25
<EOS>
<EOP>
Adresse 1324,908,98,21
des 1435,908,39,21
Verfassers: 1486,907,138,21
Hans 1637,905,67,21
Fuchs, 1715,903,79,24
Dr. 1806,904,41,21
<EOS>
sc. 1860,909,29,16
<EOS>
techn., 1324,941,84,24
<EOS>
COLENCO 1435,940,147,22
AG, 1608,939,52,25
Parkstrasse 1687,938,143,21
27, 1856,937,33,25
5401 1325,975,53,22
Baden. 1391,975,84,21
<EOS>
<EOP>
Kernenergie 99,1087,450,70
und 571,1084,131,57
Risiko 726,1082,212,58
Entgegnung 97,1171,216,41
zu 328,1181,37,20
R. 381,1168,27,33
<EOS>
Bühler, 423,1167,122,40
«Schweizer 560,1166,201,34
Ingenieur 775,1168,169,40
und 957,1164,63,35
Architekt» 1034,1162,183,36
(1990), 97,1218,120,42
Heft 230,1216,76,35
10/90, 320,1218,117,38
Seiten 450,1217,109,33
260-265 572,1216,154,34
Der 102,1311,54,23
Artikel 167,1309,102,25
von 281,1317,53,17
R. 348,1310,30,23
<EOS>
Bühler 392,1307,95,26
enthält 494,1307,100,25
eini¬ 606,1306,64,25
ge 101,1356,29,22
bemerkenswerte 142,1348,236,24
Gedanken 390,1346,148,25
und 551,1345,54,24
An¬ 616,1345,53,23
regungen 103,1393,132,23
zur 246,1393,45,15
gesellschaftlich 301,1383,219,32
wichtigen 531,1383,138,29
VON 102,1474,75,24
ANDREAS 196,1472,166,25
F. 375,1473,25,23
<EOS>
FRITZSCHE, 416,1472,196,28
<EOS>
<EOP>
PONTRESINA 196,1510,220,24
Frage 102,1588,77,30
der 200,1588,45,23
Risikobeurteilung 265,1586,259,29
und 544,1585,53,24
-be- 616,1585,52,24
wältigung, 100,1625,146,30
anderseits 258,1623,143,25
entstellt 411,1623,114,24
er 535,1630,28,15
jedoch 571,1621,95,31
gewisse 99,1662,105,30
Fakten 221,1661,98,25
derart, 335,1661,93,27
dass 445,1660,58,24
zumindest 519,1659,147,23
einige 101,1699,84,31
Richtigstellungen 222,1698,251,31
angebracht 510,1697,157,30
werden 101,1737,103,24
müssen. 215,1737,112,23
<EOS>
In 101,1786,30,23
einem 149,1785,88,24
ersten 255,1787,85,21
Teil 356,1783,56,24
versucht 431,1782,121,24
Bühler 571,1781,97,24
eine 101,1823,57,24
Brücke 170,1822,99,24
von 281,1829,52,16
den 344,1821,50,23
Erkenntnissen 406,1819,205,24
der 622,1819,45,23
Quantentheorie 102,1858,227,33
zum 348,1865,61,17
sozialen 429,1857,115,24
Verhal¬ 563,1856,106,24
ten 102,1902,43,20
des 161,1898,43,24
Menschen 220,1896,147,24
zu 382,1902,32,17
schlagen 429,1895,123,30
um 566,1902,46,16
die 627,1893,41,25
heute 102,1936,77,23
in 199,1935,25,23
gewissen 241,1934,126,31
Kreisen 385,1932,110,25
so 513,1940,27,16
beliebte 558,1931,111,25
These 101,1973,83,23
zu 195,1980,32,16
belegen, 239,1972,114,30
wonach 366,1970,109,24
ohnehin 487,1969,118,25
«al¬ 618,1969,51,23
les 103,2010,36,25
nur 155,2018,49,16
subjektiv» 218,2008,149,32
ist, 385,2007,38,29
um 439,2015,46,16
es 500,2014,26,17
etwas 542,2011,76,19
sa¬ 633,2013,37,17
lopp 104,2048,60,31
auszudrücken. 176,2046,206,26
<EOS>
Dem 397,2046,66,23
Schreibenden 475,2044,195,24
kommt 104,2085,103,24
diese 220,2084,70,24
Verknüpfung 303,2083,193,30
zwar 509,2090,68,16
reich¬ 591,2081,80,25
lich 104,2123,51,24
abstrus 165,2123,101,23
vor, 275,2129,54,21
die 340,2120,40,25
Frage 391,2121,79,30
kann 480,2120,70,24
aber 560,2119,61,24
ge¬ 631,2127,39,23
trost 104,2164,64,21
den 182,2160,52,24
Philosophen 250,2158,178,31
überlassen 443,2157,151,25
blei¬ 610,2156,61,25
ben. 105,2199,58,24
<EOS>
Etwas 106,2247,82,24
konkreter 201,2245,140,24
werdend, 353,2245,130,27
stellt 495,2243,68,24
Bühler 577,2243,95,24
dann 104,2284,70,25
richtigerweise 183,2282,199,32
fest, 390,2282,55,29
dass 454,2282,57,23
Risikoana¬ 519,2280,152,25
lysen 107,2322,69,31
und 203,2321,54,24
-vergleiche 283,2320,156,30
nur 466,2327,49,16
Entschei¬ 540,2317,132,26
dungshilfen 106,2358,169,32
sind 302,2358,58,24
für 389,2357,41,24
eine 456,2356,58,25
Entschei¬ 542,2355,131,25
dungsinstanz, 106,2396,195,31
welche 317,2395,96,24
die 428,2394,40,25
fragliche 483,2394,125,31
Ge¬ 623,2394,50,23
fahrensituation 107,2433,218,26
wertend 369,2432,114,24
beurteilen 527,2431,144,24
muss. 107,2480,78,17
<EOS>
Und 196,2471,62,25
da 268,2471,33,24
genügt 310,2471,96,30
es 416,2477,25,17
nicht, 452,2470,79,28
den 542,2470,51,23
mög¬ 605,2470,69,29
lichen 108,2510,85,25
Schaden 206,2509,117,24
lediglich 339,2507,119,31
nach 473,2507,66,24
der 552,2507,45,24
Zahl 609,2506,63,25
der 107,2548,45,25
Todesfälle 161,2547,148,25
zu 320,2554,31,16
messen. 364,2553,109,17
<EOS>
Es 488,2546,29,23
musste 530,2546,96,22
im 638,2543,35,24
weitesten 107,2586,130,24
Sinn 258,2584,65,25
das 343,2583,44,25
Wohlbefinden 414,2581,197,32
des 632,2581,44,24
Menschen 109,2622,140,26
mit 265,2621,47,25
all 329,2621,34,25
seinen 380,2620,91,25
Verknüpfun¬ 489,2619,186,31
gen 107,2670,47,23
körperlicher, 172,2659,184,32
seelischer 373,2658,138,25
und 527,2658,53,23
sozia¬ 595,2656,80,25
ler 109,2700,35,24
Art, 155,2699,55,28
ebenso 222,2698,96,24
wie 329,2697,48,23
jene 386,2697,61,29
mit 460,2696,46,23
seiner 516,2694,85,25
Um¬ 613,2695,62,24
welt 107,2737,58,24
in 177,2736,25,24
positivem 215,2735,137,31
(Nutzen) 365,2734,128,30
wie 504,2733,47,24
in 563,2732,25,25
nega¬ 602,2740,73,23
<EOS>
<EOP>
tivem 716,1305,81,24
(Schaden) 823,1303,141,31
Sinn 991,1302,64,25
berücksichtigt 1080,1301,203,31
werden. 716,1343,111,24
<EOS>
Mit 839,1341,51,25
diesem 899,1341,98,25
Wunschziel 1007,1339,166,25
könnte 1184,1339,98,24
sich 717,1380,55,24
wohl 785,1379,68,25
jedermann 864,1379,158,31
identifizieren. 1035,1377,201,24
<EOS>
Ist 1249,1377,35,23
es 717,1425,26,17
aber 759,1417,62,24
nicht 838,1416,71,24
gar 925,1423,44,24
etwas 986,1420,77,19
unbescheiden, 1080,1414,202,28
ein 718,1454,42,25
solches 776,1455,99,24
Ideal 892,1454,69,23
zur 976,1460,46,17
(Minimal-?) 1037,1451,173,32
<EOS>
For¬ 1225,1452,59,24
derung 717,1493,100,29
für 828,1492,42,23
die 881,1491,40,24
Bewältigung 933,1490,176,31
eines 1120,1489,70,25
anste¬ 1201,1493,83,20
henden 718,1530,105,24
Gefahrenproblems 834,1528,273,31
zu 1118,1535,32,16
erheben, 1161,1527,122,27
wenn 719,1574,76,17
man 812,1573,61,17
weiss, 890,1565,80,28
wie 988,1565,47,24
schwierig 1052,1564,135,30
es 1202,1571,26,17
ist, 1245,1563,39,29
nur 719,1612,49,17
schon 779,1604,81,24
aller 871,1604,64,24
Aspekte 945,1603,115,30
des 1071,1603,44,23
ganz 1126,1610,64,22
direk¬ 1202,1601,83,25
ten 718,1647,43,19
Nutzens 778,1643,117,22
eines 913,1641,70,24
beabsichtigten 1001,1639,205,31
Vor¬ 1223,1639,61,24
habens 719,1680,99,23
habhaft 827,1679,110,24
zu 946,1686,32,16
werden? 986,1677,122,25
<EOS>
<EOP>
Risikoanalysen 720,1804,248,32
Was 717,1892,59,23
Bühler 790,1891,96,24
dann 898,1891,71,24
konkret 983,1891,111,23
über 1107,1890,64,23
Risiko¬ 1187,1888,100,25
analysen 720,1928,122,31
von 855,1935,52,17
Kernkraftwerken, 922,1927,257,28
Wahr¬ 1195,1927,89,24
scheinlichkeiten 716,1966,235,25
und 972,1965,53,25
Kernschmelzun¬ 1047,1964,237,25
fälle 718,2004,61,25
schreibt, 796,2003,119,29
ist 933,2003,32,25
unzulässig. 981,2002,156,31
<EOS>
In 1156,2002,28,24
dieser 1201,2002,83,24
Kürze 719,2043,85,23
kann 827,2041,71,24
diese 920,2040,70,25
komplexe 1013,2040,138,31
Materie 1174,2039,110,24
nicht 719,2079,72,25
adäquat 822,2079,111,30
abgehandelt 966,2079,173,29
werden, 1172,2077,111,28
schon 718,2122,80,24
gar 819,2128,44,24
nicht, 884,2120,79,28
wenn 986,2127,75,16
man 1083,2126,61,17
sich 1164,2118,54,25
um 1240,2125,44,17
Ausgewogenheit 718,2158,236,31
bemühen 978,2157,133,25
wollte. 1135,2156,94,24
<EOS>
Es 1253,2156,32,23
wäre 719,2198,67,23
dringend 803,2195,127,31
zu 949,2203,31,16
wünschen, 997,2195,151,28
dass 1167,2194,56,23
der 1241,2194,45,23
«Schweizer 721,2234,161,24
Ingenieur 901,2232,139,31
und 1058,2232,53,24
Architekt» 1130,2231,154,24
im 721,2272,33,22
Rahmen 766,2272,120,23
der 896,2271,45,23
vorliegenden 950,2268,186,32
Artikelse¬ 1146,2268,139,24
rie 721,2309,35,24
«Sicherheit 770,2307,162,26
und 944,2307,54,24
Risiko» 1011,2306,110,25
von 1135,2313,52,17
einem 1199,2305,86,24
ausgewiesenen 720,2345,209,32
Fachmann 941,2344,152,24
eine 1104,2344,58,23
fundier¬ 1173,2343,114,23
te 721,2388,22,20
Darstellung 755,2383,168,30
der 933,2383,45,23
Risikoanalyse 989,2381,196,30
im 1197,2380,35,24
Be¬ 1245,2381,43,23
reich 720,2420,70,23
der 801,2420,46,23
Kernenergie 859,2416,177,31
publizieren 1049,2416,162,32
wür¬ 1223,2417,63,22
de. 720,2458,39,24
<EOS>
(Dies 777,2456,75,31
wird 870,2456,63,24
beabsichtigt, 952,2454,178,31
Red.) 1150,2453,76,30
<EOS>
An 1244,2453,44,24
dieser 721,2495,82,25
Stelle 814,2493,78,26
können 903,2493,107,24
nur 1023,2500,49,16
einige 1082,2492,85,30
der 1178,2492,45,23
auf¬ 1234,2490,55,25
fälligsten 722,2532,129,31
Ausrutscher 878,2531,174,24
Bühlers 1080,2529,107,25
ange¬ 1213,2537,76,22
schnitten 721,2570,130,25
werden. 860,2569,111,24
<EOS>
Um 722,2620,51,23
«nachzuweisen», 789,2617,245,28
dass 1048,2617,59,24
die 1119,2616,43,25
in 1177,2615,25,24
einer 1216,2615,73,25
Risikoanalyse 724,2656,195,30
bestimmte 931,2654,149,25
Kernschmelz¬ 1091,2653,198,25
wahrscheinlichkeit 722,2692,274,27
ausserordentlich 1052,2691,237,25
unsicher 722,2732,123,25
ist, 863,2731,37,28
zitiert 919,2731,85,23
Bühler 1023,2730,96,23
Ergebnisse 1138,2728,152,31
<EOS>
<EOP>
für 1327,1084,41,24
die 1389,1084,41,24
verschiedensten 1452,1083,229,24
Anlagen 1703,1081,120,31
mit 1846,1080,47,24
Werten, 1325,1122,113,28
die 1454,1121,41,25
von 1510,1129,53,16
1,5.IO"3 1582,1115,100,34
<EOS>
bis 1698,1119,39,24
4.10"6 1751,1114,79,28
<EOS>
pro 1846,1125,46,24
Reaktorjahr 1326,1158,176,31
reichen. 1519,1158,113,24
<EOS>
Er 1653,1157,33,24
hält 1703,1157,55,23
es 1775,1162,27,18
nicht 1819,1156,74,23
für 1327,1196,42,25
relevant, 1378,1196,124,28
dazu 1513,1196,66,24
zu 1589,1203,32,16
sagen, 1631,1202,86,23
dass 1728,1194,57,24
das 1795,1194,45,24
Er¬ 1850,1194,42,23
gebnis 1327,1234,89,31
einer 1436,1234,71,24
Risikoanalyse 1526,1232,198,30
wesentlich 1742,1230,151,25
von 1327,1279,52,17
den 1400,1272,50,23
zahlreichen 1470,1271,166,24
getroffenen 1655,1269,166,31
An¬ 1841,1268,53,24
nahmen 1328,1310,116,24
abhängt 1466,1308,113,31
und 1599,1308,56,24
auch 1676,1306,68,25
ausseror¬ 1765,1313,129,17
dentlich 1327,1346,116,25
anlagespezifisch 1458,1344,231,32
ist. 1705,1345,37,23
<EOS>
Die 1760,1344,49,23
Wer¬ 1824,1344,69,23
te, 1328,1388,31,25
die 1382,1383,40,25
er 1444,1391,27,16
zitiert, 1491,1383,91,28
beruhen 1604,1383,117,23
auf 1743,1381,46,24
unter¬ 1809,1385,86,20
schiedlichen 1328,1421,178,25
Voraussetzungen 1519,1421,244,28
und 1776,1418,54,25
gel¬ 1845,1418,50,31
ten 1328,1463,44,20
für 1383,1459,42,24
die 1435,1458,42,25
verschiedensten 1487,1457,228,25
Anlagen, 1726,1456,128,31
so 1865,1463,29,17
etwa 1328,1501,65,20
für 1408,1496,42,25
solche, 1466,1495,94,29
die 1577,1494,42,25
vor 1635,1502,46,16
20 1697,1494,30,24
Jahren 1742,1494,96,24
ge¬ 1854,1501,40,23
baut 1329,1534,61,25
wurden, 1409,1533,114,29
als 1543,1533,37,24
auch 1599,1532,66,24
für 1684,1532,43,23
modernste 1746,1532,149,23
Anlagen. 1329,1571,127,31
<EOS>
Einzelne 1474,1571,123,23
Zahlen 1613,1570,100,23
gelten 1727,1569,86,30
auch 1828,1569,67,24
für 1330,1610,42,23
den 1381,1610,50,23
Zustand 1441,1609,114,23
einer 1565,1608,72,24
Anlage, 1647,1607,107,30
bevor 1765,1607,80,24
die 1854,1605,41,25
durch 1328,1647,83,24
die 1433,1646,40,24
Risikoanalyse 1496,1645,197,31
aufgezeigten 1715,1643,179,32
Schwachstellen 1329,1684,219,25
korrigiert 1565,1682,138,31
wurden, 1720,1681,114,28
an¬ 1853,1688,43,16
dere 1330,1722,59,24
für 1415,1721,40,24
den 1479,1721,51,24
Zustand 1554,1720,115,24
nach 1693,1720,66,23
entspre¬ 1783,1723,114,26
chend 1330,1759,85,24
vorgenommenen 1442,1765,242,24
Verbesserun¬ 1710,1757,187,24
gen. 1329,1804,57,23
<EOS>
Derart 1401,1797,93,23
oberflächlich 1508,1795,189,24
darf 1711,1794,58,25
ein 1781,1793,44,24
Ein¬ 1838,1793,59,24
zelergebnis 1329,1834,161,30
einer 1511,1833,73,25
Risikoanalyse 1605,1832,198,30
nicht 1825,1831,72,24
präsentiert 1331,1871,153,31
werden. 1494,1870,112,25
<EOS>
Solche 1619,1870,91,24
Zahlen 1721,1869,100,24
(bot¬ 1832,1869,65,29
tom 1331,1913,54,20
line 1397,1909,52,24
figures) 1461,1908,108,31
stellen 1580,1908,92,24
ja 1681,1908,28,30
auch 1720,1907,66,24
keines¬ 1799,1906,98,24
wegs 1331,1954,65,23
die 1415,1946,40,24
wichtigsten 1474,1946,162,30
Ergebnisse 1654,1944,153,31
einer 1825,1943,72,25
Risikoanalyse 1331,1984,198,30
dar. 1539,1983,54,24
<EOS>
Viel 1604,1982,57,25
wichtiger 1671,1982,133,31
ist 1814,1981,32,25
die 1855,1980,42,25
aus 1332,2029,45,17
dem 1424,2022,60,24
Prozess 1532,2021,104,24
hervorgehende 1684,2019,213,30
Schwachstellenidentifikation, 1332,2057,425,28
die 1772,2057,42,23
gege¬ 1827,2064,71,23
benenfalls 1332,2097,146,24
auf 1504,2096,46,24
notwendige 1574,2095,165,30
Verbesse¬ 1764,2095,134,23
rungen 1333,2142,99,23
aufmerksam 1441,2134,180,24
macht. 1631,2133,95,23
<EOS>
<EOP>
Risiko 1331,2272,96,26
Obschon 1332,2353,125,24
Bühler 1481,2352,95,25
anerkennt, 1599,2352,154,27
dass 1777,2351,58,24
die 1857,2350,41,25
Gefährdung 1332,2390,175,31
durch 1523,2390,82,24
ein 1623,2388,42,25
Kernkraftwerk 1683,2388,215,25
gleichzeitig 1330,2427,163,32
durch 1505,2427,82,24
die 1599,2427,41,24
zwei 1653,2426,62,24
Komponen¬ 1729,2427,169,29
ten 1331,2470,44,20
Schadensausmass 1390,2465,253,25
und 1654,2465,54,23
Wahrschein¬ 1728,2463,174,25
lichkeit 1335,2503,103,25
bestimmt 1460,2503,132,24
wird, 1616,2501,71,28
diskutiert 1712,2501,136,25
er 1873,2509,27,16
diese 1331,2538,69,25
beiden 1426,2537,94,26
Komponenten 1546,2538,205,30
dennoch 1776,2537,122,24
völlig 1331,2576,79,31
losgelöst 1430,2576,119,29
voneinander. 1570,2574,188,25
<EOS>
Er 1779,2575,32,23
stellt 1830,2574,67,24
fest, 1333,2615,56,27
dass 1400,2614,58,23
gemäss 1467,2615,101,28
der 1578,2613,47,24
Deutschen 1635,2611,152,25
Risiko¬ 1798,2610,101,24
studie 1333,2651,83,24
(Phase 1436,2650,93,30
B) 1549,2649,30,31
bei 1599,2649,41,25
einem 1659,2648,89,25
schweren 1766,2648,133,25
Unfall 1334,2688,91,26
an 1446,2696,34,17
einem 1500,2687,88,25
Leichtwasserreaktor 1610,2686,290,25
westlicher 1333,2726,145,25
Bauart 1488,2726,94,23
deutlich 1593,2725,116,24
mehr 1720,2724,76,24
Radio- 1806,2723,94,24
<EOS>
<EOP>
663 1858,2795,46,24
<EOS>
<EOP>
