1960,2865
Baustatik 102,85,127,26
Schweizer 1168,83,138,25
Ingenieur 1313,85,131,30
und 1451,83,51,25
Architekt 1507,82,128,26
Nr. 1643,84,40,24
<EOS>
23, 1693,83,39,30
7. 1742,84,22,24
<EOS>
Juni 1774,84,56,24
1990 1841,83,58,25
Stahlbetonbaus 100,166,218,24
noch 340,166,68,24
keine 428,165,77,24
systemati¬ 525,165,141,31
schen 100,203,79,24
Versuche 197,204,132,24
über 347,203,64,25
die 429,202,41,25
Anwendbar¬ 489,203,177,24
keit 101,240,51,24
der 177,241,45,24
plastischen 246,240,157,32
Berechnungsme¬ 428,240,238,31
thoden 100,279,99,23
vorlägen. 217,279,129,30
<EOS>
Ein 366,279,48,23
erster 431,282,80,20
Grossver¬ 528,278,139,23
such 100,316,64,24
konnte 188,317,97,23
zwar 309,323,67,17
im 400,316,35,23
Sommer 459,316,119,24
1960 605,315,61,24
beim 100,353,71,25
Abbruch 197,353,125,24
der 349,353,45,24
Brücke 420,353,100,24
Opfikon 547,352,119,31
durchgeführt 102,390,188,31
werden. 314,391,111,24
<EOS>
Es 451,392,31,23
stellte 506,392,83,24
sich 613,392,54,24
genau 101,435,84,23
der 199,428,45,24
vorhergesagte 257,428,198,31
Mechanismus 469,429,198,25
ein, 102,465,49,29
und 164,466,54,23
bei 230,466,41,23
der 284,466,45,23
Beendigung 341,466,169,31
des 522,467,43,24
Versu¬ 577,467,91,24
ches 101,503,59,24
war 177,511,52,16
die 245,503,41,24
theoretische 303,504,173,23
Traglast 491,505,115,30
um 622,512,45,17
3% 101,540,39,24
überschritten. 159,540,198,25
<EOS>
Doch 379,542,76,24
dann 474,542,71,24
begann 564,542,102,30
Bruno 101,578,87,24
Thürlimann 201,578,176,25
eine 391,578,58,25
bis 462,579,38,25
heute 515,580,77,24
fort¬ 606,580,61,25
gesetzte 99,620,110,25
Reihe 223,616,82,24
von 318,624,51,16
Projekten 383,616,139,31
zur 534,625,46,16
syste¬ 592,621,75,27
matischen 100,653,146,24
Erforschung 269,654,177,31
der 469,654,45,24
Anwend¬ 537,655,129,24
barkeit 100,690,100,25
der 210,691,45,24
Plastizitätstheorie 265,691,256,25
auf 531,693,46,23
Stahl¬ 585,693,81,23
betontragwerke. 100,728,229,31
<EOS>
Zwischen 358,729,135,25
1962 524,730,60,24
und 611,731,54,23
1989 102,765,61,24
enstanden 179,766,144,24
zahlreiche 339,767,147,24
Dissertatio¬ 502,767,164,25
nen 100,811,51,16
zu 174,811,33,16
diesem 230,803,99,25
Generalthema 353,804,207,25
(siehe 583,805,82,30
Kasten). 101,841,117,29
<EOS>
In 101,879,29,24
einer 148,878,72,25
ersten 238,882,85,21
Arbeit 341,878,92,25
aus 450,886,45,17
dem 514,879,59,24
Jahre 591,879,76,24
1964 104,916,62,24
wurden 178,917,106,24
die 297,916,41,24
korrekten 351,916,141,25
Plastizitäts¬ 505,916,162,25
bedingungen 100,953,185,31
für 312,954,42,24
Platten 381,954,100,24
hergeleitet. 509,954,156,30
<EOS>
Diese 101,991,77,23
sind 188,991,58,24
nun 257,998,55,16
ja 320,991,27,30
auch 357,991,67,24
in 435,991,26,23
die 472,991,41,24
neue, 523,999,74,20
letz¬ 609,991,59,24
tes 100,1032,36,20
Jahr 150,1028,63,24
in 227,1028,26,24
Kraft 269,1029,76,23
getretene 359,1033,131,25
Betonnorm 505,1029,162,23
SIA 99,1065,54,24
162 172,1065,45,24
aufgenommen 234,1065,206,31
worden. 456,1066,113,24
<EOS>
Dann 588,1066,78,24
wurden 100,1102,107,24
die 229,1102,40,24
plastischen 291,1102,159,31
Gelenke 473,1102,120,25
von 615,1111,52,16
Stahlbetonbalken 99,1140,252,24
näher 366,1140,82,24
erforscht, 461,1140,136,29
und 612,1140,54,24
hier 100,1177,56,24
insbesondere 186,1177,185,24
der 401,1178,46,23
Einfluss 478,1178,114,23
der 622,1178,45,23
Querkraft 101,1214,141,31
auf 257,1214,46,24
die 318,1213,41,25
Ausbildung 374,1213,167,31
und 556,1214,54,23
die 625,1213,40,25
Rotationsfähigkeit 101,1251,266,31
der 388,1251,45,24
Gelenke. 454,1251,127,24
<EOS>
Dies 605,1251,61,24
führte 101,1289,86,24
zu 202,1296,32,16
den 248,1289,50,23
Begriffen 314,1289,133,30
und 461,1289,55,23
Modellen 531,1289,134,23
«Biegerissgelenk» 102,1326,255,31
und 388,1326,54,24
«Schubrissge¬ 472,1326,195,30
lenk». 100,1364,87,24
<EOS>
Ein 104,1416,48,24
nächster 172,1417,120,24
Schritt 312,1418,94,24
war 427,1426,51,16
die 498,1418,40,25
Anwen¬ 559,1419,112,24
dung 103,1454,71,30
der 185,1455,46,23
Plastizitätstheorie 243,1455,256,25
zur 511,1464,46,16
Bemes¬ 569,1457,102,24
sung 102,1499,66,23
von 181,1499,52,17
Hohlkastenquerschnitten 246,1493,365,30
un¬ 624,1502,46,16
ter 103,1532,38,21
kombinierter 152,1529,190,25
Beanspruchung 354,1531,222,31
durch 588,1532,82,23
Torsion 102,1566,111,25
und 244,1567,53,24
Biegung. 329,1567,122,32
<EOS>
Ausgedehnte 483,1569,186,30
Versuche 102,1604,132,24
führten 258,1604,106,25
auf 388,1605,46,24
das 456,1606,44,24
räumliche 525,1606,144,25
Fachwerkmodell 103,1642,241,23
mit 363,1643,47,23
variabler 428,1643,129,24
Diago¬ 576,1643,94,32
nalenneigung. 102,1679,202,31
<EOS>
Ein 104,1731,48,24
ähnlicher 168,1731,138,25
Ansatz 320,1732,98,24
wurde 434,1732,88,24
dann 539,1732,71,24
auf 626,1732,45,24
Stäbe 103,1770,76,23
mit 191,1769,46,24
dünnwandigen 247,1770,213,30
offenen 470,1770,108,24
Quer¬ 590,1770,81,30
schnitten 103,1807,132,24
angewendet. 245,1807,177,31
<EOS>
Auch 433,1807,77,24
hier 522,1807,55,24
konn¬ 588,1808,83,23
te 103,1849,24,20
die 141,1844,41,25
Dualität 197,1844,116,25
zwischen 328,1845,128,24
der 471,1845,45,24
statischen 529,1845,141,24
und 103,1882,54,25
der 177,1882,45,24
kinematischen 242,1882,209,25
Methode 472,1882,126,25
ein¬ 618,1883,53,24
drücklich 103,1919,136,25
demonstriert 257,1919,183,25
werden. 457,1920,111,24
<EOS>
Maxi¬ 588,1920,83,24
mums- 103,1965,97,16
und 215,1957,53,25
Minimumsaufgabe 285,1957,272,31
führen 574,1958,96,24
zum 102,2002,61,16
selben 173,1995,89,24
Ergebnis. 272,1996,131,30
<EOS>
In 105,2046,28,22
einer 156,2046,71,23
Arbeit 248,2046,91,24
aus 361,2054,45,16
dem 428,2046,60,24
Jahre 508,2046,76,24
1977 610,2046,60,24
wurde 104,2084,87,23
die 205,2083,41,24
Anwendung 261,2084,175,30
der 450,2084,44,23
Grenzwert¬ 509,2084,162,24
sätze 104,2123,68,22
auf 191,2121,45,24
Träger 251,2122,95,29
mit 366,2121,45,24
Hohlkastenquer¬ 431,2122,240,29
schnitt 103,2158,96,24
unter 221,2163,75,19
kombinierter 318,2159,189,24
Beanspru¬ 529,2160,142,29
chung 104,2195,87,31
durch 218,2196,81,24
Torsion, 326,2196,118,28
Biegung 474,2196,115,31
und 616,2197,54,23
Querkraft 104,2233,142,29
erweitert. 264,2233,134,24
<EOS>
Im 418,2234,38,23
gleichen 473,2234,120,30
Jahr 609,2234,62,24
wurde 104,2270,87,24
auch 221,2270,66,24
eine 318,2270,56,24
Disseration 406,2271,161,24
abge¬ 598,2272,73,30
schlossen, 103,2307,141,29
in 261,2307,25,24
der 302,2308,45,24
die 362,2308,41,24
Fliessfiguren 419,2308,183,31
von 619,2317,50,16
Stahlbetonscheiben 104,2344,278,25
mit 411,2345,46,25
orthogonaler 485,2346,186,31
und 104,2382,53,24
nichtorthogonaler 171,2382,259,31
Bewehrung 444,2383,161,32
ent¬ 617,2388,53,20
wickelt 103,2420,103,23
waren. 214,2427,94,16
<EOS>
Der 106,2470,52,23
statische 184,2468,120,25
und 330,2469,54,24
der 411,2468,45,24
kinematische 483,2468,188,25
Grenzwertsatz 105,2507,208,24
können 326,2506,107,24
auch 445,2506,66,24
verwendet 524,2507,147,23
werden 104,2544,103,24
zur 223,2551,46,16
Ermittlung 286,2543,157,31
des 457,2543,43,24
Tragwider¬ 515,2543,156,31
standes 104,2581,103,25
räumlicher 222,2581,157,24
Systeme 392,2581,114,30
von 520,2589,51,16
Hoch¬ 586,2581,85,23
häusern, 105,2620,119,28
bestehend 240,2619,140,24
aus 393,2626,46,16
Rahmen, 452,2619,128,28
Fach¬ 594,2619,77,23
werken 105,2657,103,24
und 227,2656,52,25
Tragwänden 296,2656,179,30
aus 494,2664,44,16
Stahlbe¬ 556,2656,115,25
ton. 104,2699,53,20
<EOS>
Auch 175,2694,75,24
für 270,2694,41,24
die 328,2693,40,25
Traglastberechnung 384,2694,287,31
von 105,2741,49,15
Raumfachwerken 179,2731,253,25
konnte 456,2731,97,25
gezeigt 574,2731,95,31
<EOS>
<EOP>
T 1521,163,34,44
<EOS>
<EOP>
Bild 714,944,51,27
4. 786,946,21,24
<EOS>
Vierpunkt- 852,944,140,32
gelagerte 712,982,133,33
Stahlbe¬ 878,981,113,27
tonplatte 715,1019,123,33
T 1101,1024,40,17
i 1173,1030,8,11
m 1204,1031,12,11
<EOS>
<EOP>
werden, 715,1105,111,29
dass 842,1104,56,25
die 914,1104,40,24
beiden 969,1104,94,24
Grenzwertsät¬ 1079,1104,203,25
ze 716,1152,28,16
zu 754,1152,32,16
identischen 796,1143,163,25
Lösungen 969,1144,138,29
führen. 1118,1144,103,24
<EOS>
Weitere 716,1182,111,24
Arbeiten 837,1180,127,25
befassten 975,1181,130,24
sich 1116,1181,55,25
mit 1182,1181,47,24
der 1239,1181,45,24
Anwendung 716,1219,176,30
der 936,1218,45,24
Plastizitätstheorie 1028,1218,256,25
auch 716,1257,67,24
auf 804,1256,47,25
Bauteile, 871,1256,123,28
deren 1018,1256,79,24
Widerstand 1118,1256,165,24
nicht 717,1295,71,23
vom 804,1301,61,17
Widerstand 881,1293,165,24
der 1062,1294,45,23
Bewehrung 1122,1295,162,30
sondern 716,1332,115,24
von 841,1339,52,17
demjenigen 903,1331,168,30
des 1082,1331,44,25
Betons 1137,1333,94,23
ab¬ 1242,1332,42,24
hängig 717,1369,95,31
ist. 826,1369,37,25
<EOS>
Dafür 880,1369,84,24
ist 978,1368,30,25
der 1022,1368,45,25
untere 1080,1373,91,21
Grenz¬ 1185,1369,99,25
wertsatz 715,1411,116,20
nützlich. 853,1405,122,25
<EOS>
Es 998,1406,31,24
können 1050,1406,107,24
statisch 1177,1406,105,25
zulässige 715,1444,125,31
Spannungsfelder 854,1444,242,30
z.B. 1109,1445,50,22
<EOS>
im 1174,1444,36,23
Steg 1224,1444,58,31
eines 715,1482,71,24
Balkens 799,1481,112,24
entwickelt 925,1481,147,24
werden. 1085,1483,111,23
<EOS>
Oder 1212,1482,70,23
es 715,1527,26,16
können 762,1520,107,23
statisch 889,1518,106,25
zulässige 1015,1519,125,31
Momen¬ 1162,1520,120,23
tenfelder 715,1557,128,24
zur 866,1564,45,16
Ermittlung 935,1556,157,31
des 1115,1557,43,24
Durch- 1183,1557,99,24
stanzwiderstandes 715,1594,260,24
von 1015,1602,52,16
Stützen 1108,1594,105,25
in 1255,1594,27,24
Flachdecken 716,1632,180,24
hergeleitet 917,1631,150,31
werden. 1087,1632,111,24
<EOS>
Und 1221,1632,60,24
auch 715,1670,66,23
bei 800,1670,40,23
Tragwänden 857,1669,178,30
mit 1054,1669,46,24
Aussparun¬ 1118,1670,164,30
gen 715,1715,49,23
führt 793,1708,71,23
die 894,1706,41,25
Plastizitätstheorie 965,1707,255,24
zu 1251,1715,30,16
zweckmässigen 715,1744,218,31
Lösungen. 943,1745,146,30
<EOS>
<EOP>
Einführung 713,1864,179,32
in 903,1864,27,24
die 941,1864,50,25
Praxis 1002,1864,101,25
Diese 714,1945,76,24
und 808,1945,52,24
weitere 879,1944,102,25
Dissertationen 1000,1944,208,25
und 1225,1945,54,24
Forschungsarbeiten 714,1982,282,31
entwickelten 1023,1981,182,26
we¬ 1233,1990,46,16
sentliche 712,2020,126,24
Grundlagen 855,2019,172,31
zur 1043,2027,46,16
Anwendung 1104,2019,176,31
der 712,2057,45,24
Plastizitätstheorie 779,2056,256,25
bei 1057,2056,40,24
der 1119,2057,45,23
prakti¬ 1185,2057,95,30
schen 713,2095,78,23
Bemessung 812,2096,158,28
von 989,2101,52,17
Stahlbetontrag¬ 1060,2094,220,30
werken. 713,2133,111,23
<EOS>
Diese 858,2131,77,25
Grundlagen 968,2131,172,31
wurden 1173,2132,106,24
durch 713,2170,81,24
Bruno 808,2170,86,23
Thürlimann 905,2168,176,25
sukzessive 1093,2168,148,25
in 1254,2168,25,25
die 712,2207,42,24
Praxis 767,2207,86,24
getragen. 865,2211,129,26
<EOS>
Nach 1008,2206,74,24
dem 1095,2206,59,24
Plastizi¬ 1168,2206,112,25
tätskurs 712,2243,112,24
von 838,2249,51,17
1963 907,2241,59,24
fanden 983,2241,97,24
weitere 1093,2241,102,25
Fort¬ 1211,2242,69,23
bildungskurse 713,2280,200,31
für 924,2279,41,24
Bauingenieure 975,2278,208,31
in 1194,2278,25,24
den 1229,2278,49,24
Jahren 711,2317,96,25
1975 828,2316,59,25
und 906,2316,52,24
1983 980,2316,59,24
statt. 1057,2320,66,20
<EOS>
Der 1142,2317,53,23
Kurs 1212,2317,67,23
von 713,2363,51,16
1983 787,2355,59,24
bereitete 866,2354,123,24
auch 1008,2354,66,23
international 1094,2353,185,25
den 713,2393,50,24
Boden 777,2393,88,23
vor 880,2399,45,17
für 939,2392,41,24
das 993,2391,44,25
IVBH-Kolloqui- 1052,2391,228,30
um 713,2438,45,16
in 775,2430,25,24
Delft 817,2429,72,25
1987, 909,2429,69,28
das 995,2429,45,24
gewissermassen 1056,2428,223,31
den 713,2468,51,24
Durchbruch 777,2466,176,26
der 966,2467,45,23
Plastizitätstheorie 1025,2465,255,26
im 715,2505,33,24
Stahlbeton 766,2505,153,24
in 938,2504,26,23
Europa 982,2504,103,30
brachte. 1102,2504,113,25
<EOS>
Zu¬ 1234,2505,47,23
dem 713,2543,59,24
fanden 792,2543,96,23
wichtige 906,2542,118,30
Teilbereiche 1041,2541,178,25
der 1236,2543,45,23
neuen 715,2588,83,16
Erkenntnisse 811,2579,186,25
sukzessive 1006,2579,148,25
Eingang 1165,2580,116,30
in 715,2618,24,24
die 754,2618,40,24
SIA-Norm 807,2617,149,25
162. 973,2617,52,24
<EOS>
Sie 1039,2616,41,25
regelte 1094,2617,93,31
einer¬ 1200,2617,82,24
seits 714,2655,59,25
die 783,2655,42,25
Querschnittsbemessung 836,2654,342,32
für 1189,2655,41,24
die 1240,2654,41,24
Beanspruchungsfälle 715,2692,298,32
Torsion 1064,2692,109,24
und 1228,2692,52,24
Kombinationen 716,2730,224,25
aus 958,2737,45,16
Biegung, 1022,2730,121,31
Normal- 1162,2731,120,23
<EOS>
<EOP>
_i 1783,999,38,43
i 1842,1002,9,40
kraft, 1328,1107,76,28
Querkraft 1427,1107,141,31
und 1588,1108,54,24
Torsion; 1661,1107,122,29
ander¬ 1803,1108,91,24
seits 1327,1144,59,24
gab 1398,1145,48,30
sie 1458,1145,36,23
die 1505,1145,41,23
Grundlagen 1558,1146,173,30
für 1743,1146,42,23
die 1796,1146,41,23
Be¬ 1849,1146,44,23
messung 1328,1190,121,22
statisch 1471,1182,104,25
unbestimmter 1596,1183,202,24
Trag¬ 1818,1184,75,29
werke, 1327,1220,92,28
beides 1433,1219,86,24
nach 1532,1220,67,24
der 1610,1220,45,24
Plastizitätstheo¬ 1667,1220,226,25
rie. 1328,1256,43,24
<EOS>
Und 1384,1257,61,24
natürlich 1457,1256,130,25
enthält 1598,1257,100,24
nun 1709,1265,55,16
die 1775,1257,42,25
1989 1831,1258,61,24
in 1328,1295,25,23
Kraft 1365,1295,75,23
getretene 1449,1299,131,26
neue 1591,1302,66,17
Betonnorm 1669,1295,160,24
SIA 1839,1295,54,24
162 1331,1332,43,24
die 1389,1332,40,24
Prinzipien 1444,1332,149,30
der 1607,1333,46,23
Plastizitätstheo¬ 1667,1333,226,24
rie 1327,1369,36,25
in 1376,1369,26,24
umfassender 1415,1370,182,24
Weise. 1609,1370,90,24
<EOS>
Sie 1714,1370,40,24
ist 1767,1370,31,24
damit 1811,1371,81,23
die 1327,1406,40,25
erste 1396,1411,65,20
sozusagen 1490,1415,142,23
«vollplastische» 1662,1408,229,30
Norm 1327,1445,83,23
der 1434,1445,45,24
Welt 1503,1445,66,24
für 1595,1445,42,24
Stahlbeton 1661,1445,152,24
und 1838,1446,53,23
Spannbeton. 1326,1483,177,29
<EOS>
Und 1516,1483,60,23
nicht 1587,1483,71,23
unerwähnt 1667,1483,154,24
blei¬ 1831,1483,61,24
ben 1327,1520,49,23
soll 1402,1520,47,23
in 1477,1520,26,23
diesem 1528,1520,98,24
Zusammenhang, 1652,1521,238,30
dass 1326,1558,57,23
auch 1402,1558,67,23
die 1488,1557,41,25
Stahlbaunorm 1548,1558,204,24
SIA 1771,1558,54,24
161 1847,1559,41,23
schon 1326,1595,81,24
seit 1416,1594,47,25
längerer 1473,1595,117,31
Zeit 1599,1595,55,25
von 1664,1603,52,17
der 1726,1595,44,24
Plastizi¬ 1780,1595,112,25
tätstheorie 1325,1632,151,24
erheblich 1498,1632,134,25
beeinflusst 1654,1632,153,25
wor¬ 1829,1641,62,16
den 1326,1670,50,23
ist. 1386,1670,37,23
<EOS>
<EOP>
Würdigung 1327,1786,187,32
Lieber 1328,1866,91,24
Bruno, 1433,1867,94,28
Du 1543,1867,41,24
hast 1599,1867,55,24
während 1668,1867,123,24
der 1804,1867,45,24
30 1862,1867,31,24
Jahre 1326,1904,76,24
Deines 1415,1904,96,24
Wirkens 1523,1904,121,24
hier 1657,1904,55,24
an 1724,1912,33,16
der 1769,1904,45,24
ETH 1826,1904,66,24
mit 1328,1941,46,24
der 1386,1941,45,24
Einführung 1443,1941,167,31
plastischer 1622,1941,152,31
Berech¬ 1786,1941,107,24
nungsmethoden 1328,1980,228,29
eine 1574,1979,58,24
neue 1650,1987,66,16
Dimension 1735,1979,157,24
in 1328,2016,25,24
die 1363,2016,41,24
Tragwerkslehre 1413,2017,224,30
eingeführt. 1648,2017,155,30
<EOS>
Diese 1815,2017,77,24
Dimension 1328,2054,156,25
hat 1510,2055,42,24
das 1576,2055,45,24
Instrumentarium 1645,2054,247,25
des 1327,2092,43,24
konstruktiv 1389,2092,165,24
tätigen 1572,2092,97,31
Bauingenieurs 1688,2092,204,31
entscheidend 1327,2129,186,25
erweitert. 1525,2129,134,25
<EOS>
Sie 1671,2129,41,25
hat 1724,2130,42,24
zu 1778,2138,32,16
einer 1821,2129,72,25
grösseren 1326,2169,134,29
Souveränität 1476,2167,182,24
in 1674,2167,25,24
der 1715,2167,45,24
Behand¬ 1777,2168,116,23
lung 1328,2206,61,29
von 1398,2212,51,17
Fragen 1461,2206,97,29
der 1568,2206,46,23
Tragsicherheit 1621,2205,208,30
und 1838,2206,54,23
auch 1326,2243,67,24
zu 1411,2250,31,17
einer 1460,2243,72,24
erheblich 1549,2243,134,24
vergrösserten 1702,2244,190,29
konstruktiven 1327,2280,200,24
Freiheit 1544,2280,112,25
geführt. 1672,2280,111,31
<EOS>
Lieber 1802,2280,91,25
Bruno, 1328,2318,94,26
Deine 1449,2317,84,25
ehemaligen 1559,2317,163,32
Studenten 1748,2318,144,24
und 1329,2357,53,24
Doktoranden 1394,2358,190,24
sowie 1595,2357,78,25
unzählige 1684,2357,138,31
Bau¬ 1834,2358,63,24
ingenieure 1330,2394,151,32
danken 1507,2395,105,24
Dir 1639,2394,48,24
herzlich 1714,2395,114,24
für 1855,2395,42,24
Dein 1330,2432,68,24
hervorragendes 1417,2432,220,30
Wirken 1655,2431,108,24
und 1781,2432,55,23
für 1854,2432,43,23
alle 1329,2470,49,23
die 1390,2469,41,24
befruchtenden 1444,2469,207,24
Impulse, 1665,2469,121,30
die 1799,2469,42,24
Du 1853,2470,42,23
dem 1329,2507,60,24
Bauingenieurwesen 1401,2506,279,31
insgesamt 1692,2506,139,31
ver¬ 1842,2514,55,17
mittelt 1331,2544,92,25
hast. 1434,2544,62,24
<EOS>
<EOP>
Hugo 1663,2593,76,31
Bachmann 1749,2592,148,25
<EOS>
<EOP>
Adresse 1323,2698,98,21
des 1430,2698,39,21
Verfassers: 1477,2697,138,22
Prof. 1625,2697,59,22
<EOS>
Dr. 1695,2697,38,22
<EOS>
Hugo 1747,2698,67,27
Bach¬ 1824,2697,68,22
inomi. 1326,2739,75,15
<EOS>
ETH-Hönggerberg. 1411,2731,242,27
<EOS>
8093 1663,2731,56,22
Zürich. 1729,2731,91,22
<EOS>
<EOP>
669 1851,2799,47,24
<EOS>
<EOP>
