1960,2865
Baustatik 101,87,127,26
Schweizer 1165,84,138,25
Ingenieur 1311,85,130,30
und 1448,83,51,25
Architekt 1505,82,127,26
Nr. 1640,83,41,24
<EOS>
23, 1691,82,38,30
7. 1739,83,22,24
<EOS>
Juni 1771,83,56,24
1990 1837,82,59,25
nieur- 99,168,85,25
und 202,169,54,24
Architekten-Vereins, 274,169,299,30
hielt. 594,170,70,25
<EOS>
Der 100,207,52,23
Vortrag 175,207,109,31
erschien 306,207,118,24
dann 448,207,70,24
1961 545,208,58,23
als 629,208,36,24
Aufsatz 98,244,110,24
in 220,244,26,24
der 258,245,45,23
Schweizerischen 313,245,236,24
Bauzei¬ 561,246,104,23
tung 98,286,64,26
[1], 174,281,38,31
Darin 226,282,83,24
wurden 321,283,107,23
die 441,282,42,24
grundlegen¬ 494,283,171,30
den 98,319,51,25
Begriffe 189,319,113,32
und 343,320,53,24
Verfahren 435,320,146,25
der 621,321,44,24
«Gleichgewichtsmethode» 100,356,381,32
und 524,358,53,24
der 621,358,44,24
«Mechanismusmethode» 99,395,361,24
eingeführt 516,395,149,32
und 97,432,54,24
an 162,439,33,17
Durchlaufträgern, 205,433,261,30
Rahmen 478,433,121,24
und 610,433,54,24
Platten 97,470,100,24
erläutert. 218,470,128,24
<EOS>
Und 368,471,61,23
es 450,478,25,16
wurden 495,472,108,23
die 622,471,41,24
entscheidenden 97,506,221,26
drei 334,507,55,25
Bedingungen 406,508,187,31
dar¬ 609,509,55,24
gestellt, 98,546,107,31
die 218,545,40,25
für 270,546,42,24
eine 323,545,57,25
plastizitätstheoreti¬ 391,544,275,32
sche 99,583,59,24
Lösung 184,583,103,31
erfüllt 311,583,89,24
sein 423,583,56,24
müssen: 504,584,115,22
1. 646,583,18,23
<EOS>
Gleichgewicht, 100,620,213,31
2. 326,621,21,22
<EOS>
Plastizitätsbedingung 361,620,305,30
und 99,658,54,24
3. 163,658,21,24
<EOS>
Mechanismusbedingung. 196,657,358,30
<EOS>
Am 99,707,52,23
Montag 175,707,110,30
nach 309,706,67,24
dem 400,706,61,24
Vortrag, 483,706,116,30
ich 625,705,40,24
erinnere 100,743,120,25
mich 239,743,69,24
daran 326,743,81,24
sehr 425,743,59,24
gut, 500,747,52,27
war 572,750,51,17
in 639,743,28,23
dem 101,781,59,24
Ingenieurbüro, 174,781,213,31
in 401,781,27,23
dem 440,781,60,23
ich 514,780,41,24
damals 567,780,99,24
arbeitete, 100,817,130,28
die 246,817,41,24
Produktion 302,816,162,25
an 478,824,33,16
statischen 526,815,139,25
Berechnungen 102,855,204,30
und 323,854,54,24
Konstruktionsskiz¬ 395,853,272,25
zen 100,900,48,16
erheblich 168,892,134,24
geringer 323,892,118,30
als 461,892,37,23
üblich. 518,891,97,23
<EOS>
In 638,891,27,23
den 100,930,51,23
viel 168,930,50,23
länger 235,930,88,30
dauernden 340,929,153,24
Kaffeepau¬ 510,929,157,29
sen 100,975,46,16
war 156,975,52,16
für 218,967,42,24
einmal 270,966,97,25
nicht 379,966,72,25
der 461,966,45,24
Sport, 516,966,83,31
son¬ 610,973,58,17
dern 101,1005,63,24
dieser 184,1004,84,25
Vortrag 285,1005,110,30
das 414,1005,45,23
Hauptthema. 479,1003,186,31
<EOS>
Und 101,1042,62,24
ich 182,1041,42,25
weiss 243,1041,73,25
auch 335,1041,67,24
noch, 422,1041,76,28
dass 519,1041,58,23
mein 596,1041,71,23
Bürogenosse 101,1080,178,30
und 293,1079,54,24
ich 362,1079,40,23
in 417,1078,27,24
der 457,1079,46,23
Folge 516,1079,78,30
dem 608,1079,58,23
Arbeitgeber 101,1117,170,30
eine 288,1116,58,24
schöne 363,1116,98,24
Anzahl 478,1116,104,24
soge¬ 599,1124,69,22
nannt 102,1159,82,20
produktiver 213,1154,170,30
Stunden 411,1154,117,24
stahlen, 557,1153,109,28
weil 102,1192,56,24
wir 170,1191,47,25
bald 229,1192,59,24
einmal 301,1191,97,25
über 411,1191,63,24
die 486,1190,41,25
Berechti¬ 540,1190,128,24
gung 101,1238,69,23
und 182,1229,53,24
die 248,1229,42,24
Zweckmässigkeit 301,1228,246,31
der 560,1229,45,23
pla¬ 616,1228,52,30
stischen 101,1267,112,24
Berechnungsmethoden 260,1266,329,31
zu 635,1273,32,16
streiten 101,1304,105,25
begannen. 227,1305,145,30
<EOS>
Ich 395,1304,43,24
war 458,1311,53,17
rasch 531,1303,74,25
ein 625,1302,42,25
passionierter 101,1342,183,30
«Plastiker» 322,1341,161,25
geworden, 521,1341,144,31
während 101,1380,123,24
mein 244,1379,70,25
Kollege, 333,1379,115,30
ein 468,1378,43,25
Ingenieur 529,1378,139,31
mit 102,1417,46,24
längerer 177,1417,117,31
praktischer 321,1416,162,31
Erfahrung, 511,1416,154,30
eher 101,1455,62,24
skeptisch 174,1454,130,30
war. 315,1461,58,16
<EOS>
Er 386,1455,32,22
warnte 428,1458,98,19
vor 537,1461,46,16
nega¬ 594,1461,74,22
tiven 102,1492,71,24
Auswirkungen 193,1491,210,30
auf 424,1491,46,24
Phänomene, 489,1491,176,28
die 102,1529,40,25
wir 153,1529,46,24
heute 209,1529,77,24
unter 296,1532,77,21
dem 383,1529,60,24
Begriff 455,1528,98,31
der 562,1528,45,24
Ge¬ 618,1528,51,24
brauchstauglichkeit 102,1565,282,32
näher 406,1566,82,24
betrachten, 508,1565,158,28
wie 102,1604,48,24
Rissbreiten 169,1604,160,24
und 348,1604,53,23
Durchbiegungen. 421,1603,246,31
<EOS>
Aus 103,1643,54,23
heutiger 175,1641,118,31
Sicht 309,1641,70,24
waren 397,1648,86,17
dies 500,1640,55,25
Beden¬ 573,1641,96,24
ken, 104,1680,58,28
die 174,1679,41,24
sozusagen 227,1687,141,22
erst 379,1684,50,19
letztes 441,1679,87,24
Jahr 538,1678,62,24
eine 611,1677,58,25
gewisse 102,1716,105,32
Berechtigung 221,1715,189,32
wirklich 421,1715,117,25
voll 550,1716,53,24
und 616,1715,53,24
endgültig 103,1753,133,32
verloren 256,1754,120,24
haben, 397,1753,92,28
als 511,1753,36,24
nun 568,1761,53,15
in 643,1753,26,23
den 103,1792,50,24
neuen 176,1799,85,17
Konstruktionsnormen 285,1791,319,24
des 625,1791,44,23
SIA 103,1830,54,23
die 184,1829,40,24
konsequente 252,1830,178,28
Trennung 456,1829,143,29
der 625,1828,45,24
Nachweise 104,1867,151,24
des 277,1867,44,24
Tragwiderstandes 341,1865,253,32
und 616,1865,52,24
der 103,1905,45,24
Nachweise 163,1904,151,25
der 329,1904,45,24
Gebrauchstauglich¬ 389,1902,281,31
keit 104,1941,52,25
festgeschrieben 189,1941,219,31
wurde. 440,1941,95,23
<EOS>
Unsere 570,1941,99,23
Meinungen 105,1980,163,29
entzündeten 294,1979,176,23
sich 496,1978,53,24
bereits 577,1978,93,24
damals 104,2018,99,23
an 215,2024,32,16
der 259,2017,45,23
Frage, 317,2017,85,29
ob 416,2016,33,24
bei 461,2015,40,25
der 513,2016,45,24
Bemes¬ 570,2016,100,24
sung 103,2062,65,23
von 186,2062,50,16
Durchlaufträgern 257,2054,251,30
aus 526,2061,45,16
Stahl¬ 588,2053,83,24
beton 104,2093,78,23
im 205,2091,35,24
Hochbau 262,2091,127,24
nur 414,2099,48,16
geringe 482,2090,104,31
oder 608,2090,63,25
auch 103,2129,66,25
grössere 204,2130,114,30
Umverteilungen 355,2128,233,31
der 625,2129,44,23
nach 104,2167,65,24
der 183,2167,45,24
Elastizitätstheorie 242,2166,256,24
ermittelten 511,2166,157,24
Momente 104,2206,136,22
zulässig 259,2204,111,30
seien. 388,2203,79,25
<EOS>
Jugendlicher 485,2203,184,31
Wagemut 102,2243,137,29
argumentierte 253,2241,203,31
vor 470,2250,46,15
allem 530,2242,78,23
mit 623,2240,47,25
Gleichgewichtsbedingungen 104,2278,405,33
und 524,2279,53,24
setzte 591,2283,78,20
sich 103,2317,54,24
für 185,2317,41,24
starke 251,2316,85,25
Abminderungen 363,2316,236,32
der 625,2316,45,24
oberen 103,2355,96,24
Bewehrung 218,2355,160,30
über 394,2355,62,23
Zwischenstüt¬ 472,2354,198,24
zen 102,2400,49,17
ein, 163,2392,50,29
bis 226,2392,38,25
hin 277,2392,45,24
zu 334,2400,31,16
deren 378,2393,78,23
Weglassen 469,2393,147,30
bei 630,2392,39,24
kleineren 105,2431,134,23
Deckenfeldern; 256,2430,223,27
die 494,2430,41,24
Vorsicht 550,2429,120,25
des 103,2470,44,23
Älteren 160,2463,107,30
aber 279,2468,61,24
war 353,2476,51,16
dagegen. 416,2469,121,30
<EOS>
Schliess¬ 550,2467,121,25
lich 105,2506,51,25
musste 177,2510,96,20
sich 294,2505,53,24
unser 371,2513,76,16
Bürochef 470,2505,129,24
ein¬ 619,2504,52,25
schalten; 104,2544,128,26
das 251,2543,44,25
war 316,2551,51,16
Jürgen 387,2544,93,29
Kammenhu- 502,2542,171,25
ber, 107,2585,49,28
der 169,2586,45,23
nachmalige 229,2584,163,31
Professor 407,2585,131,24
für 553,2585,41,24
Bau- 610,2585,61,23
statik 102,2623,77,25
in 197,2622,24,25
Aachen. 239,2622,116,25
<EOS>
Er 373,2623,32,23
verfügte 421,2622,117,31
eine 554,2621,57,25
Be¬ 629,2623,42,23
grenzung 102,2668,134,24
der 249,2660,45,24
Umverteilungen 310,2659,233,31
auf 557,2659,46,24
vor¬ 616,2667,55,17
läufig 105,2697,80,32
einen 202,2697,77,24
Viertel 296,2696,95,24
des 409,2697,44,23
abzumindern¬ 470,2695,201,24
den 103,2736,49,24
Momentes... 165,2736,194,23
<EOS>
<EOP>
-» 1819,168,28,16
•l 707,229,77,51
<EOS>
<EOP>
•jif; 1433,417,49,40
ädk 1035,407,85,43
•L 1493,439,14,15
<EOS>
<EOP>
"TL 1549,594,90,60
<EOS>
<EOP>
s. 1372,725,28,19
<EOS>
<EOP>
,- 1328,863,8,4
», 1353,852,14,15
p 1383,852,11,15
* 737,871,10,16
<EOS>
<EOP>
Bild 715,1027,50,26
1. 781,1029,16,23
<EOS>
Zweifeldriger 828,1026,186,33
Stahlträger 1025,1026,157,32
mit 1193,1029,42,23
plastischen 1245,1026,152,32
Gelenken 1412,1026,129,26
über 1555,1026,64,26
der 1629,1026,47,26
Zwischenstütze 1687,1026,208,26
und 715,1064,51,26
in 773,1067,22,23
den 805,1064,48,26
Feldern 864,1064,99,26
<EOS>
<EOP>
Stüssi 1327,1153,80,25
zwar 1416,1161,68,16
zu, 1494,1161,39,20
dass 1545,1153,57,24
die 1613,1152,41,25
Elastizitätstheo¬ 1665,1151,228,25
rie 1327,1190,36,25
den 1383,1191,51,24
Tragwiderstand 1452,1190,224,31
eines 1697,1190,70,24
statisch 1787,1190,105,23
unbestimmten 1327,1229,206,23
Tragwerks 1549,1228,150,30
in 1717,1227,27,24
manchen 1761,1227,131,24
Fällen 1327,1267,89,22
erheblich 1434,1265,135,24
unterschätzt 1587,1266,176,23
und 1781,1265,55,24
so¬ 1854,1272,38,17
mit 1327,1303,46,25
einen 1383,1303,78,25
ungenutzten 1471,1307,178,27
Sicherheitsüber- 1659,1302,233,25
schuss 1326,1341,89,24
liefert. 1438,1340,92,25
<EOS>
Diesen 1554,1339,98,25
bezeichnete 1675,1339,167,25
er 1865,1347,27,16
mit 1327,1378,46,24
«Schlauheit 1390,1378,168,24
des 1574,1378,44,23
Materials». 1635,1378,160,23
<EOS>
Dann 1813,1378,78,22
aber 1326,1416,62,24
stellte 1397,1416,83,24
er 1491,1423,26,16
fest, 1528,1416,54,28
dass 1594,1416,58,23
diese 1662,1415,69,23
Schlauheit 1742,1414,149,24
nicht 1327,1453,72,24
ausreiche, 1410,1453,140,28
um 1562,1461,45,16
das 1618,1453,44,24
Ungenügen 1674,1453,163,30
des 1848,1452,43,24
Traglastverfahrens 1325,1491,270,30
zu 1622,1498,32,16
kompensieren. 1681,1489,210,31
<EOS>
Und 1328,1528,61,24
am 1405,1536,43,16
Schluss 1465,1528,102,24
kam 1585,1528,60,23
die 1662,1527,41,24
grosse 1720,1535,85,23
Pole¬ 1823,1527,70,23
mik. 1328,1565,61,24
<EOS>
Es 1408,1566,31,24
hiess 1457,1565,68,24
dort: 1542,1565,67,24
«Sollte 1626,1565,97,24
jedoch 1738,1564,97,31
die 1852,1564,40,24
Befürwortung 1329,1604,198,29
des 1554,1603,44,23
Traglastverfahrens 1623,1602,270,31
als 1328,1641,36,24
Entgegenkommen 1377,1641,260,30
an 1648,1648,33,16
jene 1692,1639,61,31
Leute 1764,1640,79,24
ge¬ 1854,1647,40,23
dacht 1328,1679,77,24
sein, 1423,1677,63,29
die 1505,1677,41,25
die 1565,1677,40,25
normalen 1625,1677,137,24
und 1780,1677,54,24
bei 1853,1676,40,25
normaler 1328,1716,133,24
Begabung 1484,1715,140,31
erlernbaren 1648,1715,166,24
Me¬ 1840,1715,54,23
thoden 1328,1753,98,24
zur 1443,1761,45,16
Berechnung 1505,1753,172,28
statisch 1693,1752,105,24
unbe- 1815,1752,79,23
<EOS>
<EOP>
Streit 716,1185,88,25
mit 814,1185,52,25
Professor 875,1184,155,27
Stüssi 1040,1186,92,26
In 715,1265,29,23
diese 765,1264,69,25
bereits 854,1265,93,24
von 968,1273,52,16
einer 1041,1265,72,24
Aufbruch¬ 1132,1267,149,23
stimmung 714,1302,144,32
geprägte 868,1304,120,30
Atmosphäre 999,1303,176,31
platzte 1186,1304,94,30
dann 714,1339,72,25
im 816,1339,36,25
Januar 881,1340,97,24
1962 1012,1341,61,24
der 1103,1341,46,24
in 1179,1340,27,25
der 1236,1341,45,25
Schweizerischen 714,1378,236,24
Bauzeitung 968,1378,160,31
publizier¬ 1144,1378,137,31
te 714,1419,23,19
Aufsatz 758,1415,109,24
von 888,1423,51,16
Professor 961,1416,133,24
Fritz 1117,1416,64,24
Stüssi 1201,1416,82,24
mit 715,1452,46,25
dem 781,1452,61,25
lapidaren 864,1453,133,30
Titel 1017,1453,66,24
«Gegen 1105,1454,110,30
das 1235,1454,45,24
Traglastverfahren» 712,1490,276,31
[2]. 1002,1491,39,29
<EOS>
Stüssi 1057,1490,83,26
fuhr 1151,1491,61,24
dar¬ 1225,1491,56,25
in 714,1527,26,23
mit 752,1527,46,24
schwerem 810,1527,143,25
Geschütz 964,1528,133,25
auf. 1108,1529,53,24
<EOS>
Er 1173,1529,34,23
wur¬ 1217,1537,63,16
de 714,1565,30,23
auch 755,1565,67,24
sehr 832,1565,60,24
persönlich, 902,1565,156,31
und 1070,1566,54,24
Susi 1137,1565,58,27
Thür¬ 1208,1566,75,24
limann 717,1601,96,25
gestand 827,1603,107,30
mir 951,1603,50,23
einige 1016,1603,85,31
Zeit 1116,1604,56,24
später, 1187,1605,92,29
dass 714,1639,57,25
diese 791,1639,69,25
Auseinandersetzung 881,1640,292,32
Bruno 1193,1642,87,23
schwer 714,1677,98,24
belastet 834,1677,106,25
und 963,1678,53,24
fast 1039,1679,49,24
gar 1109,1687,44,22
an 1174,1687,33,16
den 1229,1679,51,24
Rand 715,1715,75,24
des 809,1715,44,24
Aufgebens 872,1715,151,31
seiner 1042,1715,86,25
Professur 1146,1716,134,24
geführt 713,1753,105,29
habe. 838,1753,74,24
<EOS>
In 934,1753,29,23
seinem 983,1753,100,24
Aufsatz 1102,1754,110,24
gab 1231,1754,48,31
<EOS>
<EOP>
--^s 850,2578,70,34
<EOS>
<EOP>
<EOS>
<EOP>
WfEB 1098,2597,90,23
<EOS>
<EOP>
Bild 722,2692,51,27
2. 783,2694,20,24
<EOS>
Zweifeldriger 834,2692,185,33
Stahlbetonträger 1030,2692,237,33
mit 1278,2695,42,24
plastischen 1329,2692,151,33
Gelenken 1494,2692,129,26
über 1637,2692,62,26
der 1709,2692,47,26
Zwischen¬ 1765,2692,138,26
stütze 721,2735,81,21
und 811,2731,52,25
in 870,2732,22,23
den 902,2731,48,25
Feldern 960,2731,100,25
<EOS>
<EOP>
667 1852,2799,46,24
<EOS>
<EOP>
