1960,2865
Energietechnik 58,91,203,33
Schweizer 1123,91,139,26
Ingenieur 1268,92,131,32
und 1406,91,52,26
Architekt 1463,91,127,25
Nr. 1599,92,40,24
<EOS>
23, 1649,91,38,30
7. 1697,92,22,25
<EOS>
Juni 1729,92,57,25
1990 1796,92,59,25
<EOS>
<EOP>
r*s< 884,691,45,19
i 951,696,2,18
W 980,688,34,24
<EOS>
<EOP>
Bild 55,987,51,26
9. 113,988,20,25
<EOS>
Die 159,988,44,24
Solarzellenanlage 212,985,246,33
auf 467,984,47,26
einem 518,986,81,24
Nebengebäude 608,983,213,32
in 831,985,21,23
der 861,982,47,26
Wohnzone 917,981,148,27
von 1075,991,47,16
Mönch¬ 1130,981,106,26
altorf 55,1024,78,27
eine 55,1080,58,24
Halbierung 137,1080,164,30
dieser 324,1079,83,24
Zahl 431,1079,65,24
in 520,1079,26,23
den 571,1079,50,23
nächsten 55,1118,125,24
Jahren 209,1118,97,23
allgemein 335,1116,139,31
erwartet 504,1121,117,19
wird. 54,1155,72,24
<EOS>
Bei 141,1155,44,24
konventionellen 199,1154,234,25
Fassaden 448,1154,129,24
ist 591,1153,30,25
der 55,1193,45,25
Trend 108,1193,87,24
gegenläufig: 205,1192,174,31
Dort 389,1193,67,23
ist 467,1191,30,25
mit 508,1191,47,24
wei¬ 565,1191,56,25
terhin 55,1230,86,25
steigenden 159,1230,152,31
Kosten 329,1230,100,24
zu 447,1237,32,16
rechnen. 499,1229,121,24
<EOS>
Der 56,1269,52,23
Zeitpunkt 118,1267,142,31
ist 269,1267,31,24
also 310,1267,53,24
absehbar, 373,1267,135,28
an 519,1274,33,17
dem 561,1267,60,23
die 55,1306,41,24
Solarfassade 113,1306,177,24
nur 308,1313,49,15
noch 375,1305,69,23
eine 461,1304,58,24
unwe¬ 537,1311,85,17
sentliche 55,1343,126,24
Verteuerung 197,1344,180,29
konventioneller 394,1342,228,25
Bauweisen 56,1380,150,25
verursacht. 227,1380,157,25
<EOS>
In 406,1381,30,23
diese 456,1379,70,25
Rich¬ 547,1379,75,25
tung 55,1423,64,26
zielt 128,1418,60,25
das 198,1418,45,24
Pilotprojekt 254,1417,171,32
«Gebäudein¬ 437,1417,185,25
tegration 55,1455,128,32
von 227,1463,52,16
Solarzellenanlagen». 323,1455,298,30
<EOS>
Eine 56,1493,63,24
Projektgemeinschaft 130,1493,298,30
von 438,1499,51,17
fünf 501,1493,60,23
Fir¬ 572,1492,50,24
<EOS>
<EOP>
men, 668,1086,68,21
die 751,1078,41,24
alle 806,1078,49,24
als 869,1078,36,24
Spezialisten 919,1077,169,30
des 1102,1077,44,24
Dach 1160,1077,72,24
und 667,1116,54,24
Fassadenbaus 735,1115,195,25
sowie 943,1114,78,25
der 1035,1115,45,24
Solartech¬ 1092,1114,142,24
nik 668,1152,45,25
gelten, 732,1153,94,31
erarbeiten 847,1152,145,24
Vorschläge 1012,1152,157,30
zur 1189,1159,45,16
Fassadenintegration 667,1190,290,30
von 986,1197,52,16
Solarzellen. 1067,1189,166,24
<EOS>
Ein 667,1228,49,23
Bauphysiker 738,1227,179,31
begutachtet 938,1227,164,30
die 1125,1226,41,24
Lö¬ 1189,1226,45,24
sungen 667,1273,100,23
in 781,1265,27,24
bezug 821,1265,82,30
auf 916,1264,46,24
Wärmedämmung, 974,1264,258,30
Kondenswasserbildung 668,1301,334,31
und 1033,1301,54,24
anderen 1119,1300,113,25
physikalischen 668,1339,212,32
Kriterien: 890,1339,141,24
D 671,1417,22,23
Eine 714,1416,63,23
der 801,1416,45,23
möglichen 870,1415,149,30
Integrationen 1042,1413,192,31
sieht 670,1453,67,24
die 746,1453,41,24
Kombination 797,1452,191,25
von 997,1460,53,16
Eternitdach¬ 1059,1451,177,25
elementen 671,1491,148,24
mit 845,1489,47,25
Solarzellen 918,1489,158,25
vor. 1102,1496,54,17
<EOS>
Auf 1183,1488,55,24
<EOS>
<EOP>
Energiepilotprojekte 87,1618,302,29
des 421,1617,49,23
Kantons 503,1619,119,21
Zürich 86,1652,91,23
Das 87,1698,46,22
Energiegesetz 146,1698,172,28
vom 329,1704,55,15
19. 399,1698,30,21
<EOS>
Juni 441,1698,53,21
1983 510,1698,52,21
und 575,1698,46,21
die 86,1731,37,22
zugehörige 132,1731,138,28
Energieverordnung 281,1731,247,28
vom 538,1738,54,15
6. 602,1731,19,21
<EOS>
November 86,1766,134,21
1985 233,1765,53,22
(in 297,1765,34,27
Kraft 342,1765,66,21
seit 419,1765,42,21
1. 474,1766,15,20
<EOS>
Juli 500,1765,44,21
1986) 559,1765,63,26
ermöglichen 86,1799,158,27
dem 257,1799,52,21
Kanton 323,1800,94,20
Zürich 430,1799,83,21
die 527,1798,36,22
Un¬ 577,1799,46,21
terstützung 86,1835,143,25
von 252,1840,45,14
Pilotprojekten, 322,1833,189,27
welche 536,1833,86,21
der 86,1867,40,21
Erprobung 155,1867,135,27
und 318,1867,47,21
Anwendung 394,1867,155,27
von 577,1874,45,14
neuen, 86,1908,82,18
den 184,1901,45,21
Zwecken 243,1901,112,21
des 371,1901,38,21
Energiegesetzes 425,1900,197,28
entsprechenden 86,1935,199,27
Verfahren 306,1935,130,21
der 456,1935,41,21
Energie¬ 518,1935,105,27
versorgung 86,1975,141,21
und 251,1969,46,21
-nutzung 321,1973,113,23
dienen, 458,1969,91,25
also 575,1969,47,21
energiesparenden 86,2002,224,27
und 318,2002,48,22
umweltschonenden 375,2002,247,22
Verfahren 86,2036,129,22
sowie 228,2036,68,22
solchen 308,2036,95,21
zur 415,2043,41,15
Anwendung 468,2036,156,27
erneuerbarer 86,2071,165,21
Energien 272,2070,113,28
und 406,2070,46,22
zur 472,2077,41,15
Minde¬ 533,2070,91,21
rung 87,2111,58,21
der 168,2104,40,22
Abhängigkeit 233,2104,172,28
von 430,2111,45,15
einzelnen 500,2104,122,22
Energieträgern. 87,2138,196,28
<EOS>
Die 87,2172,43,21
Verfahren 145,2173,128,21
müssen 290,2173,92,21
in 398,2172,23,22
ihrer 437,2172,61,21
Art 512,2173,42,20
oder 568,2172,56,22
Anwendung 86,2206,155,27
neu 252,2212,44,15
sein 307,2206,48,21
und 367,2206,46,21
für 426,2206,37,21
den 472,2206,44,21
Kanton 529,2206,93,21
relevante 87,2239,115,22
Resultate 220,2239,116,22
erwarten 352,2244,112,17
lassen. 482,2239,80,22
<EOS>
Die 580,2239,43,21
möglichen 87,2272,131,28
Staatsbeiträge 233,2273,176,27
betragen 424,2273,108,27
10 551,2273,24,21
bis 590,2272,33,22
30%, 86,2306,56,25
in 163,2306,21,21
besonderen 204,2306,143,21
Fällen 367,2307,78,20
bis 465,2306,33,21
50% 517,2306,49,21
der 584,2306,40,21
nicht 87,2339,63,22
amortisierbaren 162,2340,202,21
Mehrkosten 378,2340,153,21
gegen¬ 543,2347,80,20
über 86,2373,57,21
einem 162,2373,76,22
konventionellen 259,2374,207,21
Verfahren. 486,2374,136,21
<EOS>
Für 88,2409,44,20
Projekte, 147,2409,112,27
die 274,2409,37,22
bei 325,2409,37,22
positivem 376,2409,123,27
Ausgang 515,2410,109,26
einen 86,2442,67,21
wirtschaftlichen 174,2442,205,22
Betrieb 402,2442,89,22
erwarten 511,2446,111,17
lassen, 88,2476,80,24
können 182,2476,94,21
auch 290,2477,57,21
Risikogarantien 363,2476,201,28
von 577,2482,46,15
bis 86,2509,34,22
zu 132,2516,27,15
30% 173,2510,50,21
der 235,2510,39,21
nicht 287,2510,63,21
amortisierbaren 362,2510,204,22
Ko¬ 580,2510,44,21
sten 86,2547,48,18
gewährt 143,2543,100,27
werden. 253,2543,98,22
<EOS>
Der 87,2577,46,21
Kanton 148,2577,92,21
übernimmt 257,2577,142,22
mit 415,2577,41,22
dieser 470,2577,74,21
Mög¬ 560,2578,63,26
lichkeit 87,2610,93,22
eine 196,2611,51,21
wichtige 264,2611,104,28
Aufgabe 385,2612,106,27
zwischen 508,2611,113,21
Forschung 86,2645,134,26
und 233,2645,45,21
industrieller 293,2645,155,21
Anwendung, 461,2646,160,26
die 85,2678,36,22
durch 136,2678,71,22
keine 225,2678,66,22
Bundesgelder 307,2679,171,27
subventio¬ 491,2678,132,22
niert 87,2712,56,22
werden 153,2712,91,21
kann. 255,2713,68,21
<EOS>
<EOP>
Die 671,1618,42,21
bisher 731,1618,77,21
unterstützten 825,1619,167,20
Projekte 1011,1618,106,27
befas¬ 1135,1617,72,21
sen 670,1659,40,14
sich 718,1652,48,21
u.a. 776,1659,42,14
<EOS>
mit 828,1652,42,21
folgenden 879,1652,123,27
Themen 1011,1652,105,21
: 1123,1659,2,13
<EOS>
<EOP>
- 670,1703,12,3
Einfamilienhaus 701,1690,210,22
mit 930,1690,39,22
hochisolierenden 987,1690,219,22
HIT-Fenstern 701,1725,172,21
<EOS>
<EOP>
- 671,1776,11,3
Messungen 700,1764,142,26
an 859,1770,29,14
Schulhaus 905,1763,130,21
mit 1053,1762,40,22
künstli¬ 1112,1762,95,22
chem 699,1797,68,21
Luftwechsel 778,1797,152,21
und 941,1797,46,21
Luftwärmepum¬ 999,1797,208,27
penheizung 699,1830,149,28
<EOS>
<EOP>
- 671,1882,11,3
Entwicklung 701,1869,161,28
eines 872,1869,62,22
kleinen 946,1869,94,22
Elektrofahr- 1052,1869,155,22
zeuges 699,1910,82,20
für 791,1903,36,21
den 835,1903,45,21
Nahverkehr 889,1903,154,21
<EOS>
<EOP>
- 671,1955,11,2
Geothermiebohrungen 700,1941,294,28
<EOS>
<EOP>
- 671,1993,11,3
Holzofen 702,1980,115,22
mit 827,1980,41,22
Low-NOx-Technik 878,1980,234,27
<EOS>
<EOP>
- 671,2032,11,3
Designwettbewerb 701,2018,235,28
für 950,2019,36,21
Stromsparleuch¬ 999,2018,209,28
ten 701,2057,37,17
für 748,2053,37,21
den 793,2053,44,21
Haushalt 848,2053,113,21
<EOS>
<EOP>
- 671,2105,12,2
Dezentrale 701,2091,139,22
Elektroboiler 859,2090,169,22
mit 1047,2090,40,22
Vorwär¬ 1106,2091,102,21
mung 702,2133,71,20
durch 781,2125,72,22
Heizungsvorlauf. 864,2125,218,28
<EOS>
Von 671,2165,50,20
den 732,2164,45,21
erwähnten 789,2164,134,21
Pilotprojektbeiträgen 936,2163,271,28
wurden 671,2198,94,21
vom 776,2205,54,14
Kanton 840,2198,94,21
Zürich 943,2197,85,21
in 1038,2197,23,21
den 1070,2198,43,20
Jahren 1123,2197,84,21
1986 675,2231,53,21
keine 743,2231,68,22
Beiträge, 827,2231,109,27
1987 956,2231,52,21
28% 1024,2231,50,21
und 1089,2231,46,21
1988 1154,2230,53,21
17% 675,2265,46,21
der 729,2265,40,21
Beiträge 779,2265,102,27
photovoltaischen 889,2264,218,28
Projek¬ 1117,2264,91,27
ten 671,2302,37,18
zugesprochen. 717,2300,180,26
<EOS>
Der 673,2338,46,20
«Schweizer 728,2337,144,21
Ingenieur 881,2336,124,28
und 1013,2337,47,21
Architekt» 1070,2336,137,22
berichtet 671,2371,111,21
in 802,2370,21,21
unregelmässigen 843,2370,210,28
Absländen 1072,2371,135,21
über 672,2405,55,21
diese 739,2404,62,22
Projekte 814,2404,105,28
(vgl. 931,2405,54,27
<EOS>
bisherige 999,2404,114,28
Beiträ¬ 1126,2404,83,22
ge 671,2446,25,20
in 710,2438,22,22
Heft 747,2439,55,21
43/86, 814,2439,78,25
Seite 905,2439,59,21
1096: 982,2439,64,23
40/87, 1057,2439,78,24
Seite 1149,2438,59,22
1163; 676,2473,62,24
1-2/88, 760,2473,88,23
Seite 867,2472,59,22
9; 944,2473,22,23
36/89, 983,2473,79,23
Seite 1080,2472,59,21
931; 1157,2471,52,28
39/89, 671,2507,78,23
Seite 765,2506,59,21
1002; 843,2507,63,23
45/89, 920,2507,79,23
Seite 1014,2506,60,21
1215 1093,2507,52,20
und 1162,2506,45,21
14/90, 674,2540,74,25
Seite 758,2540,60,21
367. 826,2540,49,21
<EOS>
Beitragsgesuche 673,2578,199,28
sind 892,2578,50,22
zu 964,2586,27,14
richten 1013,2578,89,22
an 1123,2585,28,15
die 1172,2578,36,22
Kantonale 672,2613,131,21
Energiefachstelle, 833,2612,224,29
Amt 1088,2613,53,20
für 1172,2612,36,21
technische 671,2646,132,22
Anlagen 819,2647,104,27
und 940,2647,46,21
Lufthygiene 1002,2646,153,28
des 1168,2646,39,21
Kantons 671,2681,106,21
Zürich, 797,2681,90,23
8090 909,2681,56,20
Zürich 986,2680,83,22
(Tel. 1091,2681,55,24
<EOS>
01/ 1166,2680,42,20
25941 671,2714,74,21
70). 758,2714,43,24
<EOS>
<EOP>
dem 1278,173,60,23
sichtbaren 1354,172,148,24
Teil 1516,172,56,24
der 1588,173,45,23
30 1648,172,32,24
auf 1696,172,46,24
60 1756,172,31,24
cm 1803,179,41,17
messenden 1278,210,155,25
Eternitplatte 1449,209,181,31
liegen 1646,209,85,31
die 1746,209,40,25
So¬ 1803,210,42,24
larzellen. 1278,248,130,24
<EOS>
Diese 1428,247,77,25
Dachvariante 1524,246,194,25
ist 1737,246,30,25
was¬ 1784,255,61,16
serdicht, 1278,284,120,30
begehbar 1415,285,130,31
und 1560,284,54,25
wegen 1629,292,88,23
des 1732,284,44,24
[no¬ 1792,292,53,16
dularen 1278,323,110,23
Aufbaus 1408,323,120,23
einfach 1549,322,106,24
montierbar. 1676,322,168,23
<EOS>
Nachteilig 1279,360,148,30
wirkt 1438,360,75,24
sich 1525,360,54,24
die 1592,359,41,25
grosse 1644,367,87,23
Anzahl 1742,360,105,24
von 1279,405,52,16
Verbindungen 1354,397,205,31
aus. 1582,405,52,16
<EOS>
Dass 1659,398,66,23
gleiche 1747,396,100,32
Prinzip 1278,433,105,31
der 1398,433,45,24
Integration 1458,433,160,31
lässt 1633,433,60,24
sich 1708,433,55,23
auch 1778,433,67,23
auf 1278,471,46,23
Blechziegeln 1342,471,180,30
und 1541,471,55,23
Fassadenplatten 1615,470,230,30
bewerkstelligen. 1278,508,232,30
<EOS>
D 1280,559,21,22
Bei 1323,556,44,25
einem 1380,556,87,25
handelsüblichen 1481,556,235,25
Produkt 1730,556,115,24
sind 1278,594,59,25
amorphe 1364,594,127,31
Solarzellen 1518,594,158,24
in 1704,594,27,23
einem 1759,594,87,24
Glasbaustein 1280,632,186,24
bereits 1485,632,94,23
eingegossen. 1599,632,176,30
<EOS>
Die 1797,631,49,24
transparenten 1279,673,199,26
Bausteine 1489,669,138,24
können 1639,669,107,24
an 1757,676,33,17
der 1802,669,45,24
Fassade 1280,707,109,24
beispielsweise 1416,706,199,31
als 1643,706,36,24
Vormaue¬ 1705,707,142,23
rung 1280,752,65,23
oder 1361,744,61,25
in 1438,743,27,25
der 1479,744,46,24
Art 1539,744,48,24
von 1602,752,52,16
Dachziegeln 1670,743,176,31
zum 1279,790,61,16
Einsatz 1367,781,102,25
kommen. 1494,781,134,24
<EOS>
Als 1654,781,47,24
Nachteil 1726,781,121,23
sind 1279,819,60,25
auch 1366,820,67,23
bei 1461,819,42,24
diesem 1531,819,99,24
Element 1659,819,118,23
die 1806,818,41,24
Kleinteiligkeit 1279,856,207,31
und 1510,857,55,24
damit 1588,856,82,25
die 1695,856,41,24
vielen 1760,855,86,25
Verbindungs- 1278,894,194,31
und 1491,894,55,25
Kontaktstellen 1566,894,212,24
mit 1798,892,48,25
den 1279,932,50,24
damit 1352,931,81,25
einhergehenden 1456,931,231,32
Verlusten 1708,931,138,24
zu 1278,978,33,15
erwähnen. 1320,969,148,25
<EOS>
<EOS>
Bei 1324,1019,43,23
einem 1379,1019,87,23
weiteren 1477,1018,121,24
vielversprechen¬ 1609,1018,237,30
den 1279,1056,51,24
Vorschlag 1353,1056,141,30
sind 1517,1055,58,25
Stahlformbleche, 1599,1055,244,28
wie 1279,1093,48,24
sie 1338,1093,36,24
im 1386,1092,36,24
modernen 1433,1093,145,24
Fassadenbau 1590,1093,182,24
häu¬ 1785,1092,61,24
fig 1280,1130,36,32
angewendet 1329,1130,168,31
werden, 1510,1130,112,28
Träger 1637,1130,94,31
der 1745,1130,45,24
So¬ 1803,1130,43,24
larzellen. 1280,1168,130,24
<EOS>
Das 1425,1168,52,23
mit 1491,1167,47,24
Zellen 1551,1168,90,23
bestückte 1654,1168,133,23
La¬ 1802,1168,45,23
minat 1280,1206,81,23
wird 1380,1205,64,24
in 1462,1205,26,24
der 1507,1206,44,23
Werkstätte 1568,1206,155,23
auf 1742,1205,45,24
die 1804,1205,42,24
Formbleche 1280,1243,170,24
geklebt. 1461,1243,110,30
<EOS>
Dadurch 1584,1243,124,24
entfallen 1719,1243,126,24
aufwendige 1279,1280,164,31
Montagearbeiten 1466,1280,243,31
auf 1733,1280,46,24
der 1800,1280,46,24
Baustelle. 1280,1318,135,24
<EOS>
Diese 1429,1317,77,25
Lösung 1520,1318,103,30
ist 1636,1317,30,25
mit 1679,1317,47,24
den 1737,1318,51,23
un¬ 1800,1325,46,16
terschiedlichsten 1279,1356,241,23
Formen 1536,1356,112,23
von 1664,1363,52,16
Blechen 1731,1356,114,23
möglich 1281,1393,113,31
und 1405,1393,54,23
zudem 1471,1393,94,23
sowohl 1577,1393,99,23
an 1688,1400,32,16
der 1732,1393,46,23
Fas¬ 1789,1393,57,23
sade 1280,1431,59,24
wie 1349,1430,47,25
auf 1405,1431,46,24
dem 1460,1431,59,24
Dach 1529,1431,75,23
anwendbar. 1613,1430,165,24
<EOS>
<EOS>
Besonderes 1324,1480,159,24
Interesse 1495,1480,126,23
im 1634,1478,36,25
Zuge 1681,1479,70,31
dieser 1763,1478,84,25
Entwicklungsarbeiten 1281,1516,313,32
richtet 1615,1516,91,24
sich 1726,1516,55,24
auf 1801,1516,46,24
die 1280,1554,41,24
Kombinationen 1339,1554,226,24
von 1582,1562,52,16
üblichen 1652,1554,123,24
Un¬ 1794,1554,53,23
terdachsystemen 1280,1593,238,29
mit 1538,1591,47,24
Solarzellen. 1604,1592,166,24
<EOS>
We¬ 1791,1592,56,23
gen 1280,1637,48,23
der 1351,1630,45,24
guten 1417,1634,79,26
Schlagregendichtigkeit 1519,1629,327,31
der 1280,1667,45,25
geprüften 1341,1667,139,31
Fabrikate 1499,1666,136,25
bestehen 1654,1667,123,24
kei¬ 1795,1666,52,25
nerlei 1281,1704,80,25
Bedenken 1382,1705,141,23
für 1544,1704,42,24
die 1605,1704,41,24
Qualität 1667,1703,115,32
des 1802,1704,44,24
Daches. 1282,1742,108,24
<EOS>
Die 1281,1791,48,24
Laminate 1343,1791,134,24
werden 1489,1791,104,24
mittels 1606,1791,95,23
Aluprofi¬ 1713,1790,133,30
len 1281,1829,41,24
direkt 1355,1828,83,25
auf 1471,1829,45,24
das 1547,1829,44,24
Unterdach 1624,1828,151,24
ge¬ 1806,1836,40,22
schraubt. 1280,1866,129,25
<EOS>
Das 1432,1867,51,23
Dach 1505,1866,74,24
dürfte 1599,1865,87,25
allerdings 1706,1865,139,31
nur 1281,1912,48,16
beschränkt 1339,1904,156,24
begehbar 1505,1903,130,31
sein. 1643,1902,63,25
<EOS>
D 1281,1954,21,22
«Structural 1325,1952,158,25
Glazing» 1497,1952,129,31
heisst 1641,1952,78,24
eine 1731,1952,58,24
der 1801,1952,45,24
Techniken 1278,1990,153,24
der 1441,1991,45,23
vorgehängten 1496,1990,194,30
Glasfassa¬ 1702,1990,144,23
de. 1281,2028,37,23
<EOS>
Statt 1341,2028,63,23
der 1426,2028,45,23
zweiten, 1491,2027,116,28
äusseren 1629,2029,122,22
Glas¬ 1773,2028,74,23
scheibe 1280,2065,103,25
werden 1400,2065,104,24
- 1521,2079,13,3
so 1550,2073,28,16
ein 1594,2064,43,25
weiterer 1654,2064,116,25
Vor¬ 1785,2065,62,24
schlag 1280,2103,87,31
- 1378,2118,14,2
bereits 1403,2102,93,25
in 1508,2102,25,24
der 1544,2102,45,24
Produktionshalle 1601,2101,245,25
die 1280,2140,41,25
Solarzellen 1334,2140,158,25
montiert. 1506,2140,131,24
<EOS>
Diese 1652,2140,77,24
Lösung 1743,2140,104,30
der 1280,2178,45,24
Fassadenintegration 1342,2178,288,31
kann 1647,2178,70,23
von 1734,2185,52,16
der 1802,2178,45,23
gut 1279,2220,44,27
entwickelten 1337,2215,182,25
Technik 1532,2215,118,24
und 1664,2216,52,23
von 1731,2223,51,16
den 1797,2216,50,23
Erfahrungen 1282,2254,181,30
des 1479,2254,43,24
«Structural 1539,2254,160,24
Glazing» 1715,2253,131,30
profitieren. 1280,2290,161,32
<EOS>
Die 1282,2339,48,24
Projektpartner 1348,2339,212,31
dieses 1576,2339,82,25
Forschungs¬ 1676,2340,172,30
und 1281,2377,53,24
Entwicklungsprojektes 1375,2377,328,31
stecken 1742,2377,105,24
mitten 1282,2414,90,24
in 1394,2414,24,24
der 1438,2415,45,23
Arbeit. 1502,2414,98,24
<EOS>
Abschliessende, 1621,2414,225,25
insbesondere 1282,2452,184,25
wertende 1479,2453,130,24
Aussagen 1622,2453,133,29
in 1770,2451,24,24
be¬ 1807,2452,40,24
zug 1280,2498,48,23
auf 1343,2490,46,24
die 1403,2489,41,25
angeführten 1459,2490,175,31
Lösungen 1650,2490,137,31
der 1803,2489,45,24
Fassadenintegration 1280,2526,288,31
von 1602,2534,52,15
Solarzellen 1687,2526,159,23
folgen 1280,2564,87,30
erst 1377,2568,50,20
in 1437,2563,25,24
einigen 1472,2563,104,31
Monaten. 1587,2565,134,22
<EOS>
Adresse 1279,2639,99,21
des 1388,2639,39,21
Verfassers: 1437,2639,138,21
Othmar 1588,2638,96,22
Humm, 1693,2638,93,23
Edi¬ 1797,2637,49,22
sonstrasse 1278,2676,126,19
22, 1417,2673,34,24
8050 1466,2673,57,21
Zürich, 1536,2672,91,25
und 1642,2672,46,21
Felix 1705,2671,59,22
Jehie. 1775,2670,71,24
<EOS>
Energiefachstelle 1281,2707,217,27
des 1511,2707,38,21
Kantons 1565,2707,105,21
Zürich, 1682,2705,92,23
8090 1789,2705,57,21
Zürich. 1278,2740,92,22
<EOS>
654 55,2809,47,23
<EOS>
<EOP>
