1960,2865
Energietechnik 81,96,203,33
Schweizer 1146,90,138,25
Ingenieur 1290,91,132,31
und 1428,91,53,24
Architekt 1485,89,127,26
Nr. 1621,91,40,23
<EOS>
23, 1671,90,39,29
7. 1720,90,22,24
<EOS>
Juni 1751,90,57,24
1990 1818,89,60,25
Die 79,178,50,24
Inverter, 141,179,122,28
ihre 278,177,55,25
Anpassung 345,179,158,28
an 515,185,33,16
lokale 560,176,85,25
Gegebenheiten 80,215,216,31
und 326,215,54,24
örtliche 409,214,109,25
Sicher¬ 548,214,99,24
heitskonzepte, 80,253,204,30
ihre 317,252,55,24
Integration 403,251,158,32
und 592,251,54,24
Verdrahtung 78,290,184,31
sind 284,290,59,24
dagegen 367,290,115,30
Aufgaben 505,289,140,30
der 80,329,44,23
schweizerischen 133,328,231,24
Wirtschaft. 373,327,159,24
<EOS>
<EOP>
Unterwerk 81,454,176,26
Aathal 266,453,109,26
Im 80,535,39,23
Zuge 129,535,69,30
der 207,534,45,24
Renovation 262,533,166,25
des 439,533,43,24
Pultdaches 493,533,153,24
über 80,572,64,24
dem 159,572,59,23
Schalthaus 235,572,153,23
des 404,572,43,23
Unterwerkes 463,571,183,23
Aathal 81,610,95,23
im 188,609,36,23
Frühjahr 235,608,131,31
1989 380,609,60,23
realisierte 452,608,140,24
das 603,608,44,24
Elektrizitätswerk 81,646,246,25
des 347,647,44,24
Kantons 412,647,119,23
Zürich 552,645,95,24
zu 80,692,32,17
Demonstrations- 134,683,239,25
und 395,683,55,25
Erprobungs¬ 471,683,177,31
zwecken 80,722,122,24
eine 219,721,58,24
photovoltaische 295,721,225,31
Anlage. 538,721,107,30
<EOS>
Die 81,759,49,24
7,7-kW-Anlage 157,759,212,30
besteht 396,759,99,23
aus 522,765,44,16
drei 593,757,54,24
etwa 82,801,64,20
gleich 155,797,84,30
grossen 248,803,106,24
Feldern, 363,796,119,28
aber 493,796,61,24
unter¬ 563,799,86,20
schiedlicher 82,834,172,25
Technologie 268,833,175,31
von 459,841,51,16
Solarzel¬ 526,832,123,25
len 83,872,41,24
mit 141,871,48,25
je 202,871,27,31
einem 245,871,88,24
zugeordneten 348,871,194,31
Wech¬ 558,870,90,24
selrichter. 81,909,141,24
<EOS>
Das 238,909,52,23
monokristallin 305,908,212,24
bestück¬ 531,908,117,24
te 81,952,24,19
Feld 119,947,60,23
umfasst 192,947,109,23
66 315,947,30,22
Panels 359,946,91,23
des 463,946,43,23
Typs 518,946,66,30
Sie¬ 598,945,50,24
mens 82,991,74,17
SM 176,985,47,23
55, 233,985,38,28
die 292,983,42,25
mit 354,983,48,25
polykristallinen 421,982,228,31
und 82,1022,53,24
amorphen 163,1021,147,31
Zellen 338,1021,89,24
ausgerüsteten 455,1022,193,29
beiden 81,1059,95,24
Felder 193,1059,92,24
je 299,1058,27,32
54 343,1059,31,24
Panels 390,1058,93,24
der 500,1058,44,24
Typen 559,1058,90,31
AEG 81,1096,73,25
PQ 174,1096,44,31
10/40 230,1096,78,24
bzw. 329,1096,62,24
<EOS>
Arco 412,1096,69,24
G 501,1096,25,24
400. 535,1096,56,23
<EOS>
Je¬ 611,1096,38,23
weils 81,1135,71,23
6 168,1135,14,23
Panels 199,1134,91,24
sind 306,1134,57,24
in 381,1134,26,23
Serie 423,1134,70,24
geschaltet 508,1133,141,31
und 82,1173,54,23
bilden 146,1172,89,24
ein 244,1172,43,23
sogenanntes 296,1176,175,26
Array. 479,1172,91,29
<EOS>
Plus- 581,1171,68,24
und 83,1210,54,24
Minuspole 157,1209,151,31
dieser 328,1209,83,25
Arrays 431,1210,94,30
sind 545,1208,58,25
in 622,1208,27,24
dem 83,1247,60,25
jedem 156,1247,89,31
Feld 261,1247,62,24
eigenen 338,1246,110,32
Klemmenka¬ 463,1246,187,24
sten 82,1289,56,20
parallel 163,1284,107,31
geschaltet. 295,1284,148,31
<EOS>
Blockdioden 470,1284,179,23
entkoppeln 82,1322,160,31
die 267,1321,40,25
einzelnen 332,1322,138,24
Arrays, 494,1322,102,29
so 621,1328,28,17
dass 82,1361,58,23
Strom 159,1361,86,23
nicht 265,1360,72,23
in 357,1360,27,23
defekte 404,1359,103,24
oder 527,1359,62,24
be¬ 609,1359,40,24
schattete 83,1398,124,24
Zellen 217,1398,89,24
fliessen 318,1397,104,25
kann. 433,1397,78,24
<EOS>
Zu 522,1397,38,24
Servi¬ 570,1396,81,25
cezwecken 84,1435,151,25
kann 254,1435,72,24
jedes 342,1434,73,32
Array 434,1435,82,30
von 535,1442,52,16
der 606,1434,45,24
Sammelschiene 83,1472,222,24
getrennt 314,1476,119,26
werden. 443,1472,112,23
<EOS>
Überspannungsabieiter 85,1512,334,35
und 436,1516,53,23
Anschluss 506,1516,144,23
an 84,1561,33,16
die 130,1554,41,23
Gebäudeerdung 185,1554,230,29
sichern 428,1553,103,23
die 544,1552,41,24
An¬ 599,1552,52,24
lage 86,1592,54,29
gegen 152,1599,81,22
unzulässige 246,1590,164,31
Fremdspannun¬ 424,1590,228,31
gen, 85,1636,56,22
insbesondere 168,1628,185,24
gegen 378,1635,80,23
Blitzeinwir¬ 484,1626,168,25
kungen. 85,1665,111,29
<EOS>
Die 218,1664,50,23
insgesamt 288,1662,140,31
29 447,1663,31,24
Arrays 498,1663,96,29
ge¬ 611,1670,40,22
langten 85,1702,104,30
vormontiert 202,1700,172,26
und 387,1700,54,24
vorverdrahtet 453,1699,197,25
auf 84,1739,46,25
die 140,1739,40,25
Baustelle, 193,1737,135,29
wo 340,1746,39,16
sie 391,1737,36,25
mittels 439,1737,95,24
speziell 545,1737,106,31
für 85,1777,42,24
diese 138,1776,70,25
Anlage 220,1776,102,31
konstruierten 334,1775,194,25
Tragbü¬ 538,1775,115,30
geln 85,1814,59,31
auf 162,1814,45,24
dem 225,1814,60,24
Dach 305,1814,74,23
befestigt 398,1813,119,30
wurden. 536,1812,114,24
<EOS>
Die 86,1852,49,24
Bügel 145,1852,79,30
ermöglichen 234,1851,178,31
die 422,1850,43,25
Fixation 474,1849,121,25
mit 605,1849,47,24
einem 84,1890,86,23
Dachabstand 191,1889,185,24
von 395,1896,50,16
18 468,1887,26,24
cm, 514,1895,48,20
ohne 582,1887,69,24
die 85,1927,40,25
Dachhaut 136,1927,140,25
zu 286,1935,31,16
durchdringen. 328,1925,203,30
<EOS>
Die 543,1924,49,24
Ka¬ 603,1925,49,23
bel 85,1965,42,24
liegen 142,1964,84,32
in 241,1964,27,24
wetterfesten 283,1963,175,25
glasfaserver¬ 472,1963,180,30
stärkten 86,2002,116,24
Kunststoffkanälen. 211,2001,274,25
<EOS>
Als 86,2051,45,24
Wechselrichter 150,2051,217,24
kam 385,2050,62,24
der 465,2050,46,23
neu 529,2057,52,16
ent¬ 599,2053,55,20
wickelte 86,2089,116,23
Solcon 218,2089,93,23
zum 327,2096,61,16
Einsatz. 405,2087,110,25
<EOS>
Die 533,2086,49,25
drei 597,2086,54,24
DC/AC-Wandler 90,2123,248,24
arbeiten 365,2123,116,23
mit 510,2122,46,24
einer 583,2121,72,24
Eingangsspannung 89,2161,271,30
von 389,2168,53,16
100 476,2160,44,24
V 550,2160,22,23
und 601,2159,53,25
einem 89,2198,86,25
für 186,2198,43,24
einen 238,2198,76,24
weiten 325,2197,93,25
Lastbereich 430,2197,164,25
gül¬ 604,2197,52,31
tigen 89,2235,69,32
Wirkungsgrad 168,2235,204,31
von 382,2243,51,16
90 443,2235,31,24
bis 484,2234,38,25
95%. 532,2235,63,24
<EOS>
Die 607,2234,48,25
Einschaltschwelle 90,2272,254,25
des 355,2273,44,24
Wandlers 410,2273,135,23
beträgt 557,2272,98,31
lediglich 89,2311,121,30
50 224,2311,30,23
W, 266,2311,37,27
die 318,2310,40,24
Leistung 372,2310,122,29
3 506,2311,12,22
kW. 533,2311,55,22
<EOS>
Der 603,2311,52,22
solar 88,2348,69,24
erzeugte 168,2352,118,26
Strom 298,2348,86,24
fliesst 395,2347,82,25
in 489,2346,26,25
drei 527,2347,54,25
Pha¬ 594,2348,62,23
sen 89,2394,45,16
und 152,2385,54,25
mit 224,2384,47,25
einer 289,2384,72,25
Spannung 378,2385,144,31
von 539,2393,51,16
220 609,2385,47,24
bzw. 90,2424,62,23
<EOS>
380 163,2423,48,24
V 221,2423,20,23
sowie 251,2422,77,25
einer 338,2422,72,25
Frequenz 421,2423,133,30
von 564,2430,51,16
50 626,2422,30,25
Hz 90,2462,39,23
ins 139,2460,39,25
Netz 188,2461,65,23
der 262,2460,45,24
EK.Z. 318,2461,72,22
<EOS>
<EOP>
¦ 705,199,21,19
Generatoren 743,198,163,21
Feld 1045,195,52,23
oben 1104,196,59,22
Feld 1312,195,55,22
Mitte 1373,196,68,21
Feld 1582,195,54,22
unten 1643,199,69,17
Technologie 704,230,156,28
monokristallin 1045,229,182,22
polykristallin 1311,229,168,28
amorph 1582,227,95,29
(Dünnfilm) 1687,228,142,28
Wirkungsgrad 704,276,182,27
14,5% 1045,275,70,25
12% 1315,274,47,21
6% 1580,274,36,21
Bruttofläche 704,310,159,22
28,37 1041,308,65,26
m2 1116,309,32,20
26,84 1311,308,66,26
m2 1385,308,32,21
28,04 1580,307,66,27
m2 1654,308,33,21
Anzahl 704,344,93,22
Module 805,343,98,22
66 1041,343,27,21
54 1311,342,28,21
54 1581,342,28,21
Nennleistung 704,378,171,26
3,5 1041,377,34,25
kW 1085,377,44,20
2,6 1311,376,35,25
kW 1356,376,42,21
1,6 1583,376,32,25
kW 1625,376,43,20
(max. 705,411,70,27
<EOS>
Leistung) 786,411,117,28
Anstellwinkel 705,445,178,22
13 1046,445,22,21
Grad 1079,444,65,22
13 1316,444,23,21
Grad 1349,444,63,21
13 1584,444,24,20
Grad 1618,443,64,22
Ausrichtung 704,479,160,27
30 1041,478,28,22
Grad 1079,478,64,22
SW 1151,478,44,22
30 1311,478,28,21
Grad 1348,478,64,21
SW 1421,478,43,21
30 1581,477,28,21
Grad 1617,477,65,21
SW 1690,477,43,21
Hersteller 705,524,126,22
Siemens 1041,523,105,22
AEG 1311,522,66,22
Arco 1581,522,61,22
Solar 1650,522,65,22
¦ 705,583,20,19
Inverter 744,582,103,20
Typ 704,616,48,26
Solcon 1042,613,84,22
Technologie 704,648,157,27
Hochfrequenz-Inverter 1043,647,296,27
Wirkungsgrad 704,682,182,27
90 1041,681,29,21
bis 1078,680,34,22
95%, 1120,681,57,24
je 1184,681,23,26
nach 1217,681,60,20
Last 1285,681,52,20
Hersteller 705,715,126,22
Hardmeier 1042,714,139,21
Electronics, 1190,714,147,24
Winterthur 1346,713,145,21
¦ 706,772,19,20
Anlage 743,771,89,27
Jahresertrag 704,805,156,26
ins 870,804,33,22
Netz 912,804,58,22
7 1073,804,12,20
000 1094,803,42,22
kWh 1145,803,60,22
Investitionskosten 705,838,233,21
260 1043,837,42,22
000 1094,837,42,22
Fr. 1146,837,33,22
<EOS>
Spezifische 704,872,143,27
Investitionskosten 705,906,233,21
34 1108,905,28,21
Fr./Wp 1146,905,94,26
<EOS>
Tabelle 687,974,96,25
1. 796,975,16,24
<EOS>
Anlage 848,973,99,32
Unterwerk 958,973,143,25
Aathal 1107,973,96,25
der 1209,973,47,25
EKZ. 1262,974,60,23
<EOS>
Technische 1335,972,145,25
Daten 1488,974,83,23
<EOS>
<EOP>
bei 699,1096,41,23
Zürich 750,1096,98,23
(vgl. 858,1095,60,30
<EOS>
Bilder 930,1095,87,23
3 1028,1095,12,23
und 1052,1095,55,23
4). 1116,1095,34,29
<EOS>
Es 1162,1095,32,23
han¬ 1205,1095,62,23
delt 699,1133,53,24
sich 761,1132,55,25
zwar 826,1140,68,16
nur 903,1140,50,16
um 963,1140,45,16
ein 1019,1132,42,24
kleines 1072,1131,99,25
Kraft¬ 1182,1131,85,24
werk, 699,1170,78,28
trotzdem: 796,1170,138,24
Die 952,1169,50,25
105 1023,1169,43,24
Solarmodule 1085,1169,182,24
mit 700,1207,48,24
einer 768,1207,72,24
gesamten 859,1212,133,26
Leistung 1013,1207,123,30
von 1156,1214,52,16
5,8 1229,1206,38,28
kW 700,1245,49,23
sind 766,1245,60,24
tatsächlich 842,1244,155,24
Teil 1013,1244,55,24
der 1086,1244,45,24
Fassade. 1150,1244,117,23
<EOS>
Gegenüber 700,1282,159,30
konventionellen 884,1280,234,25
Solarzel¬ 1144,1279,123,25
lenanlagen 700,1320,155,30
weist 867,1318,71,25
die 950,1318,41,25
integrierte 1003,1317,148,32
Lösung 1163,1318,104,30
eine 700,1357,58,24
ganze 767,1364,81,24
Anzahl 857,1356,105,24
von 970,1363,53,17
Vorteilen 1031,1355,134,24
auf. 1175,1355,52,24
<EOS>
In 1238,1356,29,22
der 701,1394,45,24
Regel 765,1394,80,31
sind 864,1394,58,24
der 941,1394,45,23
Landbedarf 1005,1393,168,24
sowie 1190,1392,77,24
der 701,1432,45,23
Aufwand 761,1432,132,23
für 909,1432,43,23
Haltekonstruktionen 967,1430,301,25
und 700,1469,55,24
Montage 769,1470,124,29
geringer. 906,1468,126,31
<EOS>
Bei 1047,1468,45,24
vielen 1105,1467,86,25
Bau¬ 1205,1468,63,23
ten 700,1511,43,20
ist 761,1506,31,25
auch 808,1506,67,25
eine 892,1506,57,24
bessere 966,1506,101,24
architektoni¬ 1084,1505,184,24
<EOS>
<EOP>
sche 1310,1093,60,25
Gestaltung 1384,1092,157,32
möglich. 1554,1092,122,32
<EOS>
Als 1692,1092,46,24
besonde¬ 1752,1092,124,24
rer 1311,1139,39,16
energetischer 1359,1130,190,32
Vorteil 1558,1129,99,25
erweist 1666,1129,100,24
sich 1775,1129,55,24
so¬ 1839,1137,37,16
dann 1310,1168,71,25
die 1410,1168,40,24
grosse 1478,1175,87,24
Materialeinsparung 1594,1167,284,30
durch 1311,1206,83,24
den 1405,1206,50,23
Wegfall 1466,1205,110,31
der 1588,1205,44,24
erwähnten 1643,1205,153,24
Stän¬ 1807,1205,71,24
der: 1311,1244,55,23
Die 1376,1243,49,24
energetische 1435,1242,177,31
Amortisationszeit 1621,1241,256,25
der 1311,1281,45,24
gesamten 1364,1284,134,27
Solaranlage 1507,1280,166,31
wird 1682,1279,64,24
verkürzt 1755,1279,122,24
und 1311,1318,53,25
dadurch 1374,1318,117,24
der 1500,1317,45,25
Erntefaktor 1554,1317,167,24
besser. 1730,1317,94,24
<EOS>
Dass 1308,1356,66,22
die 1385,1354,42,24
Solarzellen 1438,1353,158,25
bei 1607,1352,41,25
der 1659,1353,45,24
Integration 1715,1351,160,32
in 1310,1392,27,24
die 1352,1392,42,24
Fassade 1410,1391,109,25
nicht 1535,1390,73,25
optimal 1623,1389,109,32
nach 1748,1389,68,24
der 1830,1389,46,24
Sonne 1310,1430,86,24
ausgerichtet 1420,1428,172,30
sind, 1615,1427,65,29
ist 1705,1427,30,24
naturge- 1759,1431,117,26
mäss 1309,1469,69,22
als 1389,1466,36,25
Nachteil 1436,1466,122,24
zu 1567,1473,32,16
werten, 1610,1469,105,24
der 1727,1465,45,23
sich 1783,1464,54,24
in 1849,1464,26,24
einem 1309,1505,87,24
kleineren 1413,1504,136,24
Energieertrag 1565,1502,195,31
nieder- 1777,1501,99,25
<EOS>
<EOP>
Glattbrugg 89,2587,183,33
«Die 89,2668,68,24
Fassade 187,2668,108,24
als 323,2668,36,24
Kraftwerk» 389,2667,165,25
über¬ 583,2667,73,24
schrieb 88,2706,102,25
eine 202,2705,58,25
Fachzeitschrift 274,2704,215,25
ihren 503,2704,73,24
Arti¬ 589,2704,67,25
kel 89,2744,39,23
über 143,2743,64,24
das 218,2743,44,24
Pilotprojekt 277,2742,170,31
in 461,2742,25,23
Glattbrugg 500,2742,157,30
<EOS>
<EOP>
Glossar 728,1639,111,24
G 728,1706,20,20
Amorph. 769,1703,107,28
<EOS>
Dünnschichtzeilen: 887,1702,239,23
Dünnschichtzellen 729,1753,240,22
kommen 980,1753,111,20
im 1102,1751,32,21
Vergleich 1144,1750,120,28
zu 729,1794,28,14
den 770,1787,44,21
kristallinen 827,1786,145,22
Zellen 985,1786,79,21
aufgrund 1076,1785,116,27
ihres 1205,1784,61,21
höheren 731,1821,102,21
Absorptionskoeffizienten 866,1819,326,28
mit 1226,1817,40,21
wesentlich 729,1854,133,22
geringeren 872,1853,137,27
Dicken 1020,1853,92,21
aus. 1122,1859,46,15
<EOS>
Sie 1181,1852,37,21
lie¬ 1229,1851,38,22
gen 728,1896,43,20
im 785,1888,30,21
Bereich 829,1887,95,22
von 936,1894,45,14
Mikrometern. 995,1886,177,22
<EOS>
Damit 1185,1885,80,22
ist 730,1922,27,22
eine 771,1922,51,21
enorme 837,1928,96,15
Einsparung 948,1921,146,27
des 1108,1920,38,21
hochrei¬ 1162,1919,105,22
nen 731,1963,44,15
Ausgangsmaterials 796,1954,239,29
verbunden. 1056,1953,142,22
<EOS>
Am 1221,1953,45,21
häufigsten 732,1990,131,27
wird 879,1989,55,21
für 952,1989,36,21
die 1003,1988,37,21
Herstellung 1057,1987,149,27
von 1221,1994,46,14
Dünnschichtzellen 732,2023,238,22
amorphes 1004,2022,125,26
Silizium 1162,2020,105,22
verwendet. 731,2057,137,22
<EOS>
Bei 889,2056,39,22
diesem 947,2056,88,22
Material 1055,2055,108,22
weisen 1183,2054,84,22
die 731,2091,35,22
Atombausteine 781,2090,194,22
im 990,2090,30,21
Gegensatz 1036,2090,131,25
zu 1181,2096,28,14
kri¬ 1224,2088,43,21
stallinem 731,2125,116,22
Silizium 875,2124,106,21
keine 1011,2123,67,22
regelmässige 1107,2122,160,28
Struktur 731,2159,107,22
auf. 848,2157,47,22
<EOS>
Wirkungsgrad 905,2157,182,27
6%. 1097,2156,42,22
<EOS>
im 1151,2156,31,21
Labor 1194,2156,74,21
über 733,2194,55,20
10%. 800,2193,53,21
<EOS>
D 732,2262,20,20
Monokristallin 774,2259,185,23
Die 733,2309,43,22
heute 787,2309,68,21
am 865,2315,38,15
weitesten 914,2308,116,21
entwickelte 1041,2306,144,22
Solar¬ 1196,2306,73,21
zelle 732,2344,56,21
ist 801,2343,26,21
die 838,2342,37,22
«klassische» 887,2341,157,22
Siliziumsolarzel¬ 1056,2339,213,23
le 734,2377,20,22
aus 768,2383,40,16
einkristallinem 822,2375,194,23
Material. 1032,2374,114,22
<EOS>
Ihr 1163,2374,38,21
Wir¬ 1213,2373,57,21
kungsgrad 735,2410,128,28
liegt 876,2409,52,28
zwischen 940,2409,113,21
12 1068,2408,24,21
und 1104,2409,47,20
14%. 1166,2408,53,23
<EOS>
La¬ 1231,2408,40,20
borzellen 734,2444,117,21
haben 860,2443,76,22
Wirkungsgrade 944,2442,196,28
von 1149,2449,46,14
mehr 1205,2441,66,21
als 733,2478,32,21
20%. 776,2478,56,21
<EOS>
Die 845,2477,43,22
Zellenstärke 899,2477,158,22
beträgt 1068,2476,87,27
etwa 1167,2479,56,18
0.2 1234,2475,35,22
<EOS>
bis 733,2511,34,22
0.3 784,2511,34,23
<EOS>
mm. 837,2518,55,14
<EOS>
Der 911,2511,47,21
Herstellungprozess 975,2510,243,27
be¬ 1235,2509,35,21
ginnt 733,2546,65,26
mit 813,2545,40,21
der 867,2545,40,21
Produktion 921,2543,142,22
von 1078,2550,45,15
Solarsilizi¬ 1136,2543,135,22
um 735,2586,39,15
aus 788,2586,40,14
Quarzit 843,2578,96,27
oder 953,2578,56,21
Quarzsand. 1024,2577,143,27
<EOS>
Einkri¬ 1184,2576,88,22
stalle 735,2613,63,21
werden 811,2613,91,21
üblicherweise 917,2611,173,22
als 1102,2611,32,21
Stäbe 1146,2611,67,21
von 1226,2617,44,14
einem 734,2647,77,21
Durchmesser 826,2646,169,21
von 1008,2652,45,14
etwa 1068,2648,57,18
10 1143,2644,24,21
cm 1180,2651,36,14
aus 1231,2651,41,14
einer 734,2681,64,21
Siliziumschmelze 806,2679,224,23
gezogen. 1038,2685,108,21
<EOS>
Schmelz¬ 1157,2678,115,22
punkt 735,2714,72,28
von 818,2721,43,14
Silizium: 871,2713,115,21
1415 997,2713,53,21
°C. 1060,2712,37,23
<EOS>
<EOP>
D 1313,1638,20,21
Polykristallin 1353,1635,167,29
Eine 1311,1678,57,21
Alternative 1378,1677,144,22
zum 1532,1683,55,15
Einkristall-Ziehver¬ 1598,1675,250,23
fahren 1312,1712,83,21
(monokristalline 1408,1710,213,27
Zellen) 1633,1709,91,27
stellt 1737,1709,59,21
das 1808,1708,40,22
Giessen 1312,1746,99,21
von 1425,1752,47,14
flüssigen 1486,1744,110,27
Silizium 1610,1742,105,23
mit 1731,1742,41,22
einer 1786,1742,63,22
Temperatur 1311,1780,153,26
von 1475,1785,46,14
1500 1533,1778,55,21
°C 1597,1777,31,22
in 1638,1777,24,21
einem 1674,1777,77,21
geheiz¬ 1761,1775,89,28
ten 1313,1817,39,18
Graphittiegel 1363,1812,170,28
dar. 1544,1812,47,21
<EOS>
Der 1604,1812,47,21
Boden 1663,1811,79,21
des 1753,1810,39,21
Tie¬ 1802,1809,49,21
gels 1312,1847,48,27
wird 1370,1847,57,21
mit 1438,1846,41,21
Hilfe 1489,1846,65,21
einer 1565,1846,64,21
wassergekühlten 1638,1843,212,28
Kupferplatte 1314,1880,162,28
auf 1500,1880,40,21
nur 1563,1886,43,15
800 1630,1879,41,21
"C 1681,1879,30,21
gehalten. 1734,1877,114,28
<EOS>
Aufgund 1313,1914,113,27
dieses 1446,1913,73,22
starken 1538,1913,92,22
Temperaturgra¬ 1649,1913,202,26
dienten 1314,1948,94,21
erstarrt 1417,1952,93,17
das 1518,1948,39,21
Silizium 1566,1946,104,23
zu 1680,1953,28,14
einer 1717,1945,64,22
poly¬ 1790,1945,61,27
kristallinen 1316,1982,145,21
Schicht. 1478,1980,99,22
<EOS>
Dies 1597,1980,54,21
bedeutet, 1668,1979,114,25
dass 1799,1979,52,21
die 1315,2016,36,22
Korngrenzen 1361,2016,168,26
im 1540,2014,31,21
wesentlichen 1581,2013,164,22
in 1755,2013,23,21
einer 1788,2013,64,21
Richtung 1315,2050,118,26
verlaufen, 1449,2048,127,25
bei 1596,2047,36,21
entsprechenden 1650,2046,201,27
Sägeprozess 1315,2084,149,27
senkrecht 1489,2081,122,23
zur 1637,2087,40,15
Oberfläche. 1703,2080,146,21
<EOS>
Wirkungsgrade 1314,2116,196,28
um 1518,2123,40,14
12%. 1571,2115,51,21
<EOS>
D 1316,2172,20,19
Wechselrichter 1360,2168,183,22
Gerät 1317,2211,72,22
zur 1398,2217,40,15
Umrichtung 1447,2210,156,26
des 1611,2209,39,21
Stromes, 1659,2209,107,21
im 1777,2207,31,21
be¬ 1817,2207,36,21
sprochenen 1315,2245,146,27
Fall 1475,2244,48,21
wird 1536,2243,56,21
der 1604,2243,41,21
Gleichstrom 1657,2242,159,21
in 1830,2240,23,22
Wechselstrom 1316,2278,178,22
umgerichtet. 1504,2277,159,27
<EOS>
D 1317,2333,19,20
Erntefaktor 1358,2330,148,28
Der 1318,2373,47,21
Erntefaktor 1373,2371,149,23
eines 1530,2371,63,21
Gerätes 1601,2370,98,22
oder 1708,2370,55,21
Aggre¬ 1770,2369,84,27
gates 1317,2410,61,24
ist 1394,2406,27,21
das 1436,2406,40,21
Verhältnis 1490,2404,132,23
zwischen 1637,2404,115,21
der 1767,2404,41,20
in¬ 1823,2403,31,21
nerhalb 1317,2440,99,21
der 1440,2439,41,21
Lebensdauer 1507,2438,162,22
gewonnenen 1693,2443,161,22
Energie 1318,2473,96,28
und 1424,2473,46,21
der 1480,2473,40,21
für 1530,2472,35,21
die 1575,2471,35,22
Herstellung 1621,2471,149,27
aufge¬ 1778,2471,77,27
wendeten 1317,2508,121,21
Energie. 1477,2506,101,27
<EOS>
Die 1617,2505,43,21
energetische 1697,2504,157,28
Amortisationszeit 1318,2540,225,23
liefert 1571,2539,72,22
eine 1669,2538,51,22
ähnliche 1746,2538,108,21
Angabe: 1319,2576,105,27
Die 1437,2575,42,20
Zeitdauer, 1492,2574,129,21
in 1636,2573,20,20
der 1670,2573,39,21
die 1721,2572,37,21
für 1771,2572,37,21
die 1819,2571,37,22
Produktion 1320,2609,142,22
und 1482,2608,46,21
Montage 1549,2608,110,26
eines 1677,2607,63,21
Gerätes 1759,2606,97,21
benötigte 1318,2642,118,28
Energie, 1448,2641,102,28
auch 1563,2641,59,22
als 1634,2641,33,21
graue 1677,2647,71,21
Energie 1759,2639,97,28
bezeichnet, 1319,2676,142,22
durch 1476,2675,72,22
den 1562,2675,45,22
Betrieb 1622,2674,91,22
gewonnen 1726,2680,128,22
werden 1318,2711,92,21
kann. 1421,2710,67,21
<EOS>
<EOP>
651 1842,2804,42,24
<EOS>
<EOP>
