1960,2865
Wettbewerbe 48,85,186,26
Schweizer 1109,84,139,25
Ingenieur 1256,85,129,31
und 1393,83,51,26
Architekt 1449,83,127,25
Nr. 1585,85,41,23
<EOS>
23,7. 1636,85,70,28
<EOS>
Juni 1715,85,57,23
1990 1782,85,59,23
<EOS>
<EOP>
Wettbewerbe 64,186,304,36
Oberstufenschulhaus, 40,279,322,26
Turnhalle 370,278,138,23
mit 517,279,47,21
Gemeindesaal, 40,312,222,27
Bühler 272,312,95,23
AR 373,313,41,21
Die 41,362,43,22
Gemeinde 103,362,132,22
Bühler 254,362,85,22
veranstaltete 357,362,162,22
einen 538,362,68,21
öffentlichen 40,396,155,22
Projektwettbewerb 207,396,241,27
zur 461,403,40,14
Verbes¬ 512,396,95,21
serung 39,438,84,20
der 134,431,40,21
Infrastruktur 186,430,168,21
der 365,430,41,21
Mehrzweckan¬ 417,429,189,22
lage 40,465,49,27
Herrmoos 102,465,129,21
und 245,464,48,22
zur 306,471,41,14
Planung 362,464,105,27
von 480,470,46,14
Sport 539,463,67,27
und 40,498,48,22
Zivilschutzanlage 109,498,225,27
sowie 356,497,69,22
der 448,498,39,21
Militär¬ 510,497,96,21
unterkunft. 40,532,145,22
<EOS>
Teilnahmeberechtigt 196,531,267,28
waren 474,538,77,15
alle 563,531,43,21
Architekten, 40,565,159,26
die 213,566,37,21
seit 263,566,41,21
mindestens 318,566,143,21
dem 474,566,53,20
1. 544,566,16,20
<EOS>
Ja¬ 573,566,34,20
nuar 41,607,57,14
1989 116,600,54,21
ihren 186,599,66,22
Wohn- 267,599,86,22
oder 368,599,56,22
Geschäftssitz 439,599,167,22
im 41,633,30,22
Kanton 85,634,94,20
Appenzell 191,633,129,27
Ausserrhoden 333,633,177,21
haben. 522,633,83,21
<EOS>
Zusätzlich 41,666,130,23
waren 180,674,77,15
sechs 266,668,64,21
Architekten 340,666,153,22
zur 501,674,41,14
Teil¬ 549,666,59,21
nahme 40,702,85,21
eingeladen. 140,701,143,27
<EOS>
Drei 301,701,55,21
Entwürfe 370,701,118,20
mussten 503,704,102,18
wegen 40,742,79,20
schwerwiegender 126,734,220,27
Verletzung 353,735,140,26
von 500,741,46,14
Pro¬ 555,735,51,19
grammbestimmungen 40,768,280,27
von 345,775,46,14
der 416,769,40,19
Preisertei¬ 479,767,128,21
lung 41,803,55,26
ausgeschlossen 103,802,189,27
werden. 301,802,99,20
<EOS>
Ergebnis 410,801,110,27
: 526,808,3,14
1. 45,848,16,20
<EOS>
Rang, 80,848,72,24
1. 172,847,17,20
<EOS>
Preis 207,847,59,20
(9000 281,846,69,27
Fr. 365,847,31,20
<EOS>
mit 415,848,40,19
Antrag 470,847,86,26
zur 571,852,40,15
Weilerbearbeitung): 47,880,248,27
Peter 308,881,65,20
& 387,880,20,21
Jörg 422,881,52,26
Quarella, 489,880,117,27
St. 40,914,29,22
<EOS>
Gallen; 80,914,95,25
Mitarbeiter: 184,914,154,21
Milan 346,913,76,22
Augustin 430,913,116,27
2. 42,959,20,21
<EOS>
Rang, 80,960,72,26
1. 171,959,17,21
<EOS>
Ankauf 206,958,99,28
(6500 317,958,68,28
Fr.): 400,958,53,27
<EOS>
Hubert 467,958,89,21
Bi¬ 573,957,33,21
schoff, 40,993,83,25
Zeig/Wolfhalden; 138,992,230,27
Mitarbeiter: 382,991,155,22
Paul 550,991,55,21
Meier, 41,1026,81,25
Christian 137,1025,119,22
Bischoff, 270,1025,112,25
Ivo 398,1025,40,21
Walt, 450,1025,67,25
Karin 533,1024,73,22
Hasler, 41,1061,89,24
Olaf 140,1060,56,21
Hitz, 203,1059,60,26
Angelo 273,1059,90,27
Clerici 373,1058,83,22
<EOS>
<EOP>
2. 160,1105,19,21
<EOS>
Preis 192,1105,59,21
(5500 261,1104,68,27
Fr.): 340,1104,52,27
<EOS>
Alex 400,1104,59,21
Buob, 472,1104,70,25
Hei- 555,1103,53,21
3. 43,1105,20,21
<EOS>
Ran 75,1106,49,20
den 41,1139,45,22
4. 43,1184,20,21
<EOS>
Rang, 85,1184,71,27
3. 178,1184,18,21
<EOS>
Preis 218,1184,58,21
(4000 295,1183,67,26
Fr.): 382,1183,52,25
<EOS>
H. 452,1183,27,20
<EOS>
Brocker, 500,1183,106,24
Zelg/Wolfhalden; 41,1218,231,27
Mitarbeiterin: 295,1216,180,22
Cornelia 498,1216,110,22
Boscardin 41,1251,126,22
5. 42,1297,21,21
<EOS>
Rang, 73,1297,73,25
4. 157,1296,19,21
<EOS>
Preis 187,1296,59,21
(3500 253,1295,70,27
Fr.): 330,1295,54,27
<EOS>
E. 389,1296,24,21
<EOS>
Vadas, 422,1295,82,25
St. 513,1295,30,22
<EOS>
Gal¬ 553,1295,54,22
len; 42,1330,48,26
Mitarbeiter: 100,1329,153,22
K. 263,1330,27,20
<EOS>
Looser, 303,1330,91,25
D. 407,1330,27,20
<EOS>
Osterwalder, 446,1328,161,25
M. 42,1365,33,20
<EOS>
van 84,1371,45,14
der 137,1364,40,21
Broek, 185,1364,82,25
S. 276,1364,19,20
<EOS>
Tisato 305,1362,77,22
2. 44,1409,19,21
<EOS>
Ankauf 78,1408,100,28
(3500 187,1408,69,27
Fr.): 268,1409,53,25
<EOS>
Cornelia 333,1408,109,21
+ 447,1411,16,16
Benno 469,1408,80,20
Bis¬ 563,1407,46,21
segger, 42,1449,83,21
St. 143,1443,29,20
<EOS>
Gallen; 190,1442,94,24
künstlerische 301,1441,168,22
Beratung: 486,1442,123,26
Urs 44,1477,42,21
Burger 97,1477,84,27
Fachpreisrichter 42,1521,211,28
waren 267,1527,75,15
Markus 357,1521,97,21
Bollhalder, 469,1520,138,24
Herisau, 42,1554,105,26
Heiner 159,1554,88,22
C. 257,1554,25,22
<EOS>
Forrer, 293,1555,88,24
St. 392,1554,30,22
<EOS>
Gallen, 433,1554,92,25
Gian¬ 537,1554,72,21
piero 41,1588,65,28
Melchiori, 117,1588,132,25
St. 261,1588,29,22
<EOS>
Gallen, 303,1588,92,25
Otto 408,1588,55,21
Hugentob- 475,1588,135,27
ler, 43,1623,38,25
Kantonsbaumeister, 94,1621,255,25
St. 362,1622,29,21
<EOS>
Gallen, 404,1621,92,26
Thomas 507,1621,102,22
Reich, 44,1656,78,25
Hochbauamt, 132,1656,171,24
Herisau, 314,1655,105,24
Ersatz. 430,1655,83,21
<EOS>
<EOP>
Zentrumsüberbauung 47,1760,325,29
in 382,1762,24,21
Buchs 416,1760,81,23
SG 506,1761,38,22
Der 48,1812,47,20
Gemeinderat 104,1810,167,22
von 280,1818,46,13
Buchs 337,1811,74,21
SG 420,1810,36,22
veranstalte¬ 467,1811,147,21
te 47,1849,20,17
unter 91,1848,67,18
neun 183,1852,60,14
eingeladenen 268,1844,167,28
Architekten 461,1844,151,21
einen 47,1878,68,22
Ideenwettbewerb 130,1879,219,21
für 364,1879,37,20
die 415,1878,37,21
städtebauli¬ 467,1878,147,22
che 47,1913,41,21
Neuordnung 101,1913,161,27
des 274,1913,39,21
Zentrumsbereichs 325,1912,230,22
von 567,1919,46,15
Buchs. 48,1946,81,22
<EOS>
Es 141,1946,27,22
wurden 178,1946,94,22
alle 282,1946,43,22
Projekte 337,1946,105,28
beurteilt. 452,1946,114,22
<EOS>
Er¬ 577,1946,38,21
gebnis: 47,1980,88,27
1. 51,2025,17,21
<EOS>
Preis 84,2026,58,20
(24 154,2025,37,26
000 200,2025,43,21
Fr.): 256,2026,52,24
<EOS>
Bruno 319,2026,77,20
Clerici, 411,2024,90,25
St. 516,2025,28,21
<EOS>
Gal¬ 560,2025,54,21
len; 47,2059,47,25
Mitarbeiter: 111,2059,154,22
N. 282,2060,27,20
<EOS>
Zwicker, 328,2059,110,25
O. 456,2059,27,21
<EOS>
Fischlin; 503,2059,111,25
Siedlungsplaner: 47,2093,212,27
B. 268,2094,22,20
<EOS>
Müller 301,2093,86,21
2. 48,2138,19,21
<EOS>
Preis 92,2139,59,21
(12 173,2138,37,26
000 218,2138,44,22
Fr.): 285,2139,52,25
<EOS>
Architektengemein¬ 357,2138,256,28
schaft 47,2173,73,21
Thoma, 129,2173,97,24
Niggli 238,2172,74,28
& 323,2173,21,21
Zbinden, 354,2172,113,25
St. 478,2173,29,21
<EOS>
Gallen 518,2173,86,21
; 610,2179,4,18
Mitarbeiter: 48,2206,153,21
M. 210,2206,31,21
<EOS>
Schmid 251,2206,94,22
3. 49,2250,19,22
<EOS>
Preis 91,2251,59,21
(10 170,2250,38,27
000 216,2250,43,22
Fr.): 280,2251,52,24
<EOS>
Beai 353,2251,55,21
Consoni, 430,2250,108,24
Ror¬ 563,2251,53,21
schach; 47,2283,94,24
Mitarbeiter: 164,2283,152,22
Dani 340,2285,60,20
Manch, 423,2283,92,25
Ralph 542,2283,73,28
Büsser 49,2317,81,21
4. 48,2362,19,21
<EOS>
Preis 83,2363,58,20
(9000 153,2362,68,26
Fr.: 234,2363,42,21
<EOS>
Binotto 288,2362,91,21
+ 385,2366,15,17
Gähler, 407,2363,95,23
St. 516,2363,29,20
<EOS>
Gal¬ 560,2363,54,20
len; 47,2396,45,25
Mitarbeiter: 102,2396,153,21
R. 264,2397,26,20
<EOS>
Gehrig, 300,2396,95,27
K 406,2397,27,20
Dietrich 444,2396,102,21
5. 47,2443,20,20
<EOS>
Preis 83,2443,59,20
(6000 154,2442,70,26
Fr.): 236,2443,54,24
<EOS>
Karl 301,2442,55,21
Dudler, 373,2442,94,23
Staad 482,2441,67,21
SG; 563,2441,50,24
Mitarbeiter: 47,2476,153,21
Astrid 214,2476,78,21
Berndt, 308,2476,92,24
Klaus 417,2475,71,21
Hannap- 504,2476,109,25
pel, 46,2510,43,27
Frank 100,2510,74,20
Hillesheim, 185,2509,144,25
Frank 340,2509,76,22
Rudolph 427,2509,107,27
6. 48,2554,19,22
<EOS>
Preis 86,2555,57,21
(5000 157,2554,68,27
Fr.): 240,2554,53,25
<EOS>
Von 306,2554,50,22
Euw 374,2554,53,22
Hauser 444,2554,89,22
Peter 549,2554,64,21
und 47,2588,46,21
Prim, 108,2587,67,26
St. 189,2588,29,21
<EOS>
Gallen; 232,2588,96,25
Mitarbeiter: 341,2587,153,22
A. 508,2588,26,21
<EOS>
Bold, 549,2587,63,24
Z. 46,2623,23,19
<EOS>
Raljevic, 80,2621,111,28
A. 200,2622,27,21
<EOS>
Bauer 237,2623,73,20
Das 47,2668,46,20
Preisgericht 108,2667,150,27
empfahl 271,2667,105,27
dem 389,2667,54,21
Veranstalter 457,2666,157,22
einstimmig, 45,2701,149,28
das 218,2702,39,20
erstrangierte 280,2700,161,28
Projekt 466,2700,91,27
als 580,2700,32,21
Grundlage 47,2736,135,26
zu 193,2742,27,14
nehmen 234,2735,100,21
und 347,2735,45,21
dessen 404,2735,80,21
Verfasser 496,2734,118,21
<EOS>
<EOP>
mit 654,279,40,22
der 710,279,40,22
Weiterbearbeitung 765,278,239,27
des 1019,278,38,21
städtebauli¬ 1074,276,146,23
chen 654,314,58,20
Konzeptes 724,313,131,27
zu 867,319,28,15
betrauen. 906,312,118,22
<EOS>
Fachpreisrich¬ 1037,310,184,28
ter 653,351,34,17
waren 697,353,77,15
Franz 785,347,74,20
Eberhard, 870,345,125,26
Stadtbaumeister, 1007,344,212,24
St. 654,381,28,21
<EOS>
Gallen, 696,380,92,25
David 802,379,75,22
Eggenberger, 890,379,164,27
Buchs, 1067,378,82,25
Kurt 1161,378,59,21
Huber, 654,414,86,25
Frauenfeld, 766,413,146,26
Walter 936,412,88,22
Nigg, 1046,411,66,28
Buchs, 1137,411,81,25
Robert 654,448,86,21
Obrist, 752,447,85,25
St. 848,447,31,21
<EOS>
Moritz. 892,446,91,22
<EOS>
Jeder 995,446,67,21
Teilnehmer 1071,445,149,22
erhielt 654,480,83,23
eine 754,481,50,21
feste 822,481,57,21
Entschädigung 896,480,188,27
von 1101,486,45,15
6000 1164,479,57,21
Fr. 655,516,34,21
<EOS>
Überbauung 656,574,183,32
Hauptstrasse-Brohe- 850,576,308,29
gasse 655,619,82,22
in 747,612,23,21
Bettingen 781,612,139,28
BL 930,611,32,22
Die 656,662,43,21
Gemeinde 710,661,132,22
Bettingen 852,660,121,28
veranstaltete 984,660,161,22
unter 1155,664,68,17
sechs 654,696,65,21
eingeladenen 727,695,169,28
Architekten 904,694,153,21
einen 1065,693,70,22
Ideen¬ 1144,693,78,22
wettbewerb 655,729,146,22
für 818,729,36,21
planerische, 870,728,153,28
städtebauliche 1039,726,183,23
und 656,764,48,21
architektonische 719,762,210,23
Ideen 946,763,69,20
für 1032,762,36,21
eine 1084,761,51,21
Über- 1152,757,71,25
bauung 655,798,94,27
im 763,797,31,21
Gebiet 808,796,84,22
untere 905,800,81,17
Hauptstrasse 1001,796,161,26
und 1174,795,49,21
Brohegasse. 656,831,147,27
<EOS>
<EOP>
m 841,970,64,38
<EOS>
<EOP>
„— 1173,1035,34,12
<EOS>
<EOP>
¦;ìjJr 1156,1102,66,30
<EOS>
<EOP>
1 1190,1204,34,59
L 658,1319,17,20
Preis 691,1318,58,21
(9000 762,1317,69,28
Fr.): 843,1317,53,26
<EOS>
Rolf 908,1317,55,21
Brüderlin, 976,1315,129,25
Riehen; 1120,1315,101,23
Mitarbeiter: 654,1351,155,22
R. 816,1352,26,20
<EOS>
Steiger, 852,1350,92,28
J. 953,1350,17,22
<EOS>
Dietrich, 980,1349,112,25
A. 1102,1349,27,21
<EOS>
Callie- 1139,1348,82,22
rotti; 654,1385,63,26
Grünplanung: 764,1385,183,27
Paul 993,1383,54,22
Schönhol- 1094,1383,127,22
zer+Partner, 654,1420,165,24
Riehen 830,1418,89,22
2. 656,1465,20,21
<EOS>
Preis 687,1466,58,20
(8000 753,1464,68,27
Fr.): 830,1464,51,25
<EOS>
Edouard 888,1464,107,20
Lüthi, 1005,1462,75,25
Basel 1091,1462,63,21
3. 658,1510,18,20
<EOS>
Preis 687,1510,59,20
(3000 754,1508,67,27
Fr.): 830,1509,52,25
<EOS>
Vischer+Oplatek, 887,1507,229,26
Basel 1127,1506,63,21
Das 655,1554,46,21
Preisgericht 715,1553,149,27
empfahl 876,1553,104,26
dem 993,1552,53,21
Veranstalter, 1057,1551,163,25
das 654,1588,40,21
erstrangierte 708,1587,161,27
Projekt 881,1586,94,27
als 988,1586,34,21
Grundlage 1035,1585,137,26
für 1185,1584,38,21
die 655,1621,37,22
weiteren 703,1621,108,21
Planungen 823,1621,135,26
weiterbearbeiten 969,1618,214,22
zu 1194,1625,29,14
lassen. 656,1655,81,21
<EOS>
Fachpreisrichter 752,1654,210,27
waren 975,1659,77,15
Carl 1065,1653,54,21
Finger¬ 1133,1652,90,27
huth, 656,1688,65,27
B, 732,1689,23,25
Kantonsbaumeister, 766,1687,255,24
Basel, 1033,1686,71,24
Gerhard 1115,1685,107,22
Kaufmann, 657,1723,143,24
Riehen, 816,1721,98,25
Cristobal 929,1720,116,22
Ortin, 1060,1719,75,24
Basel, 1151,1719,71,23
Hans 658,1757,63,21
Rüegg, 732,1757,83,25
Basel, 826,1755,71,25
Andreas 907,1754,105,21
Rüegg, 1022,1754,85,27
Liestal. 1117,1752,90,22
<EOS>
<EOP>
Mehrzweckhalle 654,1846,243,23
mit 905,1847,47,21
Nebenanlagen 960,1846,219,28
in 1188,1846,24,21
Schlieren 655,1880,133,23
ZH 798,1881,40,21
Die 656,1930,43,22
Stadt 720,1930,62,22
Schlieren, 803,1930,124,25
vertreten 949,1933,114,18
durch 1084,1930,73,21
den 1177,1929,45,21
Stadtrat, 655,1965,105,24
erteilte 780,1963,87,22
an 886,1971,28,14
acht 933,1963,52,22
Architekten 1004,1963,152,22
Stu¬ 1174,1963,49,21
dienaufträge 655,1998,159,27
zur 826,2005,40,13
Planung 877,1998,104,26
einer 991,1997,64,21
Mehrzweck¬ 1066,1996,157,22
halle 656,2032,60,21
im 726,2032,30,21
«Zelgli» 767,2031,103,28
in 881,2031,22,21
Schlieren 911,2031,119,22
ZH. 1040,2032,46,20
<EOS>
Das 658,2078,47,21
Expertengremium 715,2077,221,28
empfahl 947,2076,103,28
dem 1058,2076,49,21
Auftrag¬ 1118,2075,107,28
geber, 655,2110,74,29
den 743,2110,42,23
Entwurf 797,2110,107,28
von 911,2118,41,14
Theo 966,2109,58,23
Landis. 1037,2109,91,24
<EOS>
Schlie¬ 1141,2109,82,22
<EOS>
<EOP>
ren, 1265,172,44,18
weilerbearbeiten 1321,166,205,22
zu 1533,174,28,14
lassen. 1571,167,79,22
<EOS>
Jeder 1262,211,66,21
Teilnehmer 1338,211,150,22
erhielt 1498,212,82,22
eine 1591,212,52,22
feste 1654,213,56,22
Entschä¬ 1722,213,108,22
digung 1262,244,86,29
von 1357,252,45,15
8000 1412,246,57,21
Fr. 1479,246,34,21
<EOS>
Fachexperten 1524,246,173,27
waren 1705,254,77,14
Al¬ 1792,248,38,20
bert 1263,278,48,22
Müller, 1339,279,92,25
Baar, 1460,280,63,25
Viktor 1551,280,82,21
Langenegger, 1659,281,168,27
Muri, 1263,312,70,26
Walter 1350,313,86,21
Hertig, 1452,313,87,28
Zürich, 1557,314,91,26
Karl 1667,315,55,20
Stoller, 1739,315,88,24
Schlieren. 1262,346,125,21
<EOS>
Dreifachturnhalle, 1264,406,268,27
Ergänzungsbauten 1542,406,277,28
zum 1263,448,59,15
Schulhaus 1332,440,146,23
Grosswangen 1487,440,200,28
Der 1264,490,47,21
Gemeinderat 1321,490,167,22
von 1497,497,46,14
Grosswangen 1553,489,171,27
LU 1734,489,40,22
ver¬ 1783,496,47,15
anstaltete 1264,525,120,21
unter 1398,528,67,17
sieben 1477,523,79,22
eingeladenen 1569,523,168,27
Archi¬ 1750,522,80,22
tekten 1265,559,77,20
einen 1365,558,68,21
Projektwettbewerb 1456,558,241,27
für 1720,557,37,21
eine 1779,556,51,22
Dreifachturnhalle 1265,592,229,21
mit 1506,591,41,21
Werkräumen 1557,591,169,21
und 1737,591,48,21
Zi¬ 1796,590,34,21
vilschutzbauten 1264,626,201,21
sowie 1483,625,69,22
für 1571,625,38,21
Ergänzungsbau¬ 1627,625,203,27
ten 1264,663,38,18
zum 1311,666,53,15
Schulhaus 1373,660,129,21
«68». 1511,659,67,21
<EOS>
Ergebnis: 1588,659,120,27
1. 1267,705,17,21
<EOS>
Rang, 1299,705,73,27
1. 1388,705,17,21
<EOS>
Preis, 1420,705,64,23
Teilprojekte 1501,703,148,29
Dreifachturn¬ 1662,703,170,28
halle 1267,738,59,22
und 1334,737,48,23
Schulhaus 1387,737,130,22
(5000 1521,737,69,28
Fr. 1599,738,34,21
<EOS>
+ 1638,741,17,16
3500 1660,737,59,22
Fr.) 1726,737,46,26
<EOS>
: 1778,743,3,15
Tü- 1787,737,44,21
fer+Grüter+Schmid, 1265,771,274,26
Luzern; 1560,772,99,25
Mitarbeiter: 1678,770,153,22
F. 1265,806,22,21
<EOS>
Lüdi, 1297,806,65,25
m. 1372,813,29,14
<EOS>
M. 1412,807,32,20
<EOS>
Steiner 1454,805,89,22
2. 1266,851,20,22
<EOS>
Rang, 1303,852,73,26
2. 1392,851,19,21
<EOS>
Preis, 1428,851,66,24
Teilprojekt 1513,850,135,27
Dreifachturn¬ 1663,849,171,28
halle 1267,884,59,22
(4000 1336,884,69,27
Fr.): 1415,884,52,27
<EOS>
Ettore 1476,885,76,20
Cerutti, 1563,883,96,25
Rothenburg, 1671,883,159,27
Mitarbeiter: 1266,918,153,22
H. 1427,919,28,20
<EOS>
Räber. 1466,918,82,21
<EOS>
U. 1558,918,28,20
<EOS>
Meyer 1596,918,80,26
2. 1265,963,21,22
<EOS>
Rang, 1300,964,73,26
2. 1388,963,19,21
<EOS>
Preis, 1422,963,65,23
Teilprojekt 1504,961,134,28
Umdisposition 1653,961,179,27
Schulhaus 1265,996,129,23
(2500 1415,996,68,27
Fr.): 1505,996,51,23
<EOS>
Architektengemein¬ 1575,995,255,27
schaft 1265,1030,74,22
W. 1351,1030,35,21
<EOS>
Leuenberger 1401,1030,161,27
und 1576,1030,47,21
Hans 1637,1030,66,20
Eggstein, 1717,1028,113,28
Luzern; 1266,1063,99,26
Mitarbeiter: 1373,1063,154,22
W. 1534,1063,34,21
<EOS>
Jacobi 1576,1063,79,21
Ankauf 1267,1108,100,27
Teilprojekt 1378,1107,135,28
Dreifachturnhalle 1527,1105,225,29
(2000 1765,1105,69,27
Fr.): 1267,1143,53,25
<EOS>
Urs 1338,1142,45,20
P. 1403,1142,21,20
<EOS>
Troxler, 1444,1141,102,24
Sursee; 1567,1140,91,25
Mitarbeiter: 1678,1139,154,22
Geri 1266,1175,56,22
Roesch, 1331,1175,97,26
Bruno 1438,1175,78,21
Muff 1525,1174,65,21
Das 1266,1221,46,21
Preisgericht 1325,1219,150,28
empfahl 1487,1219,104,27
dem 1604,1219,53,21
Veranstalter, 1668,1218,163,24
den 1265,1255,46,21
Verfasser 1326,1254,119,21
des 1461,1254,39,21
erstrangierten 1517,1252,179,28
Projektes 1715,1251,117,27
sowohl 1265,1288,88,22
mit 1367,1287,41,22
der 1420,1288,41,21
Weiterbearbeitung 1472,1286,240,27
der 1724,1286,40,21
Um- 1776,1286,56,21
dispositionen 1266,1321,169,28
im 1450,1321,32,21
Schulhaus 1497,1321,129,21
«68» 1642,1320,59,21
wie 1717,1319,42,21
auch 1774,1319,59,21
mit 1267,1356,42,21
der 1321,1356,40,21
Ausarbeitung 1373,1355,172,27
eines 1557,1354,64,22
Vorschlages 1632,1354,152,26
für 1797,1353,37,21
die 1267,1389,36,22
Dreifachturnhalle 1323,1389,231,22
westlich 1575,1387,102,22
des 1697,1388,39,20
Schul¬ 1756,1387,78,21
hauses 1267,1423,83,21
36 1361,1423,28,21
zu 1400,1430,27,14
betrauen. 1439,1422,118,22
<EOS>
Fachpreisrichter 1571,1421,210,28
wa¬ 1792,1427,43,15
ren 1268,1464,40,14
Adolf 1317,1457,72,21
Ammann, 1397,1456,127,25
Luzern, 1534,1456,98,22
Peter 1642,1455,65,22
Etter, 1715,1455,68,24
Lu¬ 1792,1455,43,21
zern, 1267,1497,61,19
Urs 1343,1491,45,21
Mahlstein, 1400,1489,135,26
Luzern, 1549,1489,98,24
Bruno 1661,1489,78,21
Scheu¬ 1753,1488,82,22
ner, 1269,1532,46,16
Luzern, 1325,1525,97,23
Jörg 1430,1525,53,25
Siegrist, 1491,1523,99,27
Stansstad. 1600,1523,124,21
<EOS>
Bauliches 1269,1598,136,23
Gestaltungskonzept 1414,1596,297,29
auf 1720,1595,47,23
dem 1268,1632,63,22
Gurten 1340,1632,101,22
BE 1451,1632,32,21
Das 1270,1682,46,21
Hochbauamt 1326,1681,163,22
der 1499,1681,40,21
Stadt 1548,1681,62,21
Bern 1621,1681,57,20
veranstalte¬ 1689,1679,147,22
te 1268,1720,21,17
unter 1309,1720,67,17
zehn 1394,1715,60,22
Architekten 1474,1715,152,21
einen 1646,1713,69,22
Projekt¬ 1734,1713,101,27
wettbewerb 1269,1749,145,22
für 1433,1749,36,21
ein 1486,1748,36,22
bauliches 1541,1748,118,22
Gestaltungs¬ 1677,1747,158,26
konzept 1270,1784,99,26
auf 1389,1783,40,21
dem 1447,1783,52,21
Gurten. 1519,1782,98,21
<EOS>
Zwei 1637,1781,61,22
Entwürfe 1718,1780,117,22
mussten 1270,1821,102,18
wegen 1382,1824,78,20
schwerwiegender 1468,1815,220,27
Verletzung 1696,1814,140,26
von 1268,1858,46,15
Programmbestimmungen 1325,1849,325,29
von 1659,1855,46,14
der 1715,1848,40,21
Preis¬ 1765,1847,69,22
erteilung 1269,1885,114,27
ausgeschlossen 1391,1884,187,27
werden. 1588,1882,98,22
<EOS>
Ergebnis: 1697,1880,118,28
;. 1274,1931,16,21
<EOS>
Rang. 1314,1931,71,26
<EOS>
1. 1411,1930,15,20
<EOS>
Ankauf 1448,1928,100,24
(12 1564,1928,37,26
000 1610,1927,43,21
Fr.): 1673,1927,52,24
<EOS>
Jörg 1741,1927,53,26
+ 1816,1930,15,15
Sturm 1269,1965,77,20
Architekten 1361,1963,153,22
AG, 1530,1962,51,23
Bern; 1598,1962,69,23
Mitarbeiter: 1682,1960,154,22
2. 1273,2009,18,21
<EOS>
Preis 1313,2009,58,20
(11000 1389,2007,89,28
Fr.): 1497,2007,52,26
<EOS>
Walker 1565,2007,93,21
Architekten, 1676,2005,160,23
Brugg; 1272,2043,83,26
Norbert 1371,2041,99,21
Walker, 1485,2040,99,22
Thomas 1601,2040,102,20
Zwahlen, 1719,2039,117,22
Stefan 1270,2076,78,21
Pieper, 1361,2075,86,26
Lukas 1461,2074,74,21
Zumsteg; 1547,2073,118,27
Landschafts¬ 1677,2072,160,22
architekt: 1270,2109,122,22
Urs 1400,2109,44,20
Richli 1454,2107,76,22
<EOS>
<EOP>
<* 1235,2250,27,20
<EOS>
/ 791,2265,39,47
* 776,2317,16,16
<A 1393,2322,31,18
<EOS>
<EOP>
' 1550,2396,2,3
<EOS>
<EOP>
¦I 1112,2420,8,13
<EOS>
<EOP>
" 1137,2415,4,5
<EOS>
<EOP>
* 1226,2483,19,21
k 1095,2508,77,95
r 1768,2513,12,18
v 1811,2515,16,12
<EOS>
<EOP>
• 1256,2532,5,5
i 1280,2526,4,18
• 1636,2534,6,5
<EOS>
<EOP>
/ 1792,2555,45,50
>-. 1525,2590,29,11
<EOS>
<EOP>
* 1637,2650,16,7
<EOS>
<EOP>
Mehrzweckhalle 660,2734,199,23
in 868,2736,19,20
Schlieren. 897,2734,114,23
<EOS>
Zur 1020,2736,43,21
Ausführung 1068,2734,142,28
empfohlen: 1218,2733,138,28
Projekt 1364,2733,85,28
Theo 1459,2733,54,22
Landis, 1522,2732,82,26
Schlieren 1615,2732,108,22
670 41,2803,48,22
<EOS>
<EOP>
