1960,2865
Wettbewerbe 108,91,186,27
Schweizer 1168,91,139,26
Ingenieur 1314,93,130,31
und 1451,92,52,26
Architekt 1508,91,128,27
Nr. 1643,93,41,25
<EOS>
23, 1694,93,38,30
7. 1742,94,22,24
<EOS>
Juni 1775,94,56,24
1990 1841,94,59,25
Anton 100,176,79,20
Matti, 196,175,74,25
Markus 286,175,96,21
Röthlisberger; 397,174,183,28
Land¬ 594,174,73,21
schaftsarchitekten: 100,208,241,21
Coradi 350,208,85,21
+ 446,212,16,16
Zingg, 473,207,79,28
Bern 563,208,58,21
2. 102,253,19,21
<EOS>
Rang, 133,253,72,28
1. 218,254,17,20
<EOS>
Preis 246,254,59,20
(11 313,253,35,26
000 359,252,43,21
Fr.j.-Ueli 411,251,111,29
<EOS>
Schweizer, 532,252,133,25
Walter 100,287,85,21
Hunziker, 207,286,127,25
Bern; 356,287,70,24
Mitarbeiter: 446,285,154,21
An¬ 621,285,46,21
dreas 100,321,65,21
Maeschi, 181,319,113,26
Olav 311,320,59,21
Rohrer, 387,319,96,25
Angelo 500,319,91,27
della 607,319,60,21
Favera 101,355,86,20
3. 102,399,19,21
<EOS>
Rang, 135,400,72,26
2. 219,399,20,20
<EOS>
Preis 251,399,59,20
(7000 320,398,69,27
Fr.): 399,398,53,26
<EOS>
AAP 460,398,62,20
Atelier 531,397,89,21
für 630,397,37,21
Architektur 100,432,151,21
und 268,432,47,21
Planung, 334,432,111,26
Bern; 464,432,69,24
Grünpla¬ 550,431,117,26
nung: 100,473,72,21
Weber 179,467,83,21
+ 272,470,16,17
Saurer, 300,467,88,24
Bern 399,467,57,20
4. 102,512,18,21
<EOS>
Rang. 138,512,72,26
<EOS>
3. 227,511,19,22
<EOS>
Preis 262,512,59,21
(5000 334,511,68,27
Fr.): 417,511,52,26
<EOS>
Sylvia 481,511,76,27
& 572,511,20,21
Kurt 608,511,57,20
Schenk, 99,545,98,26
Bern; 212,545,68,25
Mitarbeiter: 292,544,154,22
Mathias 458,544,101,22
Karlen, 572,544,93,25
Lisa 101,579,51,21
Wehrlin; 165,578,115,27
Küchenplanung: 295,578,214,27
Hans 523,578,65,21
Kün¬ 604,578,62,21
dig 100,613,37,27
AG, 145,613,52,25
Bern 208,613,59,21
2. 102,658,19,20
<EOS>
Ankauf 131,657,101,28
(7000 235,656,70,29
Fr.):Matti 312,655,127,30
<EOS>
Bürgi 450,656,67,28
Ragaz, 527,657,82,26
Lie¬ 620,656,47,21
befeld 100,692,77,21
; 184,699,3,17
Mitarbeiter 196,691,145,21
: 347,698,3,13
Daniel 359,691,84,21
Kurz 452,691,63,20
Das 101,737,46,21
Preisgericht 160,736,151,27
empfahl 323,736,104,27
dem 439,736,53,21
Veranstalter, 503,735,162,24
die 101,770,36,22
Verfasser 155,770,119,21
der 292,770,41,21
vier 351,769,48,22
mit 418,769,42,21
Preisen 479,769,93,21
ausge¬ 590,776,77,20
zeichneten 101,803,135,22
Projekte 250,803,106,28
zu 366,810,29,14
einer 406,803,64,21
Überarbeitung 482,798,185,32
einzuladen. 101,837,145,22
<EOS>
Jeder 255,837,67,22
Teilnehmer 329,837,149,21
erhielt 487,837,81,21
eine 577,836,51,22
fe¬ 638,837,30,20
ste 101,875,33,17
Entschädigung 149,870,188,27
von 351,877,45,15
3000 412,870,58,22
Fr. 486,870,34,21
<EOS>
Nach 101,910,63,22
Abschluss 177,910,124,22
dieser 312,910,73,22
in 397,911,21,21
Form 432,911,63,21
von 509,918,40,14
Studien¬ 562,910,105,22
aufträgen 101,944,120,28
durchgeführten 258,944,191,28
Überarbeitung 489,940,178,32
empfahl 101,978,104,28
das 219,978,41,22
als 274,978,34,22
Expertengremium 323,979,222,27
amtende 561,978,105,22
Preisgericht 101,1012,144,28
dem 263,1012,49,22
Gemeinderat, 333,1012,166,24
das 520,1012,40,22
Projekt 578,1012,88,28
der 100,1046,40,22
Architekten 150,1046,145,22
Schweizer 308,1046,127,22
und 446,1046,47,21
Hunziker 505,1046,118,22
so¬ 632,1053,35,15
wie 101,1081,40,21
des 153,1080,39,22
Landschaftsarchitekten 205,1080,295,27
Franz 515,1080,69,21
Vogel 600,1080,67,27
weiterbearbeiten 101,1113,205,22
zu 314,1121,27,14
lassen. 351,1113,79,22
<EOS>
Fachexperten 98,1159,172,26
waren 290,1166,77,14
Prof. 389,1159,59,21
<EOS>
Franz 470,1159,73,20
Oswald, 564,1159,99,25
Bern, 97,1193,67,25
Bernhard 182,1193,119,21
Vatter, 317,1193,83,25
Bern, 418,1193,66,25
Remo 502,1193,74,21
Galli, 593,1192,70,24
Bern, 97,1227,67,24
Peter 186,1227,65,21
Zumthor, 271,1227,121,25
Haldenstein, 414,1226,160,26
Bern, 597,1227,66,23
Ueli 98,1260,53,22
Laedrach, 187,1261,124,24
Stadtbaumeister, 348,1260,212,25
Bern, 598,1261,65,24
Franz 97,1295,74,21
Meury, 190,1295,89,27
Stadtgärtner, 298,1295,163,27
Bern, 482,1295,65,24
Margrit 567,1295,97,27
Göldi, 98,1328,78,25
Bern, 192,1328,65,25
Othmar 273,1328,100,21
Birkner, 386,1328,103,25
Arisdorf. 505,1328,113,21
<EOS>
Je¬ 632,1328,33,22
der 97,1361,41,22
Teilnehmer 146,1361,150,22
erhielt 306,1361,83,22
eine 400,1361,51,22
feste 464,1361,56,22
Entschädi¬ 532,1361,133,22
gung 97,1401,61,21
von 166,1401,47,15
18 224,1394,24,22
000 257,1394,42,22
Fr. 308,1395,34,21
<EOS>
Überbauung 102,1436,183,33
Areal 294,1441,78,23
«Eintracht», 382,1441,173,26
Wolfenschiessen 100,1474,244,24
NW 354,1476,56,21
Die 101,1524,44,21
Einfache 154,1524,111,22
Gesellschaft 274,1525,155,21
«Eintracht», 440,1525,158,25
Wol¬ 607,1526,60,21
fenschiessen, 101,1558,164,25
veranstaltete 278,1559,161,21
unter 451,1563,67,17
acht 529,1560,52,21
einge¬ 593,1559,73,28
ladenen 101,1592,98,21
Architekten 219,1592,152,22
einen 391,1593,70,21
Projektwettbe¬ 481,1593,186,27
werb 100,1626,61,21
für 172,1626,36,21
eine 218,1626,51,22
Wohnüberbauung 280,1626,231,28
anstelle 522,1627,95,21
des 627,1627,38,21
abgebrochenen 99,1659,193,28
Hotels 305,1660,80,21
«Eintracht». 399,1660,158,22
<EOS>
Ein 571,1660,42,22
Ar¬ 625,1661,41,21
chitekt 99,1693,87,22
hat 207,1694,38,21
sich 264,1693,48,22
ordnungsgemäss 332,1694,209,27
von 560,1701,47,15
der 627,1694,40,22
Teilnahme 97,1727,138,22
zurückgezogen, 244,1728,197,27
ein 451,1728,38,21
weiterer 498,1728,103,22
Teil¬ 609,1728,57,22
nehmer 99,1762,97,21
reichte 206,1762,85,21
kurz 301,1762,56,21
vor 366,1769,41,14
der 415,1762,41,21
Abgabefrist 464,1762,147,28
völ¬ 620,1763,46,21
lig 99,1795,30,28
ungenügende 141,1796,169,27
Unterlagen 323,1796,142,27
- 478,1809,11,3
zwei 500,1796,56,22
Skizzen 568,1796,97,22
<EOS>
<EOP>
- 99,1842,11,3
ein 124,1829,37,22
und 175,1830,48,21
ein 236,1830,38,21
dritter 287,1830,80,22
blieb 382,1830,60,22
ohne 456,1830,61,22
Mitteilung 532,1830,134,28
dem 97,1864,53,21
Wettbewerb 160,1864,152,21
fern 323,1864,48,21
<EOS>
Ergebnis 390,1864,110,27
: 506,1871,4,14
1. 101,1908,18,21
<EOS>
Preis 133,1908,59,22
(13 203,1908,37,27
000 249,1908,43,22
Fr. 304,1909,30,20
<EOS>
mit 349,1910,39,20
Antrag 400,1909,87,27
zur 497,1916,41,14
Weiterbe¬ 551,1908,117,22
arbeitung): 100,1941,138,28
Markus 257,1942,98,21
Boyer, 378,1943,78,26
Luzern; 479,1943,100,25
Peter 601,1943,65,21
Mathis, 98,1975,94,25
Wolfenschiessen; 207,1975,221,26
Patrik 444,1976,75,21
Hillmann, 534,1976,130,25
Luzern 98,2009,89,20
2. 99,2053,19,20
<EOS>
Preis 138,2054,58,21
(7000 213,2054,67,26
Fr.): 297,2055,53,26
<EOS>
Max 365,2055,55,21
Germann, 439,2055,129,24
Bruno 588,2056,77,20
Achermann, 97,2087,158,25
Altdorf; 274,2088,104,25
Mitarbeiter: 395,2088,154,22
Markus 567,2089,98,22
Tremp, 96,2122,90,26
Philipp 197,2121,92,27
Aregger, 297,2123,108,25
Primus 415,2122,90,21
Camenzind 514,2122,146,21
3. 99,2165,20,22
<EOS>
Preis 134,2166,59,21
(4000 206,2166,68,27
Fr.): 288,2167,52,26
<EOS>
Anton 351,2167,80,21
Bühlmann, 446,2167,141,24
Iwan 603,2167,60,21
Bühler 97,2199,86,22
Fachpreisrichter 98,2244,209,27
waren 319,2251,76,16
H. 409,2245,28,21
<EOS>
Reinhard, 451,2245,126,26
Stans, 590,2245,73,26
E. 98,2278,22,20
<EOS>
Schmid, 134,2278,102,25
Luzern, 251,2278,96,26
H. 362,2278,28,22
<EOS>
Käppeli, 406,2278,105,27
Luzern, 526,2279,96,26
R. 638,2280,25,20
<EOS>
Mozzatti, 98,2311,118,25
Luzern, 226,2311,96,26
Ersatz. 333,2312,83,21
<EOS>
Zentrum 101,2349,126,21
und 237,2348,53,23
öffentliche 300,2348,156,23
Nutzungen, 465,2350,173,27
Niederrohrdorf 102,2381,227,23
AG 336,2383,44,21
Die 102,2432,43,21
Einwohnergemeinde 177,2432,262,27
Niederrohrdorf 471,2432,197,22
veranstaltete 101,2465,161,22
unter 279,2469,67,18
neun 363,2472,62,15
eingeladenen 442,2465,167,28
Ar¬ 627,2467,40,20
chitekten 100,2499,118,22
einen 230,2499,68,22
Projektwettbewerb 312,2499,239,27
zur 564,2507,40,14
Ver¬ 616,2500,51,21
besserung 100,2533,125,27
der 236,2533,40,21
Ortsmitte 288,2533,121,21
und 422,2533,46,21
für 482,2533,36,21
öffentliche 529,2533,137,22
Nutzungen. 101,2568,146,26
<EOS>
Ergebnis: 259,2566,118,28
/. 105,2612,15,23
<EOS>
Preis 140,2613,58,21
(16000 213,2612,90,26
Fr.): 320,2612,51,25
<EOS>
Architektengruppe 386,2612,241,28
T. 642,2613,23,20
<EOS>
Boldt, 102,2647,72,23
C. 191,2646,26,22
<EOS>
Müller, 235,2646,92,24
W. 345,2647,33,20
<EOS>
Florin, 397,2646,84,24
Fahrwangen; 501,2647,166,27
Verkehrsplanung, 99,2681,228,27
P. 340,2681,21,20
<EOS>
Gruber, 373,2680,99,23
Ing., 486,2681,53,27
<EOS>
Aarburg; 552,2681,115,27
Ortsplanung: 100,2714,168,28
J. 282,2714,17,22
<EOS>
Wächter, 317,2714,112,23
Arch., 448,2714,76,24
<EOS>
Gockhau- 542,2714,125,22
<EOS>
<EOP>
3. 715,175,18,21
<EOS>
Preis 750,176,59,20
(9000 823,174,68,28
Fr.): 905,175,53,27
<EOS>
Urs 970,175,43,21
Blunschi, 1029,175,117,26
Hansjürg 1162,176,118,27
Euer, 714,210,67,25
Christian 791,208,118,22
Müller, 919,208,93,26
Baden 1022,209,78,20
Das 713,255,46,21
Preisgericht 774,253,150,28
empfahl 938,253,104,27
dem 1057,253,53,21
Veranstalter 1123,254,156,21
einstimmig, 713,288,148,27
den 872,287,44,21
Verfasser 925,287,119,21
des 1053,287,38,21
erstrangierten 1101,288,177,27
Projektes 713,322,118,27
mit 859,321,41,21
den 926,321,45,21
weiteren 997,321,110,21
Gesamtpla¬ 1135,322,144,26
nungsarbeiten 713,354,180,29
über 909,355,57,21
das 982,355,40,21
Wettbewerbsgebiet 1038,355,241,28
zu 712,396,29,14
betrauen 749,389,111,22
und 869,389,47,21
ihn 925,388,41,21
mit 975,389,42,21
einer 1025,388,65,22
ersten 1097,393,76,18
Bauauf¬ 1182,389,97,22
<EOS>
<EOP>
gabe, 1325,175,63,27
welche 1400,176,85,21
kompatibel 1496,176,143,27
mit 1649,176,42,22
seinem 1700,177,88,21
Projekt 1800,177,92,27
ist, 1326,208,34,26
zu 1372,216,28,14
beauftragen. 1412,209,158,28
<EOS>
Die 1583,210,43,21
Verfasser 1637,211,120,21
des 1768,211,39,22
zweit- 1818,211,75,21
und 1325,243,48,21
des 1385,243,39,21
drittrangierten 1438,243,186,28
Projektes 1637,245,119,26
sollen 1768,245,74,21
für 1855,245,38,21
weitere 1325,276,91,22
Bauaufgaben 1429,277,164,28
im 1607,278,32,21
Rahmen 1652,278,108,21
des 1773,279,39,21
Wett¬ 1824,279,68,21
bewerbsgebietes 1326,310,203,28
beigezogen 1547,311,139,28
werden. 1704,312,99,22
<EOS>
Fach¬ 1823,312,69,22
preisrichter 1324,344,148,27
waren 1486,351,77,15
U. 1578,345,28,22
<EOS>
Marbach, 1623,345,119,26
Zürich, 1759,345,92,27
L. 1868,346,23,21
<EOS>
Maraini, 1326,378,107,25
Baden, 1451,378,85,26
R. 1554,379,25,21
<EOS>
Stoos, 1597,379,72,26
Brugg, 1687,380,80,26
E. 1785,380,23,20
<EOS>
Hess, 1825,380,66,25
Brugg, 1325,411,80,28
Ersatz. 1416,412,83,21
<EOS>
<EOP>
Umgestaltung 714,554,413,59
Dorf 1146,555,127,45
platz 1277,555,144,57
Münsingen 1437,556,324,57
BE 1781,558,63,42
<EOS>
<EOP>
Die 712,699,43,21
Einwohnergemeinde 768,698,264,27
Münsingen 1044,699,143,27
veran¬ 1199,706,79,15
staltete 711,732,88,22
einen 822,732,69,22
öffentlichen 914,732,154,21
Projektwettbe¬ 1092,732,186,27
werb 710,766,62,21
für 785,766,36,21
die 833,765,37,22
Umgestaltung 883,765,177,27
des 1071,766,39,21
Dorfplatzes. 1123,766,153,27
<EOS>
Teilnahmeberechtigt 710,799,266,27
waren 986,806,77,14
alle 1072,799,43,22
Architekten 1125,800,152,22
mit 711,833,42,22
Wohn- 770,834,86,21
oder 874,833,55,21
Geschäftssitz 947,833,167,22
im 1133,834,32,21
Kanton 1183,835,95,21
Bern. 711,869,66,20
<EOS>
Zusätzlich 797,867,131,22
wurden 946,867,95,21
sechs 1060,867,64,22
auswärtige 1143,868,135,27
Architekten 710,902,153,21
zur 880,908,40,14
Teilnahme 935,901,138,21
eingeladen. 1089,901,143,28
<EOS>
Es 1250,903,28,21
wurden 710,936,96,21
15 828,935,23,22
Projekte 871,935,106,27
eingereicht. 997,935,147,27
<EOS>
Ein 1164,936,43,21
Ent¬ 1226,936,52,22
wurf 710,969,60,22
musste 788,972,87,19
wegen 895,975,78,21
fehlender 993,969,122,22
Unterlagen 1135,969,143,28
von 710,1010,46,14
der 767,1003,41,21
Beurteilung 819,1002,148,28
ausgeschlossen 978,1002,189,28
werden. 1178,1003,98,22
<EOS>
Ergebnis: 712,1037,119,27
1. 718,1091,17,22
<EOS>
Preis 754,1091,59,22
(25 828,1091,37,27
000 875,1091,43,21
Fr.): 933,1091,53,27
<EOS>
Hiltbrunner 1001,1091,156,22
und 1173,1092,47,21
Ro- 1237,1093,44,21
then, 713,1124,63,26
Münsingen; 798,1124,154,27
Mitarbeiter: 974,1124,154,22
Dan 1148,1126,53,21
Hilt¬ 1223,1125,58,22
brunner, 714,1158,108,26
Frank 842,1158,76,21
Haueter, 935,1158,109,25
Christa 1063,1158,93,22
Wagner; 1172,1160,109,26
Verkehrsplanung: 713,1191,229,27
Gerber, 960,1191,97,26
Kipfer, 1076,1191,89,28
Schwei¬ 1184,1193,97,21
zer 713,1232,37,14
AG, 768,1225,52,25
Ingenieure 841,1225,137,26
Münsingen; 997,1225,154,27
Strassen- 1168,1227,112,21
raumgestaltung: 714,1258,205,28
Ulrich 938,1258,82,22
Buchmann, 1041,1259,145,26
Land¬ 1207,1261,73,21
schaftsarchitekt, 712,1292,208,25
Langnau 931,1293,110,26
i.E. 1051,1292,40,21
<EOS>
2. 715,1338,19,21
<EOS>
Preis 752,1339,59,20
(20 826,1337,38,27
000 871,1337,44,21
Fr.): 930,1337,53,26
<EOS>
Fritz 996,1337,61,21
König, 1072,1337,85,28
Münsin¬ 1173,1338,107,21
gen; 712,1378,54,21
Mitarbeiter: 786,1370,154,23
Felix 959,1371,63,21
Lobsiger, 1043,1370,115,29
Thomas 1178,1372,101,21
Judt, 712,1405,59,25
Dieter 787,1405,80,21
Aeberhard; 880,1404,145,26
Christian 1040,1404,118,23
Jost 1170,1405,48,22
und 1231,1405,48,22
Fritz 714,1438,60,22
Zobrist 787,1438,91,22
in 892,1438,23,21
Büro 930,1438,61,22
Müller, 1005,1438,94,26
Jost, 1113,1438,54,27
Zobrist, 1181,1438,97,26
Bern; 713,1472,70,26
Verkehrsplaner: 802,1472,207,27
Fritz 1030,1472,59,22
Brönnimann, 1110,1472,168,26
Ingenieur 714,1505,123,28
in 853,1505,22,21
Büro 893,1505,60,22
Balzari 969,1505,89,22
+ 1076,1510,16,16
Schudel 1112,1506,99,22
AG, 1227,1506,51,26
Bern 714,1540,59,20
; 779,1547,4,18
Grünplaner 792,1539,150,27
: 948,1546,3,14
Franz 960,1539,73,21
Vogel, 1041,1540,77,26
Bern 1129,1541,59,21
3. 715,1584,19,21
<EOS>
Preis 750,1585,59,21
(15 821,1584,37,27
000 867,1584,43,21
Fr.): 923,1584,52,26
<EOS>
Urs 987,1585,43,20
und 1044,1584,47,21
Sonja 1105,1585,70,27
Grand¬ 1190,1586,90,21
<EOS>
<EOP>
jean, 1326,698,62,28
Herrenschwanden; 1404,699,244,26
Bächrold 1663,699,113,22
AG, 1792,699,52,26
In¬ 1860,700,35,21
genieure, 1327,732,115,27
Bern 1452,733,60,21
4. 1329,777,20,21
<EOS>
Preis 1361,777,59,21
(12 1428,777,38,27
000 1475,777,43,21
Fr.): 1527,778,53,27
<EOS>
Bruno 1588,778,78,21
Berz, 1676,778,63,25
Bern; 1749,779,70,24
Bear¬ 1829,779,66,21
beitung: 1327,810,104,28
Bruno 1454,812,78,20
Berz, 1555,812,63,25
Rudolf 1643,812,88,21
Hartmann, 1754,813,139,24
Hans-Peter 1328,845,140,21
Kistler, 1477,845,91,25
Geograf, 1579,845,110,27
Pierre 1699,846,76,21
Pestaloz¬ 1784,846,111,21
zi, 1327,878,27,25
Geograf, 1372,878,110,28
Rolf 1499,879,55,21
Wohlfahrt, 1569,879,140,25
Siedlungspla¬ 1726,879,169,28
ner, 1328,919,46,18
Andreas 1400,913,105,21
Wyss, 1529,913,70,27
Bauingenieur, 1626,913,177,28
Irene 1829,914,65,21
Müller, 1328,946,93,25
Atelier; 1433,946,99,26
Bornand, 1543,947,116,25
Michaelis 1673,947,124,22
& 1808,947,22,22
Jun- 1841,947,54,22
go 1326,986,28,21
AG, 1366,980,52,25
Bern; 1433,980,69,25
Bearbeitung: 1514,980,162,28
Gunter 1688,980,92,22
Michae¬ 1792,980,103,22
lis 1328,1013,26,22
5. 1329,1058,19,22
<EOS>
Preis 1367,1058,58,22
(6000 1439,1058,68,27
Fr.): 1522,1059,53,26
<EOS>
Atelier 1588,1059,88,21
für 1691,1059,37,21
Architektur 1743,1059,151,22
und 1327,1092,47,21
Planung, 1384,1092,110,28
Bern; 1505,1093,70,25
Verkehrsplanung: 1582,1093,230,28
Emch 1821,1094,72,21
und 1327,1126,47,21
Berger 1383,1127,83,26
Bern 1474,1127,60,20
AG 1543,1126,45,22
Ankauf 1328,1170,100,29
(2000 1435,1171,68,27
Fr.): 1512,1172,53,26
<EOS>
Carlo 1573,1172,70,21
Tognola. 1653,1172,109,27
<EOS>
Christian 1775,1172,118,22
Stahel, 1327,1205,83,25
Partner 1432,1206,94,20
Beat 1546,1206,53,21
Ullmann; 1621,1206,123,25
Windisch; 1763,1206,130,26
Verkehrsplanung: 1326,1239,229,27
Steiner 1588,1240,88,21
und 1709,1240,47,21
Buschor 1791,1240,102,22
Burgdorf 1327,1273,115,27
Das 1327,1317,46,22
Preisgericht 1386,1317,150,28
empfahl 1548,1318,105,27
der 1665,1318,40,21
Gemeinde, 1717,1318,139,23
in 1869,1318,23,21
Anbetracht 1326,1351,143,21
der 1488,1352,39,20
schwierigen 1544,1351,151,28
Realisierungs¬ 1713,1352,180,27
probleme 1326,1384,119,27
gemeinsam 1461,1385,143,27
mit 1621,1385,42,21
den 1679,1386,45,20
Betroffenen 1741,1386,150,21
und 1326,1418,47,21
unter 1383,1422,66,17
Mitwirkung 1458,1418,152,28
der 1618,1419,41,21
Verfasser 1665,1419,119,21
des 1792,1420,38,21
erst¬ 1839,1424,53,17
rangierten 1327,1452,129,27
Projektes 1476,1452,117,27
klare 1614,1453,62,21
Randbedingun¬ 1696,1454,196,27
gen 1325,1493,44,20
für 1378,1486,37,21
die 1423,1486,37,21
notwendigen 1469,1486,163,28
Entscheide 1641,1487,137,21
festzule¬ 1787,1487,105,21
gen. 1325,1526,50,20
<EOS>
Erst 1394,1520,49,21
nach 1461,1520,58,21
diesen 1537,1520,78,22
Abklärungen 1632,1521,169,27
sollen 1818,1521,73,21
die 1325,1553,36,21
konkreten 1377,1553,130,22
Aufträge 1522,1554,111,27
zur 1648,1560,41,15
Weiterbearbei¬ 1703,1554,188,22
tung 1326,1591,56,23
erteilt 1394,1587,73,22
werden. 1480,1588,98,21
<EOS>
Fachpreisrichter 1593,1588,210,27
waren 1815,1595,76,15
<EOS>
<EOP>
LEGENDE 762,1695,99,20
J. 1429,1692,29,26
<EOS>
<EOP>
Wettbewerbsbereich 865,1753,259,19
Gestaltungsperimeter 865,1813,288,24
<EOS>
<EOP>
f 1795,1778,35,44
i 816,1882,10,26
* 887,1889,16,18
^t 930,1888,35,20
<EOS>
<EOP>
OLI 1111,1858,35,14
<EOS>
<EOP>
4 1102,1914,33,36
Sek 935,1933,44,27
<EOS>
<EOP>
Oc 1792,2034,52,33
Ò 1063,2053,26,53
Sn 1031,2063,26,21
<EOS>
<EOP>
* 1548,2157,27,21
r 759,2158,27,31
^ 752,2194,54,39
^ 750,2223,64,45
<EOS>
<EOP>
Ï 1823,2259,26,63
\ 757,2287,15,15
\ 787,2289,5,13
% 1275,2301,27,32
-\ 1260,2394,34,30
Rossboden 835,2394,223,34
• 1786,2403,9,7
• 1803,2399,12,13
<EOS>
<EOP>
Wettbewerbsbereich 715,2559,253,24
: 972,2570,5,13
umfasst 986,2559,94,23
das 1088,2560,41,24
Gebiet 1140,2561,83,23
(Kernzone), 1231,2562,136,27
in 1378,2564,19,19
das 1406,2561,42,23
die 1456,2561,36,23
Projektideen 1501,2561,152,29
integriert 1662,2563,113,27
sein 1783,2563,47,20
müs¬ 1839,2565,57,19
sen 712,2603,39,13
(Verkehrskonzept, 759,2593,219,29
Verkehrsführung 991,2593,201,31
und 1201,2595,45,23
Regime, 1253,2597,93,27
Fussgänger- 1356,2597,149,27
und 1514,2595,46,23
Veloverbindungen, 1569,2595,227,29
Gestal¬ 1807,2595,89,23
tungskonzept 713,2627,163,29
usw.). 884,2628,63,27
<EOS>
Gestaltungsperimeter: 713,2673,273,29
umfasst 1000,2672,94,23
das 1105,2673,41,23
Gebiet 1161,2673,83,23
(Dorfplatzbereich), 1256,2672,227,30
für 1499,2672,33,23
das 1543,2672,42,23
die 1598,2672,35,23
detaillierten 1646,2671,146,24
Gestal¬ 1806,2671,89,24
tungsvorschläge 714,2706,197,29
für 920,2705,34,23
Strassenraum, 961,2707,171,26
Neu- 1143,2708,60,21
und 1212,2707,46,23
Umbauten, 1266,2707,130,26
Massnahmen 1406,2706,162,23
bei 1577,2706,38,23
Gebäudesanierungen, 1623,2706,270,28
Bepflanzung 713,2740,151,29
usw. 873,2748,49,14
<EOS>
zu 931,2748,28,14
erarbeiten 967,2740,127,23
sind. 1102,2741,54,23
<EOS>
<EOP>
671 1848,2810,43,24
<EOS>
<EOP>
