2312,3102
Du 1775,142,32,19
803 1817,142,35,19
- 1861,152,13,1
Januar/Februar 1881,141,176,24
2010 2065,141,47,19
<EOS>
<EOP>
den 757,302,51,27
KONSUM 821,304,155,25
um 989,313,44,16
mich 1048,304,66,25
auszuweinen, 1129,304,189,30
in 1338,314,26,15
der 1379,303,46,26
Passage 1439,304,110,35
vermutlich 1564,302,156,27
der 1735,302,46,27
Verkäufer 1796,302,145,27
der 1955,302,47,27
Stadtzeitung 758,356,185,35
mit 953,357,49,25
dem 1012,356,62,26
Alpenhut. 1085,356,146,35
<EOS>
Ich 1243,356,42,27
zittere 1298,357,89,26
sehr 1397,356,59,27
in 1467,357,27,25
meiner 1505,357,100,25
Seele 1616,356,72,26
— 1698,373,18,2
weil 1726,356,58,26
man 1795,367,64,15
ja 1870,357,24,33
immer 1904,356,97,26
in 757,409,26,25
Erwartung 794,409,164,34
des 966,408,46,26
schlimmsten 1022,408,183,26
ist, 1216,409,39,30
zuckt 1265,408,80,26
man 1354,419,64,15
bei 1428,408,40,26
jedem 1480,408,86,35
Geräusch 1577,408,138,26
zusammen, 1726,418,168,21
da 1903,407,34,27
war 1946,418,56,16
so 757,471,28,16
1 801,461,8,25
Rosen 826,461,87,25
Fleisch 926,460,101,26
und 1041,461,55,26
1 1114,461,8,25
fettes 1139,460,73,27
Laub 1226,461,75,26
oder 1314,461,64,26
Lamm, 1392,461,108,30
aber 1513,460,61,26
die 1588,460,42,26
Hunde 1643,460,102,26
knurrten, 1759,460,139,31
das 1911,460,46,26
ist 1972,461,30,25
mein 755,513,68,25
Vorgärtchen, 841,513,172,34
sage 1030,522,59,26
ich 1102,512,41,26
zu 1156,523,34,15
Ely, 1204,512,52,35
wenn 1270,523,79,15
ich 1361,512,41,26
nachts 1415,512,90,26
bei 1518,512,40,26
weit 1571,513,61,25
geöffnetem 1643,511,162,36
Fenster 1819,513,106,25
sitze 1938,513,64,25
und 758,564,54,26
nachdenke 829,565,156,26
eigentlich 999,565,139,34
1 1158,566,5,24
Beschaulichkeit 1184,565,227,26
oder 1425,564,64,27
FUROR, 1505,566,132,30
je 1653,566,23,33
nach 1691,564,66,26
Figurenzustand, 1772,565,225,34
sitze 757,617,63,26
in 837,617,27,26
der 881,616,47,27
Küche 945,616,94,27
mit 1057,618,48,25
gefalteten 1121,616,139,36
Händen 1279,617,117,26
lausche 1414,616,105,27
Bachs 1537,616,83,27
3-stimmigen 1636,618,185,34
Symphonie 1839,616,163,36
BWV 758,670,84,24
791, 854,668,54,33
bitte 917,670,63,25
kreuzigen 990,669,135,35
(24.9.09) 1140,670,117,31
<EOS>
<EOP>
wir 882,722,48,25
sind 943,721,57,26
emanzipiert 1013,722,171,34
: 1199,732,3,15
wir 1217,722,48,25
gehen 1277,721,84,35
in 1375,722,25,26
Pluderhosen 1415,721,174,27
und 1604,721,55,27
ohne 1672,721,69,26
BH, 1755,722,59,31
ich 1827,721,40,27
gehe 1880,721,65,35
auf 1957,721,50,27
Stelzen 757,773,102,26
ich 870,773,38,26
schreite 919,773,105,26
in 1034,775,25,24
tiefem 1070,773,87,27
Wasser 1167,775,101,25
das 1277,773,46,27
mir 1333,775,50,25
bis 1392,773,37,27
an 1438,784,34,16
die 1481,773,41,26
Brust 1533,775,76,25
reicht 1618,773,78,26
was 1705,784,52,15
1 1770,775,7,24
Hemmung 1792,775,159,34
sei, 1959,775,43,29
die 758,826,40,27
schmutzige 808,826,161,35
Serviette 979,827,122,26
auf 1110,826,49,27
dem 1163,826,61,27
Küchentisch 1235,826,176,27
trägt 1422,831,67,30
die 1498,826,41,27
Inschrift 1550,826,121,27
«fokussieren», 1682,826,198,32
benütze 1890,826,112,27
den 757,878,51,26
Abdeckstift 821,878,167,26
um 1001,889,46,15
meine 1062,880,85,24
Existenz 1161,880,122,24
abzudecken, 1296,878,176,31
der 1486,878,45,26
Druck 1544,878,93,26
auf 1650,878,48,26
die 1707,878,41,26
Blase 1763,878,72,26
enorm, 1847,889,102,20
ich 1962,878,39,26
entleere 757,930,109,26
mich 881,930,71,26
ausführlich 967,930,159,27
in 1142,931,26,25
1 1186,931,9,25
besetzten 1212,930,132,27
WC 1359,931,57,26
: 1433,941,4,15
Holzhütte 1453,930,145,27
vermutlich 1614,930,151,26
Senkgrube 1782,930,155,35
wie 1952,931,50,25
damals 757,982,101,26
in 870,984,26,24
D., 908,984,41,29
<EOS>
die 960,982,42,26
Gendarmen 1013,982,174,26
gehen 1198,982,84,35
drauszen 1294,982,128,26
vorbei 1433,982,86,26
und 1532,982,54,26
suchen 1599,982,95,26
nach 1707,982,64,26
GARNELEN, 1783,983,219,30
Vater 757,1035,75,26
möchte, 844,1034,111,33
dasz 966,1034,63,27
ich 1041,1035,39,26
die 1093,1035,42,26
Köpfe 1147,1034,85,35
an 1245,1045,32,16
seinem 1289,1035,99,26
schwarzen 1400,1035,149,26
Mantel 1562,1035,99,26
auswechsle, 1674,1034,162,32
Näharbeit, 1848,1034,154,31
die 757,1086,41,27
ich 809,1086,39,27
nicht 860,1086,70,27
zustande 941,1086,126,27
bringe, 1077,1086,99,36
bin 1186,1086,44,27
allein, 1241,1087,85,31
Christel 1336,1086,111,27
F. 1458,1088,25,25
<EOS>
betont 1494,1086,88,27
das 1592,1086,45,27
Wort 1648,1088,73,25
ausführlich 1731,1086,160,27
auf 1902,1086,44,27
der 1957,1086,45,27
falschen 758,1139,112,26
Silbe, 881,1139,75,31
was 964,1150,53,15
mir 1027,1140,51,25
1 1090,1140,7,25
Irritation 1110,1140,128,25
beibringt, 1247,1140,137,34
bin 1393,1140,45,25
kraftlos, 1447,1139,117,31
verlasse 1573,1139,106,26
kaum 1688,1139,81,26
mehr 1780,1139,74,26
das 1864,1139,45,26
Haus, 1919,1140,83,30
prüfe 758,1190,74,35
mich 842,1190,70,27
ab, 921,1190,39,32
ob 969,1190,33,27
ich 1012,1190,39,27
dieses 1060,1191,82,27
und 1152,1191,55,27
jenes 1217,1192,68,33
Wort 1295,1192,73,26
noch 1378,1191,66,27
weisz, 1455,1192,85,31
schreibe 1549,1190,114,28
1 1675,1192,8,25
Liste 1695,1192,69,25
mit 1773,1192,47,26
Wörtern 1830,1192,121,25
die 1960,1190,42,27
ich 758,1243,38,26
immer 814,1245,94,24
vergesse 925,1253,113,25
wie 1054,1245,49,24
Mutter 1119,1245,98,24
im 1234,1245,35,24
hohen 1287,1243,85,26
Alter. 1389,1243,77,26
<EOS>
Motive 1484,1245,97,24
aus 1596,1254,45,15
Träumen 1656,1244,133,25
: 1807,1254,3,15
Papiernüsse, 1828,1245,174,33
Kopfweiden, 758,1295,183,35
Tränen 956,1295,103,27
der 1074,1295,46,27
Mutter, 1135,1296,105,31
ihre 1255,1295,55,27
knochige 1325,1295,130,36
rechte 1472,1295,82,27
Hand 1570,1295,82,27
zum 1669,1306,63,16
Wärmen 1749,1296,127,26
auf 1891,1295,49,27
den 1950,1295,51,27
Rippen 759,1349,100,34
des 873,1347,44,27
Heizlüfters, 930,1347,169,32
die 1113,1348,41,26
letzten 1167,1348,93,26
Tage 1274,1349,70,34
des 1356,1348,45,26
Vaters, 1414,1349,96,30
sein 1523,1349,53,25
Winken 1590,1347,117,27
ehe 1720,1347,47,27
Mutter 1781,1349,98,25
und 1892,1347,55,27
ich 1962,1347,39,27
uns 757,1410,48,16
verabschieden 821,1400,198,26
im 1035,1401,37,25
Krankenhaus, 1088,1400,203,31
zum 1306,1411,64,16
Lift 1386,1400,54,26
gehen, 1455,1400,92,35
nochmals 1562,1400,136,26
zurückwinken, 1714,1400,218,31
«bis 1949,1400,53,26
morgen», 758,1462,131,25
was 903,1462,54,15
es 969,1462,27,15
nicht 1009,1451,71,27
mehr 1094,1452,74,26
gab, 1182,1452,58,35
die 1253,1452,42,26
sterbende 1309,1452,134,26
Groszmutter, 1457,1453,188,30
ein 1659,1453,41,25
paar 1715,1462,62,25
Bücher 1792,1452,100,26
die 1906,1452,41,26
ich 1962,1451,39,27
noch 757,1504,67,26
lesen 836,1504,67,26
möchte, 914,1504,112,31
frz.Philosophen 1038,1504,223,34
<EOS>
— 1272,1521,19,2
diese 1298,1505,63,25
frz. 1363,1505,50,34
<EOS>
Lüfte 1416,1505,77,34
im 1505,1505,35,25
Spätsommer 1552,1505,179,34
die 1742,1504,41,26
ich 1795,1504,40,26
sehr 1846,1504,58,26
Liebe, 1915,1504,87,31
wie 757,1557,49,25
ich 818,1555,39,27
den 870,1555,50,27
Ärmel 933,1552,91,30
des 1038,1555,44,27
schwarzen 1094,1556,150,26
Overalls 1256,1556,116,26
immer 1384,1558,96,24
von 1492,1566,50,16
neuem 1554,1567,94,15
hochschiebe 1661,1555,171,27
weil 1844,1556,58,26
er 1913,1566,28,16
im¬ 1952,1557,49,25
mer 758,1619,54,15
von 826,1619,48,16
neuem 887,1619,94,15
herunterrutscht, 995,1608,230,32
ich 1238,1608,39,27
in 1290,1610,27,25
meiner 1329,1610,99,25
Hölle 1441,1608,79,27
flennend, 1532,1608,133,32
die 1676,1608,42,27
Höllenqualen 1731,1609,194,34
oder 1938,1608,63,27
Höllengarben 758,1660,195,35
welche 968,1660,95,27
mir 1077,1662,51,25
aus 1140,1671,45,16
den 1198,1660,51,27
Pupillen 1264,1661,118,35
sprühen, 1395,1660,123,36
wie 1532,1662,48,25
die 1593,1660,42,27
Sprühkerzen 1648,1660,186,36
(«Wunder¬ 1847,1660,154,32
kerzen») 757,1712,122,32
am 888,1723,44,15
Hl. 942,1712,45,26
<EOS>
Abend 991,1712,95,27
als 1096,1713,36,26
er 1141,1723,27,16
sie 1177,1714,33,25
entzündete, 1219,1713,166,32
damals, 1394,1712,110,32
und 1514,1713,54,26
sie 1578,1714,34,25
das 1621,1713,46,26
Haus 1677,1714,75,25
in 1762,1714,26,25
Brand 1799,1713,87,26
setzten, 1896,1720,106,24
und 757,1764,54,27
ich 827,1764,40,27
an 881,1775,33,16
Charakterschwäche 929,1764,279,27
heimging 1223,1764,137,36
etc., 1373,1773,54,24
<EOS>
und 1441,1764,55,27
schluchze 1511,1764,138,27
weil 1664,1764,56,27
Mutter 1737,1766,97,26
ihren 1849,1764,74,27
Fell¬ 1937,1764,64,27
mantel 757,1817,96,26
ins 864,1818,39,25
DOROTHEUM 913,1818,248,25
bringt 1170,1817,87,35
und 1267,1817,55,26
der 1333,1817,45,26
kunstsinnige 1388,1817,181,36
Anwalt 1579,1817,106,26
den 1694,1817,50,26
ich 1755,1817,40,26
aufsuche 1805,1817,123,26
sagt, 1938,1825,63,27
ich 758,1869,38,26
habe 807,1869,65,26
1 885,1870,7,25
handgeschriebenes 906,1869,267,35
Gedicht 1183,1869,113,27
von 1306,1880,50,16
EJ 1365,1871,33,31
im 1409,1870,35,25
DOROTHEUM 1455,1870,248,26
ersteigert, 1713,1871,137,33
und 1859,1869,54,27
ich 1925,1869,39,27
in 1974,1870,27,25
meiner 757,1922,99,25
Schlangenhaut 867,1922,201,34
im 1081,1922,37,25
Bett 1132,1923,57,24
liege 1201,1921,64,35
und 1278,1921,56,26
diese 1347,1921,69,26
Schlangenhaut 1429,1921,212,35
sich 1654,1921,50,26
hin- 1719,1921,57,26
und 1790,1921,55,26
herschiebt 1858,1921,144,26
weil 757,1973,57,26
sie 826,1974,33,25
mir 869,1974,51,25
nur 931,1984,49,15
übergezogen 991,1973,182,35
ist 1184,1974,30,25
und 1224,1974,55,26
mich 1291,1974,70,26
schraffiert 1372,1973,145,27
oder 1527,1973,63,27
was, 1601,1984,61,21
und 1672,1973,56,26
ich 1740,1973,39,27
die 1790,1973,41,27
Schlangen¬ 1842,1973,159,35
haut 757,2024,62,27
glitzern 829,2025,110,36
spüre 950,2029,75,31
und 1037,2025,55,26
dasz 1103,2025,63,26
sie 1177,2026,34,25
wie 1222,2027,49,24
1 1283,2027,12,24
body 1306,2026,63,35
ist 1382,2027,29,24
das 1422,2025,45,26
verrutscht 1479,2025,142,26
ist 1632,2026,30,25
weil 1672,2025,57,26
es 1741,2035,25,16
mir 1777,2026,52,25
zu 1840,2036,35,15
grosz 1885,2035,75,26
ist 1972,2026,30,25
und 757,2077,54,27
die 822,2078,42,26
Bandagistin 875,2077,169,35
mir 1056,2079,51,25
die 1117,2078,41,26
Tränen 1168,2079,104,25
indem 1284,2078,88,26
sie 1383,2079,34,25
in 1427,2079,27,25
den 1465,2078,50,26
unzähligen 1527,2078,159,35
Schachteln 1698,2078,152,26
mit 1860,2079,48,25
medi¬ 1919,2078,82,26
zinischen 757,2130,133,26
Strumpfhosen 902,2129,205,36
wühlt, 1119,2130,93,32
sich 1223,2130,51,26
streckt 1287,2130,93,26
und 1391,2130,55,26
auf 1458,2129,49,27
die 1514,2130,41,26
Fuszspitzen 1566,2131,170,34
stellt 1748,2130,64,26
um 1823,2140,47,16
die 1882,2130,42,26
rich¬ 1936,2129,65,27
tige 757,2183,50,34
Grösze 819,2183,99,25
für 930,2182,43,26
mich. 985,2182,77,26
<EOS>
Und 1074,2182,62,26
auch 1149,2182,64,26
sie 1226,2184,33,24
mit 1272,2184,47,24
dieser 1330,2182,82,26
Schlangenhaut 1424,2182,211,35
und 1646,2182,55,26
den 1714,2182,50,26
glitzernden 1775,2182,163,35
Pu¬ 1952,2184,49,24
pillen 758,2234,76,35
in 851,2235,25,25
die 892,2234,41,26
ich 949,2234,39,26
immerzu 1004,2235,132,26
eintauchen 1151,2234,154,27
musz, 1320,2245,84,22
mich 1418,2234,70,27
nicht 1505,2234,70,27
lösen 1589,2234,70,27
kann, 1676,2234,80,31
in 1772,2235,25,25
1 1817,2235,6,25
Erstarrung 1843,2235,159,34
verfalle, 757,2285,110,33
während 877,2286,125,26
die 1014,2286,41,26
Korkeichen 1067,2286,163,26
die 1241,2286,41,26
ganz 1292,2297,69,25
leicht 1372,2286,74,26
sind 1456,2286,56,26
und 1524,2286,54,26
auf 1589,2286,49,26
dem 1643,2286,62,26
Wasser 1716,2288,101,24
schwimmen 1827,2286,173,26
ich 757,2338,39,27
meine 807,2339,86,26
das 903,2338,46,27
Wasser 958,2339,102,26
der 1070,2338,45,27
Augen 1126,2339,94,35
und 1231,2338,55,27
das 1297,2338,46,27
Wasser 1352,2340,102,25
der 1464,2338,45,27
Unterleibs, 1521,2338,150,32
während 1681,2338,126,27
der 1818,2338,46,27
Arzt 1874,2339,67,26
mir 1951,2339,50,26
schreibt 757,2390,108,26
dasz 876,2390,63,26
der 949,2390,46,26
Tod 1006,2390,56,26
sich 1074,2390,52,26
manchmal 1137,2391,152,25
wieder 1301,2391,97,26
zurückzieht, 1409,2391,179,30
um 1600,2401,47,15
mich 1659,2390,69,26
zu 1741,2401,33,15
trösten, 1786,2395,104,27
und 1901,2390,54,26
je¬ 1968,2392,33,32
den 756,2442,50,26
Morgen 820,2443,110,34
diese 941,2442,69,26
Erleuchtungen 1023,2442,209,35
oder 1244,2442,62,26
Mysterien, 1318,2443,147,34
obwohl, 1475,2442,113,31
dieses 1599,2442,81,26
Wort 1691,2443,73,25
mir 1776,2443,50,25
zu 1838,2453,34,15
leichtge¬ 1883,2442,118,35
wichtig 757,2494,105,35
erscheint. 873,2493,133,27
<EOS>
Nämlich 1020,2494,125,27
in 1157,2495,27,25
allen 1195,2494,67,27
Blumenfarben, 1277,2494,211,32
Emotionen 1500,2495,159,26
von 1671,2504,49,16
Blumen, 1734,2494,119,32
«um 1868,2504,62,17
dort 1943,2493,59,28
alle 756,2546,47,26
Blumen 815,2546,111,26
abzuschneiden 936,2546,210,27
oder 1156,2546,63,27
einzusammeln», 1229,2546,235,32
während 1474,2546,125,26
die 1610,2546,41,26
künstl. 1661,2546,95,26
<EOS>
Blumen 1769,2546,111,26
am 1890,2557,43,15
Bal¬ 1944,2546,57,26
dachin 756,2598,96,27
des 864,2598,44,27
Firmungswagens 919,2600,248,34
schwankten 1179,2598,167,28
und 1359,2598,55,28
ich 1427,2598,39,27
in 1479,2600,26,25
meinem 1518,2600,114,25
grauen 1644,2609,98,25
ETAMIN 1754,2599,149,26
(1 1916,2598,20,33
von 1951,2609,50,16
Mutter 757,2652,97,24
geschneidertes 864,2650,205,36
Kleid 1080,2651,77,26
das 1168,2651,45,26
mir 1223,2652,51,24
zu 1284,2662,34,15
lang 1328,2651,61,35
und 1398,2651,55,26
zu 1465,2661,33,16
weit, 1509,2652,66,30
ich 1585,2651,39,26
war 1635,2661,53,15
12 1701,2652,26,24
und 1739,2651,53,26
aufgeschossen 1803,2650,198,36
und 757,2703,54,26
mager 824,2713,88,24
und 923,2702,54,26
steif 989,2703,55,25
und 1056,2703,54,26
abwesend, 1121,2703,146,31
und 1278,2703,54,26
ich 1344,2703,39,26
verstand 1393,2703,118,26
tatsächlich 1523,2703,148,26
nichts 1682,2702,82,27
vom 1775,2713,60,16
Menschen¬ 1846,2703,155,25
leben, 757,2754,81,32
und 850,2754,55,26
mein 917,2756,71,24
graues 999,2765,92,25
Gewand 1102,2754,121,26
von 1235,2765,49,15
schlechtem 1297,2755,156,26
Geschmack 1465,2754,167,26
also 1643,2754,54,26
1 1711,2756,7,24
PARADE 1734,2756,149,24
PARO¬ 1894,2756,108,24
DIE, 757,2808,72,30
während 843,2806,126,27
die 984,2806,41,27
3 1040,2808,13,25
Damen 1069,2808,106,25
: 1191,2818,4,15
meine 1211,2808,86,25
Firmpatinnen 1311,2808,199,34
mich, 1526,2807,78,32
den 1618,2807,51,26
heiligen 1684,2806,110,35
Firmling 1810,2807,130,34
mit 1953,2808,49,25
<EOS>
<EOP>
M 2090,2956,18,17
<EOS>
<EOP>
