2312,3102
Du 1775,148,34,19
803 1819,148,35,19
- 1863,158,13,2
Januar/Februar 1884,147,175,24
2010 2067,148,47,19
<EOS>
<EOP>
zukunftweisende 160,311,243,26
Botschaft 415,311,132,26
ohne 557,311,68,26
das 635,311,45,26
nicht 692,311,68,26
minder 771,312,102,25
zukunftweisen- 885,312,222,25
de 159,362,31,25
Kleid 202,362,75,25
gewesen, 288,372,126,23
das 424,362,45,25
der 480,362,45,25
damals 535,362,100,25
38-jährige 645,362,143,33
Grafiker 799,362,121,26
Willy 931,362,77,34
Fleck¬ 1020,362,87,26
haus 159,411,63,26
der 238,411,45,26
Reihe 301,411,77,26
verordnet 395,411,133,26
hatte? 544,411,83,27
<EOS>
Es 646,413,33,24
war 696,422,52,15
nicht 765,411,69,27
sein 850,413,53,25
erster 919,420,76,18
Genie¬ 1012,413,95,25
streich 159,461,89,26
für 270,462,42,25
den 332,461,49,26
Suhrkamp 402,461,151,34
Verlag, 572,462,99,34
und 691,461,54,27
sollte 765,461,71,26
nicht 858,462,68,26
sein 946,463,52,25
letzter 1019,462,88,26
bleiben, 159,511,108,30
aber 279,511,60,26
bis 351,511,36,26
heute 400,511,74,26
ist 488,513,29,24
die 529,512,40,25
edition 579,513,92,24
suhrkamp 682,513,134,32
das 830,512,44,26
wohl 887,512,67,26
spektaku¬ 969,512,138,34
lärste 159,561,73,27
Transportmittel 243,562,224,34
geistiger 479,563,117,33
Ware 608,564,74,24
geblieben. 693,562,140,34
<EOS>
<EOP>
Bereits 285,613,93,25
1959 399,612,58,26
hatte 473,612,68,26
Fleckhaus 557,612,143,26
die 716,612,41,26
mit 773,614,47,24
ihren 837,612,71,26
gezeichneten 925,612,182,34
Schriften 159,662,129,25
auf 299,663,44,24
stumpfem 354,663,140,33
Grund 506,663,95,24
ausgesprochen 613,662,202,34
alt 826,663,33,25
wirkende 871,663,131,25
Biblio¬ 1013,664,94,24
thek 157,713,56,31
Suhrkamp 228,713,139,33
erneuert. 381,720,125,17
<EOS>
Mitte 522,714,73,23
der 610,712,44,25
1960er-Jahre 671,713,174,30
folgten 860,712,96,35
Entwürfe 971,713,136,25
für 160,763,41,24
Reihen 212,762,96,25
wie 320,763,47,24
Suhrkamp 376,763,140,33
Taschenbücher, 527,763,204,29
Insel 743,763,63,24
Taschenbücher, 816,763,203,29
Suhr¬ 1031,764,76,24
kamp 157,813,74,33
Taschenbuch 247,813,171,25
Wissenschaft 437,813,168,34
oder 618,813,62,25
edition 692,814,90,24
suhrkamp 795,814,134,33
Neue 941,814,73,24
Folge. 1026,814,81,33
<EOS>
Hinzu 160,864,91,24
kamen 266,863,95,25
zunehmend 376,863,168,25
Schutzumschläge 558,863,246,34
für 819,864,41,25
gebundene 873,863,153,34
Erst¬ 1041,864,66,25
ausgaben 159,913,128,33
etwa 298,920,64,18
von 373,923,49,15
Martin 433,914,99,24
Walser, 543,913,102,31
Paul 656,913,61,25
Nizon 728,914,89,24
oder 827,913,62,26
Wolfgang 900,914,139,33
Hil- 1050,914,57,24
desheimer. 159,963,148,25
<EOS>
Dabei 324,963,81,25
spielte 419,963,86,34
Fleckhaus 518,963,143,26
auf 675,963,47,26
reichlich 732,964,118,25
unorthodoxe 865,964,179,25
Art 1058,964,50,25
mit 159,1013,48,25
Schriften, 216,1013,137,29
formte 363,1013,93,25
Bilder 466,1013,84,25
aus 560,1024,43,14
Buchstaben, 614,1013,169,31
baute 792,1013,75,26
auf 877,1014,43,25
kräftige 930,1013,111,34
Far¬ 1050,1014,57,25
ben 159,1063,49,25
oder 220,1063,62,25
machte 295,1063,99,26
den 406,1063,50,26
unbedruckten 468,1063,197,26
Raum 678,1064,84,25
zum 776,1074,61,15
gleichberechtigten 850,1063,257,34
Partner 159,1114,106,24
im 280,1114,36,24
visuellen 332,1113,120,26
Dialog. 469,1113,99,34
<EOS>
Wenn 584,1115,85,24
es 684,1124,25,15
je 724,1114,22,32
so 761,1124,27,15
etwas 803,1121,77,18
wie 896,1114,48,26
eine 958,1114,56,25
Suhr¬ 1030,1113,77,26
kamp-Kultur 160,1162,191,34
gegeben 365,1163,113,34
hat: 495,1163,50,26
Willy 561,1163,78,34
Fleckhaus 654,1163,144,26
steht 813,1163,64,26
für 892,1163,42,26
deren 949,1163,77,26
opti¬ 1042,1165,65,32
sche 159,1212,58,26
Seite, 227,1214,74,29
ihre 311,1212,53,26
Verpackung, 376,1213,179,34
die 563,1213,42,26
stets 615,1221,57,18
mehr 682,1213,75,26
war 766,1223,54,16
als 829,1213,35,26
nur 875,1223,48,16
Styling. 933,1213,104,34
<EOS>
Was 1048,1215,59,24
er 158,1273,27,15
suchte 197,1262,87,26
und 297,1262,54,26
immer 365,1264,93,24
wieder 472,1263,94,26
fand, 579,1263,70,31
war 663,1273,52,16
nicht 730,1263,68,26
weniger 811,1264,112,33
als 936,1263,34,26
die 983,1263,41,26
«Ge¬ 1039,1265,68,24
genwärtigkeit 158,1312,195,35
der 363,1312,45,27
Mittel». 420,1313,107,26
<EOS>
<EOP>
Wer 284,1364,59,25
war 355,1373,52,16
Willy 418,1363,78,34
Fleckhaus? 507,1363,158,26
<EOS>
Zu 679,1364,40,25
Lebzeiten 730,1363,139,26
galt 880,1364,51,34
der 941,1364,45,25
1925 1001,1364,57,25
im 1071,1365,36,24
nordrhein-westfälischen 160,1413,338,25
Velbert 511,1413,100,25
geborene 622,1414,126,33
Autodidakt 760,1414,163,25
als 934,1414,35,25
«der 983,1414,59,25
teu¬ 1055,1422,52,17
erste 159,1471,62,17
Bleistift 241,1463,109,25
Deutschlands»: 369,1463,214,25
ein 604,1465,40,23
ebenso 664,1463,94,26
genialer 776,1463,112,34
wie 908,1465,48,24
gesuchter 975,1464,132,34
Grafiker, 159,1513,127,30
dessen 300,1513,89,25
Einfluss 404,1513,112,25
auf 530,1513,47,25
die 587,1514,40,24
Kulturindustrie 642,1514,222,25
der 879,1514,44,25
1960er- 941,1516,97,23
und 1052,1514,55,25
1970er-Jahre 162,1563,172,31
kaum 350,1563,78,26
zu 445,1574,33,15
überschätzen 493,1563,184,26
ist. 692,1565,37,24
<EOS>
Fleckhaus 744,1564,142,25
steht 901,1564,63,25
für 979,1565,41,24
twen, 1034,1571,73,23
die 159,1613,41,26
wohl 216,1613,68,25
einflussreichste 301,1613,211,26
europäische 528,1614,165,34
Zeitschrift 710,1614,147,25
der 872,1614,45,25
Nachkriegs¬ 933,1614,174,34
zeit, 159,1665,58,28
für 229,1663,42,25
den 283,1663,49,25
Relaunch 346,1664,130,25
von 489,1674,49,15
Quick 549,1665,81,33
un<^ 642,1664,54,25
Merlan 706,1665,98,24
sowie 818,1665,77,24
die 907,1664,40,25
Optik 959,1665,83,33
des, 1055,1665,52,28
inzwischen 159,1713,158,26
eingestellten, 333,1714,181,34
Frankfurter 527,1715,165,33
Allgemeine 703,1715,152,33
Magazins. 869,1715,135,33
<EOS>
Fleck¬ 1019,1715,88,25
haus 159,1763,63,26
war 235,1774,53,15
es, 300,1774,34,20
der 345,1763,44,26
den 402,1764,50,25
Begriff 466,1764,103,33
des 577,1764,44,25
Art 633,1765,49,24
Directors 695,1765,130,24
importiert 837,1765,145,33
und 994,1764,54,26
po¬ 1061,1775,46,23
pularisiert 159,1814,144,33
hat, 318,1814,50,31
ihn 384,1814,44,25
mit 445,1815,46,24
Leben 506,1814,88,26
erfüllte 609,1814,101,26
und 725,1814,53,26
damit 794,1814,82,26
- 891,1831,17,2
nicht 924,1814,68,26
nur 1007,1825,48,15
im 1070,1815,37,25
<EOS>
<EOP>
Printbereich 1166,312,173,25
- 1348,329,18,1
das 1374,312,45,25
Modell 1430,312,97,25
einer 1538,312,69,25
für 1617,311,42,26
alle 1669,311,47,26
Fragen 1726,312,97,33
der 1833,311,45,26
Optik 1888,311,83,34
zuständi¬ 1982,311,131,26
gen 1165,373,49,23
Verantwortlichkeit 1229,362,267,26
etablierte. 1510,362,136,26
<EOS>
Ein 1662,363,50,24
kompromissloser 1727,362,239,33
Gestalter, 1980,362,133,30
von 1165,422,49,16
dem 1225,411,60,27
es 1296,422,26,16
hiess, 1333,411,72,32
er 1416,422,25,16
nehme 1453,411,93,27
stets 1557,419,58,19
von 1625,422,50,16
zehn 1685,411,68,26
Eiern 1764,413,77,24
das 1851,411,45,26
Gelbe 1907,411,82,26
und 1999,411,54,26
von 2065,422,48,15
zehn 1166,462,68,25
das 1245,462,44,26
Weisse. 1301,463,101,25
<EOS>
<EOP>
Im 1291,513,38,25
Deutschland 1341,512,175,26
der 1527,512,44,26
1950er-Jahre 1586,512,170,31
war 1766,522,53,15
Fleckhaus 1829,511,141,26
der 1981,511,44,26
Erste, 2036,513,78,29
der 1165,562,45,26
den 1220,562,51,26
Blick 1282,562,70,26
über 1364,562,62,26
die 1436,562,41,26
Grenzen 1488,564,122,24
wagte 1621,570,82,26
und 1714,562,54,26
sich 1779,561,51,27
international 1842,561,177,27
orien¬ 2031,563,82,25
tierte. 1166,614,79,24
<EOS>
Amerikanisches 1259,612,229,26
Zeitschriftendesign, 1501,612,280,34
Schweizer 1796,612,143,26
Gebrauchs¬ 1952,612,162,26
grafik, 1165,663,93,34
Konkrete 1269,663,131,25
Kunst, 1411,664,92,29
aber 1512,663,59,25
auch 1581,663,63,25
Jugendstil, 1654,662,147,34
Bauhaus, 1812,662,126,30
tie 1948,662,31,25
Stijl 1989,662,52,33
oder 2052,662,61,25
Expressionismus 1167,714,233,33
waren 1417,723,85,15
ihm 1520,713,54,24
Impulsgeber 1593,713,175,34
und 1785,712,53,25
konstituierten 1857,712,194,25
das 2068,712,46,25
Amalgam 1167,763,140,34
seiner 1319,764,81,24
komplexen 1411,763,152,34
Ästhetik. 1575,760,128,28
<EOS>
Dabei 1715,763,82,24
wollte 1809,762,83,25
Fleckhaus 1903,762,143,25
wir¬ 2057,764,57,23
ken, 1166,813,58,31
ein 1239,814,41,24
möglichst 1296,813,135,34
grosses 1445,823,98,24
Publikum 1559,813,141,25
erreichen. 1715,812,137,26
<EOS>
Nicht 1868,812,79,26
ohne 1961,812,68,26
Stolz 2045,813,69,25
hat 1166,864,43,25
er 1222,874,25,15
später 1261,867,81,30
immer 1356,864,93,25
wieder 1462,863,95,26
daraufhingewiesen, 1571,863,287,34
dass 1871,863,58,26
die 1941,863,41,26
von 1996,874,48,14
ihm 2058,863,55,25
gestalteten 1165,914,146,33
Bücher 1324,914,97,25
in 1433,914,24,24
Millionenauflagen 1470,914,255,33
verbreitet 1736,914,129,24
seien. 1875,914,74,24
<EOS>
So 1961,914,34,24
gesehen 2005,913,109,34
war 1167,974,51,15
seine 1230,964,68,25
Kunst 1311,965,84,24
im 1406,964,35,25
besten 1454,964,86,25
Sinne 1551,964,79,25
populär. 1641,964,115,33
<EOS>
<EOP>
«Das 1293,1015,68,24
Kleine 1377,1013,92,26
war 1483,1024,53,15
ihm 1550,1013,55,26
zuwider», 1621,1013,139,31
schrieb 1775,1013,98,25
Vilim 1887,1013,80,25
Vasata 1983,1014,90,24
in 2088,1014,25,24
einem 1166,1064,85,25
Nachruf 1264,1063,123,26
auf 1395,1063,48,26
den 1450,1063,50,26
1983 1517,1064,58,25
überraschend 1588,1063,189,26
verstorbenen 1791,1063,178,26
Gestalter. 1981,1063,132,26
<EOS>
«Fleckhaus 1168,1113,158,26
war 1343,1124,51,15
Deutschland 1411,1113,177,27
ein 1604,1115,42,24
gewaltiger 1661,1113,147,34
Blasebalg. 1825,1113,138,34
<EOS>
Er 1979,1114,34,25
hat 2029,1113,43,26
so 2087,1124,28,15
lange 1166,1163,74,34
in 1256,1165,25,24
den 1297,1163,50,26
provinziellen 1362,1163,183,34
Mief 1561,1163,69,26
hineingeblasen, 1641,1163,218,34
bis 1875,1163,36,26
die 1926,1163,41,26
Elemente 1983,1163,131,26
aufgeflogen 1166,1213,162,34
waren 1344,1223,84,16
und 1444,1213,54,26
der 1513,1213,44,26
eine 1571,1215,56,24
Ausdruck 1642,1213,139,26
gross 1796,1223,70,24
im 1881,1214,35,25
Raum 1932,1214,84,25
stand. 2031,1213,82,26
<EOS>
Letzten 1166,1265,108,24
Endes 1286,1263,86,26
hat 1383,1263,44,26
er 1437,1273,27,16
Grenzen 1475,1264,123,25
verschoben, 1609,1263,164,31
Format 1784,1265,105,24
zum 1901,1273,62,16
Raum 1976,1264,84,25
ge¬ 2072,1273,42,24
macht, 1166,1313,94,32
das 1271,1313,46,26
Allerlei 1328,1313,103,26
entrümpelt 1443,1313,157,35
und 1611,1313,54,26
in 1678,1315,26,24
das 1715,1313,46,26
Wesentliche 1773,1313,169,26
gesteigert 1953,1314,134,33
— 2097,1330,18,2
<EOS>
<EOP>
A 1167,1366,23,23
Design 1202,1365,97,33
Influence.» 1313,1364,153,25
<EOS>
< 1482,1375,14,14
<EOS>
<EOP>
Hans-Michael 1166,1702,162,21
Koetzle 1337,1702,83,22
lebt 1429,1702,43,21
als 1481,1702,30,21
freier 1521,1702,56,21
Schriftsteller 1584,1702,143,22
und 1736,1702,43,21
Publizist 1788,1702,95,21
in 1891,1708,20,15
München. 1921,1702,108,21
<EOS>
Er 1166,1742,23,20
kuratierte 1196,1741,109,21
1995 1319,1742,55,20
die 1383,1741,33,21
Ausstellung 1424,1741,134,27
«twen 1568,1743,64,19
- 1641,1753,16,2
Revision 1666,1741,92,21
einet 1768,1740,56,22
Legende» 1831,1740,103,28
(München, 1946,1740,116,28
Hambuig, 1166,1779,112,28
Fiankfurt, 1289,1779,107,26
Madrid) 1408,1779,89,28
und 1510,1779,43,22
gab 1560,1779,44,28
1997 1619,1780,54,21
die 1681,1779,34,22
erste 1723,1782,52,19
Monografie 1785,1779,128,28
über 1923,1779,50,22
Willy 1982,1779,55,28
Fleckhaus 1166,1818,110,22
heraus. 1286,1818,77,22
<EOS>
<EOP>
\ 703,1991,56,180
<EOS>
J 345,2306,28,60
S 345,2352,24,44
5 344,2401,25,95
<EOS>
<EOP>
freier 920,2616,62,20
Eintritt 993,2616,79,20
<EOS>
<EOP>
Dorfstrasse 871,2706,110,16
27 994,2710,22,17
| 1028,2706,2,21
6301 1042,2706,45,21
Zug 1102,2707,38,20
| 1154,2706,1,21
www.kunsthauszng.ch 1169,2706,224,21
<EOS>
J 1407,2706,2,21
Telefon 1422,2706,73,16
041 1510,2711,33,16
725 1555,2710,33,17
33 1601,2711,19,16
44 1632,2711,24,16
Dienstag 871,2733,85,22
bis 964,2732,27,17
Freitag 1000,2733,67,21
12-18 1075,2731,61,18
h 1141,2732,12,16
| 1162,2732,2,22
Samstag/Sonntag 1174,2733,176,21
10-17h 1359,2732,76,22
| 1445,2731,1,23
Montag 1457,2733,75,21
geschlossen 1539,2732,118,22
<EOS>
<EOP>
bis 890,2018,58,34
7. 967,2029,32,35
<EOS>
März 1019,2021,105,31
2010 1143,2029,100,24
<Der 892,2105,185,69
Schatz 1104,2103,315,71
am 1449,2122,133,52
Zugersee> 1614,2105,459,86
<EOS>
<EOP>
Die 1392,2206,147,70
Sammlung 1573,2205,496,86
Gerstl 1394,2327,74,22
- 1480,2340,14,3
Hoffmann 1507,2327,130,22
- 1648,2340,15,2
Kalvach 1676,2327,94,22
- 1782,2340,15,2
Klimt 1809,2327,68,22
- 1889,2340,13,2
Kokoschka 1916,2327,132,22
- 2060,2340,14,2
<EOS>
<EOP>
Moser 1394,2361,78,20
- 1482,2372,14,2
Schiele 1508,2359,87,22
- 1605,2372,15,2
Wotruba 1629,2359,107,22
| 1748,2359,2,29
Dix 1764,2361,42,19
- 1815,2372,15,2
Jawlensky 1841,2359,122,28
- 1974,2372,14,2
Kirch¬ 2000,2359,73,22
ner 1394,2398,40,14
- 1442,2404,15,2
Klee 1467,2391,52,21
- 1527,2405,15,1
Macke 1551,2391,79,21
- 1638,2405,15,1
Marc 1662,2393,61,19
| 1735,2390,2,29
Gleizes 1748,2391,90,21
- 1847,2404,15,1
Gris 1871,2392,50,20
- 1930,2404,15,1
Toulouse- 1952,2390,121,22
Lautrec 1395,2424,90,19
- 1494,2436,15,2
Villon 1518,2422,74,21
u.a. 1602,2430,42,13
<EOS>
<EOP>
Ilya 1391,2538,93,50
und 1510,2538,99,41
Emilia 1636,2538,170,40
Kabakov 1832,2538,243,40
Modell 1390,2599,142,36
eines 1549,2602,106,33
Sammlungsarchivs 1676,2599,397,47
<EOS>
<EOP>
Kunsthaus 1684,2749,274,36
Zug 1980,2749,94,43
<EOS>
<EOP>
-H 2093,2962,21,17
<EOS>
<EOP>
