2312,3102
BENTELI 184,75,279,46
VERLAG_EINZIGARTIGE 490,75,851,48
BILDERREISEN 1371,77,495,47
www.benteli.ch 2002,102,281,25
<EOS>
<EOP>
vi'rtBiiir'ig 415,621,111,22
<EOS>
<EOP>
ï^ztf 304,757,95,20
<EOS>
<EOP>
TAMA 551,814,117,33
*m///iiÊi 245,840,308,46
<EOS>
<EOP>
Roger 1291,246,78,27
Wehrli 1377,245,87,23
Pensione 1293,291,179,38
Italia 1488,291,96,38
Mit 1290,380,40,23
einer 1342,381,65,22
Einführung 1419,381,141,28
von 1571,388,47,16
Giorgio 1632,381,93,29
Conte 1737,382,75,23
und 1291,417,47,24
einem 1351,418,77,23
Text 1441,419,54,23
von 1506,425,46,17
Gerold 1566,418,84,24
Späth 1664,419,74,29
128 1289,458,45,21
Seiten, 1346,456,89,27
55 1449,464,28,21
Duplex-Abbildungen 1493,456,266,30
Halbleinenband 1291,494,205,24
CHF 1289,533,50,22
48.-/Euro 1350,532,143,29
<EOS>
32.- 1506,539,56,23
<EOS>
ISBN 1291,572,59,22
978-3-7165-1599-0 1363,572,247,28
Der 1291,652,42,22
Fotograf 1345,651,108,29
Roger 1463,652,74,28
Wehrli 1547,651,79,24
präsentiert 1641,652,138,29
hier 1792,652,47,23
eine 1850,652,52,23
Art 1913,653,37,23
Tagebuch 1961,652,123,29
seiner 2097,653,78,23
zahlreichen 1289,688,144,24
Italienreisen. 1449,689,163,24
<EOS>
Dabei 1626,689,71,24
zeigen 1709,690,82,29
uns 1805,697,43,16
die 1861,690,36,23
Bilder 1912,690,73,24
den 1996,690,45,24
typisch 2054,690,91,30
ita¬ 2157,691,40,23
lienischen 1289,727,127,23
Alltag 1428,727,74,29
mit 1515,728,38,23
all 1565,727,28,24
seiner 1605,728,78,23
Situationskomik. 1694,728,217,24
<EOS>
Doch 1925,728,61,24
der 2000,728,40,24
Begriff 2053,729,85,28
des 2147,728,43,24
«Alltäglichen» 1289,765,180,29
erhält 1482,765,72,24
in 1566,766,20,23
Wehrlis 1599,766,94,23
Aufnahmen 1705,766,146,24
eine 1864,767,52,23
ganz 1929,774,58,21
neue, 2001,774,67,20
südlän¬ 2081,767,94,23
disch 1289,803,64,23
geprägte 1367,806,112,27
Ausdruckskraft. 1491,804,201,23
<EOS>
Wehrli 1704,804,79,23
hat 1797,804,39,24
das 1848,804,43,24
italienische 1905,804,144,24
Leben 2062,804,75,24
mit 2151,805,38,23
viel 1289,842,43,22
Poesie 1345,842,83,22
und 1442,842,46,23
Zuneigung 1500,842,136,28
eingefangen. 1647,842,165,29
<EOS>
«Die 793,918,55,22
Schwarz-Weiss-Fotografien 860,917,347,29
von 1220,925,46,16
Roger 1280,919,73,27
Wehrli 1364,918,80,23
sind 1456,918,53,23
schmerzend, 1521,919,161,26
traurig 1695,919,84,28
und 1792,919,45,22
bitter 1852,919,67,22
wie 1930,919,42,23
die 1985,919,37,23
Klagelieder 2035,919,143,28
der 792,955,41,24
Emigranten, 846,955,151,29
und 1012,955,45,24
sie 1070,956,34,23
folgen 1117,956,78,29
aufeinander 1208,956,154,23
wie 1372,956,43,24
die 1427,956,38,24
Perlen 1478,956,78,24
eines 1570,957,66,23
Rosenkranzes 1649,957,177,23
in 1839,957,19,23
den 1873,957,45,23
knorrigen 1932,957,120,29
Händen 2067,957,95,23
der 792,993,41,24
Frauen 845,995,84,22
aus 942,1000,44,17
dem 998,993,53,24
Süden.» 1064,994,104,23
<EOS>
Giorgio 1190,994,93,29
Conte 1293,995,73,22
<EOS>
<EOP>
* 925,439,36,23
<EOS>
<EOP>
U 393,1629,95,90
<EOS>
<EOP>
Stanley 1288,1162,102,31
Greene 1398,1164,95,22
Black 1291,1209,111,37
Passport 1416,1212,179,44
Journal 1286,1268,145,43
eines 1444,1269,106,37
Kriegsfotografen 1565,1269,337,46
Hrsg. 1289,1363,64,28
<EOS>
und 1367,1362,46,23
mit 1427,1363,40,23
einem 1480,1363,77,23
Nachwort 1571,1363,123,23
von 1706,1370,45,16
Teun 1764,1364,62,23
van 1840,1370,44,16
der 1898,1363,42,23
Heijden 1952,1364,97,28
288 1289,1402,46,21
Seiten, 1348,1400,89,27
90 1449,1407,32,22
farbige 1494,1400,88,29
und 1597,1400,46,24
160 1657,1402,44,22
sw 1713,1407,34,17
Abbildungen 1758,1401,166,29
Hardcover 1289,1438,133,23
CHF 1288,1477,49,22
78. 1349,1478,38,27
<EOS>
-/ 1399,1476,34,28
Euro 1444,1478,56,22
49,80 1513,1479,74,27
ISBN 1289,1515,59,23
978-3-7165-1607-2 1361,1516,247,27
Stanley 1287,1604,96,28
Greene 1395,1604,91,23
begann 1499,1604,95,28
als 1608,1604,35,23
Modefotograf. 1656,1604,185,29
<EOS>
Heute 1855,1605,75,23
sind 1942,1604,53,24
seine 2008,1605,68,23
Kriegs¬ 2090,1605,88,28
reportagen 1288,1644,141,26
weltbekannt. 1442,1642,171,23
<EOS>
In 1627,1643,20,22
«Black 1662,1643,84,22
Passport» 1759,1643,129,28
versucht 1901,1643,111,23
Greene 2024,1643,91,23
mit 2129,1643,38,23
Unterstützung 1288,1681,184,28
des 1485,1680,44,23
Grafikdesigners 1542,1680,203,29
Teun 1757,1681,62,22
van 1832,1687,45,16
der 1891,1681,42,22
Heijden 1945,1681,96,28
die 2056,1681,37,23
Auswir¬ 2105,1681,96,23
kungen 1288,1717,93,29
zu 1394,1725,28,16
verarbeiten, 1435,1718,157,27
die 1605,1718,38,24
seine 1655,1719,68,23
unbeständige 1737,1719,178,29
Arbeit 1926,1719,78,23
in 2018,1720,19,22
den 2051,1719,46,23
Kri¬ 2112,1720,42,22
sengebieten 790,1754,160,29
dieser 964,1754,79,24
Welt 1054,1755,58,23
auf 1124,1755,42,23
sein 1175,1755,51,23
Leben 1241,1755,76,23
haben. 1331,1755,87,24
<EOS>
Durch 1433,1756,72,23
die 1519,1756,37,23
Kombination 1570,1756,166,24
von 1749,1763,46,17
beeindruckenden, 1809,1756,237,28
bisweilen 2059,1757,121,23
schmerzhaft 790,1792,159,23
grausamen 962,1799,142,22
Fotografien 1119,1793,147,28
mit 1280,1793,40,23
den 1333,1793,45,23
authentischen 1391,1793,185,24
Aussagen 1588,1795,126,28
Greenes 1728,1795,104,22
entsteht 1845,1795,107,23
ein 1965,1795,37,23
eindrucksvol¬ 2015,1795,176,23
les 791,1830,34,23
Porträt 839,1831,88,22
des 940,1830,44,23
Fotografen. 997,1830,149,29
<EOS>
«Dies 791,1907,69,22
Buch 875,1906,61,24
ist 950,1907,28,23
wie 990,1907,43,23
ein 1046,1907,37,23
Schlachtfeld. 1096,1907,168,23
<EOS>
Liebe, 1278,1907,76,27
Hass, 1368,1908,68,26
Action, 1448,1908,90,26
Gewalt, 1551,1908,96,27
Tod. 1659,1908,56,23
<EOS>
In 1731,1908,19,22
einem 1764,1908,77,23
Wort: 1854,1909,70,22
Emotionen.» 1939,1908,163,23
<EOS>
Süddeutsche 789,1944,169,23
Zeitung 965,1944,99,30
<EOS>
<EOP>
*ffl 902,1299,64,35
<EOS>
<EOP>
^ 346,2238,25,16
PH* 345,2252,55,25
<EOS>
<EOP>
Jean-Pierre 1604,2087,149,27
Griiter 1763,2088,84,22
Wohnort 1604,2133,178,36
Autobahn 1794,2133,199,37
Abitare 1603,2192,150,37
l'autostrada 1768,2191,248,38
deutsch 1604,2281,102,24
/ 1717,2280,10,29
italienisch 1738,2281,130,24
272 1605,2325,47,22
Seiten, 1665,2319,88,27
mit 1767,2320,40,23
31 1819,2326,27,22
grossformatigen 1858,2320,213,29
Falttafeln 2086,2320,119,24
93 1604,2363,30,23
farbige 1648,2357,89,28
Abb. 1749,2357,59,23
<EOS>
und 1822,2357,47,23
33 1883,2364,30,22
Illustrationen 1927,2357,171,24
Hardcover 1605,2394,133,24
CHF 1604,2433,50,23
88.-/Euro 1665,2432,143,28
<EOS>
54- 1821,2440,55,22
ISBN 1605,2471,60,22
978-3-7165-1608-9 1678,2472,247,28
Jean-Pierre 787,2546,143,26
Grüter 943,2547,81,22
fotografierte 1035,2546,162,29
für 1210,2546,35,24
diesen 1256,2546,83,24
Bildband 1355,2547,114,23
bei 1484,2547,37,23
30 1534,2554,31,22
Familien 1578,2548,107,22
oder 1699,2548,59,23
Personen, 1770,2548,129,27
die 1913,2548,38,23
unmittelbar 1964,2548,153,23
an 2128,2555,28,16
der 788,2583,43,24
Autobahn 840,2584,127,23
zwischen 980,2584,117,23
Luzern 1113,2586,82,21
und 1211,2584,45,24
Mailand 1271,2584,101,24
wohnen. 1385,2585,112,23
<EOS>
In 1512,2587,20,21
fotografischen 1546,2585,186,29
Triptychen 1745,2586,136,29
werden 1895,2586,94,23
die 2003,2587,38,22
Menschen, 2055,2587,139,26
ihr 789,2621,32,23
Lebensumfeld 834,2621,182,24
und 1030,2622,47,23
ihr 1091,2622,33,23
räumlicher 1136,2622,138,23
Bezug 1286,2623,78,28
zur 1375,2629,40,17
Autobahn 1425,2623,127,23
dargestellt. 1565,2623,148,29
<EOS>
Zusätzlich 1725,2624,129,23
wird 1867,2624,54,23
in 1935,2624,20,23
Interviews 1970,2625,133,23
den 2117,2624,45,24
Gründen 788,2659,109,24
nachgegangen, 913,2659,198,29
weshalb 1124,2659,106,24
jemand 1243,2660,96,29
so 1351,2667,29,17
nah 1394,2660,44,24
an 1452,2667,29,17
der 1495,2660,42,24
Autobahn 1547,2661,126,24
lebt. 1688,2661,55,24
<EOS>
Jean-Pierre 1755,2662,143,26
Grüter 1911,2663,81,23
weist 2002,2662,68,24
hier 2084,2662,49,24
auf 2143,2662,41,24
originelle 788,2697,121,29
Art 921,2699,37,22
und 971,2697,46,24
Weise 1030,2698,77,23
auf 1120,2698,42,23
den 1172,2698,46,23
Konflikt 1233,2698,99,24
zwischen 1344,2698,117,24
dem 1475,2699,54,23
Bedürfnis 1544,2699,123,24
unserer 1681,2706,97,17
Gesellschaft 1789,2700,158,23
nach 1960,2700,58,23
Mobilität 2033,2700,115,24
und 789,2736,47,22
Güteraustausch 849,2736,203,23
und 1067,2736,46,23
dem 1127,2736,53,23
Wunsch 1194,2736,101,23
nach 1310,2736,57,23
Lebensqualität 1383,2736,193,30
hin. 1589,2737,46,23
<EOS>
Ausstellung: 786,2812,167,29
«Wohnort 966,2812,128,23
Autobahn», 1105,2812,151,27
Fotografien 1271,2813,146,28
von 1430,2819,47,17
Jean-Pierre 1489,2813,143,26
Grüter 1644,2814,81,22
Im 789,2854,28,22
Verkehrshaus 830,2853,178,24
der 1021,2854,42,23
Schweiz, 1074,2854,112,27
Luzern, 1201,2855,92,26
vom 1306,2861,53,17
8. 1372,2857,22,21
<EOS>
Dezember 1409,2855,131,23
2009 1551,2862,64,23
bis 1629,2855,36,24
Sommer 1677,2856,109,23
2010 1798,2862,60,18
<EOS>
<EOP>
Benteli 788,2955,93,24
Verlags 890,2955,103,30
AG, 1001,2957,45,26
Steinackerstrasse 1056,2956,241,23
8, 1306,2957,25,27
CH-8583 1340,2957,115,28
Sulgen 1465,2957,92,28
Tel 787,2994,38,24
+41(0)71644 834,2993,168,30
91 1012,3001,27,22
31, 1049,3001,35,22
Fax 1095,2996,41,22
+41 1145,3001,44,22
(0)71644 1200,2994,120,29
9139, 1329,3001,76,23
info@benteli.ch, 1416,2996,213,27
<EOS>
www.benteli.ch 1638,2996,204,23
<EOS>
<EOS>
<EOP>
