2312,3102
Du 1842,163,33,18
803 1886,163,34,18
- 1928,173,14,1
Januar/Februar 1950,160,175,24
2010 2133,163,47,18
<EOS>
<EOP>
Gibt 1098,544,53,22
es 1157,553,21,13
eine 1184,546,48,20
neue 1239,553,53,13
Suhrkamp-Kultur? 1304,545,228,28
<EOS>
<EOP>
VERLAG 772,1053,705,193
BERLIN/UND 847,1255,558,96
FRANKFURT 843,1356,556,93
<EOS>
<EOP>
<EOS>
bis 931,1715,126,87
morgen. 1087,1749,366,83
<EOS>
<EOP>
Antwortkarte 697,2484,213,31
schon 924,2485,88,30
weg? 1026,2484,80,40
<EOS>
Rufen 700,2532,74,26
Sie 787,2532,36,26
uns 836,2539,43,19
an: 891,2539,36,19
Tel.: 696,2574,51,25
<EOS>
+41 757,2576,46,23
(0)55 822,2574,70,33
220 905,2576,52,24
81 969,2576,26,24
90 1013,2575,35,25
<EOS>
<EOP>
BERLIN/UND 323,2705,259,45
FRANKFURT 323,2752,256,44
<EOS>
<EOP>
Bleiben 1687,2367,118,32
Sie 1820,2367,47,32
im 1881,2367,37,31
Dialog. 1934,2367,113,40
<EOS>
Abonnieren 1683,2417,182,31
Sie 1880,2417,44,32
Du 1937,2420,45,28
und 1996,2417,56,31
lassen 2069,2417,93,31
Sie 1685,2468,43,31
sich 1741,2468,57,31
von 1812,2477,54,22
den 1881,2468,55,31
spannendsten 1952,2468,218,39
Entwicklungen 1687,2519,228,39
im 1932,2519,33,30
breiten 1982,2519,107,30
Feld 2106,2519,60,30
der 1685,2570,49,30
Kultur 1748,2570,94,30
überraschen. 1856,2569,198,31
<EOS>
Bestellung 1687,2670,161,40
und 1864,2670,56,31
Information: 1938,2670,189,31
Tel.: 1682,2721,60,31
<EOS>
+41 1754,2723,56,29
(0)55 1831,2720,82,40
220 1930,2722,61,30
81 2005,2722,31,30
90 2058,2722,42,30
abo@du-magazin.com 1685,2772,346,39
<EOS>
www.du-magazin.com 1684,2823,347,39
<EOS>
<EOS>
<EOP>
