2312,3102
-J 1226,90,76,52
/ 1588,90,43,37
<EOS>
<EOP>
* 1744,256,88,69
M 1732,386,78,47
<EOS>
<EOP>
^y 2073,518,37,24
s 483,560,27,23
<EOS>
<EOP>
Oben 202,1131,60,22
rechts: 273,1131,73,21
Im 358,1132,25,21
Treppenhaus 392,1131,147,28
des 549,1131,37,22
Verlags, 594,1131,90,28
Siegfried 695,1131,98,28
<EOS>
<EOP>
Unseld 283,1167,76,22
vor 369,1173,35,16
dem 413,1168,47,21
Porträt 472,1168,78,21
von 558,1174,39,16
Peter 610,1169,56,21
Suhrkamp. 676,1168,118,27
<EOS>
Links: 230,1218,60,22
Joachim 299,1218,91,22
Unseld 402,1218,76,22
mit 489,1218,36,22
seinem 533,1218,77,22
Vater 620,1219,62,21
Siegfried, 690,1218,104,27
Diogenes-Empfang 149,1253,213,28
im 374,1260,24,15
Frankfurter 411,1253,125,22
Hof, 547,1254,42,24
8. 599,1255,19,21
<EOS>
Oktober 629,1254,92,22
1998. 732,1255,62,21
<EOS>
<EOP>
Rechts: 199,1303,80,22
Ulla 290,1303,43,22
Unseld-Berkéwicz 345,1303,200,22
vor 553,1311,35,14
dem 596,1304,47,21
Porträt 656,1306,78,20
ihres 744,1304,51,22
Mannes, 216,1341,94,23
in 322,1346,17,15
der 350,1339,35,22
Ausstellung 393,1339,134,28
Siegfried 537,1339,101,28
Unseld 648,1339,78,22
- 732,1353,16,2
Der 758,1341,40,20
<EOS>
<EOP>
Verleger, 445,1375,94,28
28. 550,1377,33,21
<EOS>
September 594,1376,124,28
2004. 727,1377,67,21
<EOS>
<EOP>
« 1900,1256,10,12
<EOS>
<EOP>
* 1730,1362,29,21
<EOS>
<EOP>
"%, 1995,1912,41,41
\' 1368,2042,31,53
<EOS>
<EOP>
Nach 157,2273,73,26
wochenlangen 244,2273,202,34
Presse-Spekulationen 460,2273,301,34
gab 772,2273,50,34
der 833,2273,45,26
Verlag 890,2273,91,34
im 993,2275,36,24
Feb¬ 1041,2273,63,26
ruar 157,2333,60,16
2009 227,2324,64,25
bekannt, 302,2323,123,31
dass 436,2323,57,26
er 503,2333,26,16
— 538,2340,19,2
gegen 566,2334,81,23
den 657,2323,51,26
Willen 718,2323,96,26
von 824,2333,50,16
achtzig 884,2323,101,34
Prozent 995,2325,110,24
seiner 157,2375,81,24
Mitarbeiter 253,2373,158,26
— 424,2390,19,2
von 457,2383,48,16
Frankfurt 521,2373,141,26
nach 677,2373,65,26
Berlin 758,2373,84,26
umziehen 858,2373,139,26
werde. 1013,2373,91,26
<EOS>
Wie 157,2424,57,24
man 228,2433,62,15
in 305,2424,26,24
der 345,2422,44,27
Branche 404,2423,114,25
vermutete, 533,2431,147,23
diente 693,2423,84,26
der 792,2423,44,26
Umzug 851,2425,107,32
vor 971,2433,43,15
allem 1028,2423,76,25
dazu, 157,2473,77,31
den 246,2472,51,27
Personalbestand 310,2472,228,27
wegen 552,2483,88,24
erheblicher 654,2473,155,26
finanzieller 821,2473,159,26
Schwie¬ 994,2473,110,26
rigkeiten 158,2523,123,33
kostenschonend 292,2522,222,26
auf 526,2523,47,25
etwa 579,2531,65,17
die 655,2523,42,25
Hälfte 709,2523,89,25
zu 809,2533,33,15
minimieren. 854,2525,173,23
<EOS>
<EOP>
Zu 282,2573,39,25
den 335,2572,50,26
nächsten 400,2572,120,26
Schlagzeilen 535,2573,175,34
kam 725,2573,61,25
es, 801,2583,33,20
als 848,2573,34,25
der 897,2573,44,25
Suhrkamp 956,2573,149,33
Verlag 157,2622,90,34
im 262,2624,34,24
November 312,2623,147,25
2009 472,2624,66,24
den 551,2623,49,25
Verkauf 616,2623,116,25
des 742,2623,43,25
Verlagsarchivs 799,2623,200,34
an 1013,2633,33,15
das 1060,2622,45,26
Deutsche 159,2673,127,25
Literaturarchiv 302,2673,211,25
in 530,2675,25,22
Marbach 571,2673,123,25
bekannt 710,2673,114,25
gab. 837,2673,56,34
<EOS>
Damit 910,2674,91,24
wurde 1015,2673,90,25
über 157,2723,62,25
Nacht 229,2723,85,25
eine 323,2724,55,24
Vereinbarung 387,2723,195,34
mit 590,2725,48,23
der 646,2723,45,25
Universität 700,2725,153,23
Frankfurt 861,2723,142,25
hinfäl¬ 1013,2723,92,25
lig, 157,2773,41,34
der 208,2773,44,25
2003 262,2774,63,24
das 336,2773,44,25
Verlagsarchiv 390,2773,188,34
als 589,2773,35,25
Dauerleihgabe 635,2773,203,34
zugesichert 848,2773,158,34
wurde 1016,2773,89,25
und 157,2823,54,25
die 223,2823,40,25
dafür 273,2822,78,25
eigens 362,2824,84,33
eine 456,2824,56,24
Forschungsstelle 523,2823,230,34
eingerichtet 763,2823,163,34
hatte. 937,2823,75,25
<EOS>
<EOP>
Zwei 1163,2274,69,25
Wochen 1243,2273,114,26
später 1368,2278,81,29
folgte 1460,2273,77,34
die 1548,2273,40,26
Nachricht, 1599,2273,148,31
Joachim 1759,2272,112,32
Unseld 1882,2272,97,26
habe 1991,2272,64,26
sei¬ 2066,2273,45,25
ne 1162,2333,32,16
Verlagsanteile 1207,2323,195,34
von 1416,2333,48,16
zwanzig 1478,2324,119,33
Prozent 1610,2324,109,24
zu 1732,2333,33,15
gleichen 1778,2322,114,34
Teilen 1906,2322,85,26
an 2005,2333,32,15
Ulla 2052,2322,59,26
Berkéwicz 1164,2373,146,26
und 1322,2373,53,26
die 1387,2373,40,26
von 1439,2383,49,16
Hans 1500,2375,74,24
Barlach 1588,2373,103,26
geleitete 1703,2373,111,33
Medienholdung 1826,2372,225,34
AG 2062,2373,49,25
Winterthur 1163,2423,162,25
verkauft. 1338,2423,123,25
<EOS>
Damit 1474,2424,91,24
wurde 1577,2422,90,26
endlich 1679,2422,102,26
ein 1792,2424,40,24
Schlussstrich 1846,2421,179,27
unter 2038,2430,74,17
einen 1162,2474,75,25
langjährigen 1250,2473,177,34
Konflikt 1440,2472,120,26
zwischen 1572,2472,128,26
dem 1712,2472,60,26
Sohn 1785,2472,71,26
und 1869,2472,54,26
der 1935,2472,44,26
nur 1992,2482,48,15
fünf 2052,2471,63,26
Jahre 1164,2523,72,31
älteren 1245,2523,94,25
Witwe 1349,2524,93,24
Siegfried 1451,2522,124,34
Unselds 1585,2522,110,26
gezogen, 1703,2532,124,24
der 1836,2522,45,26
fortlaufend 1891,2521,155,26
An¬ 2057,2523,54,24
wälte 1163,2573,73,25
und 1252,2573,54,25
Gerichte 1322,2572,120,26
beschäftigt 1457,2572,153,34
hatte. 1626,2572,75,26
<EOS>
Die 1717,2573,49,25
Chronique 1781,2572,151,34
scandaleuse 1948,2571,164,26
des 1163,2623,44,25
Suhrkamp 1218,2622,149,35
Verlags 1378,2623,101,33
fand 1491,2622,60,26
damit 1563,2622,82,26
ein 1655,2624,42,24
Ende. 1708,2622,79,26
<EOS>
Vorläufig 1799,2621,131,34
jedenfalls. 1941,2621,139,34
<EOS>
< 2095,2632,14,14
<EOS>
<EOP>
Manfred 1163,2787,101,22
Stahl, 1271,2788,66,25
geboren 1347,2788,90,27
1961 1452,2789,50,20
in 1515,2788,19,20
Bonn, 1545,2789,62,23
ist 1619,2791,26,17
Literaturwissenschaftlet 1654,2786,271,22
und 1933,2786,43,22
Publizist. 1985,2786,98,22
<EOS>
Ei 1163,2827,24,20
verfolgt 1195,2826,87,28
die 1289,2826,33,21
Suhikamp-Soap 1330,2826,177,27
als 1517,2826,32,21
Zeitungsleset 1556,2825,151,28
und 1715,2825,44,22
voi 1767,2832,35,15
Ott 1809,2826,38,21
in 1854,2825,20,21
Frankfurt. 1884,2825,107,21
<EOS>
<EOP>
4') 2090,2970,22,17
<EOS>
<EOP>
