2312,3102
I. 201,146,14,17
<EOS>
Autoren 224,146,90,17
- 323,157,12,1
Gion 343,145,53,18
Mathias 405,144,86,19
Cavelty 500,144,79,25
im 588,145,28,18
Gespräch 624,143,102,26
mit 734,145,36,18
David 778,143,65,20
Signer 853,144,67,25
<EOS>
<EOP>
er 202,316,24,15
unter 240,313,74,18
dem 327,305,59,26
Zerwürfnis 400,305,162,26
litt, 575,305,46,31
und 635,305,54,25
sagte: 703,312,77,27
Ich 794,305,43,25
hoffe, 850,304,79,31
dass 941,304,57,25
der 1011,304,45,25
Adler 1069,304,79,25
irgendwann 202,356,168,33
wieder 382,356,96,25
ins 489,366,38,15
Nest 538,356,64,24
zurückfindet. 614,355,191,25
<EOS>
<EOP>
Es 201,456,30,25
gingen 240,455,100,34
auch 351,455,68,26
jede 426,455,63,34
Menge 500,456,95,32
Berühmtheiten 606,454,213,26
dort 830,454,62,26
ein 901,454,40,26
und 954,454,55,26
aus. 1019,461,55,18
<EOS>
Ja, 202,507,33,30
all 248,505,32,26
diese 295,505,68,26
Junggenies, 376,506,162,33
die 552,505,41,25
ganz 606,516,69,22
andere 688,505,93,25
Ziele 796,505,68,25
im 878,505,36,25
Kopf 930,504,73,34
hatten 1013,504,88,26
als 1114,504,35,26
ich, 202,555,47,32
die 265,555,41,26
sich 323,555,50,26
in 390,556,27,25
der 433,555,45,26
deutschen 494,555,138,26
Literatur 649,556,127,24
verewigen 792,556,143,32
wollten. 952,555,109,25
<EOS>
Durs 1080,555,69,25
Grünbein, 202,605,146,32
von 358,616,48,15
dem 417,605,61,26
Kaliber. 488,605,111,26
<EOS>
Und 610,605,61,25
wie 682,606,48,24
die 740,605,41,25
gefachsimpelt 790,605,193,33
haben! 993,605,93,25
<EOS>
Die 1100,605,49,25
wussten 202,664,111,18
Bescheid 329,655,121,27
über 465,655,62,27
den 541,655,51,26
Staatschef 605,655,146,26
von 761,665,48,16
Laos 824,656,66,25
bis 903,654,37,27
zur 955,665,47,15
seltensten 1015,654,134,26
Kartoffelsorte 202,706,196,26
Südamerikas. 415,705,191,27
<EOS>
Brillant. 624,705,114,26
<EOS>
Zweifellos 756,705,142,26
werden 915,704,104,26
Strassen 1035,706,115,24
nach 202,756,64,25
ihnen 278,756,78,25
benannt 367,756,116,25
werden. 494,755,111,26
<EOS>
<EOP>
Im 202,857,34,24
Gegensatz 249,856,151,33
zu 407,863,33,18
Unseld 453,854,98,27
waren 561,862,86,19
die 659,854,42,27
Kritiker 712,853,107,28
nicht 827,853,74,28
alle 910,853,51,27
begeistert 971,853,147,34
von 202,914,49,18
Ihren 262,905,73,26
Büchern. 347,905,122,26
<EOS>
Nach 202,957,74,25
der 295,957,44,25
Trilogie 356,956,113,34
schrieb 487,956,99,25
ich 603,956,40,25
F.ndlich 658,957,104,24
<EOS>
Nichtleser, 780,957,139,28
vor 940,966,43,14
allem 1001,955,77,25
auf¬ 1095,955,54,25
grund 202,1007,86,34
der 309,1007,45,24
vielen 373,1006,83,25
Negativkritiken 476,1006,227,34
über 723,1005,63,25
meine 806,1007,86,23
Bücher. 912,1005,106,25
<EOS>
Unselds 1039,1005,111,25
Überengagement 202,1052,247,39
reizte 461,1057,78,24
viele, 553,1056,70,30
um 638,1066,45,15
kräftig 698,1055,97,35
auf 808,1055,48,26
mich 864,1055,71,26
einzuschlagen 948,1055,202,34
<EOS>
<EOP>
— 201,1124,18,1
zu 233,1117,32,15
Unrecht, 280,1107,124,30
wie 417,1107,50,24
ich 481,1106,40,25
finde. 534,1106,79,25
<EOS>
Es 628,1107,33,24
ist 676,1107,30,24
unglaublich, 720,1106,175,34
wie 909,1107,49,23
man 972,1116,63,14
damals 1049,1105,101,25
mit 202,1158,48,24
einem 262,1158,85,24
Büchlein 362,1157,124,25
provozieren 500,1157,165,33
konnte. 679,1156,104,25
<EOS>
Die 797,1157,50,24
haben 859,1156,85,25
mich 958,1155,69,26
gehasst. 1040,1155,109,35
<EOS>
Der 202,1208,55,24
Tenor 274,1207,84,25
war: 377,1217,60,15
«Wertlose 458,1207,139,25
Sprachspielereien 616,1206,245,34
eines 879,1207,69,24
Spätpubertä- 966,1206,184,34
ren». 203,1267,67,15
<EOS>
Das 284,1258,55,24
hat 351,1256,44,26
mich 408,1256,70,26
schon 491,1256,79,26
sehr 583,1256,59,25
getroffen; 654,1256,138,33
für 805,1256,43,25
mich 861,1256,69,25
hing 944,1256,64,33
gewisser¬ 1020,1256,129,33
massen 202,1317,102,15
mein 318,1308,69,24
Leben 404,1306,87,26
an 505,1317,33,15
diesen 551,1306,88,25
Büchern. 654,1306,126,25
<EOS>
Das 795,1306,53,25
Wichtige 862,1306,129,33
war 1005,1316,52,14
nicht, 1071,1305,79,31
dass 202,1356,58,27
sie 278,1358,34,24
bei 329,1356,40,26
Suhrkamp 388,1356,151,34
verlegt 557,1356,95,34
waren, 669,1367,96,20
sondern 782,1356,113,25
einfach, 913,1356,110,30
dass 1041,1356,57,25
sie 1117,1366,33,15
draussen 202,1407,124,26
waren. 338,1416,94,17
<EOS>
<EOP>
Da 202,1508,41,24
war 256,1514,53,18
auch 318,1505,69,27
Neid 399,1505,68,27
im 476,1505,33,27
Spiel. 520,1505,74,33
<EOS>
Klar, 203,1557,70,31
wenn 288,1567,75,15
ich 378,1556,39,26
jetzt 432,1558,61,32
Fotos 505,1558,76,24
von 595,1566,48,16
mir 659,1557,49,24
von 723,1566,47,16
damals 786,1556,100,26
in 900,1557,26,24
den 940,1555,50,26
Zeitungen 1004,1556,146,33
anschaue 202,1607,127,25
- 340,1624,18,2
ich 368,1607,39,25
würde 420,1606,90,26
wahrscheinlich 522,1606,212,26
auch 746,1606,63,26
allergisch 821,1606,132,34
reagieren 966,1607,130,33
auf 1107,1605,48,26
dieses 203,1657,80,25
arrogante 294,1665,134,26
Bürschchen! 441,1656,172,26
<EOS>
Wie 205,1756,50,25
reagierte 265,1756,130,33
Unseld 407,1755,98,26
auf 515,1755,51,26
«Endlich 573,1755,118,26
Nichtleser»? 703,1754,174,27
<EOS>
F.ndlich 202,1808,102,23
<EOS>
Nichtleser 319,1807,136,24
war 470,1816,52,15
eine 537,1807,54,24
Abrechnung 606,1805,174,34
mit 794,1807,47,23
dem 855,1805,59,25
Buchbetrieb, 930,1805,173,31
an 1118,1815,32,15
dessen 202,1857,88,25
Ende 301,1856,72,26
dann 384,1856,72,25
die 467,1856,39,25
Frankfurter 516,1856,167,25
Buchmesse 695,1856,152,25
in 859,1857,25,23
die 895,1856,40,24
Luft 946,1855,62,25
gesprengt 1018,1863,133,26
wird 203,1907,64,25
und 279,1907,54,25
die 345,1907,40,25
Kritiker 397,1906,113,26
alle 522,1906,45,26
einen 579,1908,74,23
grauenhaften 664,1906,184,34
Tod 860,1906,55,25
erleiden. 927,1906,115,25
<EOS>
Unseld 1054,1905,96,26
schrieb 203,1957,97,25
mir: 309,1958,55,24
«Ich 377,1957,56,25
bin 443,1957,43,25
sehr 495,1957,56,24
irritiert.» 560,1957,123,24
<EOS>
Offenbar 695,1956,125,25
machte 830,1956,98,25
es 937,1966,24,15
ihm 971,1956,54,24
wirklich 1035,1956,115,24
zu 203,2017,33,15
schaffen, 250,2007,121,30
das 384,2007,44,24
spürte 443,2010,84,30
ich. 541,2006,45,25
<EOS>
Auch 602,2006,73,25
der 689,2006,44,25
schnoddrige 747,2006,168,33
Stil. 930,2005,50,25
<EOS>
Es 996,2007,32,23
war 1042,2016,53,14
ab¬ 1108,2005,42,25
sichtlich 203,2057,111,25
schlecht 329,2056,108,26
geschrieben, 451,2056,170,34
damit 636,2056,81,25
man 731,2066,61,15
mit 809,2057,45,24
dem 869,2055,59,26
Lesen 943,2057,81,24
aufhört. 1040,2055,110,26
<EOS>
Das 203,2108,53,24
war 268,2117,52,15
im 332,2108,34,24
Jahr 380,2107,56,30
2000. 448,2107,71,24
<EOS>
Das 532,2107,52,24
Buch 597,2106,69,25
störte 678,2110,74,21
unser 764,2116,74,15
Verhältnis, 850,2106,148,30
und 1010,2106,53,25
nach¬ 1075,2106,76,25
her 203,2156,43,26
hatte 257,2156,67,26
ich 335,2156,38,26
keinen 384,2156,92,26
grossen 486,2167,102,23
Kontakt 599,2156,116,25
mehr 725,2156,73,25
mit 809,2156,46,25
ihm. 865,2156,62,25
<EOS>
So 939,2156,33,25
war 983,2166,52,15
Unseld: 1046,2155,104,26
Erst 203,2208,56,24
die 273,2206,39,26
grosse 326,2217,84,23
Liebe, 422,2206,86,31
und 521,2206,54,25
manchmal 589,2206,147,25
schlug 751,2206,86,33
sie 851,2207,32,24
dann 897,2206,70,25
plötzlich 981,2206,118,33
ins 1113,2206,38,24
Gegenteil 203,2256,131,33
um. 345,2267,53,14
<EOS>
Ich 409,2256,42,25
habe 461,2256,65,25
das 536,2256,44,25
auch 590,2256,64,25
von 664,2266,48,15
andern 722,2255,97,26
Autoren 829,2256,114,25
gehört. 953,2255,94,34
<EOS>
Wenig 205,2355,87,33
später 301,2356,94,32
starb 401,2355,75,26
er. 487,2362,30,19
<EOS>
Ja, 203,2408,34,30
im 248,2407,36,25
November 296,2405,150,27
2002. 456,2407,74,25
<EOS>
Als 541,2405,47,26
sein 599,2407,55,25
Sarg 664,2406,65,33
auf 738,2405,49,26
dem 792,2405,61,26
Frankfurter 864,2405,174,26
Haupt¬ 1049,2406,102,33
friedhof 204,2456,119,26
in 338,2458,25,23
die 384,2456,41,26
Erde 445,2456,68,25
gelassen 532,2455,116,34
wurde 667,2455,92,26
und 778,2455,55,26
auch 853,2455,65,26
ich 938,2455,39,26
mit 997,2457,49,24
einem 1064,2465,86,16
Schäufelchen 204,2505,188,26
etwas 402,2514,79,17
Erde 491,2505,69,26
hinunterwarf, 570,2505,200,31
wusste 781,2513,94,18
ich, 886,2504,49,32
dass 945,2504,58,26
jetzt 1013,2506,63,32
auch 1085,2504,66,26
meine 203,2557,87,24
Zeit 301,2557,58,24
bei 369,2555,40,26
Suhrkamp 422,2555,153,35
vorbei 586,2555,87,26
war. 686,2565,58,16
<EOS>
Und 759,2555,60,26
das 831,2555,45,26
war 889,2565,53,16
dann 954,2554,71,27
auch 1038,2554,65,27
so. 1116,2565,35,16
<EOS>
Die 204,2607,51,24
Leute, 266,2608,91,29
mit 368,2607,49,24
denen 429,2606,86,25
ich 527,2605,40,26
beim 580,2605,70,26
Verlag 663,2605,94,34
zu 769,2616,34,15
tun 815,2613,48,18
hatte, 875,2605,79,31
wurden 968,2605,110,26
bald 1091,2605,60,26
in 204,2658,26,23
alle 249,2656,48,25
Winde 316,2656,97,25
zerstreut. 433,2664,132,17
<EOS>
Das 585,2657,54,24
Lektorat 659,2655,123,26
wechselte 801,2655,135,26
völlig. 956,2655,84,34
<EOS>
Wahr¬ 1060,2655,91,26
scheinlich 204,2706,141,25
hatte 358,2706,70,25
ich 442,2706,41,25
mit 496,2707,48,24
meiner 557,2707,100,24
Art 671,2707,50,24
zu 735,2716,33,15
schreiben 782,2705,135,26
von 930,2715,50,16
Anfang 994,2705,111,34
an 1118,2715,33,16
nicht 204,2756,70,25
sehr 289,2756,57,25
viele 362,2756,62,24
Freunde 438,2756,119,24
im 572,2757,36,23
Hause, 622,2757,100,29
und 736,2755,55,25
nach 805,2755,67,25
Unselds 886,2755,112,25
Tod 1012,2755,56,25
noch 1084,2755,67,25
weniger. 204,2807,119,33
<EOS>
<EOP>
Aber 1205,303,72,26
Sie 1284,303,41,26
schrieben 1334,302,137,27
weiter? 1483,302,101,27
<EOS>
Ich 1208,354,43,25
schrieb 1263,354,98,25
über 1373,354,63,25
Jahre 1449,354,73,31
an 1535,364,32,15
einem 1580,356,85,23
rechercheintensiven 1679,354,274,25
okkulten 1966,353,126,25
Ro¬ 2105,355,51,23
man, 1207,414,71,21
der 1291,404,45,25
Suhrkamp 1350,404,149,34
jedoch 1512,404,92,34
nicht 1617,404,70,25
interessierte. 1700,405,172,24
<EOS>
Na 1886,405,42,23
ja, 1941,405,32,32
er 1985,414,27,14
war 2024,414,54,14
auch 2091,403,64,25
wirklich 1208,454,118,25
schlecht. 1338,454,117,25
<EOS>
Gescheitert. 1468,454,166,25
<EOS>
Im 1647,456,39,23
Nachhinein 1698,454,166,25
bin 1876,454,44,25
ich 1932,454,39,24
froh, 1983,454,66,30
dass 2061,453,57,25
er 2129,463,26,15
nie 1207,505,42,24
erschienen 1262,504,148,25
ist. 1423,505,38,24
<EOS>
Aber 1475,504,70,25
als 1558,504,35,25
ich 1607,504,39,25
dem 1659,504,61,25
Verlag 1735,504,90,34
mein 1837,505,71,23
letztes 1921,503,86,25
Buch, 2022,503,79,31
die 2115,503,41,25
Andouillette, 1205,555,176,30
schickte, 1392,554,118,31
bekam 1521,554,95,25
ich 1628,554,39,25
nicht 1678,554,70,25
einmal 1758,553,96,26
eine 1865,555,56,24
Antwort; 1932,555,130,29
wobei 2073,553,82,25
mich 1208,604,70,25
das 1291,604,46,25
nicht 1350,604,70,25
übermässig 1433,604,160,34
gekränkt 1606,604,130,34
hatte. 1749,604,76,25
<EOS>
Denn 1840,605,79,24
ich 1933,603,39,25
muss 1986,614,71,14
sagen, 2071,613,84,24
dass 1207,654,58,26
diese 1283,654,67,26
Suhrkamp-Welt 1368,654,228,34
auch 1613,654,64,25
immer 1696,655,93,24
etwas 1806,661,78,18
Unheimliches 1902,653,194,26
für 2114,653,42,26
mich 1208,704,70,26
hatte. 1296,704,76,26
<EOS>
Die 1391,705,50,25
Zusammenkünfte 1460,704,255,26
all 1734,704,32,25
der 1786,704,44,25
brillanten 1848,704,137,25
Köpfe, 2003,704,93,33
die 2115,704,40,25
dann 1208,754,70,26
so 1291,765,27,15
trefflich 1330,754,109,26
über 1452,754,63,26
die 1526,754,40,26
Frankfurter 1577,754,171,25
Schule 1759,754,92,25
diskutierten, 1863,754,176,30
von 2051,764,49,15
der 2112,753,43,26
ich 1208,804,39,26
überhaupt 1259,804,143,34
nichts 1414,804,80,26
wusste. 1506,812,100,17
<EOS>
Einmal 1617,803,105,26
sass 1734,814,49,15
ich 1794,803,40,26
mit 1845,805,47,24
Anthony 1903,803,124,34
Giddens 2039,803,117,26
am 1208,864,43,16
Tisch. 1262,854,86,26
<EOS>
Haben 1208,953,94,27
Sie 1313,953,41,27
mit 1364,953,49,27
ihm 1422,953,52,27
geredet? 1484,953,126,34
<EOS>
Ja, 1208,1006,34,30
ich 1256,1004,40,26
sagte: 1311,1012,77,26
«May 1405,1006,77,32
I 1497,1006,8,24
have 1521,1004,62,26
the 1598,1004,42,26
salt, 1655,1004,54,31
please.» 1724,1004,106,34
<EOS>
Vielleicht 1847,1004,133,25
war 1994,1014,53,15
ich 2062,1003,39,26
bei 2116,1003,39,26
Suhrkamp 1208,1055,150,34
von 1372,1065,48,15
Anfang 1434,1054,109,35
an 1554,1065,34,15
am 1601,1065,42,15
falschen 1658,1054,112,26
Ort 1783,1055,50,25
mit 1846,1055,47,25
meinen 1906,1055,102,25
abstrusen 2023,1053,133,27
Büchern. 1210,1105,124,25
<EOS>
Wenn 1350,1106,83,24
ich 1449,1105,38,25
solche 1503,1105,82,25
Geistesgrössen 1600,1106,204,32
traf, 1819,1104,56,31
habe 1890,1104,65,25
ich 1969,1104,40,25
zwar 2024,1114,70,15
im¬ 2108,1105,48,24
mer 1208,1165,55,15
gesagt: 1276,1162,95,27
Ah 1385,1155,43,25
ja, 1442,1156,31,33
ich 1486,1155,40,25
habe 1539,1155,65,25
eben 1617,1155,64,25
Ihr 1695,1155,42,24
neues 1752,1165,75,15
Buch 1841,1154,72,25
gelesen. 1924,1154,109,34
<EOS>
Aber 2046,1154,71,25
in 2130,1155,25,24
Wirklichkeit 1209,1205,180,25
interessierte 1401,1207,165,23
mich 1579,1205,69,25
diese 1660,1205,69,25
Art 1742,1207,49,23
Literatur 1803,1206,127,24
nicht 1942,1204,70,25
übermäs¬ 2024,1204,132,25
sig. 1209,1256,42,33
<EOS>
Mein 1263,1256,72,24
Lieblingsbuch 1347,1255,199,34
ist 1558,1256,30,24
immer 1599,1256,93,24
noch 1705,1255,65,25
Alice 1780,1256,68,23
im 1859,1265,34,14
Wunderland. 1908,1255,173,24
<EOS>
Jetzt 2093,1256,63,29
bin 1209,1305,44,25
ich 1267,1305,40,25
bei 1322,1305,39,25
einem 1377,1306,85,24
kleinen 1477,1305,104,25
Verlag, 1596,1305,98,34
Echtzeit, 1709,1305,125,30
und 1849,1304,55,25
den 1919,1304,50,25
Leuten 1985,1306,99,23
dort 2099,1304,57,25
kann 1209,1355,71,25
ich 1292,1355,40,25
auf 1343,1355,46,25
Augenhöhe 1397,1355,163,34
begegnen. 1571,1355,140,34
<EOS>
Wie 1210,1455,51,26
empfanden 1272,1454,161,34
Sie 1443,1455,41,26
die 1495,1455,42,25
Beerdigung 1548,1454,164,34
von 1724,1462,48,18
Unseld? 1786,1454,114,26
<EOS>
Das 1209,1507,53,24
war 1279,1516,53,15
eine 1347,1506,56,25
Inszenierung 1419,1506,186,32
von 1621,1516,49,14
Shakespeare'schen 1686,1505,258,33
Dimensionen. 1959,1505,197,25
<EOS>
Die 1209,1556,50,25
Witwe, 1270,1556,102,30
Ulla 1383,1555,60,26
Berkéwicz, 1455,1555,155,31
und 1620,1554,54,27
Sohn 1686,1554,71,26
Joachim 1768,1554,114,33
standen 1893,1554,109,26
am 2012,1565,43,15
Rande 2068,1554,88,26
des 1209,1605,43,26
Grabes, 1267,1605,106,31
würdigten 1389,1605,147,34
sich 1550,1605,51,26
aber 1615,1605,60,26
keines 1689,1605,86,26
Blickes. 1791,1604,105,26
<EOS>
Unheimlich. 1911,1604,175,26
<EOS>
An¬ 2101,1605,55,25
schliessend 1209,1655,153,26
fand 1378,1655,61,26
in 1454,1657,26,24
Siegfried 1495,1655,125,34
Unselds 1635,1655,110,26
heiligem 1759,1655,120,34
Arbeitszimmer 1895,1654,215,26
an 2123,1665,33,15
der 1209,1706,44,25
Klettenbergstrasse 1274,1706,258,33
vor 1552,1716,43,15
etwa 1615,1714,65,17
zwanzig 1701,1707,119,32
Leuten, 1839,1707,107,29
Autoren 1966,1706,116,25
und 2101,1704,55,27
Lektoren, 1210,1755,136,31
eine 1356,1757,56,23
höchst 1422,1755,91,25
seltsame 1523,1755,117,25
Veranstaltung 1650,1755,199,33
statt: 1859,1762,66,18
Die 1937,1756,49,24
Witwe 1996,1756,94,24
liess 2101,1754,55,25
die 1209,1805,41,25
letzten 1267,1804,93,26
Worte 1378,1806,87,24
ihres 1483,1804,66,26
Mannes, 1566,1806,120,30
die 1703,1804,41,26
sie 1761,1806,33,24
aufgenommen 1812,1804,203,34
hatte, 2033,1804,76,31
ab 2127,1803,30,27
Tonband 1209,1855,126,25
abspielen. 1348,1855,135,34
<EOS>
Das 1496,1856,53,24
altertümliche 1561,1855,187,25
Tonbandgerät 1761,1854,197,34
funktionierte 1970,1854,186,26
dann 1209,1905,71,25
zuerst 1293,1913,83,17
nicht 1387,1905,70,25
recht. 1468,1905,76,25
<EOS>
Es 1556,1907,33,23
war 1601,1915,53,15
wie 1666,1907,48,23
eine 1726,1906,55,24
spiritistische 1792,1904,172,35
Seance. 1976,1906,103,24
<EOS>
Man 2092,1906,64,24
hörte 1209,1955,72,25
also 1295,1955,52,25
die 1360,1955,40,25
zitternde 1414,1955,124,25
Stimme 1552,1957,110,23
des 1676,1955,44,25
Sterbenden, 1732,1955,167,30
der 1912,1955,44,25
sagte: 1969,1963,78,25
«Suhr¬ 2063,1954,93,26
kamp 1210,2005,79,34
lebt! 1300,2005,57,25
<EOS>
» 1365,2018,12,10
und 1389,2005,54,25
«Stützt 1455,2007,101,23
Ulla 1566,2005,59,25
<EOS>
». 1643,2018,19,11
<EOS>
Seltsamerweise 1673,2005,213,25
verstand 1896,2004,117,25
ich 2024,2004,39,25
zuerst 2073,2012,84,17
«Stürzt 1212,2057,103,23
Ulla!». 1332,2055,95,25
<EOS>
Zugegeben, 1445,2055,164,34
das 1625,2055,45,25
sind 1687,2055,55,25
heikle 1759,2055,85,25
Scherze, 1860,2054,118,31
die 1994,2054,41,26
ich 2051,2054,39,25
mir 2107,2056,49,23
jetzt 1210,2107,61,32
jedoch 1286,2105,91,34
erlauben 1393,2105,119,25
kann, 1529,2105,79,30
da 1624,2105,32,25
mich 1671,2105,70,25
nichts 1758,2105,80,25
mehr 1855,2105,74,24
mit 1945,2106,46,24
dem 2007,2104,60,26
Haus 2083,2106,73,23
verbindet. 1210,2155,138,25
<EOS>
Es 1362,2156,33,24
tobten 1410,2155,87,25
damals 1510,2155,100,25
ja, 1625,2156,31,33
seit 1670,2156,45,24
Jahren, 1728,2155,100,31
die 1842,2155,41,25
Nachfolgekämpfe, 1897,2154,259,35
und 1210,2205,54,25
jeder 1275,2205,70,34
in 1354,2206,27,24
Unselds 1391,2205,110,25
Umfeld 1512,2205,106,25
hoffte, 1630,2205,89,30
er 1729,2215,25,15
würde 1765,2205,91,25
das 1866,2205,45,24
Rennen 1922,2206,107,23
machen. 2040,2204,116,25
<EOS>
<EOP>
Was 1211,2305,57,25
vermuten 1280,2307,132,23
Sie, 1422,2304,48,30
hat 1483,2304,49,26
Unseld 1543,2303,99,27
so 1649,2311,31,18
von 1692,2311,49,18
Ihren 1753,2303,72,26
ersten 1836,2306,87,23
Büchern 1935,2303,116,26
eingenommen? 1209,2354,218,34
<EOS>
Es 1210,2406,33,24
gab 1253,2405,49,34
bei 1313,2405,40,25
Unseld 1364,2405,97,26
auch 1473,2405,65,26
eine 1549,2406,55,24
bubenhafte, 1615,2405,167,31
schalkhafte 1794,2405,161,25
Seite, 1966,2405,74,31
und 2051,2404,54,26
die 2117,2404,40,26
wurde 1210,2454,90,26
durch 1317,2454,81,26
dieses 1415,2455,80,25
Buch 1514,2455,70,25
vielleicht 1601,2454,125,26
angesprochen. 1742,2454,199,34
<EOS>
Ich 1959,2454,43,26
habe 2019,2454,65,26
ihm 2101,2454,55,25
diese 1210,2504,68,26
Frage 1289,2506,78,32
auch 1378,2504,64,26
einmal 1452,2504,95,26
gestellt, 1559,2504,105,34
und 1675,2504,53,26
er 1740,2515,25,15
antwortete: 1775,2512,159,18
«Wes 1947,2505,72,24
das 2029,2504,45,25
Herz 2085,2505,72,24
voll 1209,2554,49,27
ist, 1277,2555,38,31
des 1333,2554,42,26
geht 1393,2554,60,34
der 1470,2554,45,26
Mund 1532,2554,86,26
über.» 1636,2554,84,26
<EOS>
Eines 1740,2555,76,25
Herzensangelegenheit. 1835,2554,321,34
<EOS>
Und 1210,2605,61,26
genau 1287,2615,83,24
so 1387,2615,26,16
emotional 1429,2604,139,27
war 1585,2615,53,15
er 1654,2615,26,15
dann 1696,2604,71,26
enttäuscht 1783,2604,143,26
vom 1942,2615,60,15
Nichtleser. 2016,2605,140,25
<EOS>
Aber 1211,2655,69,26
ich 1296,2655,38,26
kann 1351,2655,71,26
es 1438,2665,25,16
mir 1480,2656,49,25
im 1545,2656,35,24
Prinzip 1597,2656,105,33
auch 1717,2654,64,27
nicht 1797,2654,70,26
erklären. 1882,2654,125,26
<EOS>
Denn 2023,2656,79,24
ich 2118,2654,38,26
hatte 1210,2705,68,26
ja 1290,2706,23,32
nichts, 1326,2705,90,31
mit 1428,2706,47,25
dem 1487,2705,60,26
ich 1560,2705,39,26
in 1612,2706,25,24
seiner 1651,2706,80,24
Welt 1744,2705,65,25
hätte 1821,2704,69,26
auftrumpfen 1902,2704,179,34
kön¬ 2094,2704,62,26
nen. 1210,2765,57,15
<EOS>
Wahrscheinlich 1281,2754,220,26
war 1514,2765,52,15
schon 1580,2754,78,26
bei 1670,2754,40,26
der 1724,2754,44,26
ersten 1781,2762,81,18
Begegnung 1875,2756,160,32
eine 2047,2755,56,25
ge¬ 2115,2764,42,24
wisse 1210,2806,73,24
Sympathie 1299,2804,147,34
da, 1462,2804,41,31
sonst 1519,2812,68,18
hätte 1602,2804,68,26
er 1686,2814,25,16
sich 1727,2804,51,26
nicht 1793,2804,71,26
die 1878,2804,41,26
Mühe 1935,2804,81,26
gemacht, 2030,2804,127,34
<EOS>
<EOP>
52 203,2954,21,18
<EOS>
<EOP>
