2312,3102
Ä 1455,103,42,63
« 688,111,13,13
r« 1384,149,32,32
»« 1426,183,24,13
t 1399,193,27,37
<EOS>
<EOP>
\ 479,349,27,74
l 528,357,24,127
« 1009,413,73,98
•* 583,411,23,22
<EOS>
<EOP>
t 1590,452,29,75
v. 1627,479,27,32
<EOS>
» 1461,506,49,60
V 1615,544,28,44
<EOS>
<EOP>
V 1560,628,25,21
I 1501,706,23,44
m 1400,737,32,28
•»¦« 1343,759,33,15
<EOS>
<EOP>
<EOS>
<EOS>
» 839,893,9,13
¦ 918,897,6,9
<EOS>
<EOP>
*» 1220,866,40,22
M 1266,872,28,14
<# 1237,896,64,45
^ 1169,902,48,35
5£ 797,918,125,83
** 797,1014,64,66
<EOS>
<EOP>
*. 1048,1143,24,19
<EOS>
V 799,1207,48,60
Jürgen 1818,1207,75,26
Habermas 1906,1205,116,21
und 2033,1205,40,21
seine 2084,1212,59,14
<EOS>
<EOP>
Frau 1820,1242,47,20
Ute 1879,1242,40,20
Wesselhoeft 1928,1240,142,22
mit 1820,1279,35,19
Siegfried 1865,1277,100,28
Unseld 1978,1277,77,22
(v.r.n.l.) 2067,1276,80,29
<EOS>
<EOP>
und 203,1423,54,25
damit 271,1423,83,26
den 367,1423,50,25
Blick 432,1423,70,25
erst 516,1431,48,18
konstituiert, 577,1423,171,29
der 761,1422,45,27
sich 820,1423,50,26
bis 884,1423,37,25
heute, 934,1423,83,30
sei 1030,1424,33,25
es 1078,1433,24,16
er¬ 1116,1433,35,16
wartungsvoll 203,1472,183,35
oder 404,1472,62,26
skeptisch, 483,1472,135,35
auf 635,1472,48,27
einen 695,1474,75,25
Verlag 787,1473,91,34
richtet, 896,1472,95,32
der 1008,1472,45,27
durch 1070,1473,80,26
reflektierendes 204,1523,205,26
Innehalten, 428,1522,160,32
durch 605,1522,81,27
Widerspruch 704,1522,185,35
und 908,1522,53,27
Erneuerung 980,1524,172,33
mentalitätsbildende 203,1573,277,26
Kraft 492,1573,77,26
entfaltet 579,1573,114,26
hat. 704,1573,50,26
<EOS>
<EOP>
Freilich 329,1623,104,25
hätte 447,1623,68,25
der 527,1623,45,25
Verlag 583,1623,92,34
auch 686,1623,63,25
mit 763,1625,46,23
diesen 820,1623,88,25
modernen 920,1623,143,25
Klas¬ 1077,1624,74,24
sikern 203,1673,83,25
allein 304,1673,75,25
gut 396,1681,47,26
leben 460,1673,72,25
können. 551,1673,111,25
<EOS>
Der 681,1674,53,24
Anstoss 752,1674,107,24
zum 877,1683,62,15
Aufbau 958,1673,108,25
eines 1083,1675,68,23
Wissenschaftsprogramms 203,1722,363,35
kam 578,1723,62,25
erst 650,1731,49,17
im 710,1724,36,24
Jahre 758,1723,72,30
1963. 843,1724,67,24
<EOS>
Als 922,1723,46,25
Nummer 980,1724,131,24
12 1124,1724,26,24
der 203,1772,43,25
edition 255,1774,90,23
suhrkamp 354,1773,134,33
erschien 499,1772,113,25
der 622,1772,44,25
Nachdruck 676,1772,159,25
eines 846,1774,68,24
Textes 923,1773,90,24
von 1023,1783,47,14
Lud¬ 1083,1773,68,25
wig 203,1824,52,32
Wittgenstein, 266,1824,190,33
der 467,1822,44,26
schon 522,1822,78,26
1960 615,1824,61,24
publiziert 687,1822,136,35
worden 834,1823,104,25
war, 952,1833,58,20
im 1021,1824,36,24
ersten 1069,1830,82,18
Band 203,1873,72,24
seiner 295,1874,81,24
Gesammelten 395,1874,179,23
Werke. 598,1874,84,28
<EOS>
Der 703,1874,54,24
unerwartete 775,1880,170,18
Erfolg 964,1873,89,34
dieses 1070,1873,81,25
roten 203,1930,70,17
Bändchens 295,1922,151,25
mit 466,1924,46,23
dem, 531,1922,68,31
wie 619,1924,48,23
es 686,1933,25,14
schien, 730,1922,95,30
fast 844,1923,47,24
unverständlichen 910,1923,240,25
Tractatus 203,1973,126,24
Logico-Philosophicus 341,1973,292,34
machte 647,1972,100,25
den 759,1972,50,25
Verleger 824,1973,117,33
nachdenklich. 953,1972,197,25
<EOS>
Die 202,2024,50,24
Zeit 265,2023,56,25
schien 334,2022,85,25
auch 432,2022,64,25
für 511,2024,41,23
wissenschaftliche 565,2022,243,25
Titel 820,2023,66,25
im 900,2024,36,23
engeren 949,2033,109,23
Sinne 1072,2024,79,24
reif 203,2072,50,25
zu 262,2083,33,15
sein. 308,2073,60,25
<EOS>
Damals 382,2072,109,25
besuchte 504,2072,119,25
er 636,2083,26,14
uns 675,2083,48,14
in 737,2073,24,24
Heidelberg, 776,2073,164,34
und 953,2072,53,25
ich 1021,2073,38,25
lernte 1073,2073,78,25
Siegfried 202,2123,125,33
Unseld 345,2122,95,25
als 469,2122,35,25
den 519,2122,49,25
fantasievollen 585,2122,189,25
Verleger 791,2123,117,33
kennen, 923,2123,111,29
der 1048,2123,45,25
für 1108,2123,43,25
das, 202,2172,54,30
was 266,2183,51,14
an 327,2183,32,14
der 369,2172,45,25
Zeit 424,2173,56,24
ist, 490,2173,38,29
ein 538,2173,40,24
geniales 588,2172,111,34
Gespür 710,2173,103,33
hat, 823,2173,51,30
und 884,2173,54,24
der, 948,2172,51,30
wie 1010,2173,47,25
er 1068,2183,26,15
mit 1104,2173,47,25
der 202,2222,44,25
edition 261,2223,91,24
suhrkamp 368,2223,134,33
bewiesen 521,2222,126,25
hatte, 665,2222,76,30
zur 759,2232,46,15
richtigen 823,2222,124,34
Zeit 964,2223,55,24
mit 1037,2223,47,24
den 1100,2222,51,26
richtigen 203,2272,123,33
Leuten 338,2273,97,24
die 447,2272,41,25
richtige 500,2272,105,33
Initiative 616,2272,125,25
ergreift. 752,2272,110,33
<EOS>
<EOP>
Nach 327,2322,74,25
Benjamin 423,2322,136,33
und 582,2322,53,25
Adorno 657,2322,108,25
hatte 787,2322,68,26
Unseld 876,2322,97,26
Bloch 996,2322,77,26
und 1096,2322,53,26
Wittgenstein 202,2373,181,32
an 393,2383,33,14
den 436,2372,50,25
Verlag 498,2372,90,33
gebunden. 597,2372,146,33
<EOS>
Er 755,2373,33,24
wollte, 799,2372,92,31
was 902,2383,51,15
so 963,2383,27,14
erfolgreich 1000,2372,150,34
in 202,2423,25,24
Gang 246,2422,79,34
gekommen 342,2421,157,34
war, 519,2432,58,20
nun 596,2432,54,15
mit 668,2423,48,24
der 733,2421,45,26
nächsten, 797,2422,129,30
seiner 945,2423,80,24
eigenen 1043,2423,106,33
Generation 202,2472,157,25
fortsetzen. 373,2471,147,26
<EOS>
Zwei 534,2472,69,25
Jahre 617,2471,73,32
später 704,2476,81,29
realisierte 799,2471,135,27
er 947,2482,26,15
seinen 986,2473,87,25
Plan 1089,2472,60,26
in 202,2522,26,25
Gestalt 242,2521,100,27
der 356,2521,44,26
Reihe 414,2521,79,26
Theorie. 509,2522,107,26
<EOS>
Ich 633,2521,43,26
hatte 690,2521,69,27
Dieter 774,2523,86,25
Henrich 875,2521,117,27
und 1008,2522,53,26
Jacob 1077,2522,74,32
Taubes 202,2571,99,26
als 312,2572,36,26
Mitherausgeber 360,2571,220,34
vorgeschlagen, 593,2571,204,35
Blumenberg 811,2572,173,34
war 995,2582,52,16
bereits 1059,2572,90,26
Autor 202,2623,82,25
des 295,2621,44,27
Hauses, 351,2623,110,29
später 472,2626,82,30
ergänzten 565,2626,139,30
wir 716,2623,48,24
uns 776,2632,47,16
um 836,2632,45,16
Niklas 893,2622,93,26
Luhmann. 999,2622,150,26
<EOS>
Karl 202,2671,61,26
Markus 277,2672,107,25
Michel 395,2671,94,26
war 503,2682,52,15
ein 565,2673,41,24
autonomer 617,2680,151,17
Lektor, 780,2672,101,31
der 892,2672,44,25
mit 947,2673,47,24
den 1004,2672,50,25
Anre¬ 1067,2674,82,23
gungen 201,2731,105,24
der 319,2721,44,26
Herausgeber 376,2721,179,34
souverän 567,2725,124,22
umging 704,2723,110,32
und 826,2721,55,26
im 894,2723,36,24
Übrigen 943,2718,115,37
dafür 1072,2722,77,25
sorgte, 202,2779,91,26
dass 304,2771,57,26
wir 373,2772,48,25
auch 432,2771,64,26
die 509,2771,40,26
neuen 560,2781,84,16
Stars 656,2772,70,25
aus 737,2781,44,16
Frankreich 793,2771,155,26
zur 961,2782,47,15
Kenntnis 1022,2773,127,24
nahmen. 202,2821,121,25
<EOS>
So 334,2823,34,23
hat 378,2821,44,25
das 431,2821,45,25
Wissenschaftsprogramm 487,2821,350,35
in 849,2823,26,23
der 886,2821,44,26
zweiten 941,2823,106,24
Hälfte 1060,2822,89,25
<EOS>
<EOP>
der 1210,1423,45,25
1960er-Jahre 1270,1423,173,31
die 1454,1423,41,26
bekannten 1507,1423,148,26
Konturen 1667,1425,136,24
angenommen. 1815,1434,202,23
<EOS>
Dass 2029,1425,66,24
sich 2107,1423,50,26
eine 1210,1474,56,25
Tradition 1282,1473,133,26
gebildet 1431,1473,111,34
hatte, 1559,1473,75,32
sah 1651,1473,45,26
man 1713,1483,61,16
daran, 1791,1473,90,31
dass 1897,1473,57,26
jeder 1971,1473,69,34
wusste, 2057,1482,101,23
welcher 1211,1523,107,26
Autor 1330,1524,82,25
nicht 1424,1523,70,26
bei 1505,1523,38,26
Suhrkamp 1557,1523,150,35
erscheinen 1719,1523,146,26
würde. 1879,1524,96,25
<EOS>
Nur 1988,1525,59,24
wenige 2060,1525,97,33
Autoren, 1210,1575,124,29
die 1345,1573,40,26
— 1395,1591,19,1
wie 1424,1575,48,24
etwa 1483,1581,66,18
Sartre 1560,1575,84,24
— 1654,1591,18,2
gut 1681,1582,47,26
hineingepasst 1739,1574,190,34
hätten, 1939,1574,96,30
fehlen. 2046,1574,93,25
<EOS>
<EOP>
Es 1335,1625,32,23
ist 1378,1625,29,23
das 1416,1623,45,25
Verdienst 1471,1623,133,26
von 1613,1634,48,15
Friedhelm 1670,1624,147,25
Herborth, 1828,1624,142,30
während 1980,1624,123,25
der 2113,1624,44,25
vergangenen 1210,1683,178,24
25 1397,1674,30,24
Jahre 1438,1673,72,31
das 1520,1673,45,26
Programm 1575,1675,153,33
erheblich 1737,1674,128,25
ausgebaut 1875,1674,138,34
zu 2023,1684,32,15
haben, 2066,1674,92,30
ohne 1210,1723,67,25
in 1287,1724,25,24
die 1322,1723,41,25
Struktur 1372,1723,124,25
einzugreifen. 1505,1724,185,33
<EOS>
Kein 1701,1725,66,23
leichtes 1778,1724,100,25
Erbe 1888,1724,66,25
für 1963,1725,43,24
die 2015,1724,41,25
beiden 2066,1724,91,25
neuen 1209,1783,84,15
Lektoren 1312,1773,127,25
Bernd 1458,1773,84,25
Stiegler 1560,1773,105,35
und 1682,1773,55,25
Alexander 1755,1773,147,26
Roesler, 1920,1773,108,31
die 2045,1773,41,26
nun 2103,1784,53,15
Anpassungen 1210,1824,190,33
vornehmen 1416,1823,159,25
sollen 1592,1824,78,25
— 1686,1841,18,1
Anpassungen 1719,1825,189,33
an 1925,1834,32,15
eine 1974,1825,55,24
zerflies- 2046,1824,110,25
sende 1210,1873,77,25
intellektuelle 1300,1873,181,25
Landschaft, 1494,1874,167,30
in 1675,1875,25,23
der 1714,1874,44,25
eine 1770,1875,56,24
Generation 1839,1875,157,24
abtritt, 2009,1874,95,30
die 2117,1874,39,25
ihre 1210,1923,54,24
Reputation 1276,1924,152,33
sozusagen 1439,1933,142,24
im 1593,1924,35,24
gleichen 1638,1923,115,34
Schritt 1764,1924,94,25
mit 1869,1924,47,24
den 1926,1924,49,25
Erfolgen 1987,1924,122,33
ih¬ 2120,1924,37,25
res 1209,1982,38,16
Verlags 1261,1972,102,35
erworben 1376,1973,134,25
hat. 1524,1973,50,25
<EOS>
Allerdings 1588,1973,149,34
hat 1751,1973,42,25
auch 1806,1973,64,26
die 1885,1973,40,25
Produktion 1939,1974,160,24
des 2113,1974,44,25
Wissenschaftsverlags 1209,2023,296,34
Dimensionen 1529,2024,188,24
angenommen, 1740,2034,201,23
die 1964,2024,41,25
manchen 2029,2024,127,25
Autor 1210,2073,82,25
einschüchtert. 1310,2073,195,25
<EOS>
Jacques 1525,2074,102,33
Derrida 1646,2073,110,25
beispielsweise, 1775,2073,200,34
den 1994,2073,50,26
ich 2063,2073,39,26
im 2121,2074,35,25
Literaturhaus 1209,2123,191,25
antraf, 1411,2123,92,30
als 1512,2123,35,25
er 1557,2134,25,14
gerade 1592,2123,92,34
vom 1694,2134,59,14
altmodisch-handgestrickten 1764,2123,392,33
Charme 1209,2172,114,26
seines 1336,2173,80,25
Pariser 1429,2173,97,25
Hausverlages 1539,2173,186,33
schwärmte, 1737,2173,160,31
schien 1908,2173,86,25
Suhrkamp 2007,2173,150,34
fast 1209,2222,47,25
mit 1267,2223,45,25
Bertelsmann 1324,2222,177,25
zu 1511,2233,33,15
verwechseln. 1554,2223,179,25
<EOS>
Er 1744,2223,33,25
liess 1787,2223,55,25
sich 1853,2223,50,25
dann 1913,2223,72,25
doch 1994,2223,67,25
beein¬ 2071,2223,85,26
drucken 1208,2272,115,25
von 1342,2283,47,15
der 1407,2272,44,26
sechsteiligen 1468,2272,175,34
Stellwand 1659,2272,138,26
im 1816,2274,36,24
Konferenzraum 1869,2272,227,27
der 2112,2272,45,27
Lindenstrasse, 1209,2322,202,32
auf 1422,2322,47,26
der 1476,2322,45,26
die 1532,2322,39,27
Fotografien 1582,2322,164,35
der 1757,2322,45,27
bedeutenden 1813,2322,178,27
Autoren 2004,2324,115,25
in 2130,2324,26,25
der 1208,2372,45,26
chronologischen 1267,2372,227,34
Reihenfolge 1510,2373,166,33
ihres 1691,2373,66,26
Eintritts 1772,2374,116,25
in 1902,2375,26,24
den 1942,2373,49,26
Suhrkamp 2007,2373,149,34
Verlag 1209,2421,91,35
auf 1310,2423,42,25
horizontal 1364,2422,143,26
durchlaufenden 1519,2422,222,26
Bändern 1753,2423,119,26
egalitär 1883,2423,105,34
angeordnet 1998,2423,158,34
sind. 1208,2472,65,26
<EOS>
Auf 1291,2472,58,26
jeder 1361,2472,69,34
der 1447,2472,45,26
ziehharmonikaförmig 1509,2472,315,35
eingeknickten 1840,2473,198,34
Teilflä¬ 2056,2473,100,26
chen 1208,2522,64,26
dieses 1283,2522,80,26
riesigen 1375,2523,106,33
Paravents 1494,2524,132,24
entstehen 1637,2522,131,26
in 1780,2524,25,24
vertikaler 1817,2523,134,25
Blickrichtung 1963,2523,194,34
Muster 1209,2574,97,24
von 1317,2582,49,16
zufällig 1377,2572,106,34
übereinandergeschichteten 1494,2572,374,35
Zeitabschnitten, 1879,2573,227,31
die 2116,2573,40,25
den 1208,2622,50,26
irritierenden 1274,2622,176,26
Eindruck 1466,2622,133,26
der 1615,2623,45,25
Gleichzeitigkeit 1676,2623,222,34
von 1913,2633,48,15
Ungleichzei¬ 1978,2623,178,34
tigem 1208,2673,78,32
erzeugen. 1297,2682,135,24
<EOS>
Als 1443,2672,45,25
Derrida 1499,2673,110,24
auf 1619,2673,47,25
dieser 1671,2673,82,24
verwirrenden 1763,2673,189,25
Porträtgalerie 1964,2673,192,34
endlich 1207,2722,102,25
sein 1319,2723,53,24
eigenes 1381,2723,100,33
Bild 1492,2722,54,25
entdeckte, 1555,2722,143,31
schien 1707,2722,85,26
er 1801,2733,26,15
sich 1836,2723,51,25
in 1897,2724,26,24
der 1932,2723,44,25
Gesellschaft 1985,2723,171,25
von 1208,2782,48,15
Brecht, 1269,2772,98,31
Max 1377,2774,62,23
Frisch 1449,2772,86,25
und 1547,2772,52,26
Peter 1611,2774,70,24
Weiss, 1692,2774,87,28
von 1790,2783,48,15
Walter 1849,2773,94,25
Benjamin 1955,2774,135,32
und 2101,2773,54,25
Gershom 1208,2822,129,25
Scholem, 1359,2822,128,31
Franz 1508,2824,82,24
Rosenzweig 1614,2824,167,33
und 1803,2823,53,25
Siegfried 1879,2823,124,34
Kracauer 2027,2824,129,24
<EOS>
<EOP>
is 204,2969,19,16
<EOS>
<EOP>
