2312,3102
ich 538,227,113,78
bin 676,227,124,78
in 826,237,74,66
der 925,227,121,79
Anstalt 1063,228,273,77
Fusznoten 558,367,389,72
zu 971,394,87,46
einem 1083,372,232,67
nichtgeschriebenen 460,495,723,104
Werk 1203,496,213,77
<EOS>
<EOP>
Zu 491,686,51,32
den 555,684,64,34
wichtigsten 632,685,201,45
Suhrkamp-Neuerscheinungen 848,685,531,45
im 541,770,46,28
kommenden 600,765,222,34
Frühjahr 837,765,155,45
zählt 1005,765,86,34
ein 1105,770,52,29
Buch 1171,766,91,34
der 1276,766,56,34
österreichischen 432,847,282,34
Autorin 726,849,138,32
Friederike 880,848,175,33
Mayröcker, 1069,848,198,44
ein 1284,852,52,29
Text, 1349,848,88,38
<EOS>
<EOP>
der 570,929,55,33
ausschliesslich 638,929,253,33
aus 905,942,54,20
Fussnoten 975,930,176,33
besteht. 1165,929,134,34
<EOS>
<EOP>
Von 745,1048,51,27
Friederike 809,1046,148,29
Mayröcker 969,1046,161,33
<EOS>
<EOP>
204 220,1300,48,25
hatte 312,1299,70,26
ich 395,1299,39,26
mich 446,1299,72,26
nicht 530,1299,72,26
immer 613,1300,97,25
selbst 722,1299,76,26
betrogen? 809,1299,143,35
<EOS>
<EOP>
meist 436,1353,75,25
erinnere 521,1353,117,25
ich 649,1351,39,27
mich 699,1351,70,27
nicht 780,1351,70,27
an 859,1362,33,16
die 903,1351,42,27
VORGÄNGE 955,1349,208,29
bei 1173,1351,39,27
Nacht, 1223,1352,95,31
immer 1328,1353,95,25
waren 1434,1362,87,16
es 1532,1362,25,16
interessante 312,1405,164,25
Vorgänge 486,1405,136,33
und 632,1404,55,26
Vorträge, 699,1405,132,33
letzte 842,1404,74,26
Nacht 927,1404,86,26
gab 1022,1404,50,34
es 1081,1415,26,15
1 1120,1405,9,25
Vortrag 1141,1405,111,34
über 1262,1404,63,26
die 1335,1404,41,26
Verbreitung 1387,1405,170,34
der 312,1455,44,27
Grippe 369,1456,100,35
insbesondere 482,1455,183,27
der 677,1455,45,27
Schweinegrippe 735,1455,226,36
: 975,1466,3,16
da 991,1456,33,26
ich 1038,1456,39,26
an 1090,1466,33,17
dem 1136,1456,60,27
krankhaften 1211,1456,178,27
Phänomen 1403,1456,153,27
der 312,1507,44,27
Übertragung 370,1504,173,39
leide, 554,1508,72,31
schreibe 638,1508,114,26
ich 765,1508,38,26
an 815,1518,33,16
Ely, 862,1508,52,35
war 926,1518,54,16
ich 991,1508,40,26
letzte 1044,1508,74,26
Nacht 1130,1508,87,26
an 1228,1519,34,15
der 1273,1508,45,26
Schweinegrippe 1331,1508,224,35
erkrankt, 312,1560,132,32
fühlte 453,1560,83,26
mich 545,1560,71,26
elend 625,1560,74,26
und 710,1560,54,27
stellte 775,1560,78,27
mir 863,1561,50,25
vor 923,1571,43,16
dasz 975,1560,63,27
ich 1047,1560,40,27
nun 1096,1571,56,16
niemanden 1161,1560,160,27
mehr 1331,1560,74,27
umarmen 1415,1571,141,17
dürfte. 312,1612,93,26
<EOS>
Das 415,1614,55,24
mit 479,1614,48,24
Grippe 537,1613,99,35
infizierte 646,1612,127,26
stinkende 782,1612,137,26
Frettchen 930,1612,133,27
hatte 1074,1613,68,26
mich 1151,1613,71,26
angeniest, 1231,1614,140,34
und 1381,1613,54,26
sogleich 1445,1613,111,35
liege 312,1665,62,34
ich 386,1665,39,26
grippekrank 436,1665,180,34
im 627,1665,37,25
Bett 677,1666,57,25
so 744,1675,28,16
dasz 782,1665,63,26
die 855,1665,42,26
vorliegende 908,1665,161,34
Handarbeit 1081,1665,165,26
oder 1256,1665,63,26
Handschrift 1331,1665,175,27
ich 1517,1665,38,27
meine 312,1718,85,24
wie 407,1718,49,24
Roy 466,1718,53,33
Kift 528,1717,57,34
(er 595,1717,37,31
ist 643,1718,28,24
englisch) 682,1716,123,35
sagt, 816,1725,64,26
SAGT 890,1718,95,24
MAN 996,1718,88,24
SPINNE 1095,1718,135,25
ODER 1240,1718,102,25
SPINNERIN 1352,1718,204,25
<EOS>
<EOP>
damals 435,1768,104,26
mit 553,1770,48,24
der 614,1768,46,26
neuen 674,1779,85,15
Prothese 773,1768,124,26
die 911,1768,42,26
1 969,1770,8,24
ganz 993,1779,70,24
spezifisches 1077,1769,168,34
also 1258,1769,55,26
dissonantes 1326,1769,163,26
Ge¬ 1503,1770,53,25
räusch 312,1819,92,27
machte, 417,1819,113,33
klagte 543,1819,88,36
ER, 644,1821,56,30
ER 713,1821,46,25
würde 772,1819,94,28
sich 879,1819,52,28
nicht 946,1820,71,27
an 1029,1830,34,17
den 1075,1820,53,27
künstlichen 1141,1820,169,27
harten 1323,1820,93,27
Gaumen 1429,1822,126,25
gewöhnen 311,1872,149,35
können 472,1872,107,26
rosa 622,1883,56,15
Plastik 690,1872,97,26
Präparat 801,1874,123,34
sehr 935,1872,59,26
widerstandsfähig 1006,1873,250,35
darum 1266,1873,97,26
habe 1376,1873,66,26
er 1453,1884,27,15
zum 1491,1884,64,16
Zahnarzt 312,1924,137,26
gesagt 457,1932,92,27
dieses 558,1924,84,26
Geräusch 651,1924,137,27
sei 798,1925,35,26
1 848,1925,6,25
klapperndes, 869,1924,185,35
es 1063,1935,27,16
sei 1099,1926,36,25
1 1147,1926,8,25
abstoszendes 1168,1924,185,27
Geräusch 1362,1925,137,26
das 1510,1925,46,26
den 311,1975,51,27
mit 373,1977,50,25
ihm 434,1976,58,26
am 504,1986,44,16
Tisch 560,1976,80,26
sitzenden 652,1976,136,26
den 801,1976,51,26
Appetit 865,1978,110,33
verderben 986,1976,143,26
würde 1140,1976,94,26
<EOS>
<EOP>
«und 438,2028,72,26
meine 526,2029,88,25
Augen 630,2029,96,34
wurden 743,2028,112,26
feucht» 873,2028,104,26
(Ponge) 996,2029,110,34
— 1120,2046,20,2
was 1155,2040,52,15
das 1223,2029,47,26
Feuchtwerden 1286,2029,208,26
der 1510,2029,45,27
Augen 312,2081,95,34
angeht, 421,2080,106,35
sage 541,2090,59,25
ich 614,2080,40,27
zu 669,2091,34,16
ihm, 717,2080,66,32
ist 798,2081,30,26
es 841,2090,25,17
1 884,2081,7,26
Dauerzustand, 909,2080,215,32
alles 1138,2080,61,27
verletzt 1213,2080,106,27
uns, 1333,2091,57,21
wir 1405,2082,49,25
laufen 1467,2081,87,26
mit 312,2134,47,24
Tränen 370,2133,106,25
in 488,2134,27,24
den 526,2132,51,26
Augen 588,2134,98,33
umher 698,2132,95,26
wenn 805,2143,79,16
wir 896,2134,49,25
die 956,2132,41,27
Welt 1008,2133,69,26
betrachten, 1087,2133,160,32
Franz 1258,2134,87,25
A. 1357,2134,32,25
<EOS>
winselt 1400,2133,104,26
bei 1515,2133,39,26
jeder 311,2184,71,35
Begegnung 394,2185,165,34
mit 569,2185,49,26
UNS 630,2185,74,26
den 716,2184,50,27
alten 779,2184,69,27
sehr 859,2184,60,27
rührseligen 931,2184,165,35
Schlager 1107,2184,124,36
«du 1245,2185,52,26
hast 1309,2185,56,26
ja 1378,2186,22,33
Tränen 1411,2186,105,25
in 1529,2186,25,25
den 310,2236,52,26
Augen» 373,2237,113,34
was 500,2246,53,16
UNS 566,2238,75,24
sehr 653,2236,59,26
für 724,2236,43,26
ihn 779,2236,46,26
einnahm, 837,2236,138,31
wofür 987,2236,88,26
WIR 1086,2238,74,24
ihn 1172,2237,46,25
tatsächlich 1231,2237,151,26
liebten 1395,2237,94,26
<EOS>
<EOP>
ER 436,2289,46,25
sei 499,2289,34,25
damals 551,2288,103,26
wohl 672,2288,70,26
jedem 760,2288,88,34
dankbar 865,2288,123,26
gewesen 1004,2299,121,24
der 1143,2289,46,26
IHN 1207,2290,72,25
schonte 1296,2289,107,26
indem 1421,2289,90,27
er 1529,2300,26,16
IHN 312,2341,71,25
nicht 399,2340,72,26
anrief 485,2339,89,27
IHN 585,2341,73,25
nicht 674,2340,71,26
um 759,2350,48,16
seine 823,2341,70,25
Meinung 909,2341,132,35
über 1056,2340,64,27
das 1135,2340,46,27
Weltgeschehen 1196,2341,217,35
befragen 1429,2341,125,35
wollte 311,2392,85,26
IHN 409,2394,73,24
nicht 493,2392,72,26
besuchte 576,2392,123,27
<EOS>
<EOP>
dann 434,2444,74,27
legt 525,2444,52,35
sich 592,2444,52,27
wieder 660,2444,99,27
1 778,2446,7,25
Wort 804,2446,76,25
quer, 895,2455,72,25
um 982,2455,48,16
5 1046,2445,13,26
Uhr 1076,2445,60,26
früh, 1151,2445,72,32
das 1238,2445,47,26
ich 1301,2445,39,26
nicht 1358,2445,70,26
gerufen 1444,2446,110,34
habe, 311,2496,74,31
dabei 397,2496,77,26
tickt 487,2496,63,26
es 561,2507,27,15
in 600,2498,27,24
meiner 639,2498,102,24
Brust 754,2498,77,24
: 844,2507,4,15
das 861,2496,47,26
Wort 920,2498,75,25
Warschau 1007,2497,144,26
: 1164,2508,4,15
ich 1182,2497,40,26
habe 1234,2497,68,26
es 1314,2508,26,15
nicht 1352,2497,71,27
gerufen, 1435,2497,120,35
es 310,2559,25,16
legt 348,2548,52,35
sich 411,2548,54,27
quer 478,2559,65,25
so 555,2559,28,16
dasz 594,2548,64,27
ich 671,2548,40,27
das 724,2548,46,27
gesuchte 781,2548,124,36
Wort 918,2550,74,26
WEIMAR 1005,2550,159,26
nicht 1177,2549,72,27
finden 1261,2549,91,27
kann 1366,2549,72,27
: 1453,2560,4,16
WEI¬ 1470,2551,84,25
MAR, 311,2602,91,30
sagt 417,2609,56,27
die 487,2600,42,26
Studentin, 544,2601,150,31
wenn 709,2611,78,16
ich 802,2601,40,26
frage, 858,2600,79,36
woher 952,2601,89,26
kommen 1056,2601,128,26
Sie, 1200,2603,49,29
wir 1264,2603,48,24
haben 1327,2602,84,26
1 1432,2604,5,23
Archiv 1456,2602,98,26
der 310,2653,46,26
Angst 367,2654,88,33
gegründet 465,2653,150,34
in 627,2654,26,25
Weimar, 664,2654,125,30
sagt 801,2661,57,27
sie, 869,2654,43,30
es 923,2664,26,15
hat 960,2653,44,26
viele 1016,2653,64,27
Mitglieder 1091,2653,152,35
205 218,2757,48,25
ich 311,2756,39,26
brauche 367,2756,113,26
viele 496,2756,64,26
Eselsbrücken 577,2756,191,26
etc., 785,2764,54,23
<EOS>
blicke 856,2756,84,27
auf 956,2757,49,26
1 1021,2758,5,24
iMädchen 1048,2757,134,26
hinter 1198,2757,86,26
1 1305,2758,6,25
Glasscheibe 1332,2757,169,27
im 1518,2758,36,26
<EOS>
<EOP>
KONSUM, 311,2809,170,31
so 493,2819,28,16
sind 532,2808,57,27
mir 601,2809,52,26
auch 665,2808,66,27
die 743,2808,41,27
Haare 797,2810,89,25
ins 898,2809,40,26
Gesicht 949,2808,108,27
gefallen, 1068,2808,122,36
damals, 1201,2809,112,32
ich 1325,2809,40,26
gehe 1376,2809,66,36
jetzt 1454,2811,62,33
in 1527,2811,27,24
<EOS>
<EOP>
