2312,3102
**» 454,305,63,24
<EOS>
<EOP>
¦-*. 429,693,50,17
<EOS>
<EOP>
v 555,788,22,18
<EOS>
<EOP>
MODERN 1131,203,603,142
DEUßCl 1131,335,539,143
<EOS>
<EOP>
L-^i 1144,589,66,23
,RATUR 1392,474,433,142
InlBUIlll 1128,616,589,95
B 1778,620,54,91
<EOS>
<EOP>
Friedenspreis 436,949,147,29
1976 594,950,48,23
Max 265,981,230,93
Frisch 511,979,304,95
<EOS>
<EOP>
H 1770,253,34,38
<EOS>
<EOP>
H 1770,392,33,30
<EOS>
<EOP>
Suhrkamp 441,1079,117,24
Verlag 566,1078,67,25
l»4i«>f*-k!«!rf 228,1109,95,10
<EOS>
lb(U«4IW|iK 327,1109,87,12
I 421,1110,2,9
inton 426,1110,33,9
IUmIi 464,1109,34,10
N«trf 502,1109,31,10
V*.uMMh. 542,1110,65,8
<EOS>
»Ill-* 614,1109,35,9
IUM 654,1110,34,8
»Utk 697,1109,32,9
Ah 732,1109,22,9
lutfiwA 225,1124,65,8
I 295,1124,3,7
lUuikn^ifcil-njVlitXrVuw 308,1123,214,9
l..>u,.^ 527,1123,54,9
<EOS>
li1 586,1122,14,8
II.'J.bì'^l»!«!-«:.. 617,1122,142,11
<EOS>
.." 766,1124,13,5
<EOS>
<EOP>
U»H,tw 227,1148,64,9
K.<v^iAi 298,1148,54,9
<EOS>
' 358,1148,4,7
MLrt>.rlM*l'.vr<ti.V>U>juturvi> 372,1148,207,9
<EOS>
B«U 589,1147,27,10
Uri« 621,1147,31,10
(..All 654,1148,36,9
<EOS>
»* 698,1149,15,8
fkiM^tI<M% 720,1147,73,12
W'iti.tnit^lauSffil'«'- 226,1160,161,11
<EOS>
kml 398,1161,30,9
i*tl 436,1162,19,8
Iti-twiU** 461,1161,58,9
[ 524,1161,3,8
*n+* 531,1161,31,8
V-w 567,1161,23,8
k 597,1161,5,7
<EOS>
ir.ùi. 654,1161,36,7
<EOS>
- 695,1162,5,4
- 709,1163,2,3
>*mKkj*i- 715,1160,62,9
litw» 227,1187,37,8
IU»ttwJI«cVl 270,1187,92,10
l.wJV: 369,1186,44,9
<EOS>
«-' 420,1186,23,8
M«iu«v 453,1186,50,9
\l*rllt.-.V 511,1186,66,9
<EOS>
lii. 583,1187,22,8
<EOS>
f. 612,1189,14,5
<EOS>
¦¦ 627,1190,5,3
¦. 638,1190,7,4
<EOS>
v 658,1189,7,5
<EOS>
•> 694,1188,8,5
llr-i—* 711,1186,49,9
Vj,*!» 765,1185,52,10
<EOS>
H*W»J**Hhift»iw. 227,1199,119,10
<EOS>
lin*'1*" 352,1199,70,11
Sfcsftm 432,1199,45,11
Mi*Bu»*ii 482,1199,63,9
«.I 550,1200,13,7
<EOS>
»«ni 568,1199,44,8
• 619,1200,3,5
!'.w 632,1199,26,9
<EOS>
Whn 661,1199,42,8
Wi.« 708,1199,43,10
<EOS>
<EOS>
\..*tî** 227,1212,60,10
<EOS>
IlMkNif 291,1210,63,12
Jtukl.U.uv 358,1212,75,10
<EOS>
W 439,1212,9,8
1 455,1212,2,8
lo. 462,1213,14,8
<EOS>
Nid.*»] 481,1212,47,9
<EOS>
tu. 538,1212,22,8
<EOS>
Pf*! 564,1211,33,10
<EOS>
W>.m«m 601,1212,62,10
<EOS>
WJk 668,1212,29,9
i 704,1212,3,6
It 714,1212,9,9
n 728,1214,7,6
lk.M 740,1212,34,9
<EOS>
ll.-rt.nlWfc.H.-.JV 227,1225,107,9
<EOS>
IUi.nMww.1 340,1225,101,9
<EOS>
I" 450,1223,8,11
»nvnxluru^rHkMm«*k 466,1223,168,11
ItkvHoCKCMMbTJ 640,1223,130,12
MA)rwfc-llsth.i 227,1243,106,8
<EOS>
H*U>T 340,1243,31,8
IM.IMW*» 377,1242,60,9
<EOS>
Um 444,1240,22,12
\>».t<vM 472,1242,73,11
<EOS>
IhMtw 549,1241,52,10
IMCxV 606,1241,51,10
/m<ii«x 662,1241,62,11
i* 730,1242,13,9
'un 748,1245,22,6
IS 775,1241,8,10
Viamtar 787,1241,51,12
<EOS>
<EOP>
Siili 1128,1101,87,50
rkamplischcnbuch 1222,1096,460,77
Verlag 1693,1100,143,73
<EOS>
<EOP>
ue 458,1472,48,30
Warten 445,1506,160,43
auf 423,1553,73,43
Godot 500,1553,135,43
En 393,1603,62,41
attendant 461,1602,200,42
<EOS>
<EOP>
Godot 462,1650,136,44
Waiting 441,1698,173,53
for 423,1750,64,43
Godot 494,1748,137,44
<EOS>
<EOP>
encrant 898,1521,185,41
China-Report 776,1577,370,72
<EOS>
<EOP>
suhrkamp 919,1643,89,24
taschenbuch 908,1668,112,19
<EOS>
<EOP>
suhrkamp 483,1805,91,22
taschenbuch 475,1828,108,19
<EOS>
<EOP>
L? 560,1951,28,40
<EOS>
<S 961,1952,41,33
<EOS>
<EOP>
Max 1657,1450,138,58
Frisch 1807,1449,182,61
Wilhelm 1635,1510,252,61
Tell 1897,1513,107,58
<EOS>
<EOP>
Air 1730,1573,86,58
die 1826,1571,85,61
Schule 1724,1632,192,60
sentana 1775,1703,90,19
i«aà;-îsfecia 1762,1728,112,18
<EOS>
<EOP>
^ 1772,1895,10,13
<EOS>
<EOP>
*^*^" 1781,2032,96,22
<EOS>
<EOP>
MORGEN 119,2462,438,112
s 232,2582,30,68
<EOS>
<EOP>
Hermann 649,2239,211,39
Hesse 875,2239,126,39
<EOS>
<EOP>
Die 650,2491,76,39
Morgenlandfahrt 739,2490,372,50
<EOS>
<EOP>
Oben: 1172,2794,65,22
Plakatgestaltung 1250,2794,196,28
im 1459,2794,24,21
Fleckhaus-Stil, 1495,2793,161,26
Friedenspreis 1667,2793,151,28
1976: 1831,2794,60,21
Max 1172,2832,49,20
Frisch, 1230,2830,70,25
1976 1315,2830,55,22
(links); 1381,2830,74,27
Moderne 1465,2830,100,21
deutsche 1575,2829,103,22
Literatur, 1688,2830,102,24
um 1803,2835,32,15
1977 1849,2830,55,20
Mitte: 1173,2880,67,21
Suhrkamp 1250,2879,114,28
Taschenbuch, 1372,2879,158,25
Band 1543,2879,55,21
1, 1612,2880,14,23
8, 1637,2880,19,23
15, 1670,2880,30,23
2 1712,2880,11,20
(1971) 1736,2878,72,28
Bibliothek 652,2913,227,39
Sllhrkamp 892,2913,226,49
Unten: 1173,2931,74,20
Hermann 1260,2930,103,21
Hesse, 1377,2930,71,24
Die 1459,2929,37,21
Morgenlandfahrt, 1506,2928,204,29
Bibliothek 1724,2928,115,22
Suhrkamp, 1849,2928,120,27
<EOS>
<EOP>
Band 1173,2965,56,21
1, 1244,2966,14,24
Ausgaben 1268,2965,115,27
1951 1397,2966,51,20
(links) 1464,2964,68,28
und 1543,2964,40,22
1959 1597,2965,56,21
<EOS>
<EOP>
