2312,3102
TUMULT 1200,11,94,16
- 1302,19,10,4
SCHRIFTEN 1321,11,129,16
ZUR 1460,11,47,16
VERKEHRSWISSENSCHAFT: 1516,11,308,15
<EOS>
<EOP>
TUMULT 1245,80,343,64
HERAUSGEGEBENE 1703,78,164,13
<EOS>
<EOP>
STEPHAN 1703,95,76,13
GUNZEL 1787,95,69,13
MICHAELA 1703,112,87,13
OTT 1797,112,32,13
S 1836,112,10,13
WAITER 1703,129,62,13
SEITTER 1773,129,59,13
<EOS>
<EOP>
nicht 160,320,68,25
mehr 239,320,73,25
verloren 323,320,111,26
zu 445,331,33,15
fühlen. 489,320,98,26
<EOS>
In 598,322,29,24
diesem 637,321,97,26
Verlag 745,321,91,34
gehören 844,321,112,34
zu 967,332,33,15
Texten 1010,322,96,25
noch 159,370,66,25
Gesichter, 236,371,139,30
die 385,371,42,25
man 438,381,62,15
so 511,382,27,14
schnell 549,372,94,24
nicht 656,372,70,24
vergisst. 737,373,109,32
<EOS>
Nachwort, 161,495,172,39
im 351,495,35,34
Dezember 406,496,169,33
2009 589,498,92,32
Im 160,572,37,25
Schatten 212,572,119,25
dieser 344,572,82,25
grossartigen 438,573,171,33
Autoren-Kulisse 623,572,231,26
gerät 866,577,70,29
eine 948,573,56,25
Hoch¬ 1017,572,90,26
schulreform, 159,621,177,31
die 349,621,41,26
den 403,621,50,26
Studenten 467,621,141,27
immer 622,623,94,25
weniger 731,623,111,33
Spielraum 855,622,143,34
zur 1013,633,47,15
ei¬ 1073,624,33,24
genständigen 158,671,187,34
Orientierung 362,673,187,33
an 564,682,32,16
selbst 613,672,74,26
gewählten 704,672,143,34
Texten 864,673,95,25
lässt, 977,672,65,31
zur 1060,683,47,15
Karikatur. 160,721,147,26
<EOS>
Auch 321,721,75,27
die 409,721,41,27
wissenschaftlichen 463,722,262,26
Disziplinen 739,722,161,34
selbst 914,722,73,26
sind 1000,722,56,26
im 1070,724,36,24
Zeichen 159,771,111,27
forcierter 282,771,127,27
Berufsvorbereitung 421,772,273,35
und 705,773,53,25
in 770,774,25,24
vermeintlicher 808,773,204,25
Rück¬ 1024,773,82,25
sicht 159,822,61,26
auf 230,822,48,26
den 284,822,50,26
akademischen 345,822,199,26
Arbeitsmarkt 555,823,190,25
einem 755,824,84,24
Sog 851,824,51,33
zur 913,833,45,15
Entstruk- 970,823,136,25
turierung 159,873,136,33
ausgesetzt. 306,880,149,26
<EOS>
Hinzu 468,874,92,24
kommt 573,873,103,25
ein 687,874,41,24
Unterbietungswettbewerb 741,873,366,34
der 158,922,44,25
Feuilletons 213,922,152,25
um 375,932,46,15
die 431,922,41,25
Palme 482,922,87,26
im 579,924,36,24
Kampf 626,924,100,33
gegen 734,933,81,24
den 826,923,49,25
«Ernstdiskurs». 887,923,219,25
<EOS>
In 159,973,28,24
einer 199,973,69,24
Stimmungslage, 280,973,229,34
die 520,973,40,25
diskursiv 572,973,126,25
entfaltete 710,973,128,26
Gedanken 849,973,148,26
als 1008,973,35,26
«zu 1057,984,49,15
schwer» 158,1022,111,26
abschüttelt, 287,1022,158,31
ist 461,1024,29,24
es 505,1034,26,14
für 547,1024,41,25
die 603,1023,41,26
Suhrkamp-Lektoren 660,1023,293,34
nicht 970,1024,69,25
ein¬ 1053,1025,53,24
fach, 160,1073,64,29
Humanwissenschaften 239,1073,321,25
und 574,1074,54,25
Philosophie 644,1074,163,33
mit 823,1074,46,25
einem 882,1074,85,25
gewissen 981,1075,126,32
Gespür 158,1124,104,32
für 274,1124,43,23
Aktualität 329,1123,147,25
zusammenzuführen, 489,1124,296,30
ohne 797,1124,68,25
selber 878,1124,79,25
trendy 970,1124,89,33
zu 1074,1135,32,14
werden. 159,1172,110,25
<EOS>
Es 282,1173,33,24
gibt 326,1172,53,34
kein 391,1173,59,25
überzeugenderes 462,1173,237,34
Dementi 712,1174,122,25
dieser 846,1173,82,26
Versuchung 939,1173,168,34
als 158,1223,35,25
die 206,1223,40,25
soeben 259,1223,93,25
publizierte 366,1223,150,33
anspruchsvolle 528,1223,207,34
Mentalitätsgeschichte 748,1223,302,34
der 1062,1223,45,26
Moderne, 159,1273,134,30
worin 310,1274,82,24
Charles 408,1273,106,26
Taylor 531,1273,89,34
mit 636,1274,48,25
grosser 699,1284,98,23
phänomenologischer 814,1273,293,34
Kraft 160,1323,76,25
die 247,1322,41,26
ambivalenten 300,1322,187,27
Züge 500,1324,71,33
eines 583,1324,67,25
religiös-pluralistisch 663,1323,283,34
entspann¬ 967,1332,140,25
ten 159,1380,41,18
«säkularen 213,1372,152,26
Zeitalters» 377,1372,146,27
nachzeichnet. 538,1373,190,26
<EOS>
<EOP>
Das 295,1424,53,24
Wissenschaftslektorat 361,1423,307,26
hat 682,1423,43,26
den 737,1423,50,26
Nacken 801,1423,107,26
steifgehalten; 922,1423,185,34
es 158,1483,25,16
hat 198,1472,43,26
vom 256,1483,59,15
Anspruchsniveau 331,1473,243,34
eines 589,1475,68,24
ehrgeizigen 672,1473,163,35
Programms 851,1475,166,33
keine 1032,1473,75,26
Abstriche 159,1522,135,27
gemacht 306,1523,119,34
und 437,1523,54,26
Traditionsfortsetzung 504,1523,309,35
als 824,1524,35,25
Erneuerung 872,1525,171,33
ver¬ 1055,1534,51,15
standen 159,1573,107,26
— 276,1590,19,2
als 303,1573,36,26
den 349,1573,51,26
fortgesetzten 410,1573,180,34
Akt 602,1574,55,25
einer 667,1575,69,24
schwierigen 747,1574,165,34
Balance 925,1574,108,25
zwi¬ 1044,1576,62,23
schen 158,1622,77,26
Abbruch 248,1623,125,25
aus 385,1633,44,15
Trotz 443,1624,79,24
und 535,1624,53,25
Schwäche 602,1624,138,25
auf 753,1623,47,26
der 809,1624,44,25
einen, 866,1625,83,29
folgsamer, 963,1624,144,34
aber 158,1672,59,26
lähmender 231,1672,152,26
Nostalgie 398,1673,133,34
auf 544,1673,49,26
der 602,1673,44,26
anderen 660,1673,112,26
Seite. 787,1675,73,24
<EOS>
«Sich 877,1674,73,25
neu 966,1684,48,15
erfin¬ 1029,1674,77,25
den» 158,1723,65,25
ist 240,1724,30,24
der 284,1723,45,25
kitschigste 345,1723,146,34
Slogan 507,1724,93,34
des 616,1724,44,25
letzten 675,1724,92,25
Jahrzehnts 783,1724,151,31
— 948,1741,19,1
und 980,1724,55,25
eine 1050,1726,56,24
Illusion 160,1773,102,25
zugleich. 277,1773,123,35
<EOS>
Andererseits 415,1774,176,25
bleiben 605,1774,99,26
Traditionen 719,1774,166,26
nur 899,1785,48,15
am 960,1785,43,15
Leben 1018,1775,88,25
durch 158,1823,81,26
unnachsichtige 251,1824,210,34
Revision. 472,1825,125,24
<EOS>
<EOP>
Innerhalb 290,1874,138,25
weniger 437,1875,112,33
Jahre 558,1874,72,31
sind 639,1874,56,26
viele 706,1874,61,26
der 776,1874,45,26
grossen 830,1885,104,23
Suhrkamp- 944,1875,162,33
Autoren 159,1924,114,24
aus 292,1934,44,14
meiner 354,1924,98,25
Generation 470,1924,157,25
von 646,1935,48,14
der 713,1924,45,25
Bühne 777,1924,91,25
abgetreten; 886,1924,155,33
wir 1059,1926,47,23
mussten 158,1981,113,18
von 295,1984,48,14
John 367,1974,64,31
Rawls, 455,1974,92,30
Niklas 569,1974,94,26
Luhmann, 687,1974,151,31
Pierre 861,1975,83,25
Bourdieu, 969,1974,138,31
Donald 159,2024,103,25
Davidson, 280,2024,141,30
Richard 437,2024,110,26
Rorty 565,2025,78,33
und 659,2024,54,26
Jacques 730,2025,103,33
Derrida 849,2024,110,26
Abschied 975,2024,130,26
nehmen. 159,2073,120,26
<EOS>
Aber 292,2073,70,26
gleichzeitig 373,2074,161,34
hatte 546,2074,67,26
Bernd 626,2074,84,26
Stiegler 724,2074,105,34
das 841,2074,45,26
Programm 897,2076,155,32
für 1064,2074,42,27
neue 159,2134,64,15
Entwicklungen 237,2123,218,34
in 470,2125,25,24
Kulturwissenschaften 511,2124,307,26
und 832,2124,54,27
Medientheorie 902,2124,204,27
geöffnet. 157,2173,122,34
<EOS>
Heute 292,2175,86,24
beweist 389,2173,103,27
Eva 503,2175,51,25
Gilmer 565,2174,101,26
erneut 677,2182,89,18
den 776,2174,50,26
Entdeckerblick 839,2174,213,26
für 1064,2174,42,26
wissenschaftlich 158,2223,228,26
produktive 404,2224,154,34
Geister 575,2225,100,25
wie 693,2226,48,24
Michael 759,2224,110,26
Tomasello, 886,2224,154,32
die, 1057,2224,50,32
auch 158,2273,64,27
wenn 239,2284,75,16
sie 330,2275,33,25
sich 378,2274,52,26
nicht 445,2274,71,26
auf 530,2274,47,26
eine 588,2276,56,24
Disziplin 660,2274,128,35
festlegen 804,2274,121,35
lassen, 941,2274,90,32
vom 1046,2285,60,15
Boden 159,2324,89,26
ihrer 261,2324,68,26
Disziplinen 341,2324,162,34
aus 515,2334,44,16
unser 571,2335,77,15
Selbst- 660,2325,91,25
und 764,2325,53,25
Weltverständnis 831,2325,227,25
af- 1070,2325,36,25
fizieren 158,2374,104,25
und 274,2374,54,25
mit 340,2376,47,23
Gründen 398,2374,129,25
verändern. 538,2375,149,25
<EOS>
Ihr 700,2375,43,24
ist 754,2377,28,23
es 793,2385,26,15
auch 830,2375,63,25
zu 906,2385,33,15
verdanken, 951,2375,156,30
dass 157,2423,58,26
man 230,2433,61,16
in 307,2425,26,24
den 347,2423,50,26
Prospekten 412,2424,156,33
des 583,2424,44,25
Verlags 642,2424,103,34
wiederum 759,2424,144,25
fast 919,2424,47,25
alles 980,2424,59,25
ent¬ 1053,2432,53,17
deckt, 157,2473,84,31
was 255,2483,51,16
unter 320,2481,74,18
den 407,2473,51,26
jüngeren 472,2475,123,33
Philosophen 610,2474,172,35
und 797,2474,53,26
Soziologen 864,2474,154,34
Rang 1032,2476,75,33
und 158,2523,54,25
Namen 224,2525,105,23
hat. 340,2523,50,26
<EOS>
< 406,2534,13,14
<EOS>
<EOP>
Jürgen 155,2673,80,27
Habermas, 246,2672,124,25
geboren 380,2672,91,28
1929 486,2673,55,21
in 550,2672,20,22
Düsseldorf, 580,2672,124,26
zählt 714,2672,58,22
zu 777,2679,26,15
den 813,2672,40,22
bedeutendsten 863,2672,166,22
Philosophen 158,2711,137,27
dei 305,2711,36,21
Gegenwart. 349,2712,126,27
<EOS>
Ei 487,2713,23,19
gehört 516,2711,76,28
zui 598,2718,36,15
Nachfolge-Genetation 642,2711,246,28
dei 898,2712,36,21
Frankfurter 942,2711,126,22
Schule, 157,2749,78,26
von 246,2756,38,15
deren 295,2749,60,22
Ursprüngen 366,2751,131,27
ersieh 507,2750,70,22
dutch 588,2750,62,22
die 660,2750,33,22
Integiation 703,2751,124,27
neueiei 837,2757,84,15
Theorieansätze 930,2750,167,22
gelöst 157,2788,68,28
hat. 234,2788,40,22
<EOS>
Neben 286,2788,71,22
wichtigen 368,2789,108,27
Beiträgen 487,2789,107,28
zur 602,2796,36,15
Sozialphilosophie 645,2789,198,28
gilt 852,2789,39,28
seine 897,2789,57,22
«Theorie 964,2789,90,22
des 1063,2790,37,21
kommunikativen 158,2827,187,21
Handelns» 356,2827,117,22
(1981) 486,2827,74,28
als 572,2828,31,21
Meilenstein 612,2828,128,21
dei 750,2828,36,21
Philosophiegeschichte. 793,2828,253,28
<EOS>
<EOP>
«¦ 1945,64,21,18
2009. 1980,65,53,17
<EOS>
AKTUELLE 2041,65,110,17
AUSGABE: 2159,65,109,17
BAUDRILLARD 1945,96,174,17
FASSEN. 2129,96,101,17
<EOS>
Denken 1945,126,77,17
und 2031,125,37,18
Schreiben 2078,125,104,18
über 2191,125,46,17
die 1944,156,30,17
Masse, 1983,156,71,19
den 2062,156,38,17
Menschen, 2109,156,111,19
das 1944,186,36,17
Ganze 1989,185,64,18
und 2062,186,38,17
den 2108,186,37,17
Einzelnen. 2155,186,106,17
<EOS>
162 1945,217,34,17
Seiten. 1987,216,70,18
<EOS>
Franz. 2067,217,62,16
<EOS>
Broschur. 2140,217,99,16
<EOS>
<EOP>
¦ 1959,247,7,4
EURO 1992,246,61,18
(D/A) 2061,246,49,22
/ 2118,247,5,16
28,- 2129,247,42,20
SFr. 2178,246,38,18
<EOS>
(CH) 2224,246,43,22
<EOS>
<EOP>
78-3-9811214-9-0 2024,278,196,17
»Die 1945,321,40,20
Wolken 1992,320,60,21
verderben 2061,319,81,22
uns 2150,329,28,12
in 2185,322,17,19
Europa 2210,321,61,27
den 1944,355,30,21
Himmel. 1982,355,77,21
<EOS>
Verglichen 2071,355,87,29
mit 2167,357,31,19
den 2204,355,30,21
endlosen 1944,389,73,22
Himmeln 2025,389,85,22
Nordamerikas 2118,389,126,22
und 1945,425,36,21
ihren 1986,425,45,21
Wolkenballungen 2040,425,150,28
sind 2197,424,39,22
unsere 1945,469,54,13
kleinen 2006,460,62,22
Schäfchenhimmel 2077,460,157,29
und 1945,495,36,21
Schäfchenwölkchen 1986,495,170,29
Abbilder 2162,495,79,21
unserer 1945,539,62,13
Schäfchengedanken, 2013,530,175,29
unserer 2199,538,62,13
niemals 1945,566,67,21
raumgreifenden 2019,566,137,28
Gedanken« 2165,566,96,21
(Amerika, 1946,600,89,25
28). 2044,601,35,25
<EOS>
2010. 1944,650,52,17
<EOS>
IN 2004,650,20,16
VORBEREITUNG: 2031,649,180,18
FRIEDRICH 1945,680,120,17
SELLO 2074,680,71,17
— 2152,689,21,4
<EOS>
<EOP>
LEBEN 1945,710,72,16
UND 2027,710,47,16
TOD 2082,710,47,16
EINES 1945,740,66,17
NATURFORSCHERS. 2020,740,219,17
<EOS>
160 1945,770,35,17
Seiten. 1987,770,70,17
<EOS>
Franz. 2068,770,61,17
<EOS>
Broschur. 2140,770,99,17
<EOS>
20,- 1944,801,41,19
EURO 1993,800,60,17
(D/A) 2061,800,49,21
/ 2118,801,5,16
28,- 2130,801,41,19
SFr. 2178,800,38,17
<EOS>
(CH) 2224,800,43,21
ISBN 1945,831,54,17
978-3-9811214-5-2 2010,831,209,17
Von 1225,875,38,17
feinsinnigen 1272,875,128,21
Ken 1409,875,38,17
der 1225,904,34,17
Verkehrswissenscha 1267,904,214,17
der 1225,935,33,16
Philosophie, 1267,935,128,21
der 1404,935,33,16
Kün: 1445,935,45,16
und 1226,964,38,17
des 1273,964,36,17
Genusses 1317,964,104,17
seit 1429,964,37,17
Jahr¬ 1473,964,53,17
zehnten 1225,995,81,17
verehrt 1315,995,74,17
und 1397,995,37,17
bewun¬ 1444,995,75,17
dert, 1225,1024,46,21
war 1279,1029,38,12
TUMULT 1324,1024,88,17
auf 1420,1024,32,17
eine 1459,1024,43,17
wechselvolle 1225,1055,135,17
Reise 1369,1055,56,17
durch 1433,1055,60,17
die 1225,1085,31,17
Hände 1265,1085,65,17
zahlreicher 1338,1085,115,17
Verlage 1461,1085,77,21
gegangen 1225,1118,103,17
und 1337,1115,37,16
dabei 1383,1115,55,16
vor 1447,1118,33,13
den 1488,1115,37,16
Augen 1225,1145,67,21
seiner 1300,1145,64,17
Liebhaber 1373,1145,103,17
immer 1485,1145,64,16
wieder 1225,1174,70,17
verschwunden, 1302,1174,158,20
wie 1468,1174,35,17
ein 1225,1205,30,16
märchenhaftes 1265,1205,154,16
Gerücht, 1427,1204,89,20
erscheint 1225,1234,97,17
TUMULT 1329,1234,88,17
seit 1426,1234,36,17
2006. 1470,1234,53,17
<EOS>
<EOP>
ig 1689,875,15,21
im 1715,875,22,16
Alpheus 1745,875,85,21
Verlag 1839,875,63,21
Berliner 1634,904,79,17
Filmschauspielers, 1720,904,190,21
nstler- 1620,935,65,16
und 1693,935,38,16
Gelehrtenfreun¬ 1740,934,164,17
des 1589,965,37,16
Hanns 1635,964,65,17
Zischler. 1708,964,88,17
<EOS>
Alle 1590,1024,38,17
Ausgaben 1636,1024,104,22
sind 1748,1024,44,17
reich 1802,1024,50,17
illustriert 1590,1055,92,17
und 1691,1055,38,17
von 1737,1059,38,13
heraus¬ 1784,1055,78,17
ragenden 1590,1085,97,21
Grafikern 1696,1085,96,17
individuell 1801,1085,106,17
gestaltet. 1589,1114,95,21
<EOS>
Die 1694,1115,32,16
trotz 1733,1116,47,15
Einsatzes 1789,1115,99,16
modernster 1590,1145,119,16
Drucktechnik 1718,1145,138,17
teils 1864,1145,42,17
kunsthandwerkliche 1590,1174,210,17
Fertigung 1808,1174,100,21
verleiht 1589,1204,77,17
den 1675,1204,37,17
Herten 1721,1204,66,17
zudem 1796,1205,68,16
eine 1872,1205,43,16
einzigartige 1589,1234,121,22
Anmutung. 1718,1234,114,22
<EOS>
<EOP>
ANDREAS 1200,1306,107,16
GRUSCHKA: 1316,1306,133,16
DIE 1458,1306,36,15
ENTDECKUNG 1504,1306,158,15
DER 1671,1306,46,15
PÄDAGOGIK 1726,1306,135,16
DURCH 1869,1306,79,16
DIE 1957,1306,38,16
KUNST: 2004,1306,83,16
K 2176,1304,15,18
tt 2206,1304,16,18
K 2236,1304,15,18
+ 2266,1300,17,21
<EOS>
<EOP>
Bestimmte 1254,1365,120,23
I 1428,1361,1,27
I 1480,1361,5,27
Entdeckt 1515,1363,106,25
aber 1627,1363,54,25
I 1713,1361,2,26
I 1763,1361,7,26
Der 1797,1366,41,22
heitere 1843,1365,66,23
Ernst 1915,1366,57,22
Unbestimmtheit 1226,1389,179,22
\ 1428,1388,8,28
nicht 1529,1389,56,23
erobert 1591,1389,77,23
der 1810,1389,35,23
Erzklning 1850,1389,108,30
doch 2110,1388,45,24
so 2161,1397,17,15
fern 2180,1389,45,30
<EOS>
<EOP>
So 2109,1366,21,22
nah 2138,1365,40,23
und 2184,1364,43,24
doch 2110,1388,45,24
<EOS>
<EOP>
OO 1812,1531,144,71
<EOS>
<EOP>
' 1214,1673,2,7
RENAISSANCE: 1239,1670,139,16
T 1485,1670,15,16
BAROCK: 1523,1670,86,16
t 1770,1667,14,19
AUFKLÄRUNG: 1807,1666,136,20
T 2054,1670,15,16
ROMANTIK: 2092,1670,105,16
Jean 1200,1697,41,16
Baptist 1249,1697,62,20
Chardin. 1317,1696,73,17
<EOS>
Paolo 1485,1697,49,16
Veronese. 1541,1697,86,16
<EOS>
Jan 1769,1697,30,16
Steen. 1807,1696,54,17
<EOS>
Philipp 2054,1697,61,20
Otto 2121,1696,37,17
Runge. 2166,1697,61,20
<EOS>
20,- 1200,1723,35,19
E 1242,1723,11,16
(D/A) 1259,1723,43,20
/ 1308,1724,5,15
28,- 1319,1723,36,19
SFr. 1361,1723,33,16
<EOS>
(CH) 1400,1723,38,20
24,- 1484,1723,36,19
E 1527,1723,11,16
(D/A) 1543,1723,43,20
/ 1593,1724,4,15
34,- 1604,1723,35,19
SFr. 1645,1723,33,16
<EOS>
(CH) 1685,1723,37,19
24,- 1769,1723,35,19
E 1811,1723,11,16
(D/A) 1828,1723,43,20
/ 1877,1724,5,15
34,- 1888,1723,36,19
SFr. 1930,1723,33,16
<EOS>
(CH) 1969,1723,38,20
24,- 2054,1723,36,19
E 2096,1723,11,16
(D/A) 2113,1723,43,20
/ 2162,1724,5,14
34,- 2173,1723,35,19
SFr. 2214,1723,33,16
<EOS>
(CH) 2254,1722,38,20
ISBN 1201,1749,47,16
978-3-87038-089-0 1257,1750,182,15
ISBN 1485,1749,47,16
978-3-87038-289-0 1542,1749,182,16
ISBN 1770,1749,47,16
978-3-87038-389-7 1826,1749,183,16
ISBN 2054,1749,47,16
978-3-87038-489-4 2112,1749,182,16
Büchse 1201,1790,155,40
der 1369,1802,76,28
Pandora 1458,1790,183,40
<EOS>
<EOP>
EAST 1341,1860,54,15
GERMANY, 1403,1859,108,19
UP 1520,1859,29,16
CLOSE 1557,1859,70,16
AND 1634,1859,45,16
PERSONAL: 1687,1859,121,16
¦* 1817,1859,20,16
»Eigentlich 1201,1886,106,20
wollte 1316,1886,56,16
er 1380,1889,19,13
nur 1406,1889,32,13
mal 1446,1886,33,16
die 1488,1886,28,16
Kreidefelsen 1525,1886,119,16
auf 1653,1886,30,16
Rügen 1692,1886,61,21
sehen 1761,1886,58,16
- 1826,1895,12,2
<EOS>
<EOP>
doch 1200,1912,47,17
dann 1259,1912,47,17
entdeckte 1318,1912,94,17
er 1423,1916,19,13
den 1452,1912,35,17
spröden 1499,1912,78,21
Charme 1589,1911,76,18
des 1676,1912,33,17
Ostens: 1720,1912,75,17
Bei 1808,1912,28,17
einer 1200,1938,48,17
Reise 1256,1938,52,17
durch 1315,1938,55,17
die 1377,1938,28,17
DDR 1413,1938,42,16
machte 1463,1938,70,17
der 1539,1938,32,17
Fotograf 1577,1938,82,21
Karlheinz 1666,1938,90,17
Jardner 1763,1938,74,17
im 1201,1964,22,16
Wende-Frühling 1230,1964,153,21
1990 1393,1964,43,17
faszinierende 1443,1964,129,17
Fotos 1581,1964,53,17
- 1641,1974,12,2
und 1659,1964,36,17
dokumenierte 1703,1964,133,17
eine 1200,1995,40,16
Welt, 1246,1995,48,19
die 1300,1995,29,17
bald 1337,1995,39,17
für 1383,1995,27,17
immer 1416,1995,61,17
verschwand.« 1483,1995,133,16
<EOS>
(SPIEGEL-ONLINE) 1650,1994,187,21
NEU 1201,2039,39,17
2009. 1247,2040,51,16
<EOS>
84 1311,2039,23,17
Seiten. 1343,2039,68,17
<EOS>
Farbig. 1422,2039,68,21
<EOS>
12,80 1501,2039,51,19
EURO 1563,2039,58,17
(D/A) 1630,2039,48,20
/18,- 1687,2039,54,19
SFr. 1748,2038,38,18
<EOS>
(CH) 1795,2039,42,21
ISBN 1201,2068,55,17
978-3-88178-363-7 1267,2069,211,17
<EOS>
<EOP>
«¦ 1665,2109,21,17
SENSATIONSAUFNAHMEN 1699,2110,262,16
¦ 1971,2118,3,3
BACKSTAGE-FOTOS 1985,2110,197,16
• 2191,2118,4,3
STUDIEN: 2205,2110,97,15
Die 1665,2136,30,16
niederländische 1712,2136,156,16
Lichtbildnerin 1885,2136,133,16
Lutske 2035,2136,66,16
Veenstra 2117,2136,84,16
und 2218,2136,37,16
der 2271,2136,31,15
Berliner 1665,2162,77,16
Variete-Regisseur 1750,2162,174,21
Robert 1934,2162,64,16
Pater 2008,2162,50,16
haben 2068,2162,58,16
neue 2136,2167,47,11
Talente 2191,2162,71,16
der 2271,2162,32,16
Artistenszene 1665,2189,133,16
fotografiert. 1814,2189,116,20
<EOS>
Mal 1947,2189,33,16
inszenieren 1997,2189,111,16
sie 2125,2189,28,16
die 2169,2189,29,16
Künstler, 2216,2189,86,18
mal 1665,2216,33,16
begleiten 1707,2216,89,20
sie 1803,2216,28,16
sie 1838,2216,28,16
geschickt 1874,2216,94,20
bei 1975,2216,28,16
ihren 2013,2216,48,16
waghalsigen 2068,2216,123,20
Manövern. 2200,2215,101,16
<EOS>
So 1665,2242,25,16
blicken 1697,2242,69,16
wir 1773,2242,29,16
mit 1809,2242,29,16
ihnen 1846,2242,53,16
für 1906,2242,27,16
einen 1939,2242,52,16
Moment 1999,2242,78,16
in 2084,2242,17,15
einen 2107,2242,53,16
Raum, 2168,2242,60,19
in 2237,2242,16,15
dem 2260,2242,41,15
eine 1664,2268,40,16
Bewegung 1715,2268,102,21
ein 1827,2268,29,16
Schweben, 1866,2268,106,20
ein 1982,2268,29,16
Schweben 2021,2268,101,16
ein 2132,2268,28,16
Salto 2171,2268,48,16
Mortale 2230,2268,71,16
sein 1665,2295,39,16
kann. 1713,2295,51,16
<EOS>
- 1771,2304,12,2
Wir 1790,2295,32,16
ahnen 1829,2295,60,16
Ikarus: 1897,2295,66,16
Wenn 1970,2295,55,16
das 2033,2295,35,16
Licht 2076,2295,47,16
auf 2130,2295,31,16
der 2167,2295,32,16
Bühne 2207,2294,62,17
er¬ 2277,2298,26,13
lischt, 1665,2322,57,18
drohen 1729,2322,68,16
sich 1804,2322,40,16
die 1851,2322,29,16
Federn 1887,2322,66,16
in 1961,2322,16,15
den 1984,2322,35,16
Flügeln 2027,2322,71,20
der 2105,2322,31,15
Engel 2143,2322,53,20
zu 2203,2325,22,12
lösen... 2232,2321,69,16
<EOS>
NEU 1665,2361,39,17
2009.94 1712,2362,80,16
<EOS>
Seiten. 1798,2362,68,16
<EOS>
Broschur. 1875,2362,95,16
<EOS>
12,80 1982,2362,51,19
EURO 2041,2361,58,16
(D/A) 2106,2362,47,20
/18,- 2159,2362,52,19
SFr. 2216,2361,37,16
<EOS>
(CH) 2261,2361,41,21
ISBN 1665,2392,52,15
978-3-88178-373-6 1728,2392,202,16
<EOS>
<EOP>
ERCOHSTRUCriON 1311,2311,276,48
<EOS>
<EOP>
BRANDAKTUELL 1226,2464,183,16
BEI 1417,2464,37,16
TRANSC 1462,2464,92,16
<EOS>
<EOP>
TODES 1549,2535,143,34
I 1715,2526,11,43
xAM 1549,2579,72,25
ITI 1632,2579,47,25
I 1715,2567,11,36
I 1753,2567,16,37
KAPITALISMUS 1785,2576,169,27
I 1969,2567,18,36
<EOS>
<EOP>
m 1409,2499,20,12
i 1439,2499,5,12
<EOS>
<EOP>
NEU 2055,2438,47,16
BEI 2112,2438,35,16
ANABAS: 2156,2438,96,16
<EOS>
<EOP>
Adolf 2124,2492,70,18
im 2205,2498,22,12
WAHNderland 2090,2519,171,19
<EOS>
<EOP>
Sp 2156,2662,61,52
<EOS>
<EOP>
l^**»., 2094,2754,24,10
<EOS>
J 2123,2754,2,8
Jvnk-.M.-ihr 2129,2755,51,7
<EOS>
UM 2204,2753,19,11
Kr 2229,2754,10,8
.1' 2244,2757,9,5
<EOS>
¦'. 2257,2758,4,4
<EOS>
<EOP>
T 1226,2831,15,13
Candide: 1263,2828,76,16
Journal 1345,2828,64,16
for 1416,2828,23,16
T 1486,2828,14,16
Politik 1523,2828,53,16
des. 1582,2828,39,16
<EOS>
Architectural 1225,2855,110,15
Knowledge. 1342,2855,99,19
<EOS>
der 1485,2854,27,16
Streit 1519,2854,44,16
um 1570,2858,25,12
Sterbe. 1603,2855,58,15
<EOS>
17,- 1226,2881,33,19
E 1265,2880,10,16
(D/A) 1281,2880,41,21
/ 1328,2881,4,15
31,- 1338,2880,33,20
SFr. 1377,2880,31,16
<EOS>
(CH) 1415,2880,35,21
17,80 1486,2880,41,20
E 1534,2880,10,16
(D/A) 1550,2880,41,21
/ 1597,2881,4,15
32,- 1607,2880,33,20
SFr. 1646,2880,31,16
<EOS>
(CH) 1684,2880,36,21
ISBN 1226,2907,44,16
978-3-8376-1373-5 1279,2907,172,16
ISBN 1485,2907,45,16
978-3-8376-1265-3 1539,2907,172,16
<EOS>
<EOP>
f 2056,2795,13,18
Alice 2093,2798,46,15
im 2146,2798,21,15
1000-jährigen 2176,2797,126,21
the 1963,2828,26,16
Reich 2056,2824,53,16
/ 2117,2824,5,16
Adolf 2129,2824,51,17
in 2188,2824,16,16
Wonder- 2211,2824,83,16
<EOS>
<EOP>
' 1969,2854,2,3
" 1980,2852,3,5
<EOS>
<EOP>
k. 1996,2858,11,12
<EOS>
land: 2055,2851,44,16
2-sprachige 2107,2851,106,19
Ausgabe 2219,2850,81,20
I9.80E(DA) 1773,2881,102,18
<EOS>
35.90 1892,2881,42,15
<EOS>
SFr. 1940,2880,32,16
<EOS>
(CH) 1978,2880,36,20
in 2055,2877,16,15
Deutsch 2080,2877,79,15
und 2167,2877,36,15
Englisch. 2212,2876,89,20
<EOS>
ISBN 1770,2907,44,16
978-3-8376-1346-9 1824,2907,172,16
18,- 2055,2903,35,19
E 2096,2903,11,15
(D/A) 2114,2903,42,20
/ 2162,2904,5,14
25,- 2173,2903,36,19
SFr. 2215,2902,33,17
<EOS>
(CH) 2255,2902,38,21
<EOS>
<EOP>
ISBN 2055,2929,47,16
978-3-87038-385-5 2112,2929,182,17
©2009 1201,2976,102,25
MAJUSKEL 1342,2976,162,26
MEDIENPRODUKTION 1515,2976,321,25
GmbH 1848,2976,88,25
DIGITALAKROBATEN® 1976,2975,327,26
POSTFACH 1201,3013,129,26
2820 1339,3014,57,25
• 1406,3025,5,6
0-35538 1421,3014,97,25
WETZLAR 1527,3014,113,24
• 1651,3025,4,6
TEL: 1664,3013,52,26
(++49) 1726,3014,68,30
06441/911318 1803,3013,171,26
¦ 1984,3025,3,6
FAX: 1998,3013,48,25
(++49) 2056,3013,67,30
06441/911312 2133,3012,170,26
Bestellungen, 1201,3051,121,21
mehr 1329,3051,44,16
Informationen 1380,3051,122,16
und 1510,3051,32,16
alle 1549,3051,30,16
lieferbaren 1586,3051,93,16
Titel 1686,3051,36,16
im 1731,3051,19,16
VLB 1757,3051,36,16
(Verzeichnis 1800,3051,108,20
lieferbarer 1915,3051,90,16
Bücher) 2012,3051,68,19
via: 2087,3051,31,16
www.buchhandel.de 2124,3051,180,16
<EOS>
HOTLINE 1201,3078,80,16
via 1288,3078,24,16
E-MAIL 1319,3078,63,16
für 1388,3078,24,16
Buchhändler 1418,3078,113,16
und 1538,3078,31,16
Feuilletonisten: 1576,3078,136,16
113402.2741@compuserve.com 1720,3077,277,20
<EOS>
Stichwort: 2017,3077,90,16
DIGITALAKROBATEN 2113,3077,190,16
<EOS>
<EOP>
