2312,3102
I. 200,158,15,18
<EOS>
60 224,158,23,18
Jahre 255,157,57,24
Suhrkamp 321,157,117,26
- 446,170,11,1
Manfred 467,157,93,19
Stahl 570,157,53,19
— 632,170,14,1
Die 655,158,37,18
Suhrkamp-Soap 701,157,178,26
<EOS>
<EOP>
Die 742,447,155,83
Suhrkamp-Soap 926,442,689,117
Eine 880,643,78,32
kleine 972,642,105,33
Chronique 1094,642,179,44
scandaleuse 1284,642,194,33
<EOS>
<EOP>
Von 1041,762,50,25
Manfred 1102,760,132,27
Stah 1245,760,66,27
<EOS>
<EOP>
Gerüchte 200,1020,130,26
und 347,1020,53,26
Meldungen 419,1020,159,34
aus 595,1030,44,16
der 655,1020,45,26
Frankfurter 718,1020,169,26
Lindenstrasse, 903,1020,203,30
in 1123,1022,24,23
der 200,1070,45,26
der 255,1070,45,26
Suhrkamp 311,1071,150,33
Verlag 472,1070,90,34
bis 572,1070,38,26
vor 621,1080,43,16
Kurzem 676,1072,116,24
seinen 804,1071,87,25
Sitz 903,1071,52,25
hatte, 966,1070,76,31
erfreu¬ 1052,1070,95,26
ten 200,1128,41,18
sich 251,1120,52,26
in 313,1122,26,24
den 349,1120,50,26
letzten 408,1120,93,26
Jahren 512,1120,91,31
ganz 613,1130,69,24
besonderer 691,1120,152,26
Aufmerksamkeit 853,1120,243,26
des 1105,1120,43,26
Feuilletons. 199,1171,162,24
<EOS>
Kurz 376,1172,74,23
nach 464,1170,64,25
dem 543,1170,60,25
Ende 619,1170,73,25
der 706,1170,45,25
deutsch-deutschen 765,1170,259,25
Teilung 1040,1170,109,34
mehrten 201,1221,117,25
sich 334,1220,50,26
erstmals 398,1221,116,25
Nachrichten 529,1220,173,25
über 717,1220,63,25
Machtkämpfe 794,1220,197,34
und 1005,1220,54,25
Intri¬ 1074,1221,73,24
gen 199,1281,49,24
in 261,1272,25,24
dem 298,1271,60,25
Verlag, 370,1271,98,34
der 479,1271,45,25
wie 536,1272,47,24
kein 595,1271,59,25
anderer 665,1270,108,26
die 784,1270,41,25
geistige 836,1272,104,32
Physiognomie 952,1270,196,34
der 200,1321,44,25
alten 256,1321,66,25
Bundesrepublik 335,1321,222,34
geprägt 569,1325,106,29
hat. 687,1321,50,24
<EOS>
Es 751,1322,31,23
begann 794,1320,103,34
damit, 908,1320,91,31
dass 1011,1320,57,25
Sieg¬ 1080,1322,67,32
fried 200,1371,64,25
Unseld, 282,1371,106,30
der 404,1371,44,25
die 464,1370,41,26
Leitung 522,1372,112,32
des 649,1370,44,25
Unternehmens 710,1370,208,25
1959 937,1371,59,24
von 1012,1381,49,14
Peter 1078,1372,69,23
Suhrkamp 200,1421,150,34
übernommen 369,1421,190,25
hatte, 579,1420,75,29
sich 674,1420,51,25
1990 748,1422,60,23
mit 827,1422,47,23
seinem 892,1422,97,23
Mitgesell¬ 1008,1420,140,34
schafter 200,1471,109,25
und 323,1471,55,25
Sohn 393,1471,71,25
Joachim 478,1471,113,31
überwarf 608,1471,129,25
und 752,1470,53,26
die 820,1470,41,26
Schauspielerin 875,1470,204,34
und 1093,1470,54,26
Schriftstellerin 200,1521,208,25
Ulla 422,1521,59,25
Berkéwicz 497,1521,146,25
heiratete. 657,1521,125,25
<EOS>
Aus 798,1521,54,25
dieser 865,1521,82,25
Konstellation 960,1521,187,25
erwuchs 199,1571,118,25
ein 329,1572,40,24
langjähriger 381,1571,174,33
Kampf 568,1571,103,33
um 679,1581,45,15
Siegfried 737,1570,124,34
Unselds 875,1571,109,25
Nachfolge, 997,1571,151,33
den 200,1621,50,25
Ulla 261,1621,60,25
Berkéwicz 333,1621,146,25
schliesslich 491,1621,152,25
zu 654,1631,33,15
ihren 699,1621,72,25
Gunsten 783,1621,120,25
entschied. 914,1621,138,25
<EOS>
<EOP>
Als 325,1670,45,26
Erstes 384,1672,84,24
scheiterte 482,1670,130,26
der 626,1670,45,26
Geschäftsführer 684,1670,229,26
Gottfried 927,1670,131,26
Hon- 1074,1671,73,25
nefelder, 200,1721,118,30
der 331,1720,44,26
heute 389,1720,74,26
dem 477,1720,60,26
Börsenverein 553,1722,179,24
des 747,1720,43,26
Deutschen 805,1720,147,26
Buchhandels 968,1720,179,26
vorsteht. 200,1770,117,26
<EOS>
1996 330,1772,60,24
wurde 400,1770,90,26
ihm 501,1770,54,26
klar, 567,1770,62,30
dass 638,1770,58,26
er 705,1781,27,15
Unseld 743,1770,95,26
nicht 850,1770,69,25
beerben 929,1770,110,25
würde, 1049,1770,98,31
er 199,1830,26,16
warf 239,1820,68,26
entnervt 317,1828,117,18
das 447,1820,45,26
Handtuch 506,1820,143,26
und 665,1820,52,26
ging 732,1821,62,32
zu 808,1830,33,15
DuMont 855,1821,123,24
nach 991,1820,65,25
Köln. 1070,1820,76,25
<EOS>
Als 200,1870,46,26
zeitweilige 259,1870,150,34
«Kronprinzen» 424,1871,216,33
folgten 656,1870,96,33
ihm 765,1869,55,26
von 835,1880,48,15
April 897,1869,73,34
bis 984,1869,36,26
Novem¬ 1033,1871,115,24
ber 199,1920,44,25
1997 257,1920,60,25
Thedel 327,1920,99,26
von 438,1930,47,15
Wallmoden, 497,1919,174,30
dem 680,1919,60,26
zuvor 752,1930,78,15
in 840,1921,25,24
wenigen 877,1921,117,32
Jahren 1005,1919,91,32
ein 1107,1921,40,24
florierender 200,1970,163,26
Literatur- 382,1971,136,25
und 536,1970,52,26
Wissenschaftsverlag 608,1969,284,34
in 909,1971,26,24
Göttingen 953,1971,143,32
zu 1115,1980,32,15
etablieren 199,2020,135,26
gelungen 350,2020,128,34
war, 493,2030,59,21
und 566,2019,55,27
von 637,2030,48,16
März 700,2021,76,25
1998 793,2021,60,24
bis 868,2019,37,26
Dezember 919,2020,149,26
2000 1082,2021,66,25
Christoph 199,2070,140,34
Buchwald, 356,2070,147,29
den 518,2070,49,26
Unseld 584,2069,96,27
vom 696,2080,58,15
Luchterhand 770,2070,183,25
Verlag 968,2070,91,33
abge¬ 1073,2070,74,33
worben 199,2120,105,25
hatte. 321,2120,75,25
<EOS>
2001 413,2121,59,24
präsentierte 494,2121,164,33
er 674,2129,26,16
anstelle 716,2119,104,26
eines 836,2121,68,24
Nachfolgers 921,2119,169,34
ein 1106,2121,41,24
kompliziertes 199,2170,190,34
Stiftungsmodell 403,2170,225,34
und 644,2169,53,26
bestimmte 712,2169,147,26
den 873,2169,50,26
Lektor 937,2169,96,26
Günter 1046,2171,101,24
Berg 201,2222,65,32
zum 277,2230,62,15
Verlagsgeschäftsführer. 351,2220,328,34
<EOS>
<EOP>
Im 324,2271,38,23
Oktober 373,2270,117,25
2002 500,2271,62,24
starb 574,2270,67,25
Siegfried 651,2270,123,33
Unseld. 786,2270,103,24
<EOS>
Nach 901,2270,74,24
seinem 985,2271,95,23
Tod 1091,2270,55,25
Hess 199,2320,54,24
sich 263,2320,50,24
Ulla 323,2320,59,25
Berkéwicz 393,2320,145,25
exakt 547,2320,74,25
ein 630,2321,40,24
Jahr 681,2320,57,30
Zeit, 748,2321,63,29
bevor 820,2319,76,25
sie 905,2321,32,23
damit 947,2319,82,25
begann, 1037,2320,110,33
die 199,2369,41,25
Verhältnisse 251,2369,169,25
neu 432,2379,50,15
zu 494,2380,33,14
ordnen. 538,2369,106,25
<EOS>
Im 658,2371,37,23
November 709,2369,146,25
2003 867,2370,63,24
gab 942,2369,49,34
sie 1002,2371,33,23
Günter 1047,2371,99,23
Berg 200,2421,64,32
den 273,2419,50,25
Laufpass, 334,2419,132,34
der 476,2419,43,25
daraufhin 529,2419,140,25
die 680,2419,40,25
Verlagsleitung 730,2419,200,34
von 939,2429,47,15
Hoffmann 997,2419,150,25
& 199,2475,19,19
Campe 229,2471,100,32
übernahm. 341,2469,152,25
<EOS>
Diese 506,2471,76,23
Entscheidung 594,2469,192,34
war 798,2479,51,15
für 862,2469,41,25
den 914,2469,50,25
Philosophen 975,2469,172,34
Jürgen 199,2521,91,33
Habermas, 303,2520,153,30
die 467,2519,41,26
Autoren 520,2521,113,24
Hans-Magnus 647,2521,199,33
Enzensberger, 859,2519,198,35
Adolf 1068,2520,83,25
Muschg 199,2570,109,34
und 318,2570,52,25
Alexander 382,2570,144,25
Kluge 537,2570,82,33
sowie 629,2570,75,25
den 715,2570,49,25
Naturwissenschaftler 774,2570,295,25
Wolf 1079,2570,72,25
Singer 199,2620,89,33
Anlass, 301,2620,101,29
ihren 416,2619,71,25
Rücktritt 503,2620,125,25
aus 641,2629,44,16
dem 698,2619,60,26
Suhrkamp-Stiftungsrat 771,2619,330,34
zu 1114,2630,32,15
erklären. 199,2670,122,25
<EOS>
Damit 334,2670,90,25
stand, 434,2670,82,31
wenn 527,2680,76,15
auch 614,2670,63,25
nicht 690,2670,68,25
unangefochten, 769,2670,213,33
wieder 994,2670,94,25
nur 1099,2681,47,14
eine 198,2721,55,24
Person 264,2721,93,24
an 367,2730,33,15
der 411,2719,44,26
Spitze 466,2721,85,32
des 561,2719,44,26
Unternehmens: 616,2719,215,26
Ulla 843,2719,59,26
Berkéwicz. 914,2719,152,26
<EOS>
<EOP>
Thorsten 323,2769,128,26
Ahrend, 472,2769,118,31
der 610,2769,44,26
als 674,2769,36,26
Lektor 731,2769,94,26
für 846,2770,41,25
deutschsprachige 908,2769,238,34
Gegenwartsliteratur 198,2819,285,34
eine 497,2821,57,24
wichtige 568,2819,119,34
Schlüsselstellung 701,2819,238,34
einnahm, 953,2819,134,31
sah 1102,2819,44,26
<EOS>
<EOP>
daraufhin 1207,1020,141,26
keine 1362,1020,73,26
Zukunft 1449,1020,120,26
mehr 1582,1020,74,26
für 1670,1021,41,25
sich 1724,1020,51,26
bei 1788,1020,39,26
Suhrkamp 1841,1020,150,34
und 2004,1020,53,26
wech¬ 2072,1020,82,26
selte 1207,1070,59,26
im 1276,1071,35,24
Januar 1324,1072,92,29
2004 1426,1071,64,25
zu 1502,1080,32,16
Wallstein. 1545,1070,139,26
<EOS>
Wenig 1696,1071,91,33
später 1797,1074,82,30
verliess 1890,1070,98,26
mit 1998,1071,47,25
Martin 2056,1071,97,25
Walser 1207,1120,97,26
ein 1313,1121,41,25
langjähriger 1365,1120,173,34
enger 1548,1130,77,24
Freund 1636,1120,99,26
Unselds 1748,1120,109,26
den 1867,1120,50,26
Verlag 1928,1120,90,34
und 2028,1120,53,26
ging 2092,1121,63,33
zu 1207,1180,33,15
Rowohlt. 1259,1170,124,25
<EOS>
Ihm 1402,1170,59,25
folgte 1479,1170,77,34
wenig 1574,1172,85,32
später 1676,1174,81,30
Daniel 1775,1170,93,25
Kehlmann, 1887,1170,160,31
dessen 2064,1170,89,25
Roman 1207,1222,102,23
Die 1324,1222,50,23
Vermessung 1393,1222,158,33
der 1566,1221,44,24
Welt 1630,1221,58,24
2005 1705,1221,64,24
auch 1786,1220,65,25
ohne 1869,1220,67,25
Suhrkamp 1953,1220,151,34
zu 2122,1230,32,15
einem 1207,1272,84,23
Welterfolg 1301,1270,148,35
wurde. 1460,1271,96,25
<EOS>
Das 1569,1272,52,23
Beispiel 1632,1271,105,33
machte 1748,1270,100,25
Schule: 1858,1270,100,25
Jagoda 1969,1271,94,33
Mari- 2074,1272,79,23
nieging 1207,1322,109,32
2007 1324,1321,65,24
zu 1398,1331,32,14
Nagel 1441,1321,81,33
& 1533,1327,18,18
Kimche, 1563,1320,118,30
Norbert 1692,1321,112,24
Gstrein 1814,1322,104,23
2008 1927,1322,64,23
zu 2002,1331,33,14
Hanser, 2045,1322,109,29
Adolf 1207,1370,84,25
Muschg 1300,1370,111,34
Anfang 1423,1370,109,35
2009 1544,1372,65,23
zu 1622,1381,32,15
C. 1668,1372,30,23
<EOS>
H. 1712,1372,35,23
<EOS>
Beck 1761,1370,68,25
und 1842,1370,55,25
jüngst 1911,1372,85,32
Katharina 2009,1370,145,25
Hacker 1207,1420,103,25
zu 1322,1431,33,14
S. 1366,1422,23,23
<EOS>
Fischer. 1401,1420,107,26
<EOS>
<EOP>
Um 1333,1472,50,23
der 1399,1471,44,25
stetig 1458,1472,73,33
sinkenden 1544,1470,143,26
Akzeptanz 1702,1470,157,35
des 1874,1471,43,25
Suhrkamp 1931,1471,150,34
Ver¬ 2096,1472,58,24
lags 1207,1521,52,33
im 1273,1522,36,24
Buchhandel 1325,1521,166,25
zu 1507,1531,32,15
begegnen, 1553,1521,141,33
holte 1709,1521,66,25
sich 1789,1521,51,25
Ulla 1854,1521,60,25
Berkéwicz 1930,1521,145,25
2004 2089,1521,64,25
mit 1207,1572,47,24
Georg 1271,1572,87,32
Rieppel 1376,1571,106,33
einen 1499,1571,74,25
der 1591,1571,45,25
versiertesten 1654,1571,171,25
Marketingspezialisten 1842,1571,312,33
der 1206,1621,45,25
deutschen 1262,1621,140,25
Buchhandelsszene, 1415,1621,266,29
der 1692,1621,45,25
bis 1748,1621,37,25
dahin 1797,1621,81,25
für 1891,1621,42,25
den 1945,1621,50,25
Münchner 2007,1621,147,25
Traditionsverlag 1207,1670,231,34
C. 1449,1670,30,27
<EOS>
H. 1494,1672,33,24
<EOS>
Beck 1543,1670,66,26
gearbeitet 1621,1670,138,34
hatte. 1771,1670,76,26
<EOS>
Doch 1860,1670,76,26
nach 1949,1670,65,26
achtzehn 2026,1670,128,26
Monaten 1207,1722,123,24
fand 1345,1720,61,26
diese 1422,1720,68,26
Zusammenarbeit 1505,1720,243,26
schon 1761,1720,79,26
wieder 1854,1720,95,26
ihr 1964,1721,40,25
Ende. 2018,1720,81,26
<EOS>
Im 2114,1722,39,24
Juli 1206,1770,47,32
2006 1266,1771,65,25
musste 1345,1778,93,18
mit 1452,1772,47,24
Rainer 1512,1772,93,24
Weiss 1619,1772,79,24
auch 1710,1770,65,26
einer 1787,1771,70,25
der 1869,1770,45,26
bis 1926,1770,37,26
dato 1975,1770,61,26
engsten 2048,1778,105,26
Vertrauten 1207,1821,149,25
von 1368,1830,48,15
Ulla 1429,1820,59,26
Berkéwicz 1501,1820,145,26
den 1658,1820,49,26
Hut 1720,1822,55,24
nehmen. 1787,1820,120,26
<EOS>
<EOP>
Weil 1332,1870,62,25
dem 1411,1870,60,26
Schweizer 1488,1870,143,26
Unternehmer 1647,1870,189,26
und 1853,1870,53,26
Mäzen 1923,1871,95,25
Andreas 2035,1870,118,26
Reinhart 1207,1919,124,26
die 1345,1920,39,25
hohe 1399,1920,66,26
Fluktuation 1479,1920,166,26
von 1660,1930,48,15
Führungskräften 1723,1920,242,33
und 1980,1920,53,26
die 2047,1920,41,26
Ge¬ 2102,1921,51,25
schäftsentwicklung 1207,1970,273,33
bei 1491,1970,38,26
Suhrkamp 1543,1970,149,34
schon 1703,1970,77,25
lange 1793,1970,73,33
nicht 1880,1970,67,26
mehr 1959,1970,73,26
geheuer 2044,1970,110,34
war, 1206,2030,60,21
verkaufte 1281,2020,130,26
er 1427,2030,26,16
im 1469,2021,36,25
November 1521,2020,148,26
2007 1684,2020,65,26
seine 1764,2021,67,25
Verlagsanteile 1847,2020,197,34
von 2059,2030,48,16
29 2123,2021,30,25
Prozent 1207,2071,109,25
an 1326,2080,32,16
den 1369,2070,49,26
Hamburger 1431,2070,168,34
Investmentbanker 1610,2070,254,26
Claus 1875,2070,77,26
Grossner 1963,2072,125,24
und 2099,2070,54,26
an 1206,2129,33,16
Hans 1257,2121,76,24
Barlach, 1353,2120,113,29
den 1485,2120,50,25
Enkel 1555,2120,82,25
des 1656,2120,44,25
Bildhauers 1720,2120,149,25
und 1888,2120,54,25
Schriftstellers 1962,2120,192,25
Ernst 1206,2171,76,24
Barlach. 1300,2170,113,25
<EOS>
Über 1431,2167,72,28
die 1520,2170,40,25
Rechtmässigkeit 1578,2170,228,34
dieser 1823,2170,81,25
Transaktion 1922,2170,172,25
be¬ 2112,2170,41,25
gann 1206,2230,68,24
sofort 1290,2220,78,25
ein 1382,2222,40,23
— 1436,2237,19,2
inzwischen 1467,2220,158,25
beigelegter 1639,2220,153,34
— 1804,2237,19,2
Rechtsstreit, 1836,2220,170,30
und 2020,2220,54,25
auch 2089,2220,64,25
kritische 1207,2270,119,24
Äusserungen 1345,2267,184,37
der 1548,2270,44,25
neuen 1611,2280,81,15
Anteilseigner 1713,2270,187,34
über 1919,2270,61,25
Berkéwicz' 2000,2270,153,25
Geschäftsgebaren 1206,2320,248,33
hatten 1468,2320,86,25
juristische 1568,2320,141,33
Konsequenzen: 1723,2322,218,32
Jeweils 1954,2320,96,31
15 2066,2321,25,24
000 2105,2322,48,23
Euro 1206,2371,70,23
mussten 1285,2377,113,17
Grossner 1409,2371,125,24
und 1544,2370,53,25
Barlach 1611,2370,104,24
an 1726,2380,31,14
gemeinnützige 1767,2371,209,32
Einrichtun¬ 1987,2370,165,24
gen 1205,2429,50,24
zahlen, 1268,2419,100,31
nachdem 1383,2420,126,25
Berkéwicz 1526,2420,144,25
wegen 1685,2430,87,24
Verleumdung 1786,2420,195,34
Strafantrag 1994,2420,159,34
beim 1206,2469,68,25
Amtsgericht 1286,2470,175,34
München 1472,2470,132,25
gestellt 1615,2470,98,34
hatte. 1724,2470,74,25
<EOS>
<EOP>
Derweil 1331,2520,113,25
setzte 1456,2527,78,19
sich 1546,2520,51,26
der 1610,2520,44,26
personelle 1666,2520,140,34
Aderlass 1819,2520,118,25
fort. 1950,2521,57,25
<EOS>
Schon 2019,2520,85,26
im 2117,2521,35,24
Oktober 1206,2570,116,25
2007 1334,2570,64,25
hatte 1408,2570,69,25
die 1487,2570,41,25
Marketingleiterin 1539,2570,247,34
Anya 1797,2571,74,33
Schutzbach 1882,2570,161,25
gekün¬ 2053,2570,100,34
digt 1205,2620,56,33
und 1277,2620,53,25
mit 1349,2621,45,24
Rainer 1412,2621,93,24
Weiss 1521,2620,79,25
begonnen, 1616,2620,145,33
die 1777,2620,41,25
Gründung 1835,2620,151,33
des 2002,2620,43,25
Weiss- 2061,2621,92,24
books 1205,2670,82,25
Verlags 1296,2670,103,33
vorzubereiten. 1409,2670,199,26
<EOS>
Im 1620,2671,36,24
Juni 1668,2671,56,30
2008 1734,2671,63,24
verliessen 1808,2670,132,26
der 1949,2670,45,26
Geschäfts¬ 2003,2670,149,26
führer 1206,2719,89,26
Philip 1309,2719,83,34
Roeder 1407,2720,99,26
und 1521,2720,52,26
die 1588,2720,41,26
Pressesprecherin 1644,2720,232,34
Petra 1891,2721,71,25
Büscher 1978,2720,111,26
den 2102,2720,50,26
Suhrkamp 1205,2769,150,34
Verlag; 1377,2770,98,34
Roeder 1497,2770,99,26
ging 1616,2771,64,33
zum 1700,2780,62,16
Hörverlag, 1785,2770,150,34
Büscher 1957,2770,111,26
zum 2090,2780,62,16
Deutschen 1205,2819,149,26
Taschenbuch 1365,2820,184,25
Verlag. 1561,2820,96,33
<EOS>
<EOP>
4s 198,2968,22,17
<EOS>
<EOP>
