2312,3102
Du 1766,155,32,19
803 1808,155,35,18
- 1852,165,12,1
Januar/Februar 1873,153,174,25
2010 2056,154,46,19
<EOS>
<EOP>
In 150,322,28,23
jedem 189,320,83,34
Jubiläum 284,320,127,31
spiegelt 422,320,103,35
sich 535,320,50,26
ein 595,322,42,23
Anfang. 647,320,114,35
<EOS>
Im 773,321,37,24
Jahre 822,320,72,31
1950, 908,320,67,31
bevor 986,320,76,25
es 1071,330,25,15
im 149,372,36,23
Hause 199,372,89,23
Suhrkamp 301,370,150,34
Siegfried 466,370,123,34
Unseld 605,371,97,24
und 715,370,54,25
ein 783,372,41,23
Wissenschaftspro¬ 838,370,258,34
gramm 149,431,102,24
gab, 267,420,56,35
gab 337,420,48,34
es 399,431,24,15
dort 437,420,58,26
den 509,420,49,26
deutschen 572,420,140,26
Idealismus 727,420,148,26
von 889,431,49,15
zwei 953,421,63,25
jüdi¬ 1031,420,65,33
schen 149,471,76,25
Philosophen 237,471,172,34
— 418,488,19,1
Walter 446,471,95,25
Benjamin 553,472,135,32
und 699,471,54,25
Thedor 765,471,106,25
W. 881,472,38,24
<EOS>
Adorno. 930,471,116,25
<EOS>
Im 1057,472,39,24
Lichte 150,522,87,24
dieses 247,522,81,24
Doppelgestirns 340,521,211,34
sollte 562,522,70,24
sich 643,522,50,24
sechs 704,521,70,25
Jahre 785,521,73,31
später 868,525,81,30
auch 959,521,64,25
mei¬ 1035,522,61,24
ne 150,582,30,14
erste 191,579,63,17
Begegnung 267,572,158,33
mit 435,572,48,24
dem 494,571,59,25
Verlag 565,571,90,34
ergeben. 666,571,116,34
<EOS>
<EOP>
Damals 275,621,108,25
bezog 403,621,84,33
ich 507,621,38,25
im 567,622,35,24
Institut 625,622,101,24
für 747,621,41,25
Sozialforschung 809,621,226,33
ein 1056,621,40,25
Arbeitszimmer 151,671,214,26
schräg 378,671,89,34
gegenüber 478,671,146,34
einem 636,672,85,25
Raum, 734,672,94,30
wo 840,682,41,15
Benjamins 893,672,149,32
be¬ 1054,671,43,26
rühmte 151,722,103,26
Lithografie, 273,721,166,34
der 456,721,44,27
Angelus 515,723,107,33
Novus 639,723,87,25
von 744,732,48,16
Klee, 811,721,72,32
an 900,732,32,16
der 951,721,44,27
Wand 1013,721,83,26
hing. 150,772,69,34
<EOS>
Hier 234,774,65,24
residierte 314,772,127,26
Gretel 455,772,85,26
Adorno, 556,772,115,31
die 685,772,41,26
mich 740,772,68,26
alsbald 823,772,96,26
aufforderte, 933,772,164,31
eine 151,824,54,24
Rezension 219,823,143,25
über 376,822,63,26
die 451,822,41,26
erste 505,830,62,18
Benjamin-Ausgabe 582,822,270,34
der 865,822,44,26
Nachkriegs¬ 923,822,174,33
zeit 151,874,48,23
zu 212,883,32,14
schreiben. 256,872,139,25
<EOS>
Zusammen 407,873,160,24
mit 580,874,47,23
Teddy 638,872,88,34
hatte 738,872,68,25
sie 819,874,32,23
soeben 863,872,92,25
Schriften 969,872,128,25
dieses 150,922,80,26
kaum 242,922,80,26
noch 334,922,66,25
erinnerten 411,924,147,23
Autors 570,924,94,23
herausgegeben, 676,922,213,35
doch 900,922,67,25
ohne 978,922,68,25
die 1057,921,41,26
erwünschte 150,973,162,25
Aufmerksamkeit 323,973,240,25
zu 573,983,33,15
finden. 616,973,97,25
<EOS>
Später 724,974,87,33
wird 821,972,64,25
sich 897,972,50,26
Unseld 958,972,96,25
an 1065,983,32,14
diese 151,1023,67,25
Zeit 230,1024,55,24
erinnern: 296,1024,129,24
«Benjamin 439,1024,151,32
war 603,1034,52,14
noch 666,1023,67,25
nicht 744,1023,70,25
einmal 825,1023,94,25
ein 931,1024,41,24
intellek¬ 984,1022,113,26
tueller 151,1073,88,25
Geheimtipp». 251,1072,191,35
<EOS>
<EOP>
Immerhin 276,1123,143,25
kam 439,1123,62,25
auf 520,1124,43,24
diese 582,1123,68,25
Weise 670,1124,82,24
mein 771,1124,69,24
erster, 859,1130,83,23
allerdings 961,1123,137,33
noch 151,1173,66,25
sehr 227,1173,57,25
indirekter 295,1173,138,25
und 443,1173,54,25
nicht 508,1173,69,25
besonders 585,1173,138,25
folgenreicher 733,1173,183,34
Kontakt 925,1173,117,25
mit 1052,1173,46,25
dem 151,1223,59,26
Suhrkamp 221,1223,150,33
Verlag 381,1223,91,34
zustande. 482,1223,132,26
<EOS>
Meine 625,1224,86,25
Frau 723,1224,62,25
wanderte, 796,1223,139,31
um 945,1234,45,15
das 1001,1223,45,26
be¬ 1056,1223,42,25
reitgelegte 152,1273,143,34
Rezensionsexemplar 309,1273,285,34
abzuholen, 606,1273,154,29
mit 773,1275,47,24
dem 831,1273,61,26
Kinderwagen 905,1273,192,33
zum 152,1334,61,15
«Bienenkorb» 225,1322,194,27
an 430,1334,33,14
der 472,1322,45,27
Zeil, 527,1323,62,30
und 599,1323,54,26
wir 664,1324,47,25
beide 721,1323,72,26
versenkten 803,1323,150,25
uns 964,1334,48,14
in 1022,1324,24,24
die 1057,1322,41,26
dunkel 151,1373,95,26
leuchtenden 259,1373,168,26
Essays 438,1374,88,33
dieser 535,1372,81,27
beiden 627,1373,91,26
hellbraunen 730,1373,165,26
Leinenbände. 906,1372,191,27
<EOS>
Nicht 151,1423,78,26
als 240,1423,36,26
hätte 288,1423,68,26
mich 368,1423,67,26
diese 448,1423,68,26
Mischung 529,1423,139,34
aus 678,1433,44,16
luziden 734,1423,103,26
Sätzen 849,1424,92,25
und 954,1422,53,27
kryp¬ 1020,1422,78,35
tischen 152,1473,95,26
Anspielungen, 261,1473,204,34
die 477,1473,40,26
in 531,1474,24,25
kein 569,1473,58,26
Genre 640,1475,88,24
zu 741,1484,32,15
passen 787,1483,89,24
schienen, 889,1473,128,29
nicht 1030,1473,69,26
fasziniert. 152,1523,137,26
<EOS>
Aber 307,1523,69,26
die 393,1523,40,26
Rezension 451,1525,143,24
kam 611,1524,62,25
nicht 691,1523,69,26
zustande, 777,1523,133,31
und 927,1523,54,26
für 999,1523,42,26
die 1057,1523,41,26
unterlassene 152,1574,171,25
Hilfeleistung 334,1573,184,34
leistete 527,1573,92,26
ich 629,1574,40,25
erst 678,1582,49,17
sechzehn 737,1573,128,26
Jahre 875,1573,73,31
später, 958,1577,88,30
auf 1055,1573,48,26
einem 152,1625,83,23
Symposion 247,1625,153,32
aus 411,1634,45,14
Anlass 467,1623,94,26
von 572,1634,49,14
Benjamins 634,1625,148,32
achtzigstem 794,1623,166,34
Geburts¬ 973,1623,125,25
tag, 152,1681,49,27
Ersatz. 213,1675,97,24
<EOS>
<EOP>
Ich 277,1724,41,25
musste 330,1731,93,18
mit 433,1726,48,23
einem 490,1726,85,23
Vortrag 586,1726,109,33
für 713,1724,41,26
den 764,1724,50,26
Freund 826,1724,100,25
Peter 937,1726,71,23
Szon- 1019,1725,79,24
di 152,1774,25,25
einspringen, 186,1775,174,33
der 368,1774,45,25
sich 423,1774,51,25
das 483,1774,45,25
Leben 540,1774,87,25
genommen 635,1785,157,23
hatte, 803,1774,77,31
weil 890,1774,56,25
er 956,1784,25,15
sich 991,1774,50,25
mit 1052,1775,48,24
dem 152,1824,60,25
Schicksal 224,1824,129,25
eines 367,1825,68,24
zufällig 448,1824,107,34
Überlebenden 567,1822,198,27
nicht 779,1824,69,25
abfinden 859,1824,122,25
konnte. 995,1824,103,25
<EOS>
Benjamins 152,1875,149,32
tragisches 312,1874,137,34
Ende 460,1874,73,25
hatte, 544,1874,75,30
so 630,1885,26,14
schien 667,1874,86,25
uns, 763,1884,57,20
ein 830,1875,40,24
deprimierendes 881,1874,218,34
Echo 152,1924,72,25
gefunden. 236,1924,140,34
<EOS>
Das 390,1925,55,24
Programm 458,1925,152,33
der 625,1924,45,25
kleinen 683,1924,103,26
Konferenz 801,1924,149,25
lief 964,1924,41,25
so 1019,1935,27,14
ab: 1059,1924,39,25
Abends 152,1974,107,26
hielt 275,1974,60,26
Gershom 351,1974,129,26
Scholem 498,1974,118,26
im 633,1975,36,25
Palmengarten 686,1974,197,34
einen 899,1975,75,25
Vortrag 991,1975,109,32
über 152,2024,62,26
Benjamin 223,2026,133,32
und 367,2025,54,25
sein 428,2026,50,24
Engel, 489,2025,86,33
worin 586,2026,83,24
er 679,2035,26,15
den 716,2024,49,26
rätselhaften 778,2024,164,26
Titel 953,2024,66,26
einer 1030,2025,69,25
Aufzeichnung 152,2074,204,34
aus 367,2085,44,15
den 422,2074,50,26
frühen 486,2074,93,26
1930er-Jahren 594,2074,191,32
— 796,2091,18,2
Agesilaus 823,2075,126,33
Santander 960,2075,140,25
<EOS>
<EOP>
— 151,2142,18,1
aufklärte. 181,2124,137,26
<EOS>
Am 334,2126,52,24
nächsten 400,2124,122,26
Tag 536,2125,54,33
gab 603,2124,49,34
es 665,2135,25,15
Vorträge 704,2126,122,32
in 840,2125,26,25
der 880,2124,45,26
Universität, 937,2126,163,28
und 152,2175,54,25
zwar 221,2185,69,15
im 303,2176,36,24
Hörsaal 354,2174,108,26
VI, 477,2176,45,30
wo 535,2185,40,15
Adornos 588,2174,120,26
Geist 721,2176,71,24
damals 805,2174,100,26
noch 919,2174,66,26
präsent 999,2178,101,30
war. 152,2235,59,15
<EOS>
Nachmittags 225,2225,181,34
eröffnete 421,2225,123,25
Ernst 559,2226,75,24
Bloch, 649,2225,87,31
wie 750,2226,48,24
immer 812,2226,93,24
narrativ 920,2226,110,24
und 1046,2224,53,26
pfeiferauchend 153,2274,206,35
philosophierend, 383,2275,234,34
unter 639,2283,74,17
der 735,2275,44,25
Leitung 803,2276,111,32
von 936,2285,48,15
Alfred 1008,2274,91,26
Schmidt 152,2325,118,25
eine 284,2326,57,24
Diskussion, 356,2325,161,29
an 533,2335,32,15
der 580,2324,44,26
unter 639,2333,75,17
anderem 728,2325,123,25
Max 866,2326,63,24
Frisch 944,2324,85,26
und 1046,2324,53,26
George 152,2376,103,33
Steiner 268,2376,98,24
teilnahmen 380,2375,158,25
— 552,2392,18,2
derselbe 583,2375,113,25
Steiner, 710,2376,104,29
der 827,2374,45,25
ein 886,2376,40,23
halbes 941,2374,86,25
Jahr 1043,2374,57,31
später 153,2428,81,31
in 246,2426,27,23
The 286,2425,52,24
Times 352,2425,80,24
Literary 443,2426,112,32
Supplement 567,2425,163,33
das 743,2424,44,25
Wort 801,2425,72,24
von 886,2434,48,15
der 947,2424,44,25
«Suhr¬ 1007,2423,93,26
kamp-Kultur» 153,2474,207,35
prägte. 374,2478,94,30
<EOS>
<EOP>
Die 279,2526,49,24
flüchtige 345,2524,122,35
personelle 485,2524,140,35
Konstellation 643,2525,187,25
dieses 848,2524,81,25
einen 947,2526,74,23
Wo¬ 1040,2526,60,23
chenendes 153,2574,143,25
im 307,2576,34,23
Juli 354,2574,46,30
1972 412,2574,60,25
war 483,2584,52,15
bei 545,2574,39,25
aller 594,2574,60,25
Zufälligkeit 665,2574,165,34
doch 840,2574,66,25
exemplarisch 916,2574,184,34
für 153,2624,43,25
den 216,2624,49,25
ungewöhnlichen 287,2624,234,34
Kommunikationszusammenhang, 543,2624,487,34
den 1050,2624,50,25
der 153,2674,44,26
Verlag 213,2674,92,34
und 320,2674,53,25
sein 390,2675,54,24
Verleger 460,2674,117,34
zwischen 594,2674,128,25
literarischen 738,2674,171,25
und 926,2674,54,25
wissen¬ 997,2675,104,24
schaftlichen 154,2725,166,25
Autoren, 334,2725,124,30
zwischen 472,2724,128,25
Schriftstellern, 614,2724,206,30
Philosophen, 834,2724,179,34
Geis¬ 1027,2725,74,24
teswissenschaftlern 154,2774,269,26
und 441,2774,53,25
Kritikern 515,2774,133,25
immer 665,2775,94,24
wieder 777,2774,95,25
hergestellt 890,2774,142,34
hat. 1050,2773,50,26
<EOS>
Steiner 154,2825,97,24
hatte 266,2824,68,25
dieses 348,2824,80,25
Milieu 443,2824,90,25
aus 548,2834,43,15
der 605,2824,44,25
Nähe 664,2824,76,25
betrachtet 754,2824,138,25
und 906,2824,54,25
die 975,2824,40,25
Rolle 1032,2824,69,24
<EOS>
<EOP>
erkannt, 1155,319,118,32
die 1284,319,41,26
der 1338,319,44,26
Verlag 1394,319,91,35
bei 1497,319,40,26
der 1549,319,44,26
intellektuellen 1606,318,199,27
Beschleunigung 1819,318,227,34
der 2058,318,44,26
1960er-Jahre 1157,370,175,31
spielte. 1345,370,93,34
<EOS>
Hier 1452,371,64,24
bündelten 1529,369,140,26
sich 1682,369,50,26
die 1747,369,40,26
spekulativen 1802,369,173,33
Impulse 1991,368,111,34
der 1155,420,45,25
Zeit 1212,421,56,24
zu 1281,430,33,15
einer 1327,421,68,24
Kultur 1409,420,96,25
des 1517,419,43,26
Gegenwartssinns 1573,421,241,33
- 1826,436,18,2
einer 1855,420,69,25
zukunftsof¬ 1938,418,165,27
fenen 1156,470,74,26
Sensibilität 1241,470,153,26
für 1405,470,41,26
die 1455,470,41,26
Spannungen 1505,472,178,32
einer 1692,471,69,24
zerrissenen 1771,471,157,24
Gegenwart. 1938,471,164,33
<EOS>
Davon 1156,522,91,24
wurden 1259,521,108,25
auch 1378,521,64,25
die 1454,521,40,25
Wissenschaften 1506,520,218,25
erfasst. 1736,521,94,24
<EOS>
<EOP>
Die 1158,645,54,34
Disziplin 1229,645,138,42
des 1383,645,56,33
Gedankens 1455,645,185,34
Das 1156,723,54,24
Benjamin-Symposion 1227,722,302,34
fiel 1546,721,40,26
in 1603,722,25,25
eine 1644,722,57,25
Zeit 1716,721,56,26
hektischer 1788,721,143,25
Expansion. 1947,721,156,33
<EOS>
Der 1156,774,54,24
Start 1224,774,68,24
der 1306,772,44,25
suhrkamp 1361,773,133,32
taschenbücher 1508,772,193,25
lag 1715,771,40,34
noch 1770,771,65,25
kein 1849,770,59,26
Jahr 1923,770,58,33
zurück. 1996,770,107,26
<EOS>
Die 1157,823,49,25
erste 1218,830,63,18
Serie 1294,823,68,25
bestand 1375,821,108,27
aus 1495,831,44,17
einem 1552,822,85,25
politischen 1650,821,151,34
Reisetagebuch 1814,820,199,34
sowie 2027,821,77,25
sieben 1156,872,84,25
literarischen 1252,872,171,25
und 1434,871,54,26
zwei 1500,873,63,24
wissenschaftlichen 1574,871,262,26
Titeln. 1847,871,93,25
<EOS>
Im 1952,872,38,24
darauf¬ 2002,870,102,26
folgenden 1157,922,136,34
Jahr 1305,922,57,31
hatten 1372,922,87,25
die 1470,921,40,26
wissenschaftlichen 1521,921,260,26
Titel 1792,920,66,27
schon 1869,920,77,27
ein 1957,922,40,25
solches 2008,920,96,26
Gewicht 1157,972,118,25
erlangt, 1291,972,107,34
dass 1415,972,57,25
die 1488,972,41,25
Backlist 1547,972,110,25
als 1673,972,35,25
Substanz 1725,971,128,26
für 1869,971,42,26
eine 1928,972,56,25
wissen¬ 2001,972,102,25
schaftliche 1157,1023,148,24
Taschenbuchreihe 1319,1022,255,25
ausreichte 1588,1022,138,25
— 1739,1039,19,2
die 1770,1022,41,24
einzige, 1825,1023,108,32
die 1946,1021,42,25
sich 2002,1021,50,25
bis 2068,1021,36,25
heute 1157,1073,74,24
am 1243,1083,41,14
Markt 1300,1072,87,25
behauptet 1398,1072,138,34
hat. 1549,1072,49,25
<EOS>
Wir 1611,1073,56,23
haben 1680,1072,83,25
uns 1776,1081,48,15
seit 1836,1073,45,23
Langem 1892,1073,118,32
daran 2023,1071,81,25
gewöhnt, 1156,1123,130,34
vom 1304,1133,58,14
wissenschaftlichen 1381,1122,262,26
Hauptprogramm 1661,1124,243,32
zu 1924,1132,32,14
sprechen. 1974,1121,129,34
<EOS>
Und 1157,1173,61,25
mit 1233,1173,46,25
den 1293,1173,50,25
suhr\amp 1354,1173,134,34
taschenbüchern 1501,1173,209,24
Wissenschaft 1725,1173,166,33
leben 1905,1172,72,25
die 1991,1171,42,26
Stu¬ 2046,1172,58,24
denten 1157,1223,93,25
nun 1262,1233,53,16
schon 1326,1223,79,25
seit 1415,1224,45,24
mehreren 1470,1223,134,25
Generationen; 1615,1223,200,30
sie 1825,1223,34,24
sind 1869,1222,56,25
als 1937,1222,35,25
klein 1983,1222,68,25
ge¬ 2062,1232,42,24
drucktes 1157,1273,120,25
Kürzel, 1293,1273,105,31
stw, 1413,1281,53,22
in 1482,1274,23,24
aller 1521,1273,61,25
Munde. 1597,1273,107,25
<EOS>
Die 1721,1273,49,25
im 1785,1273,36,24
Gesamtverzeichnis 1836,1272,268,25
Suhrt\amp 1155,1324,140,32
Wissenschaft 1315,1323,168,33
aufgeführten 1501,1322,182,34
Titel 1703,1322,64,26
füllen 1787,1322,81,25
inzwischen 1886,1322,157,25
141 2064,1322,37,24
engbedruckte 1157,1372,199,34
Seiten. 1367,1374,92,24
<EOS>
Neben 1472,1372,90,26
Philosophie 1576,1372,161,34
und 1749,1372,53,25
Gesellschaftstheorie, 1814,1372,291,30
den 1157,1422,50,27
beiden 1224,1422,92,27
erwartbaren 1334,1422,171,27
Domänen 1526,1424,139,24
des 1681,1422,45,26
Hauses, 1743,1423,110,29
erscheinen 1870,1422,147,26
neun 2036,1432,68,15
weitere 1157,1474,99,25
sozial- 1268,1473,89,26
und 1368,1473,54,26
geisteswissenschaftliche 1433,1472,335,35
Disziplinen. 1781,1472,167,34
<EOS>
<EOP>
Aber 1283,1523,69,26
der 1363,1523,44,26
Name 1419,1525,86,24
«Wissenschaft» 1519,1523,214,26
besagt 1747,1523,88,33
in 1846,1524,26,24
diesem 1883,1522,97,26
Kontext 1994,1524,111,24
eben 1157,1573,64,26
nicht 1237,1573,69,26
nur, 1321,1583,53,21
dass 1389,1573,56,26
sich 1460,1573,50,26
ein 1526,1574,40,25
literarischer 1581,1573,166,26
Verlag 1763,1572,90,34
auch 1866,1572,65,26
ein 1945,1574,41,24
wissen¬ 2002,1573,102,25
schaftliches 1157,1623,161,25
Programm 1334,1625,151,32
zugelegt 1501,1623,118,34
hat. 1632,1623,50,25
<EOS>
Natürlich 1698,1622,135,26
täuscht 1847,1622,99,26
der 1959,1622,45,26
Name 2018,1623,87,25
nicht 1157,1674,70,25
im 1237,1675,35,23
Hinblick 1284,1673,125,25
auf 1419,1675,43,23
die 1473,1673,41,25
wissenschaftliche 1524,1673,243,25
Qualität. 1777,1672,124,32
<EOS>
Dazu 1912,1674,77,24
braucht 2000,1672,105,26
man 1157,1734,62,15
nicht 1236,1724,70,25
erst 1321,1731,48,18
auf 1384,1724,49,25
die 1444,1724,41,25
Theorien 1501,1724,131,25
von 1648,1734,48,15
Noam 1714,1725,88,24
Chomsky 1819,1723,133,34
und 1969,1722,54,26
John 2040,1723,64,30
Searle, 1157,1774,93,31
Donald 1260,1774,104,25
Davidson 1374,1774,131,25
und 1516,1774,53,25
Saul 1580,1774,58,24
Kripke, 1649,1774,107,34
von 1766,1784,48,14
John 1824,1773,65,31
Rawls, 1898,1773,92,30
Charles 1999,1773,105,25
Taylor 1157,1824,90,34
und 1272,1824,54,25
Ronald 1352,1824,98,25
Dworkin 1477,1824,127,25
hinzuweisen, 1630,1823,185,30
die 1839,1823,41,25
Suhrkamp 1904,1823,150,33
in 2079,1824,26,23
Deutschland 1158,1874,178,25
eingeführt 1357,1874,148,34
hat, 1527,1873,49,30
oder 1597,1873,62,25
auf 1680,1873,47,25
die 1743,1873,41,25
jüngste 1805,1874,100,33
verlegerische 1926,1872,179,34
Grosstat, 1157,1924,125,30
die 1300,1924,41,25
Übersetzung 1361,1919,182,38
des 1560,1923,44,26
eminenten 1622,1924,148,25
Werkes 1790,1923,104,25
eines 1913,1924,67,24
analyti¬ 1999,1922,106,35
schen 1158,1974,76,26
Hegelianers 1251,1974,165,33
namens 1430,1984,108,15
Robert 1553,1974,95,25
Brandom. 1661,1974,140,25
<EOS>
Der 1815,1974,54,24
Suhrkamp 1883,1973,150,34
Ver¬ 2047,1974,58,24
lag 1158,2024,41,34
hat 1212,2024,44,26
den 1269,2024,50,26
amerikanischen 1334,2024,223,26
Pragmatismus 1572,2025,202,32
von 1789,2034,47,15
Peirce, 1852,2024,92,29
Mead 1958,2023,77,26
und 2051,2023,54,25
Dewey 1158,2076,97,32
bis 1267,2074,37,26
Richard 1317,2074,110,26
Rorty 1442,2076,77,32
hierzulande 1532,2073,168,26
als 1712,2073,35,26
eine 1759,2075,56,24
wissenschaftlich 1828,2073,229,26
se¬ 2069,2084,37,14
riöse 1158,2126,65,24
Bewegung 1234,2126,149,32
erst 1392,2132,48,18
sichtbar 1450,2123,108,27
gemacht. 1567,2123,126,34
<EOS>
Der 1704,2125,54,24
Titel 1768,2123,65,26
Wissenschaft 1845,2123,184,26
trifft 2040,2123,66,25
also 1157,2174,54,26
auf 1226,2175,44,25
die 1285,2174,42,26
disziplinaren 1343,2174,181,34
Standards 1542,2174,140,26
zu, 1699,2184,42,20
aber 1756,2173,59,27
er 1831,2184,27,15
bringt 1873,2173,87,34
nicht 1977,2173,69,26
das 2061,2173,45,26
Spezifische 1158,2224,157,35
zum 1328,2234,62,16
Ausdruck 1403,2224,140,26
— 1554,2241,19,2
nicht 1585,2224,69,26
den 1665,2224,50,26
philosophischen 1729,2223,225,35
Geist 1967,2224,73,25
und 2051,2223,54,26
die 1158,2274,41,26
zeitgeschichtliche 1213,2274,246,34
Nervosität, 1473,2275,153,30
die 1640,2274,41,26
doch 1694,2274,65,26
das 1775,2274,44,25
intellektuelle 1834,2273,180,26
Profil 2029,2273,75,25
der 1158,2324,44,26
Suhrkamp 1212,2325,139,33
Wissenschaft 1366,2325,168,33
auszeichnen. 1545,2323,178,27
<EOS>
<EOP>
Auch 1284,2374,74,25
nicht 1369,2374,69,25
jenes 1449,2376,67,32
überschiessende 1527,2373,223,26
Element 1762,2373,117,26
einer 1888,2374,69,25
verstören¬ 1968,2377,138,22
den 1158,2424,50,25
literarischen 1220,2424,171,25
Spontaneität, 1402,2425,186,33
die 1598,2423,40,26
sich 1649,2423,51,26
in 1711,2424,26,25
den 1748,2423,49,26
besten 1808,2422,88,26
Fällen 1906,2422,87,26
mit 2005,2423,46,25
der 2062,2422,45,26
Disziplin 1159,2474,127,34
des 1300,2474,44,25
Gedankens 1357,2474,159,25
verbindet. 1530,2473,138,26
<EOS>
Bevor 1682,2475,80,24
es 1775,2484,25,15
in 1814,2474,25,24
diesem 1852,2473,98,26
Hause 1964,2474,88,25
ein 2065,2474,41,24
wissenschaftliches 1159,2524,255,25
Programm 1427,2526,155,32
gab, 1594,2523,57,34
gab 1664,2523,50,34
es 1726,2534,25,14
Autoren, 1765,2524,124,30
die 1902,2523,40,25
in 1956,2524,25,24
der 1996,2522,44,26
frü¬ 2054,2522,53,26
hen 1160,2574,47,25
Bundesrepublik 1222,2574,221,34
eine 1454,2575,56,24
Gegentradition 1521,2573,213,34
gebildet 1745,2573,110,34
haben: 1865,2572,92,26
Benjamin 1970,2574,136,31
und 1159,2624,54,25
Adorno, 1230,2624,116,29
Bloch 1363,2624,77,24
und 1457,2623,53,25
Wittgenstein 1527,2625,182,32
markieren, 1726,2623,153,30
jeder 1895,2622,68,34
auf 1980,2623,43,25
seine 2039,2624,68,24
Weise, 1159,2675,91,28
eine 1264,2675,56,24
Unterbrechung 1334,2674,214,33
fataler 1561,2673,87,25
deutscher 1663,2673,134,25
Kontinuitäten 1811,2674,196,23
— 2021,2689,19,2
und 2052,2672,55,25
führen 1159,2724,94,25
zugleich 1268,2724,115,33
die 1397,2724,41,25
Produktivität 1451,2723,188,26
dieses 1652,2723,81,25
Bruchs 1748,2722,96,26
vor 1858,2733,43,14
Augen. 1914,2724,101,32
<EOS>
Diese 2030,2723,77,24
grossen 1159,2784,103,24
Autoren 1288,2775,114,24
haben 1416,2774,83,25
nicht 1514,2773,68,25
nur 1595,2783,48,15
ein 1656,2774,42,24
breites 1710,2773,90,25
öffentliches 1812,2772,161,25
Interesse 1987,2774,120,23
geweckt, 1159,2824,123,34
sie 1296,2824,33,24
haben 1345,2824,82,24
dieses 1443,2823,80,25
Interesse 1540,2824,119,24
selber 1674,2823,79,25
geformt 1768,2824,111,32
und 1893,2822,54,25
artikuliert 1963,2822,144,25
<EOS>
<EOP>
37 2085,2969,22,19
<EOS>
<EOP>
