2312,3102
Du 1771,149,33,19
803 1814,149,35,19
- 1858,159,13,2
Januar/Februar 1880,147,173,25
2010 2062,148,47,19
<EOS>
<EOP>
I 1554,1311,5,15
S 1573,1313,4,16
<EOS>
<EOP>
i 2295,306,5,8
<EOS>
<EOP>
i 1612,390,4,24
<EOS>
<EOP>
^^^^ 1146,718,150,29
^^^^^^ 1548,726,183,18
<EOS>
<EOP>
i|S| 1983,772,41,21
i 2029,776,7,17
ï 1347,829,4,13
' 1361,828,4,5
<EOS>
<EOP>
¦ 1374,835,2,1
¦Bl 1537,818,66,23
ll[ 1624,823,23,18
ii 2072,831,15,31
l 2221,833,1,18
: 2234,839,2,15
; 2252,838,3,22
il 1323,865,16,21
III 1350,848,28,49
HH 1641,848,134,49
¦ 1993,844,43,48
<EOS>
<EOP>
M 2062,879,24,30
<EOS>
<EOP>
edition 1705,1970,79,21
suhrkamp, 1795,1969,117,28
Gesamtausgabe 1924,1969,187,28
<EOS>
<EOP>
Die 157,2118,50,23
Revolution 219,2116,153,25
fand 385,2116,62,25
dann 460,2116,73,25
doch 544,2116,68,26
noch 625,2116,68,26
statt. 704,2124,67,17
<EOS>
Gegen 784,2118,92,33
alle 888,2116,48,25
Bedenken¬ 950,2116,153,25
träger, 157,2170,90,30
die 260,2166,41,26
den 314,2166,50,26
Buchtyp 379,2167,118,33
an 511,2177,32,15
sich, 556,2167,61,30
vor 630,2177,44,15
allem 687,2167,76,25
aber 777,2167,60,25
die 850,2167,42,25
«Ostereierfar¬ 907,2167,197,25
ben» 157,2217,65,25
der 235,2217,45,25
Umschläge 293,2216,158,35
kritisiert 463,2217,123,25
hatten; 598,2217,98,30
Suhrkamps 708,2216,164,34
Farbe 884,2217,80,25
sei 977,2217,34,25
Grau, 1023,2217,81,30
war 157,2277,53,15
die 221,2267,41,25
Meinung 274,2267,130,33
der 414,2267,46,25
damaligen 471,2267,150,33
Autoren 634,2267,117,25
und 763,2267,54,25
Lektoren. 830,2267,138,25
<EOS>
Aber 980,2267,72,25
die 1063,2267,41,25
von 157,2327,49,15
Verleger 217,2316,119,34
Siegfried 347,2316,127,34
Unseld 486,2316,97,26
und 596,2316,54,26
Gestalter 662,2316,129,26
Willy 801,2316,79,34
Fleckhaus 891,2316,145,26
aus¬ 1047,2327,57,15
geheckte 156,2366,124,34
Idee 292,2366,58,26
einer 360,2368,70,24
Taschenbuchreihe 440,2366,260,26
völlig 711,2366,77,34
neuen 799,2377,83,15
Typs 893,2367,67,33
war 970,2377,54,15
nicht 1035,2366,70,26
mehr 157,2416,74,26
aufzuhalten. 244,2416,178,26
<EOS>
Im 437,2417,39,24
Mai 489,2417,55,24
1963 560,2417,60,25
erschienen 633,2416,150,26
mit 797,2417,47,24
Werken 857,2416,112,25
von 982,2427,50,14
Ber¬ 1046,2417,58,24
tolt 157,2466,45,26
Brecht, 217,2466,100,30
Hermann 331,2467,141,25
Hesse, 486,2467,91,30
Max 591,2467,63,25
Frisch, 667,2466,96,31
Peter 777,2467,72,25
Weiss 863,2467,80,25
und 957,2466,54,26
ande¬ 1025,2466,79,26
ren 157,2526,45,15
die 213,2515,42,26
ersten 266,2523,84,18
zwanzig 362,2517,121,32
Titel 494,2515,67,26
einer 573,2517,71,24
Reihe, 656,2515,89,31
die 756,2515,42,26
die 809,2515,42,26
Welt 862,2515,67,26
der 941,2515,45,26
Bücher, 998,2515,107,31
den 157,2565,50,26
Kosmos 219,2567,112,24
gedruckten 341,2565,162,34
Geistes 513,2566,101,25
gleich 623,2565,83,34
auf 716,2565,49,26
zweifache 770,2565,141,26
Weise 921,2567,84,24
verän¬ 1015,2570,90,21
dern 157,2615,63,26
sollte. 235,2615,80,26
<EOS>
Zum 329,2616,70,25
einen 413,2617,76,24
durch 504,2615,81,26
ihre 600,2615,55,26
Aufmachung 671,2615,189,34
mit 874,2617,48,24
den 935,2615,51,26
am 1000,2626,43,15
Fä¬ 1057,2617,48,24
cher 157,2665,59,26
des 239,2665,44,26
Regenbogens 307,2665,187,34
geschulten 516,2665,149,34
Umschlägen. 689,2665,185,34
<EOS>
Zum 897,2666,70,25
anderen 990,2665,114,26
durch 157,2715,82,26
eine 251,2717,56,24
literarisch-politische 320,2715,290,34
Ausrichtung, 622,2715,187,34
die 821,2715,42,26
so 874,2726,28,15
etwas 913,2723,78,18
wie 1003,2717,49,24
die 1063,2715,43,26
theoretische 157,2765,171,26
Fundierung 347,2765,173,34
der 538,2765,45,26
späteren 602,2769,116,30
studentischen 737,2765,194,26
Revolution 952,2765,152,26
geworden 157,2815,138,34
ist. 308,2817,38,24
<EOS>
<EOP>
Mit 1162,2118,50,23
der 1223,2117,44,25
edition 1276,2118,91,24
suhrkamp 1377,2118,133,32
waren 1522,2126,86,15
die 1618,2116,41,25
1950er-Jahre 1673,2116,173,31
definitiv 1857,2116,116,25
zu 1985,2126,33,15
Ende. 2029,2116,81,25
<EOS>
Schon 1162,2167,85,25
die 1257,2167,42,25
bewusste 1308,2167,125,25
Kleinschreibung 1445,2167,233,33
des 1687,2167,44,24
Reihentitels 1742,2166,163,25
kündigte 1916,2166,125,34
Mo¬ 2052,2167,58,24
derne 1163,2217,77,25
an, 1256,2227,40,19
eingelöst 1311,2217,122,33
von 1449,2227,48,14
Texten, 1512,2217,104,30
die 1631,2217,41,24
sich 1687,2216,51,25
in 1753,2217,26,24
der 1794,2216,45,25
Summe 1854,2217,109,24
lasen 1978,2216,68,25
wie 2062,2217,49,24
eine 1162,2267,56,25
intellektuelle 1232,2267,180,25
Breitseite 1427,2267,127,25
gegen 1566,2277,82,23
die 1660,2266,42,25
Verlogenheit, 1715,2266,187,34
den 1914,2266,50,25
Mief 1979,2267,63,24
und 2056,2266,53,25
die 1162,2316,41,26
Verdrängungsstrategien 1218,2316,339,34
der 1572,2316,45,25
bundesdeutschen 1632,2316,242,25
Nachkriegszeit. 1890,2316,220,34
<EOS>
Über 1163,2364,71,28
ein 1246,2368,42,24
Jahrzehnt 1300,2366,139,32
stand 1451,2366,74,26
die 1538,2366,40,26
auf 1591,2366,47,26
Anhieb 1647,2366,105,25
erfolgreiche 1764,2366,164,33
edition 1938,2366,91,25
suhr¬ 2040,2366,70,25
kamp 1161,2417,74,32
für 1247,2416,42,25
gesellschaftliche 1298,2416,228,34
Aufklärung, 1536,2416,179,33
kritische 1726,2416,119,25
Reflexion, 1857,2416,139,29
literari¬ 2007,2415,104,26
sche 1163,2466,58,26
Avantgarde. 1232,2466,170,34
<EOS>
Für 1412,2467,52,24
Reinhold 1476,2466,126,25
Grimm 1613,2467,107,24
wurde 1731,2465,90,26
sie 1831,2467,34,24
zur 1876,2476,47,15
«wichtigsten 1935,2465,175,34
deutschen 1163,2515,139,26
Büchersammlung 1330,2515,252,34
unserer 1608,2526,103,15
Zeit», 1738,2516,80,28
Jürgen 1845,2516,91,32
Habermas 1964,2515,147,25
nannte 1163,2573,97,18
sie 1279,2567,33,24
«ein 1334,2567,56,24
Dokument 1411,2565,154,26
von 1584,2576,48,15
zeitgeschichtlicher 1653,2565,259,34
Bedeutung», 1933,2565,178,33
und 1163,2615,55,26
der 1229,2615,44,26
Verleger 1284,2615,116,34
selbst 1411,2615,74,26
entdeckte 1494,2615,134,26
in 1639,2616,25,24
ihr 1676,2615,39,25
rückblickend 1726,2615,183,25
einen 1920,2616,75,24
«Muni¬ 2007,2616,104,24
tionspark 1163,2665,132,34
für 1306,2665,42,26
die 1358,2665,41,26
Jugendbewegung 1409,2665,245,34
der 1664,2665,44,26
1960er-Jahre», 1721,2665,198,31
eine 1930,2666,55,24
Art 1996,2666,49,24
Bei¬ 2056,2666,55,24
programm 1163,2726,152,23
der 1327,2715,44,26
Unruhe. 1382,2715,117,26
<EOS>
<EOP>
Natürlich 1289,2765,134,26
war 1436,2775,52,16
die 1499,2765,41,26
mit 1551,2766,47,24
Aplomb 1609,2765,114,33
gestartete 1733,2773,134,25
edition 1875,2766,92,24
suhrkamp 1977,2764,134,34
in 1164,2817,26,24
erster 1202,2823,76,18
Linie 1290,2817,74,24
content 1375,2823,100,18
— 1487,2832,18,2
Gehalt 1516,2815,95,26
und 1623,2815,53,25
Botschaft. 1692,2814,138,26
<EOS>
Aber 1844,2814,70,26
was 1927,2825,51,15
wäre 1991,2819,67,21
die 2070,2814,41,26
<EOS>
<EOP>
Siegfried 157,2957,101,28
Unseld, 270,2957,84,25
Rolf 366,2957,45,22
Staudt, 419,2957,81,25
Werner 511,2958,82,21
Hecht, 604,2957,72,25
Willy 687,2957,56,28
Fleckhaus, 754,2957,117,25
1977 884,2958,56,21
(v.l.n.r.) 952,2957,81,28
<EOS>
<EOS>
<EOP>
