2312,3102
Ich 291,332,136,88
leide 454,332,196,90
unter 679,362,230,60
der 935,332,139,90
Vorsicht 1092,332,359,88
des 1477,332,133,90
Betriebs» 1641,330,379,90
Egon 274,533,92,43
Ammann 378,533,171,32
war 561,544,66,21
Diener 641,533,120,32
eines 774,535,85,30
spanischen 874,531,191,45
Matadors, 1079,532,177,38
als 1272,532,44,33
ihn 1330,532,59,33
Siegfried 1403,531,154,46
Unseld 1571,531,123,34
ins 1708,535,48,30
Lektorat 1770,531,150,34
von 1932,544,64,20
Suhrkamp 315,612,185,45
holte. 514,612,95,34
<EOS>
1981 629,616,75,33
gründete 723,612,157,46
er 893,626,32,20
seinen 938,616,109,30
eigenen 1062,616,132,42
Verlag. 1206,613,121,45
<EOS>
Die 1344,615,61,31
Ankündigung, 1416,612,264,46
diesen 1696,612,109,34
2010 1819,616,84,30
zu 1918,626,39,20
schliessen, 286,693,181,39
nahm 482,693,102,34
die 599,694,50,34
Branche 665,694,143,33
als 822,694,44,33
Fanal 881,693,96,34
auf. 991,693,63,35
<EOS>
Ammann 1068,696,172,32
bedauert, 1254,694,163,38
dass 1433,694,72,34
Buchleute 1519,693,175,35
kaum 1708,693,100,34
noch 1822,693,86,34
von 1921,707,64,20
<EOS>
<EOP>
Bankmanagern 796,776,272,44
zu 1081,789,41,20
unterscheiden 1135,776,244,33
sind. 1393,776,81,33
<EOS>
Egon 618,897,78,36
Ammann 705,896,145,27
im 863,898,36,25
Gespräch 914,894,127,39
mit 1052,898,51,25
Julian 1108,894,91,36
Schutt, 1211,894,105,33
Porträts 1328,897,115,26
Regina 1453,896,104,36
Hügli 1567,894,87,38
<EOS>
<EOP>
Egon 160,1162,69,32
Ammann, 238,1162,140,29
der 390,1160,48,27
Schriftsteller 445,1160,185,27
Thomas 640,1161,110,26
Hürlimann 761,1161,153,26
hat 926,1161,49,26
die 985,1161,42,26
Schweiz 158,1210,114,27
kürzlich 281,1210,111,27
einen 404,1211,75,26
Holzboden 492,1211,151,26
genannt, 654,1214,127,31
weil 796,1211,57,26
man 862,1218,63,19
Ihren 936,1211,72,26
Verlag 161,1260,90,35
sang- 260,1268,79,26
und 350,1261,55,26
klanglos 414,1260,122,35
eingehen 546,1261,129,34
lasse. 687,1261,74,26
<EOS>
Gibt 776,1261,61,26
es 847,1268,28,19
diese 886,1261,72,26
Ignoranz 969,1262,127,33
tatsächlich? 160,1310,175,27
<EOS>
Ist 345,1312,36,25
Deutschland 390,1311,185,26
so 582,1318,31,19
viel 625,1311,49,26
aufgeschlossener? 683,1311,262,34
<EOS>
Thomas 160,1361,116,26
Hürlimann 287,1361,162,26
hat 459,1361,44,26
für 513,1361,42,26
sich 565,1361,51,26
gesprochen, 626,1361,165,35
nicht 801,1361,70,26
für 881,1361,42,26
Marie-Luise 934,1363,173,25
Flammersfeld 159,1411,197,26
und 370,1411,54,27
mich. 439,1412,77,26
<EOS>
Denn 531,1413,78,25
uns 624,1422,48,16
ging 686,1413,63,33
es 762,1422,25,16
nicht 802,1412,69,26
ums 885,1422,58,16
Weiterma¬ 957,1413,150,25
chen, 159,1462,73,31
sondern 245,1461,111,26
um 367,1472,47,16
die 427,1461,40,26
Schliessung 480,1461,164,35
des 655,1462,44,26
Verlags 712,1462,102,34
auf 827,1462,48,26
Ende 883,1462,73,26
Juni 968,1463,56,31
2010, 1038,1463,69,30
nach 160,1511,64,26
eingehender 237,1511,172,34
Analyse 422,1511,111,34
der 546,1511,44,27
Situation. 603,1513,134,25
<EOS>
Und 749,1512,60,26
natürlich 824,1512,126,26
haben 963,1512,83,26
wir 1060,1513,47,24
auch 160,1561,64,27
in 241,1563,26,24
der 284,1561,45,27
Schweiz 345,1561,116,27
immer 478,1563,93,25
Unterstützung 588,1563,206,33
erhalten. 811,1562,120,26
<EOS>
Das 949,1563,53,25
ist 1020,1563,30,25
ein 1066,1563,41,25
Irrtum 161,1613,95,24
von 268,1622,48,15
ihm. 329,1612,62,25
<EOS>
Mir 159,1711,48,26
fehlt 216,1711,66,26
der 290,1711,46,26
Glaube, 345,1711,106,31
dass 464,1711,63,26
sich 535,1711,54,26
kein 600,1711,57,27
geeigneter 666,1711,153,34
Nachfolger 827,1711,158,34
für 993,1711,42,26
einen 159,1761,75,26
der 245,1761,46,26
renommiertesten 299,1761,239,26
deutschsprachigen 549,1761,265,34
Verlage 826,1761,104,34
finden 941,1761,88,26
liess. 1040,1761,64,26
<EOS>
Da 160,1814,42,23
sind 215,1812,57,25
wir 286,1814,48,23
gescheitert. 348,1812,156,34
<EOS>
Wir 519,1814,56,23
waren 589,1823,87,15
nicht 691,1813,68,25
primär 773,1814,98,33
darauf 885,1812,96,26
aus, 991,1823,52,20
den 1057,1813,50,25
Verlag 160,1862,91,35
zu 262,1873,33,15
verkaufen; 306,1862,148,31
lieber 465,1862,77,26
hätten 553,1862,86,26
wir 651,1864,48,24
ihn 710,1863,44,25
einem 765,1864,85,24
geeigneten 860,1864,150,33
Nach¬ 1021,1863,86,25
folger 161,1913,79,33
übergeben. 249,1913,153,33
<EOS>
Wir 411,1914,57,24
machten 478,1913,119,25
mehrere 605,1913,117,25
Anläufe, 732,1913,121,31
aber 863,1913,59,26
niemand 930,1913,125,25
hat 1065,1913,43,25
die 160,1963,41,25
Chance 214,1963,106,25
gepackt 334,1963,107,33
— 454,1980,18,1
vermutlich 485,1963,151,25
war 650,1974,53,14
alles 717,1963,59,25
zu 791,1974,33,14
eng 837,1973,50,23
auf 900,1963,48,25
uns 958,1973,48,15
ausge¬ 1020,1973,87,23
richtet, 161,2013,96,31
hatten 273,2013,89,25
wir 378,2014,47,24
eine 443,2014,56,24
zu 516,2023,33,15
persönliche 566,2013,159,33
Handschrift. 743,2013,179,25
<EOS>
Auch 941,2013,74,25
einen 1033,2014,74,24
Verkauf 160,2062,118,26
haben 292,2062,85,26
wir 396,2064,48,24
erwogen 462,2073,121,23
— 600,2079,19,2
und 637,2062,55,27
verworfen. 711,2062,150,26
<EOS>
Für 881,2064,51,24
eine 952,2064,56,24
blosse 1027,2062,80,26
Weiterführung 161,2113,213,34
als 387,2113,35,26
Imprint 437,2114,109,33
unter 560,2121,73,18
einem 647,2115,85,24
neuen, 746,2123,91,21
grossen 851,2123,104,24
Dach 970,2113,72,26
wa¬ 1057,2123,50,16
ren 161,2173,43,16
wir 216,2165,46,24
vermutlich 274,2163,152,26
zu 438,2173,32,16
stolz. 482,2163,70,26
<EOS>
Selbst 158,2262,88,27
bekannte 255,2262,134,27
Autoren 397,2264,117,25
wie 527,2262,45,27
Matthias 583,2262,132,27
Zschokke 723,2262,132,27
fühlen 866,2262,90,27
sich 966,2262,55,27
im 1033,2262,34,26
Stich 158,2312,71,26
gelassen. 239,2311,129,35
<EOS>
Sind 380,2311,65,27
Sie 453,2312,41,26
glücklich 503,2312,129,34
über 643,2312,67,26
die 718,2312,41,26
jetzige 765,2312,99,34
Radikallösung? 875,2311,222,35
<EOS>
Der 160,2365,54,24
Abschied 228,2363,129,25
fällt 372,2363,53,26
uns 438,2374,48,14
allen 500,2363,64,25
schwer; 578,2363,104,31
der 695,2363,44,26
Verlag 753,2363,90,35
war 856,2374,52,15
unser 922,2374,76,15
Leben. 1012,2363,95,26
<EOS>
Es 161,2415,33,23
ist 212,2415,29,23
immer 259,2415,94,23
hart, 371,2414,65,29
wenn 454,2423,76,15
man 549,2423,61,15
einsieht, 627,2413,116,30
dass 760,2413,57,25
man 835,2423,62,15
etwas 914,2421,78,17
ändern 1010,2413,97,25
muss. 160,2473,77,15
<EOS>
Aber 252,2462,70,26
wir 336,2464,47,24
sind 397,2462,56,26
auch 467,2462,65,26
Unternehmer. 545,2463,196,25
<EOS>
Die 755,2464,50,24
Umsätze 819,2464,124,24
gingen 956,2464,96,33
be¬ 1065,2463,42,25
drohlich 161,2512,117,25
stark 291,2512,69,25
zurück, 373,2512,109,31
und 494,2512,55,25
wir 562,2514,48,23
konnten 622,2513,115,25
nicht 751,2512,69,25
tatenlos 833,2513,107,24
zuschauen, 953,2512,155,31
wie 162,2564,47,23
sich 223,2562,50,25
Verluste 287,2562,113,25
anhäufen. 413,2562,139,25
<EOS>
Wir 566,2564,56,23
hätten 635,2562,88,25
uns 737,2573,47,14
grundlegend 797,2562,181,34
neu 991,2572,50,15
auf¬ 1054,2562,53,25
stellen 161,2613,86,24
und 261,2612,54,25
den 329,2612,50,25
Verlag 392,2612,91,34
entsprechend 496,2613,185,33
umbauen 694,2612,132,25
müssen. 839,2616,111,21
<EOS>
Das 964,2614,54,23
Inter¬ 1031,2614,76,23
net 161,2670,42,18
wird 212,2662,65,26
in 287,2664,26,23
unserer 323,2673,104,15
Branche 438,2662,114,26
immer 561,2664,94,24
zentraler; 665,2663,133,30
das 808,2663,45,25
ist 862,2664,30,24
die 901,2662,40,26
Buchhand¬ 953,2662,154,26
lung 161,2713,63,33
der 232,2713,44,24
Zukunft. 285,2712,128,25
<EOS>
Um 422,2714,54,23
dem 485,2712,60,25
Rechnung 555,2713,144,33
zu 709,2723,32,14
tragen, 750,2720,97,26
hätten 856,2713,87,24
wir 953,2714,47,23
radikal 1009,2712,98,25
auf 161,2762,47,25
Electronic 218,2762,144,25
Publishing 377,2762,151,34
und 543,2762,54,25
Electronic 611,2762,143,25
Seils 770,2762,61,25
umstellen 847,2762,135,25
müssen. 997,2766,111,21
<EOS>
Weder 162,2812,91,25
meine 264,2813,84,24
Frau 358,2813,64,24
noch 433,2812,67,25
ich 511,2812,39,25
wollten 560,2812,103,25
diese 674,2812,67,25
Entwicklung 752,2812,184,34
mitgehen. 946,2812,138,34
<EOS>
<EOP>
Überschätzen 1167,1156,195,31
Sie 1372,1161,41,26
nicht 1424,1161,74,26
die 1507,1161,42,26
Bedeutung 1560,1160,156,34
des 1726,1160,48,26
Internets? 1785,1160,145,27
<EOS>
Das 1166,1213,53,24
ist 1231,1213,30,24
das 1272,1212,45,25
Geschäft 1328,1212,125,25
von 1463,1222,49,15
morgen. 1524,1222,114,23
<EOS>
An 1650,1212,43,24
der 1705,1212,44,25
diesjährigen 1760,1211,173,34
Frankfurtet 1943,1211,170,25
Buchmesse 1167,1262,155,25
wurde 1339,1262,90,25
dem 1447,1262,60,25
Hinterletzten 1526,1262,189,25
klar: 1732,1262,64,25
Wir 1814,1262,57,24
stehen 1889,1261,86,25
an 1994,1272,32,14
einer 2044,1262,68,24
Schwelle. 1166,1311,129,26
<EOS>
Im 1306,1313,39,24
Buchhandel 1356,1311,167,26
bricht 1533,1311,82,26
der 1624,1311,44,26
Mittelbau 1679,1311,134,26
allmählich 1823,1311,149,26
weg. 1981,1322,62,23
<EOS>
Was 2054,1312,59,24
bleibt, 1166,1361,85,32
sind 1262,1361,55,27
einerseits 1330,1363,128,25
die 1469,1361,41,26
mächtigen 1521,1361,147,34
Filialisten 1679,1361,138,26
und 1829,1361,54,26
andererseits 1895,1361,166,26
die 2073,1361,40,26
Spezialbuchhandlungen. 1166,1412,349,34
<EOS>
Die 1536,1413,48,25
Ketten 1603,1413,94,25
nehmen 1715,1411,113,27
uns 1847,1422,49,15
nur 1913,1422,49,15
Bestseller 1981,1411,131,26
und 1167,1462,53,26
bestsellerverdächtige 1232,1462,290,34
Titel 1534,1462,65,26
ab, 1612,1462,38,31
das 1662,1462,45,26
ist 1719,1463,29,25
höchstens 1759,1461,136,26
ein 1906,1463,41,24
Viertel 1958,1461,96,26
un¬ 2066,1472,46,15
seres 1166,1522,64,16
Angebots. 1246,1512,141,34
<EOS>
Der 1403,1513,53,25
Rest 1472,1513,59,25
fällt 1546,1511,53,27
durch. 1614,1511,88,27
<EOS>
Wenn 1717,1513,85,24
ausserdem 1817,1511,146,26
die 1979,1511,40,26
Sorti¬ 2035,1512,78,25
menter, 1166,1570,105,23
eben 1280,1562,65,26
der 1354,1562,45,26
Mittelbau, 1409,1562,143,31
verschwinden 1561,1561,193,27
— 1764,1579,18,2
was 1791,1572,51,16
eine 1852,1563,56,25
Tatsache 1918,1561,122,26
ist 2050,1563,29,24
—, 2088,1578,25,15
müssen 1166,1616,103,21
die 1280,1612,41,25
Verlage 1332,1612,105,34
auch 1447,1612,65,25
diese 1522,1612,69,25
Lücke 1601,1612,87,25
selber 1699,1612,80,25
füllen. 1790,1612,88,25
<EOS>
Und 1891,1612,60,25
die 1962,1612,40,25
einzige 2013,1613,100,33
Chance 1166,1663,105,25
bietet 1280,1662,75,26
das 1363,1663,45,25
Internet. 1418,1664,119,23
<EOS>
Dort 1546,1664,68,23
kann 1622,1662,72,25
man 1703,1672,62,15
mit 1774,1664,47,23
guten 1830,1670,79,26
Links 1919,1662,81,25
schwie¬ 2009,1662,104,25
rigere 1167,1714,79,33
Titel 1260,1713,66,25
unter 1341,1720,74,18
Umständen 1428,1712,165,26
auffangen. 1606,1712,148,34
<EOS>
Darum 1769,1714,105,23
ist 1888,1714,30,23
das 1931,1712,45,25
Netz 1990,1713,69,24
die 2073,1712,40,25
Buchhandlung 1167,1763,210,34
der 1388,1763,44,24
Zukunft. 1444,1762,127,25
<EOS>
Nehmen 1582,1762,125,25
Sie 1718,1764,40,23
die 1769,1762,40,25
Independent-Häuser 1821,1762,293,34
in 1166,1814,26,24
den 1208,1813,51,25
USA: 1275,1814,76,24
Die 1368,1814,50,24
verkaufen 1434,1812,139,26
übers 1589,1812,75,25
Internet 1681,1814,111,23
und 1808,1812,54,25
haben 1879,1812,84,25
sich 1980,1812,50,25
trotz 2047,1819,66,18
Krise 1167,1864,75,24
einigermassen 1256,1864,199,33
und 1470,1862,54,26
mit 1539,1864,47,24
schmalen 1599,1862,132,26
Programmangeboten 1745,1862,301,35
hal¬ 2060,1862,53,25
ten 1167,1921,41,17
können. 1223,1913,112,25
<EOS>
Ich 1351,1913,43,26
meine 1408,1914,85,24
übrigens, 1507,1913,129,33
dass 1650,1913,58,25
selbst 1722,1913,75,25
ein 1811,1913,42,25
Verlag 1867,1913,91,33
wie 1973,1913,48,25
Suhr¬ 2036,1913,77,25
kamp 1167,1963,79,33
mit 1259,1964,47,24
seinem 1319,1964,97,24
anspruchsvollen 1428,1963,226,33
Angebot 1666,1963,122,33
noch 1800,1963,67,25
zu 1880,1973,33,15
stark 1926,1963,68,25
auf 2007,1962,48,26
den 2063,1962,50,26
traditionellen 1167,2013,187,26
Buchhandel 1372,2013,169,25
setzt. 1560,2020,70,18
<EOS>
Diese 1649,2014,77,24
konservative 1745,2013,174,25
Ausrichtung 1938,2013,176,33
dürfte 1167,2062,85,26
für 1264,2062,42,26
die 1317,2062,40,26
Zukunft 1368,2062,121,26
ein 1499,2064,42,24
Fehler 1551,2062,90,26
sein. 1652,2063,61,25
<EOS>
<EOP>
Man 1166,2164,63,25
sprach 1239,2162,95,34
an 1346,2170,35,19
der 1393,2162,46,27
diesjährigen 1448,2162,176,34
Buchmesse 1636,2162,157,27
auch 1803,2162,70,27
viel 1885,2162,49,26
vom 1944,2170,57,18
Verschwinden 1168,2212,196,27
des 1375,2212,47,27
papierenen 1432,2212,161,33
Zeitalters. 1603,2212,141,27
<EOS>
Diesbezüglich 1167,2263,200,34
stehen 1377,2263,86,26
wir 1475,2265,46,24
genauso 1532,2273,112,24
an 1654,2273,33,16
einer 1698,2264,68,24
Schwelle. 1777,2262,130,27
<EOS>
Vieles, 1918,2262,91,32
was 2019,2272,52,16
an 2081,2272,33,16
E-Books 1167,2313,122,25
und 1298,2313,55,25
dergleichen 1362,2313,160,34
auf 1532,2313,48,25
den 1585,2313,50,25
Markt 1646,2313,88,25
kommt, 1743,2313,110,31
ist 1864,2314,29,24
noch 1902,2312,67,26
nicht 1979,2312,70,26
aus¬ 2057,2322,57,16
gereift; 1166,2363,99,35
alle 1275,2363,47,26
in 1334,2365,25,24
der 1370,2363,45,26
Branche 1426,2363,115,25
sind 1551,2363,57,25
verunsichert. 1619,2363,180,25
<EOS>
Das 1811,2365,54,23
schöne 1876,2363,93,25
papierene 1980,2364,134,33
Buch 1168,2413,71,25
wird 1251,2413,66,25
sich 1329,2413,51,25
garantiert 1392,2415,140,32
halten, 1543,2413,94,30
aber 1649,2413,60,25
wohl 1721,2413,68,25
stark 1803,2413,67,25
redimensioniert. 1884,2413,229,25
<EOS>
Es 1167,2464,33,24
hat 1210,2463,43,25
ja 1262,2464,22,32
klare 1295,2463,70,25
Vorteile: 1374,2462,118,26
Mit 1503,2464,49,24
Kindles 1561,2462,109,26
und 1680,2462,54,26
ähnlichen 1744,2462,137,26
Geräten 1891,2463,112,25
ist 2013,2463,30,25
man 2052,2472,62,16
von 1167,2523,49,14
Strom 1229,2514,86,23
und 1329,2512,54,25
Aufladegetäten 1397,2512,216,34
abhängig. 1626,2512,136,34
<EOS>
Das 1776,2514,54,23
Buch 1844,2512,70,25
ist 1928,2514,29,23
und 1970,2512,54,25
bleibt 2038,2512,77,25
das 1167,2562,45,25
freiheitlichste 1223,2562,188,25
Wort-Transportmittel. 1422,2562,315,34
<EOS>
Welche 1168,2661,100,26
Veränderung 1280,2661,184,34
in 1475,2661,25,26
der 1511,2661,47,26
Buchbranche 1567,2661,189,26
beklagen 1766,2661,131,34
Sie 1908,2660,41,27
am 1167,2719,43,18
meisten? 1222,2711,128,26
<EOS>
Ich 1168,2762,41,25
vermisse 1219,2764,119,23
die 1347,2762,41,25
intellektuelle 1397,2762,179,25
Auseinandersetzung, 1586,2762,295,33
die 1891,2761,39,25
vibrierenden 1941,2761,174,25
Einwürfe. 1168,2812,141,25
<EOS>
In 1320,2813,29,24
Frankreich 1358,2812,157,25
ist 1525,2813,29,24
das 1564,2812,45,25
anders, 1619,2812,100,30
dort 1729,2812,57,25
gibt 1796,2812,54,34
es 1859,2822,25,14
noch 1895,2811,66,25
Köpfe, 1971,2811,93,34
die 2074,2811,41,25
<EOS>
<EOP>
Egon 163,2958,54,27
Ammann, 227,2958,111,24
November 350,2957,117,22
2009 477,2958,61,21
<EOS>
<EOP>
