2312,3102
s8^ 868,93,62,26
<EOS>
<EOP>
mW' 482,393,106,44
<EOS>
<EOP>
e 912,508,9,13
Komödie 928,501,99,20
<EOS>
<EOP>
illette 680,460,98,32
„diches 639,501,91,20
wie 736,502,37,19
die 779,501,33,21
Gion 494,543,54,18
Mathias 555,542,88,20
Cavelty 649,541,81,28
Echtzeit 494,606,92,21
<EOS>
<EOP>
Schweizer 1331,86,386,71
Buchkultur 1736,85,446,72
in 1331,184,75,65
Echtzeit. 1427,179,345,72
<EOS>
<EOP>
Cavelty 1324,453,113,39
ist 1445,455,38,27
eine 1491,455,63,27
ikonenverdächtige 1563,453,289,39
Figur, 1860,454,93,38
ein 1963,454,48,28
Iggy 2019,457,71,35
Pop 2098,456,57,36
der 2164,452,50,30
Trashliteratur: 1324,495,233,29
Gealtert 1568,495,130,29
in 1706,497,31,26
seiner 1746,497,95,27
Kluft, 1848,495,93,33
but 1952,495,46,29
still 2004,494,55,29
rockin' 2067,494,93,29
und 1324,538,61,28
noch 1395,538,75,28
immer 1479,539,104,27
unreif 1592,538,100,28
genug 1697,548,96,29
für 1802,538,47,28
einen 1858,538,85,28
nächsten 1952,537,140,29
Versuch, 2101,537,130,34
die 1324,580,47,29
poetischen 1380,580,171,39
Anklangsnerven 1560,580,262,39
seiner 1830,582,95,27
Leser 1933,584,83,25
mit 2025,581,54,27
der 2089,579,50,29
Kettensäge 1324,627,171,34
zu 1505,633,38,18
traktieren. 1551,622,165,29
<EOS>
Michel 1726,622,96,29
Mettler, 1827,621,110,34
Autor, 1945,625,85,29
suhrkamp 2041,631,178,20
<EOS>
<EOP>
Zoologische 881,726,189,39
Miniaturen 1079,727,181,29
Luthers 723,768,82,19
Kaninchen 812,768,118,20
und 936,768,43,19
des 986,768,34,20
Teufels 1026,768,78,20
wilde 1111,768,59,20
Horden 1176,768,84,20
<EOS>
<EOP>
Jörg 1157,799,46,24
Hess 1209,800,49,17
<EOS>
<EOP>
Jörg 1322,730,65,35
Hess 1394,730,72,24
ist 1477,727,36,27
ein 1521,727,47,27
genauer 1576,736,125,29
Tierbeobachter. 1709,726,240,28
<EOS>
Er 1959,729,35,25
erzählt 2002,725,110,29
so 2120,736,31,18
lebhaft, 1323,768,116,33
dass 1449,768,64,29
man 1522,778,67,19
meint, 1599,770,96,31
im 1705,770,40,26
Kino 1753,770,72,27
zu 1834,779,37,18
sitzen, 1880,770,97,27
tages-anzeiger 1986,776,262,21
<EOS>
<EOP>
Das 896,864,40,17
£Ute 942,867,49,15
Ges 997,864,38,17
ch. 1074,861,31,20
<EOS>
Peer 1111,864,46,17
Teuwsen 1162,864,99,17
Vorgestern 1323,857,169,35
kam 1500,853,69,28
eine 1578,854,64,27
silbergraue 1650,853,174,39
Schönheit 1833,852,155,29
im 1996,853,40,28
eleganten 2046,852,152,40
<EOS>
<EOP>
schwarzen 1324,895,163,30
Umschlag 1495,895,155,39
an 1659,905,36,19
- 1703,913,20,1
habe 1730,895,73,29
sie 1812,897,39,27
sofort 1859,895,90,29
verputzt. 1957,901,123,33
<EOS>
Und 2090,895,66,29
zwar 2165,905,75,19
mit 1324,939,54,27
Vergnügen! 1386,941,177,35
<EOS>
Sibylle 1572,937,93,39
Lewitscharoff 1671,937,197,39
\ 1178,949,12,20
4 1170,971,20,25
Echtzeit. 494,1044,106,23
<EOS>
<EOP>
Aus 891,1013,60,26
Schweizer 961,1009,166,29
Küchen 1135,1009,125,32
<EOS>
<EOP>
Marianne 1018,1046,110,19
Kaltenbach 1133,1045,127,22
<EOS>
<EOP>
Echtzeit 494,1170,94,20
<EOS>
<EOP>
Ochsenbein 1066,1136,194,29
Erfinder 904,1174,95,21
der 1005,1174,36,21
modernen 1047,1174,115,21
Schweiz 1169,1175,91,20
<EOS>
<EOP>
RolfHolenstein 1083,1205,177,20
<EOS>
<EOP>
Echtzeit 494,1291,92,20
Die 770,1292,38,19
verschwundene 814,1291,172,20
Katze. 992,1295,68,16
<EOS>
Landais 1066,1292,85,19
und 1157,1292,44,19
Born 1207,1295,54,16
Echtzeit 494,1351,92,21
Grimassenherz. 882,1352,173,20
<EOS>
Markus 1061,1352,84,20
Schneider 1151,1352,110,20
Echtzeit 494,1403,92,20
Weys 920,1406,55,25
Deutschstunde. 981,1404,173,19
<EOS>
Max 1162,1407,49,16
Wey 1216,1407,45,24
^[7-32 507,1442,87,33
AndriPol 1178,1451,82,16
1-16. 494,1486,46,19
<EOS>
Andri 1177,1484,51,15
Pol 1233,1484,28,15
Echtzeit 494,1542,91,20
Miss 910,1543,50,19
Universum. 967,1543,129,19
<EOS>
Michèle 1102,1543,87,19
Roten 1195,1545,65,17
<EOS>
<EOP>
EOWïtîr 490,1737,90,23
Eine 935,1741,42,18
GrecWcltte 989,1739,114,22
in 1111,1746,18,13
SÉC"£Teîu=N 1136,1740,123,20
<EOS>
<EOP>
V0NMfCMèUS.OTEN 1062,1770,197,23
<EOS>
Echtzeit 494,1825,92,20
Wir 701,1826,41,20
Süchtigen 748,1825,110,28
von 864,1832,40,13
Leutschenbach 910,1825,164,21
<EOS>
<EOP>
| 843,1901,6,33
Aus 858,1891,61,27
Frankreichs 928,1888,197,30
Küchen 1135,1889,125,29
j 838,1934,9,23
Marianne 1015,1928,111,19
Kaltenbach 1132,1927,128,20
Echt 497,1898,47,19
<EOS>
<EOP>
Die 1096,2043,34,19
Kaltenbach 1136,2042,123,20
Echtzeit 494,2091,92,20
<EOS>
<EOP>
Echtzeit 494,2190,92,21
<EOS>
<EOP>
Echtzeit 494,2297,92,20
mmm 463,2334,55,16
<EOS>
<EOP>
Echtzeit 495,2452,91,20
<EOS>
<EOP>
Echtzeit 495,2562,91,20
<EOS>
<EOP>
Bissig 956,2093,64,25
in 1026,2093,21,18
Moll. 1054,2091,57,20
<EOS>
Simon 1118,2093,70,19
Libsig 1194,2091,67,27
<EOS>
<EOP>
Eugen 729,2193,70,24
Sorg 805,2193,50,24
und 861,2190,44,21
Res 911,2194,37,17
Strehle. 955,2190,83,21
<EOS>
Mein 1044,2192,57,19
Leben 1107,2190,66,21
als 1179,2190,28,21
68er 1214,2195,48,16
Adrenalin, 708,2242,115,23
Bullshit 829,2242,87,19
& 922,2245,16,16
Chemotherapie. 944,2242,175,27
<EOS>
Oswald 1125,2242,81,20
Oelz 1212,2242,47,20
<EOS>
<EOP>
Auesgarnidwahr. 869,2297,188,27
<EOS>
Reeto 1063,2300,61,17
von 1130,2305,40,12
Gunten 1177,2300,84,17
Die 819,2357,37,19
50 863,2359,24,17
wichtigsten 894,2355,129,28
Künstler 1030,2355,94,21
der 1130,2355,36,21
Schweiz 1172,2355,89,21
<EOS>
<EOP>
ndrRs 1115,2401,70,26
Heller 1192,2406,69,21
Der 841,2455,39,17
Swissair-Prozess. 886,2454,185,19
<EOS>
Constantin 1078,2454,122,19
Seibt 1207,2453,55,20
<EOS>
<EOP>
Thomas 1077,2509,88,20
Widmer 1172,2510,90,19
Klassenwechsel. 880,2562,176,20
<EOS>
Markus 1062,2562,84,20
Schneider 1152,2562,110,20
Michael 751,2612,86,20
Schindhelm. 844,2612,138,20
<EOS>
Mein 988,2614,58,19
Abe 1051,2613,42,19
<EOS>
<EOP>
Die 1324,1011,52,27
Frau, 1384,1013,80,29
die 1474,1009,47,29
der 1530,1009,49,29
Schweiz 1588,1009,125,29
das 1722,1009,51,29
Kochen 1782,1009,116,29
beibrachte. 1907,1008,172,30
<EOS>
Christian 1325,1051,131,29
Seiler, 1464,1051,83,33
die 1556,1061,54,19
weltwoche 1620,1061,200,19
Dieses 1324,1138,97,27
Buch 1430,1136,78,29
ist 1516,1138,37,27
geeignet, 1561,1138,141,37
unsere 1712,1146,102,19
Kenntnis 1822,1138,141,27
der 1973,1135,49,30
Gründungs¬ 2030,1135,190,40
geschichte 1324,1179,159,39
der 1493,1179,48,28
modernen 1549,1179,157,28
Schweiz 1715,1179,122,28
nachhaltig 1847,1178,165,40
zu 2020,1189,37,18
verbessern. 2066,1178,170,29
<EOS>
Das 1324,1226,56,24
Buch 1389,1221,79,29
hat 1476,1221,51,29
das 1536,1221,50,29
Zeug 1596,1225,80,35
zum 1684,1231,69,19
Bestseller, 1763,1221,156,29
nzz 1930,1230,61,20
am 2000,1229,48,20
sonntag 2058,1230,148,20
Der 1324,1288,56,23
Van 1388,1288,58,24
Gogh 1455,1283,84,39
Code, 1549,1283,86,28
sonntagszeitung 1646,1292,306,20
<EOS>
<EOP>
Mit 1324,1397,54,27
Weys 1385,1400,76,34
charmanter 1471,1394,177,30
Fragestunde 1656,1394,189,39
macht 1854,1394,94,29
Sprachkorrektheit 1957,1394,276,39
Spass. 1324,1441,92,36
<EOS>
Martin 1425,1438,102,28
Ebel, 1534,1437,67,33
tages-anzeiger 1611,1446,267,20
<EOS>
<EOP>
Wer 1323,1623,62,25
Bondfan 1394,1619,133,29
ist 1537,1621,36,27
muss 1582,1629,79,19
dieses 1670,1619,93,29
Buch 1772,1618,79,30
lesen, 1859,1619,87,29
berner 1956,1628,125,20
zeitung 2091,1628,141,20
Michèle 1324,1690,122,30
Roten 1455,1695,92,25
leistet 1554,1690,95,30
sich 1658,1690,59,30
und 1726,1690,62,30
bereitet 1797,1690,119,30
uns 1924,1700,56,19
den 1990,1690,56,29
Spass, 2055,1694,92,35
mit 1325,1735,53,26
der 1387,1733,49,29
Sprache 1444,1732,121,40
so 1574,1743,31,18
unbefangen 1615,1732,187,39
umzugehen 1811,1732,187,39
wie 2007,1734,53,27
ein 2069,1734,48,27
Kind 1324,1775,76,28
mit 1409,1776,53,27
seinem 1470,1776,108,27
ersten 1588,1782,93,21
Teller 1690,1775,88,28
Spaghetti. 1786,1775,157,39
<EOS>
Martin 1952,1776,101,27
Suter, 2061,1779,77,28
Autor 2145,1778,81,25
<EOS>
<EOP>
Den 1324,1893,63,25
Geist 1396,1890,80,28
und 1484,1888,62,29
die 1555,1888,46,29
Handhabung 1610,1888,210,39
der 1829,1888,50,29
Französischen 1887,1888,225,29
Küche 2120,1888,96,29
bringt 1323,1930,100,40
Marianne 1431,1932,153,28
Kaltenbach 1593,1930,176,30
dem 1778,1930,66,29
Leser 1853,1935,82,24
so 1943,1941,31,18
gründlich 1984,1930,156,39
bei, 1323,1973,55,34
dass 1388,1973,65,29
ihr 1463,1973,45,29
posthumes 1516,1973,170,40
Kochbuch 1695,1973,154,29
zu 1858,1984,38,18
den 1905,1973,55,29
Standardwerken 1969,1973,254,29
zu 1324,2026,37,18
zählen 1371,2015,105,29
ist. 1485,2017,45,27
<EOS>
Wolfram 1541,2015,118,39
Siebeck, 1667,2015,107,33
die 1784,2024,52,20
zeit 1848,2024,70,20
Simon 1325,2084,98,28
Libsig 1432,2083,93,39
dribbeJt 1534,2083,124,29
mit 1667,2084,53,28
Worten 1728,2087,116,25
wie 1853,2084,53,28
Christiano 1915,2083,164,29
Ronaldo 2089,2082,129,30
mit 1325,2127,53,27
dem 1387,2125,66,29
Ball, 1462,2125,69,29
blick 1542,2134,88,20
<EOS>
<EOP>
Ein 1324,2399,54,27
in 1387,2399,31,27
jedem 1424,2398,98,39
Zipfel 1532,2398,92,39
verlockendes 1633,2398,203,29
Buch. 1845,2397,89,29
<EOS>
Moritz 1942,2399,98,27
Leuenberger 2046,2397,171,39
In 1324,2505,33,24
seiner 1366,2503,93,27
Heimat 1466,2502,118,27
gilt 1593,2500,53,39
Thomas 1654,2500,124,29
Widmer 1787,2500,127,30
als 1923,2500,40,29
der 1325,2543,49,28
Wanderpapst, 1382,2543,216,38
der 1609,2552,61,19
Spiegel 1681,2552,126,19
Starter-Kit 1325,2605,165,27
für 1499,2604,47,28
die 1554,2604,47,28
Schweiz: 1610,2604,134,28
Schindhelms 1754,2603,203,29
Buch 1966,2603,78,28
hat 2053,2603,51,28
durchaus 2112,2603,144,28
Potenzial, 1324,2646,156,33
zum 1490,2656,70,19
Schweizer-Abc 1569,2645,227,30
für 1804,2646,48,28
deutsche 1861,2645,136,29
Immigranten 2006,2647,211,37
zu 1325,2699,37,18
avancieren, 1372,2690,173,27
berner 1554,2697,126,20
zeitung 1689,2697,141,20
<EOS>
<EOP>
Bücher 1331,2861,271,70
in 1622,2865,76,64
Echtzeit. 1719,2861,346,70
<EOS>
Echtzeit 1330,2951,129,28
Verlag, 1466,2951,107,39
www.echtzeit.ch 1582,2951,270,28
<EOS>
<EOS>
<EOP>
