2312,3102
- 1496,525,10,2
<EOS>
<EOP>
<EOS>
<EOP>
seinen 200,1563,85,25
Füllfederhalter 306,1561,210,27
hervorzunehmen. 533,1561,249,26
<EOS>
Er 802,1562,33,24
konnte 853,1561,95,26
sonst 965,1569,69,17
ja 1051,1562,23,32
sehr 1091,1560,56,26
schroff 201,1612,100,25
sein. 308,1613,60,24
<EOS>
Es 383,1613,32,24
war 428,1622,52,15
diese 492,1611,68,26
entscheidende 572,1611,197,26
Sekunde. 781,1611,130,26
<EOS>
Wäre 924,1612,75,25
in 1012,1612,25,24
diesem 1050,1611,97,26
Moment 201,1664,118,23
ein 331,1663,41,24
anderer 384,1662,107,25
aufgetaucht, 504,1661,171,35
oder 687,1661,61,26
hätte 761,1661,69,26
er 842,1671,26,16
vorher 880,1661,89,26
nicht 981,1661,71,26
so 1063,1671,28,16
gut 1102,1669,47,26
gegessen 199,1722,121,24
und 339,1712,53,25
wäre 411,1716,67,21
nicht 497,1712,69,25
in 583,1713,26,24
so 627,1722,27,15
blendender 672,1711,157,26
Laune 847,1713,89,24
gewesen, 953,1721,126,24
wer 1097,1721,50,16
weiss 201,1763,71,24
<EOS>
Von 330,1763,56,24
meinem 398,1763,114,23
Text 524,1762,63,24
hat 599,1761,43,25
er 653,1771,26,15
dann 691,1761,70,25
wirklich 775,1761,117,25
geschwärmt. 904,1761,177,33
<EOS>
Der 1094,1762,53,24
Protagonist 202,1813,159,33
entscheidet 377,1811,156,25
sich, 549,1811,60,31
Schriftsteller 626,1811,180,25
zu 824,1821,32,15
werden, 874,1811,111,31
obwohl 1002,1810,102,26
er 1122,1821,26,15
Pfeifenstopfer 202,1861,192,35
beim 410,1861,69,25
Papst 496,1863,75,32
werden 587,1861,102,25
könnte, 706,1861,103,30
so 826,1871,27,15
wie 870,1862,47,24
ich 934,1861,39,25
bei 989,1861,40,25
Bischof 1046,1860,106,26
Haas, 201,1913,79,29
bei 291,1912,39,25
dem 342,1911,60,26
ich 415,1911,39,25
ministrierte, 466,1913,172,28
hätte 649,1911,69,25
Karriere 730,1912,119,24
machen 861,1911,108,25
können. 980,1911,113,25
<EOS>
Ich 1106,1910,41,25
wollte 201,1962,83,24
Theologie 295,1961,143,34
studieren, 450,1961,137,30
hatte 598,1961,68,25
bereits 678,1961,90,25
Kontakte 780,1961,131,25
beim 923,1961,68,24
Opus 1004,1962,75,32
Dei, 1090,1962,58,29
alles 200,2011,59,26
war 270,2021,53,15
aufgegleist 334,2011,149,34
in 494,2012,25,24
der 530,2011,44,25
klerikalen 586,2011,141,25
Welt 740,2011,65,24
— 814,2028,19,1
ohne 842,2010,68,25
Witz! 921,2011,80,24
<EOS>
<EOP>
«Endlich 201,2110,117,27
Nichtleser» 330,2110,157,27
war 500,2118,54,18
eine 562,2110,59,26
Zäsur 629,2112,82,24
- 720,2125,16,3
und 747,2110,55,26
wäre 813,2111,67,25
wohl 892,2109,67,27
auch 969,2109,69,27
ohne 1050,2109,68,27
Unselds 202,2161,110,26
Tod 324,2160,50,27
eine 384,2160,57,26
Zäsur 450,2162,83,24
gewesen? 539,2160,140,34
<EOS>
Was 201,2212,58,24
man 273,2222,61,14
schreibt, 348,2211,117,31
wird 478,2211,65,25
wahr; 557,2211,81,30
das 650,2211,45,25
Wort 709,2212,72,24
wird 795,2211,64,25
Fleisch. 873,2211,105,24
<EOS>
Bei 993,2211,43,24
mir 1050,2211,51,24
je¬ 1114,2211,34,32
denfalls 200,2261,108,26
war 322,2271,52,16
das 387,2261,46,26
immer 446,2261,93,25
so. 553,2271,34,15
<EOS>
Im 601,2261,39,25
ersten 653,2268,82,18
Buch 749,2261,70,25
wollte 834,2261,83,25
der 930,2261,44,25
Protagonist 987,2261,161,33
Schriftsteller 200,2311,179,26
werden, 399,2311,112,30
und 529,2311,54,25
ich 603,2311,39,25
wurde 661,2311,91,25
Schriftsteller. 770,2311,186,25
<EOS>
Mit 975,2311,50,25
Endlich 1041,2311,105,25
Nichtleser 198,2362,137,25
brach 349,2361,75,26
diese 439,2361,68,26
Welt 521,2361,65,25
dann 599,2361,71,25
zusammen, 685,2371,163,20
und 861,2361,54,25
ich 930,2361,39,25
verschwand 983,2361,164,25
tatsächlich 200,2411,146,26
für 359,2412,41,25
neun 412,2421,68,16
Jahre 493,2411,72,31
aus 576,2421,44,15
der 631,2410,45,26
literarischen 687,2410,171,26
Welt. 870,2410,72,26
<EOS>
Wie 202,2510,49,26
war 263,2517,55,19
das, 326,2510,55,31
als 395,2510,39,26
so 444,2517,30,19
junger 480,2510,98,33
Mensch 588,2509,107,27
plötzlich 705,2509,123,34
dieses 840,2509,86,27
Renommee 937,2510,156,25
zu 1102,2517,33,18
haben, 199,2559,96,32
und 308,2559,55,27
es 373,2567,28,19
dann 412,2559,73,27
ebenso 497,2559,98,27
schnell 605,2559,101,27
wieder 716,2559,95,27
zu 818,2567,33,19
verlieren? 863,2559,136,27
<EOS>
Ich 201,2610,41,27
versuchte 257,2610,129,27
von 401,2621,49,16
Anfang 465,2610,108,35
an, 587,2620,40,22
den 642,2610,50,26
Weihrauch 706,2610,155,26
subversiv 875,2610,126,26
zu 1017,2620,32,16
unter¬ 1064,2618,83,18
wandern. 200,2661,131,25
<EOS>
Die 355,2662,49,24
Schweizer 425,2662,138,24
Illustrierte 583,2662,145,24
veröffentlichte 750,2660,202,26
einmal 973,2660,96,26
eine 1092,2662,56,24
Homestory 201,2712,156,33
über 373,2711,63,25
mich. 452,2711,76,25
<EOS>
Ich 546,2710,41,26
erzählte 604,2710,111,26
dem 732,2710,60,26
Journalisten, 808,2710,178,32
ich 1002,2710,39,26
würde 1057,2710,90,26
mich 201,2761,67,25
nur 288,2771,47,15
von 353,2771,47,15
Büchsenravioli 420,2760,206,26
und 643,2760,55,26
Zigaretten 716,2761,146,33
ernähren. 879,2760,134,26
<EOS>
Auf 1032,2760,59,26
der 1103,2760,45,26
Foto 200,2813,62,23
sah 274,2811,44,25
man 331,2821,61,15
ein 405,2812,40,24
Blatt, 460,2811,73,30
das 544,2811,44,25
gerade 600,2810,93,34
aus 704,2821,44,14
dem 759,2810,61,25
Drucker 832,2810,119,25
kam 964,2810,61,25
und 1038,2810,54,25
auf 1104,2810,48,25
<EOS>
<EOP>
dem 1207,1560,60,26
stand 1282,1560,74,26
«Cavelty 1373,1560,120,34
ist 1508,1562,30,24
doof 1551,1560,63,26
und 1629,1560,53,26
wird 1698,1560,65,26
immer 1779,1561,93,25
doofer». 1887,1560,113,26
<EOS>
Pis 2018,1561,31,25
gibt 2063,1560,55,34
ja 2132,1561,22,32
dieses 1207,1610,80,26
Prinzip 1302,1612,104,32
der 1422,1610,44,26
Hermetik: 1482,1610,146,26
Das 1644,1612,54,24
Obere 1714,1610,84,26
ist 1814,1612,30,24
wie 1859,1612,48,24
das 1922,1610,45,26
Untere. 1983,1612,101,24
<EOS>
Das 2101,1611,53,26
war 1207,1671,53,16
mir 1270,1662,51,24
immer 1332,1662,93,25
wichtig. 1436,1660,110,35
<EOS>
So 1558,1662,34,25
fantastisch 1603,1660,146,27
das 1761,1660,45,27
war, 1817,1671,59,21
im 1887,1662,36,24
Suhrkamp 1935,1660,149,35
Ver¬ 2096,1662,57,24
lag 1207,1711,40,34
verlegt 1258,1711,93,33
zu 1362,1721,33,16
werden, 1407,1711,112,31
so 1530,1721,26,16
sehr 1568,1711,58,26
habe 1637,1711,65,26
ich 1714,1711,38,26
es 1764,1721,24,16
auch 1800,1710,64,27
genossen, 1875,1721,132,23
in 2019,1712,26,24
meiner 2057,1712,97,24
TV-Kolumne 1207,1760,193,26
in 1412,1762,26,24
der 1449,1760,45,26
Weltwoche, 1506,1761,153,30
im 1670,1762,36,24
Blick 1716,1761,70,33
oder 1797,1760,62,26
in 1871,1762,26,24
meiner 1908,1762,98,24
Literatur¬ 2018,1761,136,25
show 1207,1810,70,26
über 1290,1810,62,26
Sven 1366,1811,64,25
Epiney, 1443,1812,105,32
Piero 1560,1811,73,25
Esteriore 1646,1811,124,25
und 1784,1810,54,26
all 1852,1810,31,26
die 1897,1810,41,26
andern 1951,1810,98,26
herzu¬ 2063,1810,90,26
ziehen. 1207,1860,98,26
<EOS>
Das 1317,1862,53,24
ist 1381,1862,30,24
es, 1421,1870,34,21
was 1466,1870,51,16
meine 1527,1862,85,24
Kritiker 1623,1860,115,26
nicht 1749,1860,70,26
ertragen 1830,1868,116,26
haben: 1957,1860,93,26
dass 2062,1860,56,26
es 2129,1870,25,16
keine 1207,1910,73,25
saubere, 1297,1910,112,31
qualitative 1426,1911,146,33
Trennung 1588,1911,143,33
gibt 1747,1910,54,34
bei 1816,1910,40,25
mir 1873,1912,50,23
zwischen 1941,1910,127,25
einer 2085,1912,69,23
oberen 1206,1960,94,25
und 1311,1960,55,25
einer 1377,1962,69,23
unteren 1457,1968,108,17
Ebene. 1576,1960,94,25
<EOS>
Und 1208,2059,60,26
dann 1278,2059,72,26
kam 1361,2059,61,26
die 1433,2059,42,26
Lust 1486,2061,60,24
an 1554,2067,36,18
der 1601,2059,47,26
Literatur 1657,2059,125,26
plötzlich 1790,2059,123,34
zurück? 1924,2059,111,26
<EOS>
Ein 1207,2112,49,23
paar 1267,2121,61,24
Jahre 1339,2110,73,32
lang 1423,2111,60,34
lag 1494,2111,41,34
mir 1545,2112,50,23
die 1606,2111,41,25
Literatur 1658,2112,127,24
wirklich 1796,2111,117,25
fern. 1925,2110,62,26
<EOS>
Dieser 2000,2112,90,24
nai¬ 2101,2112,53,23
ve, 1207,2171,36,20
jungfräuliche 1261,2161,188,34
Zugang, 1466,2162,117,33
der 1601,2161,44,25
mich 1663,2161,69,25
mit 1750,2162,47,24
achtzehn 1814,2161,127,25
dazu 1958,2161,69,25
brachte, 2045,2161,109,29
Quifezit 1206,2211,110,33
zu 1329,2221,33,14
schreiben, 1376,2210,140,30
kam 1529,2210,62,25
mir 1604,2211,50,24
abhanden. 1668,2211,144,24
<EOS>
Und 1826,2210,61,25
das 1901,2210,45,25
Buch 1960,2210,69,25
Die 2042,2211,50,24
An- 2102,2211,52,24
douillette, 1204,2261,133,28
das 1355,2260,45,25
damit 1414,2260,82,25
begann, 1510,2260,111,34
dass 1635,2260,57,25
ich 1707,2260,39,25
fast 1760,2260,48,26
an 1821,2270,33,15
einer 1869,2261,68,24
Wurst 1952,2261,88,24
erstickt 2053,2260,102,25
wäre, 1207,2314,75,26
brachte 1293,2311,101,25
mir 1405,2311,50,24
diese 1466,2311,68,25
Lust 1547,2311,61,25
zurück. 1620,2310,106,26
<EOS>
< 1741,2321,13,14
<EOS>
<EOP>
Gion 1207,2476,53,21
Mathias 1270,2476,98,21
Cavelty, 1378,2476,90,28
geboten 1479,2476,91,27
1974 1582,2477,51,21
in 1644,2482,20,15
Chui, 1675,2476,56,25
publizierte 1742,2476,122,27
1997 1878,2477,54,20
bei 1941,2476,34,21
Suhrkamp 1983,2476,116,27
mit 1206,2514,38,22
«Quifezit 1253,2514,100,24
oder 1361,2514,50,22
Eine 1420,2515,47,21
Reise 1477,2515,57,21
im 1543,2515,27,21
Geigenkoffer» 1581,2514,155,28
sowie 1745,2515,63,21
«Ad 1819,2514,42,22
absurdum 1869,2514,115,22
oder 1995,2514,50,22
Eine 2053,2515,48,21
Reise 1207,2553,56,22
ins 1273,2553,32,22
Buchlabyrinth» 1314,2553,172,28
und 1497,2553,45,22
1998 1554,2554,57,21
«Tabula 1621,2553,87,22
rasa 1718,2559,46,16
oder 1775,2553,50,22
Eine 1833,2553,47,22
Reise 1891,2554,56,21
ins 1957,2554,31,21
Reich 1998,2553,60,22
des 1206,2592,36,22
Irrsinns». 1252,2592,97,22
<EOS>
2000 1360,2592,63,22
folgte 1433,2592,63,28
«Endlich 1507,2592,92,22
Nichtleser», 1610,2592,127,25
2009 1748,2592,62,22
dann 1819,2592,58,22
«Die 1888,2592,47,22
Andouillette 1942,2592,142,22
oder 2093,2592,50,22
Etwas 1207,2632,66,21
Ähnliches 1281,2627,113,26
wie 1405,2631,36,22
die 1450,2631,33,22
Göttliche 1494,2631,102,22
Komödie», 1605,2631,114,25
etschienen 1731,2631,119,22
im 1861,2631,26,21
Echtzeit-Vetlag. 1898,2631,172,28
<EOS>
Andri 1204,2684,68,21
Pol, 1281,2683,40,25
geboren 1331,2683,91,28
1961, 1437,2685,56,23
arbeitet 1505,2684,89,21
seit 1601,2684,41,21
1990 1654,2685,57,20
als 1720,2684,31,21
fteischaffendet 1761,2683,172,22
Fotograf 1941,2683,99,28
für 2046,2683,33,22
renommierte 1206,2722,143,21
Magazine 1358,2722,112,28
wie 1481,2722,36,21
«Geo», 1527,2723,69,24
«National 1609,2722,112,21
Ceographic» 1731,2722,139,28
und 1881,2722,45,21
«Das 1935,2724,54,19
Magazin». 1999,2724,114,26
<EOS>
David 1206,2775,69,22
Signer 1281,2775,74,27
ist 1361,2778,26,19
Ethnologe, 1394,2775,114,27
Journalist 1516,2775,109,22
und 1632,2775,44,22
Autor. 1681,2776,64,21
<EOS>
2007 1755,2775,61,22
erschien 1825,2775,87,22
sein 1919,2781,43,16
Roman 1972,2776,77,21
«Keine 1207,2815,68,20
Chance 1284,2813,82,22
In 1374,2814,20,21
Mori» 1402,2814,59,21
(Salis 1473,2813,57,28
Verlag). 1540,2813,81,28
<EOS>
<EOP>
54 200,2959,21,17
<EOS>
<EOP>
