2312,3102
A 435,256,39,52
<EOS>
<EOP>
¥Nr 200,473,41,18
<EOS>
<EOP>
'/Vf'W 240,572,98,33
<EOS>
<EOP>
W 556,1084,32,36
<EOS>
<EOP>
' 496,1443,4,12
• 494,1462,5,10
¦ 508,1469,2,2
<EOS>
<EOP>
/it 164,1527,104,85
Xüft 284,1524,64,19
<EOS>
<EOP>
»> 594,1749,25,21
<EOS>
<EOP>
J 1300,54,100,103
r—r 2051,65,51,17
I 1404,56,37,88
<EOS>
<EOP>
i_L 1946,142,33,14
<EOS>
<EOP>
% 1588,198,38,49
<EOS>
<EOP>
<** 1442,429,40,25
<EOS>
<EOP>
**? 1557,606,25,12
<EOS>
<EOP>
UHF 1084,784,55,15
<EOS>
<EOP>
« 1060,918,27,44
> 980,967,70,68
<EOS>
<EOP>
/* 1791,1144,47,41
*'. 1849,1150,30,34
<EOS>
> 1913,1162,15,25
B^ 1334,1238,62,62
ï 981,1305,24,31
^r 1401,1303,27,38
<EOS>
<EOP>
.;-' 1592,1702,18,13
<EOS>
<EOS>
<EOP>
seine 156,2068,68,24
Präsenz, 237,2068,122,29
aber 371,2066,60,26
er 444,2077,26,15
konnte 483,2067,97,25
den 592,2067,51,25
Autoren 655,2068,118,24
auch 785,2066,66,26
zuhören. 864,2066,126,26
<EOS>
Und 1004,2066,60,26
er 1077,2077,26,15
konnte 156,2117,97,25
einstecken, 268,2117,157,29
musste 439,2124,97,18
von 551,2127,48,15
den 615,2117,50,25
zahlreichen 682,2117,165,25
Diven 863,2118,84,24
in 963,2118,25,23
seinem 1004,2118,98,24
Haus 157,2168,73,24
sogar 243,2177,76,23
unglaublich 332,2167,168,33
einstecken. 513,2167,157,25
<EOS>
Trotzdem 682,2167,144,25
liebte 840,2167,75,25
er 927,2177,26,15
seine 967,2167,68,25
Au¬ 1049,2167,54,25
toren, 156,2224,81,24
setzte 247,2224,80,18
sich 337,2217,52,25
für 400,2217,43,25
sie 453,2217,34,25
ein, 497,2217,51,30
auch 558,2217,65,26
für 633,2217,43,25
einen 687,2217,75,25
Thomas 773,2217,119,25
Bernhard, 904,2217,144,30
der 1058,2217,46,25
ihm 157,2267,54,25
kleinste 223,2267,109,25
Fehler 342,2267,91,25
bis 444,2267,37,25
zuletzt 492,2267,98,26
vorhielt. 600,2267,116,26
<EOS>
Unseld 727,2267,99,25
hat 837,2267,44,25
wie 892,2268,48,24
ein 950,2268,41,24
Berser¬ 1003,2268,100,24
ker 156,2317,44,26
gearbeitet 216,2317,140,34
und 373,2316,54,26
war 445,2327,52,15
ein 513,2318,42,24
hervorragender 572,2317,220,33
Vermarkter. 809,2316,173,26
<EOS>
Bessere 1000,2318,103,24
Tugenden 156,2367,144,34
kann 312,2367,72,25
ein 396,2368,42,24
Verleger 451,2367,118,34
nicht 583,2367,70,26
haben. 665,2367,92,25
<EOS>
Und 157,2465,60,27
seine 224,2465,74,27
Schwächen? 307,2465,177,27
<EOS>
Unseld 157,2516,96,26
war 265,2526,53,16
sicher 329,2516,79,26
kein 419,2516,59,26
Entdecker. 490,2516,149,26
<EOS>
Die 651,2517,50,25
Entdeckungen 712,2516,205,33
machten 930,2516,117,26
an¬ 1059,2526,44,16
dere. 156,2566,66,26
<EOS>
Aber 235,2566,69,26
ihm 316,2566,55,26
lief 384,2566,41,26
alles 437,2566,59,26
zu, 508,2576,41,20
weil 560,2566,57,26
er 629,2576,25,16
in 666,2568,27,24
den 704,2566,50,26
1960er- 768,2567,99,25
und 879,2566,53,26
1970er-Jah- 949,2566,154,32
ren 157,2626,43,16
die 211,2616,41,26
stärkste 263,2616,106,26
Persönlichkeit 381,2616,198,26
der 590,2616,45,26
Branche 648,2616,113,25
war. 773,2626,58,15
<EOS>
Er 844,2617,34,24
hat 889,2615,43,26
seine 943,2617,68,24
Auto¬ 1023,2617,81,24
ren 157,2676,43,16
gemacht. 212,2665,126,35
<EOS>
Je 351,2667,25,30
erfolgreicher 388,2665,178,34
er 577,2676,27,16
wurde, 616,2666,99,31
desto 727,2665,71,26
arroganter 809,2674,148,25
konnte 970,2665,96,26
er 1078,2675,26,16
auftreten, 157,2717,133,30
weil 306,2716,56,25
alles 379,2715,60,27
Wichtige 455,2716,127,34
früher 598,2716,89,26
oder 702,2716,62,26
später 780,2719,81,30
sowieso 877,2717,106,24
zu 999,2726,33,15
ihm 1048,2715,55,26
kam. 157,2766,69,25
<EOS>
Gegen 237,2767,92,33
Ende 340,2766,72,25
hat 423,2765,43,26
er 476,2776,26,15
sich 512,2766,51,25
öfter 573,2766,65,25
getäuscht. 648,2766,139,34
<EOS>
Aber 798,2765,70,26
ich 880,2765,38,26
habe 930,2765,64,26
ihn 1005,2765,45,26
auf 1061,2765,47,26
bestimmte 157,2816,146,25
Weise 315,2817,82,24
verehrt 409,2816,99,25
und 520,2816,52,25
lasse 585,2816,61,25
nichts 658,2816,81,25
auf 751,2815,47,26
ihn 805,2816,45,25
kommen. 862,2816,132,25
<EOS>
< 1009,2826,14,15
<EOS>
<EOP>
Egon 1162,2536,58,26
Ammann, 1229,2536,114,23
geboren 1353,2534,90,28
1941 1458,2535,49,21
in 1520,2534,19,21
Bern, 1549,2536,55,23
war 1616,2540,42,15
Lektor 1666,2533,69,22
beim 1742,2533,54,22
Suhrkamp 1805,2533,115,28
Verlag, 1931,2533,74,28
ehe 2017,2533,38,22
er 2063,2539,22,16
1981 1167,2574,50,21
zusammen 1228,2580,122,15
mitseinet 1360,2573,112,22
Fiau 1479,2574,48,20
Marie-Luise 1537,2572,126,22
Flammeisfeld 1673,2572,152,22
in 1833,2572,20,22
Zürich 1862,2572,70,22
seinen 1941,2572,71,21
eigenen 2022,2572,86,27
Verlag 1164,2612,70,27
gründete. 1242,2612,105,27
<EOS>
Ausschlaggebend 1356,2611,204,28
dafüt 1568,2611,62,21
wai 1639,2617,42,15
Thomas 1690,2611,86,21
Hürlimanns 1786,2611,133,21
Erzählband 1929,2610,130,22
«Die 1163,2650,48,22
Tessinerin». 1221,2651,123,21
<EOS>
Im 1356,2652,27,19
August 1390,2652,85,26
2009 1482,2651,63,20
gaben 1553,2649,71,28
Ammann 1632,2651,106,20
und 1748,2649,44,22
Flammeisfeld 1801,2649,152,22
bekannt, 1962,2649,95,25
dass 1162,2689,50,21
sie 1220,2689,30,21
ihien 1259,2689,55,21
Ammann 1322,2690,105,20
Vetlag 1439,2689,71,27
auf 1519,2688,41,22
Ende 1565,2688,55,22
Juni 1626,2688,49,22
2010 1683,2689,59,21
schliessen 1750,2688,112,21
werden. 1874,2688,82,21
<EOS>
Regina 1162,2742,82,27
Hügli, 1254,2742,68,27
geboren 1333,2742,89,27
1975 1438,2742,51,22
in 1499,2742,20,21
Oxford, 1530,2741,78,25
studierte 1618,2741,99,22
Fotografie 1727,2741,112,28
an 1849,2747,27,16
dei 1886,2741,37,22
Züichet 1929,2741,86,21
Hochschule 1162,2780,131,22
der 1302,2780,37,22
Kunst. 1346,2781,67,21
<EOS>
Seit 1424,2780,42,22
2004 1474,2781,63,21
lebt 1547,2780,42,22
sie 1596,2780,30,22
in 1635,2780,19,21
Wien 1666,2780,54,22
und 1731,2780,43,21
arbeitet 1783,2780,88,21
als 1879,2780,31,21
fteie 1920,2780,46,21
Fotografin 1976,2779,114,28
in 1162,2819,20,22
Österreich 1193,2816,110,25
und 1314,2819,43,22
der 1366,2819,35,22
Schweiz. 1408,2819,92,22
<EOS>
<EOP>
S') 2090,2962,22,15
<EOS>
<EOP>
