2312,3102
«Unseld 332,227,344,90
las 701,227,103,88
mein 833,237,220,78
Buch 1082,227,225,90
der 1334,227,138,90
lachenden 1497,225,437,92
<EOS>
<EOP>
Ulla 764,362,184,88
im 972,373,117,76
Bett 1118,369,177,81
vor» 1317,398,180,52
<EOS>
<EOP>
Als 270,561,57,34
Gion 342,563,88,32
Mathias 445,562,143,34
Cavelty 603,562,134,44
1997, 754,566,86,34
gerade 856,562,112,45
mal 982,562,65,33
22 1062,566,43,29
Jahre 1117,562,93,42
jung, 1222,566,90,41
bei 1328,562,50,34
Suhrkamp 1393,562,183,44
die 1592,561,51,34
absurde 1658,561,134,34
Erzählung 1807,561,184,45
<EOS>
<EOP>
Quifezit 349,643,140,45
veröffentlichte, 499,643,262,39
galt 776,643,65,45
er 854,657,32,19
bei 900,643,50,33
den 964,643,64,33
einen 1042,647,93,29
als 1150,643,44,33
Wunderkind, 1207,643,237,38
bei 1461,643,50,33
andern 1526,643,121,33
als 1661,643,44,33
Scharlatan. 1720,643,195,33
<EOS>
Begegnungen 350,726,238,44
mit 602,728,60,30
der 676,725,55,34
Suhrkamp-Kultur 744,724,321,45
hatten 1079,724,111,34
für 1204,724,52,34
Cavelty 1270,724,134,45
immer 1416,728,116,30
etwas 1546,736,97,22
Unheimliches. 1657,724,254,34
<EOS>
<EOP>
Gion 594,845,75,27
Mathias 681,843,121,29
Cavelty 814,843,113,38
im 938,848,37,23
Gespräch 989,843,127,38
mit 1128,848,51,23
David 1187,843,90,29
Signer, 1289,845,99,36
Porträts 1400,845,115,26
Andri 1522,843,89,28
Pol 1624,843,45,28
<EOS>
<EOP>
Sie 152,1107,42,26
debütierten 204,1107,166,26
als 382,1107,40,26
22-Jähriger 432,1107,164,33
mit 605,1107,49,26
«Quifezit 664,1107,128,30
oder 801,1107,64,26
Eine 875,1107,59,26
Reise 945,1107,72,26
im 1027,1107,34,25
Geigenkoffer» 155,1156,196,34
bei 363,1157,44,26
Suhrkamp. 416,1156,150,34
<EOS>
Wie 583,1157,49,26
kam 643,1157,61,26
es 715,1164,28,19
dazu? 754,1157,84,26
<EOS>
Ich 156,1207,40,26
las 207,1207,34,26
1995 255,1207,58,26
im 325,1208,35,24
«offenen 373,1207,119,26
Block» 504,1207,93,26
an 608,1218,33,15
den 650,1207,51,26
Solothurner 711,1207,168,26
Literaturtagen, 890,1209,212,32
worauf 155,1257,102,26
ein 266,1258,41,25
zweiseitiger 322,1258,165,33
Artikel 500,1257,101,26
in 615,1259,26,24
Magazin 654,1259,124,33
Facts 791,1259,69,24
erschien. 873,1257,122,26
<EOS>
Ermu¬ 1009,1259,93,24
tigt, 155,1309,55,33
schickte 224,1307,110,27
ich 350,1307,38,27
die 402,1307,41,27
ersten 456,1316,82,18
fünfzehn 553,1307,129,27
Kapitel 697,1308,101,34
meines 813,1309,96,25
Manuskripts 925,1307,177,35
an 155,1368,31,15
drei 198,1358,53,25
Verlage: 262,1358,114,33
Haffmanns, 388,1357,172,32
Diogenes 570,1360,130,32
und 711,1358,53,25
Suhrkamp. 776,1358,157,34
<EOS>
Ich 946,1358,40,25
rechne¬ 999,1358,103,25
te 155,1416,22,17
allerdings 186,1408,137,33
nie 334,1409,40,24
und 384,1407,54,26
nimmer 448,1409,113,24
damit, 570,1408,91,31
von 671,1418,49,15
Letzterem 730,1410,145,23
etwas 885,1416,77,17
zu 972,1418,33,15
hören. 1014,1408,88,25
<EOS>
Kurz 155,1459,74,24
darauf 240,1457,97,26
erhielt 345,1457,88,26
ich 445,1457,38,26
jedoch 496,1457,91,34
von 599,1468,50,15
Lektor 662,1458,95,25
Christian 769,1458,131,25
Döring 914,1459,102,32
einen 1027,1459,75,24
Brief, 156,1507,74,31
er 246,1518,25,15
hätte 287,1507,68,26
den 369,1507,51,26
Text 435,1508,63,25
mit 512,1509,48,24
Vergnügen 574,1509,154,33
gelesen, 743,1508,109,34
worauf 867,1507,103,26
ich 981,1507,39,26
noch 1035,1507,67,26
den 155,1558,49,25
Rest 216,1559,59,24
des 285,1557,44,26
Werks 340,1557,90,26
nachschob. 442,1558,152,25
<EOS>
Dann 605,1560,81,23
hörte 698,1558,71,25
ich 781,1558,38,25
länger 831,1558,87,34
nichts 930,1557,81,26
mehr, 1022,1558,80,31
bis 155,1608,36,25
ich 203,1608,39,25
in 255,1610,25,23
der 292,1608,45,25
Zeitung 349,1609,112,33
las, 472,1608,44,31
Siegfried 527,1608,124,34
Unseld 665,1608,96,26
käme 775,1609,76,24
nach 864,1608,64,25
Zürich, 941,1608,103,30
um 1055,1619,47,14
bei 155,1658,39,25
einer 207,1659,70,24
Lesung 291,1659,104,33
von 409,1668,48,15
Paul 472,1658,61,25
Nizon 547,1659,89,24
die 649,1659,41,24
Einführungsrede 704,1658,243,34
zu 962,1668,32,15
halten. 1008,1658,94,25
<EOS>
Ein 155,1709,49,24
bleicher, 215,1708,114,30
dünner 340,1708,101,25
Jüngling, 452,1708,128,34
ging 589,1709,65,33
ich 664,1708,38,26
also 713,1708,52,26
mit 776,1709,46,25
zitternden 833,1708,143,26
Händen 987,1708,115,25
dort 155,1759,58,25
auf 222,1758,48,25
ihn 277,1758,44,25
zu, 333,1768,41,21
zeigte 384,1759,82,33
ihm 477,1758,55,25
den 543,1758,49,26
Brief 605,1759,71,25
von 682,1769,49,15
Döring 743,1760,101,32
und 855,1759,53,25
fragte, 920,1759,88,33
wie 1019,1759,49,25
es 1077,1769,25,15
nun 155,1819,53,15
um 224,1819,45,15
mein 284,1809,70,25
Manuskript 369,1808,166,34
stehe. 549,1808,76,26
<EOS>
Er 639,1810,35,24
sagte, 688,1816,77,26
er 780,1819,25,15
würde 820,1808,90,26
sich 925,1808,50,26
das 991,1808,44,26
mal 1050,1808,52,26
anschauen, 155,1858,154,30
zog 334,1869,49,23
einen 406,1859,74,25
goldenen 504,1858,127,34
Füllfederhalter, 654,1858,218,31
gross 895,1869,70,23
wie 990,1860,48,24
ein 1061,1860,41,24
Pflock, 157,1908,95,31
aus 264,1919,45,15
der 321,1908,44,26
Brusttasche 378,1908,163,26
seines 553,1910,79,24
Sakkos 645,1908,100,26
und 757,1908,53,26
schrieb 825,1908,98,26
mit 935,1909,46,25
giganti¬ 993,1909,109,33
schen 155,1958,76,26
Bewegungen 244,1959,182,33
meinen 437,1959,103,25
Namen 553,1960,104,24
auf, 668,1958,51,31
den 730,1958,49,26
ich 791,1958,39,26
ihm 842,1958,55,26
buchstabierte. 908,1958,194,26
<EOS>
Tatsächlich 155,2008,158,26
erhielt 326,2008,88,26
ich 427,2008,38,26
dann 478,2008,71,26
im 561,2010,36,24
September 610,2008,149,35
einen 771,2010,74,25
Brief 859,2008,67,26
von 939,2018,48,16
ihm, 1000,2008,64,32
in 1076,2010,26,24
dem 156,2058,58,26
er 228,2068,26,16
mir 267,2059,50,25
Interesse 330,2060,120,24
an 463,2068,33,16
einer 509,2060,68,24
Publikation 590,2058,166,26
signalisierte 768,2058,165,35
und 946,2058,54,26
fragte, 1013,2058,90,35
ob 155,2109,32,25
es 199,2119,25,15
mir 237,2110,50,24
möglich 301,2108,110,34
wäre, 425,2112,75,28
im 513,2110,36,24
Oktober 561,2109,118,25
nach 691,2109,65,25
Frankfurt 768,2109,143,25
zu 924,2119,33,15
kommen. 969,2109,133,25
<EOS>
Komischerweise 156,2159,230,25
habe 403,2158,65,26
ich 484,2158,40,26
aus 540,2169,44,15
lauter 600,2159,79,25
Dummheit 697,2159,156,25
gar 870,2169,44,24
nicht 932,2159,68,25
geant¬ 1016,2167,86,26
wortet. 156,2217,95,17
<EOS>
Aber 267,2208,69,26
schliesslich 349,2208,151,26
stand 515,2209,73,25
ich 601,2209,40,25
dann 654,2209,72,25
doch 738,2209,66,25
in 818,2210,25,24
Unselds 858,2209,109,25
Büro, 981,2210,76,29
an 1069,2219,33,15
dessen 155,2259,89,25
Wänden 257,2259,119,25
die 389,2259,41,25
Porträts 443,2260,111,24
all 566,2259,32,25
der 610,2259,45,25
Berühmtheiten 669,2259,212,25
hingen: 895,2259,104,34
Hesse, 1013,2260,90,30
Brecht, 156,2309,99,30
Suhrkamp 266,2309,150,34
und 428,2309,53,25
so 493,2319,28,15
weiter. 532,2311,89,23
<EOS>
Er 634,2311,34,23
fragte 680,2309,80,34
mich: 772,2309,77,25
Kennen 862,2311,110,23
Sie 984,2310,40,24
diese 1035,2309,68,25
Herren? 156,2360,116,25
<EOS>
Hesse 292,2361,81,24
und 389,2359,53,26
Brecht 460,2359,90,25
kannte 566,2360,95,25
ich, 678,2360,48,30
aber 741,2360,59,25
Peter 816,2361,70,24
Suhrkamp 902,2360,150,34
er¬ 1067,2370,36,15
kannte 156,2409,95,25
ich 263,2409,38,25
nicht 314,2409,69,25
und 394,2409,53,24
meinte, 459,2410,103,29
es 572,2420,25,14
sei 609,2410,33,24
Beckett. 654,2410,111,24
<EOS>
Ganz 776,2410,78,24
peinlich. 866,2409,119,34
<EOS>
Ich 997,2409,42,24
war 1050,2419,53,15
ziemlich 156,2459,118,25
naiv. 288,2460,62,24
<EOS>
Aber 363,2459,70,25
ich 445,2458,38,25
war 496,2469,53,15
ja 560,2460,23,32
auch 594,2459,66,25
erst 671,2466,49,18
21. 731,2460,34,24
<EOS>
Ich 778,2459,42,25
dachte: 831,2459,99,25
Peter 943,2460,70,24
Suhr¬ 1025,2458,78,26
kamp 156,2509,80,34
nicht 247,2509,70,25
erkannt, 327,2508,118,31
jetzt 456,2510,61,32
ist's 527,2510,47,24
vorbei. 585,2509,93,25
<EOS>
Aber 152,2609,72,26
es 233,2616,29,19
war 273,2616,54,18
nicht 336,2608,73,27
vorbei, 419,2608,92,31
es 524,2616,29,18
begann. 563,2609,114,33
<EOS>
Unseld 156,2659,96,25
lud 272,2659,42,25
mich 334,2659,68,25
trotz 421,2666,67,18
des 505,2659,44,25
Fauxpas 566,2660,116,33
zum 701,2670,62,14
Essen 782,2660,78,25
im 881,2660,34,24
Frankfurter 935,2659,168,25
Blockhaus 157,2708,144,27
ein, 312,2710,50,30
ich 375,2708,39,27
bestellte 427,2708,111,26
Schnitzel 550,2709,129,26
mit 693,2710,47,25
Pommes 754,2710,117,25
frites, 885,2708,76,32
er 973,2719,26,16
reichte 1012,2708,91,27
mir 156,2760,50,25
die 220,2759,41,26
Ketchup-Flasche 278,2758,235,35
und 529,2759,53,26
sagte: 598,2767,78,26
Sie 692,2760,39,25
gehören 746,2759,111,34
ja 873,2760,22,32
zur 911,2769,47,16
Ketchup- 974,2759,129,33
Generation. 156,2810,164,25
<EOS>
Es 332,2810,32,24
war 375,2819,52,16
von 438,2819,48,15
Anfang 497,2808,108,35
an 614,2819,33,16
irritierend. 658,2809,149,26
<EOS>
Eigentlich 820,2809,141,34
war 972,2819,52,15
es 1035,2819,24,15
zu 1070,2819,33,16
<EOS>
<EOP>
viel, 1161,1107,55,31
diese 1231,1107,68,26
Umarmung, 1315,1109,173,32
surreal, 1504,1107,102,31
oder? 1621,1107,75,26
<EOS>
Er 1715,1109,33,24
sagte 1763,1115,68,26
mir, 1847,1108,56,29
er 1918,1118,26,14
habe 1959,1107,65,25
mein 2039,1108,69,24
Manuskript 1162,1157,165,34
eines 1336,1159,68,24
Abends 1416,1157,105,26
seiner 1532,1158,80,24
Frau, 1622,1158,73,30
Ulla 1706,1157,58,25
Berkéwicz, 1777,1157,154,29
im 1942,1158,35,24
Bett 1991,1158,55,24
vor¬ 2057,1167,51,15
gelesen 1161,1207,99,34
und 1273,1207,53,26
sie 1339,1209,32,24
hätte 1383,1207,67,26
es 1462,1218,25,15
so 1499,1218,27,15
lustig 1537,1207,75,34
gefunden 1622,1207,131,34
und 1766,1207,53,26
immer 1833,1208,93,25
gelacht. 1937,1207,105,33
<EOS>
Un¬ 2055,1208,53,24
seld 1161,1257,51,26
legte 1224,1257,65,35
sich 1300,1257,50,26
wirklich 1363,1257,116,26
persönlich 1492,1257,143,34
ins 1646,1258,39,25
Zeug 1696,1258,73,33
für 1779,1257,42,26
die 1832,1257,41,26
Publikation 1886,1256,162,27
von 2060,1267,48,15
Quifezit, 1160,1309,116,33
die 1288,1308,40,26
dann 1341,1308,70,26
noch 1426,1307,65,27
ein 1504,1309,40,25
Jahr 1559,1307,57,32
verzögert 1628,1311,132,31
wurde, 1773,1307,98,30
weil 1884,1307,55,26
er 1952,1317,26,16
es 1991,1317,25,16
unbe¬ 2029,1307,79,26
dingt 1161,1358,74,34
als 1245,1358,35,25
Nr. 1289,1360,45,23
<EOS>
2001 1345,1359,58,24
der 1417,1358,44,25
Edition 1472,1358,104,25
Suhrkamp 1587,1358,150,34
veröffentlichen 1747,1357,207,26
wollte. 1965,1357,91,26
<EOS>
Ich 2067,1357,41,26
war 1161,1418,53,15
der 1228,1408,45,25
jüngste 1287,1409,99,33
Suhrkamp-Autor 1401,1408,245,34
überhaupt. 1660,1408,150,34
<EOS>
In 1826,1409,28,24
rascher 1870,1407,99,26
Folge 1984,1407,75,34
er¬ 2073,1417,35,16
schienen 1161,1458,118,25
dann 1295,1458,70,25
die 1379,1458,41,25
Folgebände 1435,1457,160,34
Ad 1605,1459,42,24
absurdum 1657,1459,131,24
und 1804,1457,54,26
Tabula 1875,1458,91,25
rasa, 1980,1467,60,20
und 2054,1457,53,26
1998 1163,1509,60,24
wurde 1235,1508,90,25
ein 1336,1509,40,24
Theaterstück 1389,1507,184,26
von 1586,1518,48,14
mir 1646,1509,50,23
in 1708,1509,25,23
Frankfurt 1745,1507,141,26
aufgeführt. 1897,1507,157,34
<EOS>
Ich 2067,1507,41,25
war 1162,1569,51,14
häufig 1223,1558,89,35
auch 1321,1558,62,26
an 1394,1568,32,16
Unselds 1437,1558,108,25
Privatadresse 1555,1558,183,25
an 1748,1568,32,15
der 1789,1557,45,26
Klettenbergstrasse. 1843,1557,265,35
<EOS>
Was 1162,1659,58,24
war 1232,1665,54,18
Unseld 1296,1657,98,26
für 1405,1657,41,26
ein 1455,1657,41,26
Mensch? 1507,1657,125,26
<EOS>
Mir 1162,1709,51,24
kommt 1228,1708,102,26
bei 1344,1708,38,26
ihm 1397,1708,55,26
das 1466,1708,45,26
Wort 1526,1709,72,24
«Kerl» 1613,1708,92,25
in 1721,1709,26,24
den 1760,1708,50,25
Sinn: 1825,1709,72,24
«Tolle 1913,1708,82,25
Kerle». 2009,1708,99,25
<EOS>
Männerfreundschaften 1162,1759,325,25
mit 1499,1759,47,24
seinen 1558,1759,86,24
Autoren 1657,1759,115,24
waren 1786,1769,85,14
ihm 1884,1758,54,25
wichtig, 1952,1758,111,34
sie 2075,1759,33,24
haben 1161,1808,84,26
sich 1256,1808,51,26
gegenseitig 1317,1809,156,33
auch 1483,1808,64,26
die 1557,1808,42,26
Frauen 1609,1809,97,25
abgejagt. 1717,1808,125,34
<EOS>
Ja, 1854,1809,33,30
ein 1897,1809,40,25
Frauenheld 1949,1808,159,25
natürlich. 1161,1858,134,26
<EOS>
Sie 1310,1860,40,24
lieferten 1363,1858,114,26
sich 1491,1858,51,26
Autorennen 1556,1860,168,24
— 1737,1875,18,2
er 1767,1869,26,15
mit 1808,1859,46,25
seinem 1868,1859,95,25
Jaguar 1979,1859,92,32
—, 2083,1875,26,13
die 1161,1908,41,26
gelegentlich 1213,1908,167,34
fast 1393,1909,47,25
tödlich 1452,1908,95,26
ausgingen. 1559,1909,149,33
<EOS>
Einmal 1721,1908,104,26
hat 1837,1908,43,26
er 1891,1919,27,15
mir 1930,1909,50,24
im 1992,1909,35,24
Mor¬ 2040,1909,68,24
genmantel 1161,1958,147,34
Spiegeleier 1322,1958,150,34
gebraten, 1485,1958,129,34
und 1626,1958,54,26
schon 1695,1958,77,26
am 1786,1969,43,15
Mittag 1843,1959,94,32
wurden 1950,1957,108,26
gi¬ 2072,1959,36,32
gantische 1161,2008,131,34
Flaschen 1304,2008,123,26
Wein 1439,2010,74,24
geleert. 1525,2008,101,34
<EOS>
Ich 1639,2008,42,26
merke 1693,2008,88,26
gerade, 1792,2007,100,35
dass 1904,2007,57,27
ich 1974,2007,39,27
in 2026,2009,25,24
sei¬ 2063,2009,45,24
nem 1162,2069,59,15
Zusammenhang 1234,2058,234,35
immer 1481,2060,93,24
das 1587,2058,45,26
Wort 1643,2060,74,24
«gigantisch» 1731,2058,174,35
verwende. 1920,2057,141,27
<EOS>
Er 2074,2059,35,25
war 1162,2119,52,15
auch 1232,2109,64,25
buchstäblich 1314,2109,174,25
eine 1506,2110,56,24
gigantische 1579,2109,158,33
Erscheinung. 1755,2108,185,34
<EOS>
Und 1958,2108,60,26
dann 2037,2108,71,26
kroch 1162,2159,79,25
ich 1260,2159,38,25
nach 1318,2159,63,25
dem 1400,2159,60,25
Essen 1479,2160,78,24
sturzbetrunken 1575,2159,219,25
auf 1812,2158,47,26
allen 1873,2158,65,26
Vieren 1957,2160,94,24
die 2068,2158,41,26
Treppe 1161,2210,100,33
hinauf 1273,2209,91,25
in 1375,2210,25,24
mein 1413,2210,69,24
Zimmer 1494,2210,116,24
zurück. 1622,2208,107,26
<EOS>
Es 1741,2210,33,24
war 1785,2219,53,15
alles 1848,2208,60,26
masslos. 1920,2208,111,26
<EOS>
Wie 1163,2308,50,26
war 1225,2316,53,18
es 1288,2316,29,18
bei 1327,2308,43,26
ihm 1380,2308,52,26
zu 1442,2316,33,18
Hause? 1486,2307,106,27
<EOS>
Während 1162,2360,132,25
der 1307,2360,44,25
Proben 1365,2360,98,25
zum 1477,2370,61,14
Stück 1552,2359,78,25
wohnte 1643,2359,104,25
ich 1759,2359,39,25
eine 1810,2361,56,23
Weile 1879,2359,78,25
dort. 1969,2359,66,25
<EOS>
Ein¬ 2048,2360,61,23
mal 1162,2409,51,25
hab 1230,2409,51,25
ich 1297,2409,39,25
nachts 1354,2409,87,25
eine 1457,2410,56,24
Pizza 1530,2410,76,23
bestellt. 1623,2409,105,24
<EOS>
Ich 1745,2409,42,24
sagte 1804,2416,69,26
dem 1890,2409,59,24
Kurier, 1968,2410,100,28
er 2084,2418,25,15
müsse 1162,2463,84,21
unbedingt 1256,2459,146,34
links 1411,2459,68,24
klingeln 1489,2458,115,34
und 1615,2458,54,25
nichts 1679,2458,81,25
rechts, 1771,2458,89,30
denn 1869,2458,69,25
dort 1949,2458,58,25
wohne 2017,2458,92,25
Unseld. 1162,2509,105,25
<EOS>
Natürlich 1281,2509,135,25
klingelte 1431,2509,121,34
er 1564,2519,26,15
rechts 1604,2508,81,26
und 1698,2508,53,26
holte 1766,2508,67,26
Unseld 1846,2508,97,25
raus, 1957,2518,66,20
lange 2035,2508,75,34
nach 1162,2559,65,26
Mitternacht. 1239,2559,172,26
<EOS>
Einmal 1425,2559,103,25
waren 1540,2569,86,15
wir 1637,2559,48,25
im 1696,2559,36,25
Keller, 1744,2559,92,30
und 1848,2558,54,26
da 1913,2558,33,26
hing 1957,2558,64,34
an 2032,2568,32,15
ei¬ 2076,2559,33,24
ner 1162,2620,45,15
Tür 1218,2609,55,26
eine 1285,2610,56,25
Zeichnung 1353,2609,153,33
seines 1517,2610,81,24
Sohnes 1610,2609,99,25
Joachim, 1720,2609,123,31
mit 1855,2610,47,24
dem 1913,2609,60,25
er 1985,2619,27,14
sich 2024,2608,50,25
ja 2087,2609,22,32
aufs 1162,2659,55,25
Schrecklichste 1227,2659,200,25
zerstritten 1438,2660,142,24
hatte. 1590,2659,75,25
<EOS>
Die 1676,2660,50,24
Zeichnung 1736,2659,153,33
hatte 1898,2658,68,25
der 1975,2658,45,25
Junge 2030,2659,80,33
vielleicht 1162,2708,124,27
mit 1299,2710,46,25
sechs, 1358,2708,79,31
sieben 1449,2708,85,26
Jahren 1548,2708,90,32
angefertigt, 1651,2708,163,34
und 1826,2708,54,26
sie 1894,2709,33,25
zeigte 1941,2709,81,33
einen 2035,2709,74,24
Adler. 1162,2759,85,26
<EOS>
Unseld 1267,2759,94,26
fragte 1380,2760,81,33
mich, 1478,2758,77,30
was 1572,2769,52,15
ich 1641,2758,39,26
zur 1698,2769,46,15
Geschichte 1761,2758,153,26
mit 1932,2759,47,25
Joachim 1996,2758,113,31
meinte. 1162,2810,102,25
<EOS>
Das 1277,2810,53,25
war 1341,2819,53,16
auch 1405,2808,64,27
seltsam, 1480,2808,111,31
dass 1601,2808,58,26
er 1670,2819,25,15
mich 1706,2808,69,26
das 1787,2808,45,26
fragte. 1844,2809,88,33
<EOS>
Ich 1945,2808,40,26
sah, 1997,2808,54,31
wie 2062,2809,49,24
<EOS>
<EOP>
Gion 156,2957,51,21
Mathias 219,2956,93,22
Cavelty, 322,2956,89,28
November 424,2956,117,21
2009 551,2957,61,21
<EOS>
<EOP>
