2312,3102
I. 202,144,14,19
<EOS>
Literatur 224,144,101,19
- 333,156,12,1
Friederike 353,142,113,20
Mayröcker 475,142,115,26
- 598,155,13,2
ich 620,142,29,20
bin 658,142,34,20
in 700,143,21,19
der 728,142,35,20
Anstalt 772,142,79,20
<EOS>
<EOP>
ihrem 312,302,83,27
glockigen 404,303,128,34
flüsternden 546,301,160,27
Lächeln 718,301,113,27
zärtlich 845,301,108,27
berührten 965,301,143,27
dasz 1120,301,62,27
die 1194,301,41,27
Wimpern 1249,302,139,34
zitterten 1400,302,118,26
in 1531,302,26,25
meinem 312,356,116,24
Gesicht 439,354,105,26
<EOS>
<EOP>
206 219,461,50,24
verbannt 312,459,127,26
sei 451,460,35,25
Sarkasmus 499,459,157,26
in 668,460,26,24
meinem 707,460,117,24
VERBARIUM, 837,460,236,29
und 1085,458,55,26
aus 1152,469,46,15
dem 1210,458,62,26
Rosenbaum 1284,459,162,25
weil 1461,458,58,26
es 1532,468,25,16
<EOS>
<EOP>
ist 312,512,30,25
alles 353,511,61,26
sehr 426,511,60,26
flüchtig 497,511,111,34
die 618,511,42,26
Zeit 673,511,58,26
und 742,511,55,26
der 809,511,47,25
Tag 867,511,57,34
und 935,511,55,26
die 1002,511,43,25
Schrift 1057,510,98,26
<EOS>
<EOP>
207 220,616,49,26
(«und 312,615,81,32
die 406,616,41,26
Alte 460,615,59,26
(alte) 531,615,68,32
füttert 612,616,89,25
wieder 713,615,96,26
die 821,615,42,26
Ratten 875,616,93,25
wenn 981,625,77,16
ich 1072,614,39,26
im 1124,616,36,24
Park 1173,614,67,26
den 1252,614,51,27
ZOPF 1316,615,92,25
verfüttere 1420,615,137,25
<EOS>
<EOP>
dann 312,667,72,27
ist 398,669,30,25
mir 441,669,52,24
zum 506,677,64,16
Weinen 584,668,110,25
weil 709,667,56,26
die 780,666,41,27
alten 835,666,67,27
(die 916,667,51,32
Alten) 981,666,88,32
die 1083,666,41,27
alten 1138,666,67,27
Frauen 1218,668,100,25
häszlich 1333,666,112,27
sind 1460,666,56,27
in 1532,667,25,26
ihrem 312,720,84,26
Alter 406,721,74,25
und 490,720,54,26
die 555,720,42,26
Männer 607,721,114,25
die 731,720,41,26
alten 782,720,67,26
(die 859,720,52,31
Alten) 921,720,89,30
die 1019,719,42,26
alten 1071,719,67,26
Männer 1149,721,113,24
immer 1273,721,95,24
noch 1378,719,68,26
1 1456,721,12,24
Stand 1479,720,79,25
haben 312,772,84,26
nämlich 408,772,115,26
wenn 536,781,78,17
sie 626,772,33,26
stehen 667,772,83,26
und 764,771,54,27
herumgehen 831,771,180,35
sogar 1023,781,75,25
dann 1109,771,73,27
wenn 1194,781,77,16
sie 1284,772,33,25
am 1328,781,44,16
Stock 1383,770,78,27
gehen 1473,770,83,36
haben 312,824,84,26
sie 407,826,33,24
noch 450,824,68,26
/ 532,826,10,24
Stand 553,825,79,25
das 641,824,46,25
musz 697,834,75,16
man 783,834,63,15
bedenken, 856,823,146,31
das 1013,823,45,26
werde 1069,823,85,26
ich 1164,823,41,26
vermissen 1215,824,141,25
wenn 1367,833,77,16
du 1455,822,35,27
weg 1501,833,57,25
bist, 312,876,55,32
sage 378,886,58,26
ich 447,875,40,28
zu 498,886,34,17
Edith 544,875,79,27
S., 634,876,32,32
<EOS>
dasz 676,875,63,27
wir 750,876,48,26
nicht 809,875,70,27
mehr 889,875,75,27
zusammen 975,886,157,16
lachen 1143,875,89,27
dasz 1243,875,63,27
wir 1317,876,47,25
einander 1374,875,125,27
mit 1510,875,48,26
dem 312,929,61,26
Lachen 385,929,104,26
anstecken 502,928,138,27
nämlich 652,928,116,26
dieses 780,928,82,26
unser 874,938,78,16
ansteckendes 963,928,184,26
Lachen, 1158,927,114,31
dieser 1284,927,82,26
Lachkrampf 1378,927,184,36
wie 312,982,49,26
in 374,982,27,25
der 415,981,45,26
Kindheit, 474,980,136,31
und 624,980,54,27
dasz 693,980,62,27
wir 769,981,48,25
nicht 830,980,71,26
aufhören 914,980,128,26
können 1057,980,106,26
damit, 1177,980,91,31
und 1283,980,54,26
dann 1351,980,72,26
habe 1438,980,66,26
ich 1517,980,40,26
diese 312,1033,69,26
Scherben 392,1033,130,26
von 534,1043,49,15
gestern 594,1041,101,27
nacht 706,1032,77,26
in 795,1033,25,25
die 832,1032,42,26
ich 886,1032,39,26
getappt 936,1040,105,27
bin 1052,1032,44,25
zusammengekehrt 1108,1031,268,36
nämlich 1386,1031,116,26
auf 1513,1031,48,26
dem 312,1085,61,27
Küchenboden 384,1085,200,26
als 595,1085,36,26
die 641,1085,41,26
kl.Glasschüssel, 693,1084,221,32
<EOS>
und 925,1085,54,25
ich 991,1084,39,26
erschrocken 1041,1084,170,26
bin 1222,1084,44,26
und 1278,1084,54,26
dasz 1344,1084,61,26
es 1416,1095,25,15
1 1455,1085,7,25
Stück 1477,1084,80,26
von 312,1148,50,15
mir 373,1139,52,24
war 437,1148,53,15
als 502,1137,36,26
ob 549,1136,34,27
mir 594,1138,50,24
das 656,1137,46,26
Herz 715,1138,72,25
zu 799,1147,34,15
Boden 846,1136,91,26
und 949,1136,54,26
da 1016,1136,33,26
zerbrochen 1062,1136,157,26
nämlich 1233,1136,114,26
1 1362,1138,8,24
gebrochenes 1384,1136,173,35
Herz 312,1190,73,26
usw. 395,1201,62,15
<EOS>
und 467,1189,55,27
ich 534,1189,39,27
weinen 584,1190,102,25
muszte 696,1197,101,18
weil 808,1189,56,26
es 875,1200,26,15
ja 911,1190,23,33
mein 944,1190,71,25
eigenes 1025,1190,102,33
Herz 1137,1190,73,25
und 1220,1188,55,27
wir 1287,1190,48,24
auf 1345,1188,49,26
dem 1399,1188,61,26
Fried¬ 1471,1188,86,26
hof 312,1241,50,26
an 367,1252,34,15
den 412,1241,52,26
Blumen 476,1241,112,26
vorüber 599,1241,111,26
: 721,1251,5,16
an 737,1251,33,16
diesen 781,1240,89,27
Blumen 882,1240,112,27
mit 1007,1242,47,25
den 1064,1240,52,27
aufgerissenen 1127,1240,191,36
Augen 1330,1241,95,34
den 1437,1240,51,27
weit 1499,1241,59,26
aufgerissenen 312,1294,191,34
Augen 514,1295,93,33
nämlich 620,1293,115,26
den 744,1293,51,26
erschrockenen 805,1293,203,26
weit 1019,1294,60,25
aufgerissenen 1088,1292,190,36
Augen 1290,1294,94,33
— 1393,1310,19,1
die 1421,1292,41,26
haben 1472,1292,84,26
tatsächlich 312,1345,149,27
grosze 473,1356,91,25
weit 577,1346,59,26
aufgerissene 648,1345,172,35
Augen 834,1346,95,34
und 942,1345,55,26
blicken 1010,1345,102,26
uns 1124,1356,49,15
an 1185,1355,34,16
und 1233,1345,54,26
ich 1301,1345,40,26
ging 1353,1355,64,24
zu 1431,1355,32,16
ihnen 1477,1345,80,25
hin 312,1398,46,26
und 371,1398,55,26
begann 439,1398,104,35
zu 556,1408,33,15
ihnen 603,1397,80,26
zu 696,1408,34,15
sprechen 743,1397,122,36
weil 878,1397,58,26
Mutter 949,1399,97,24
immer 1059,1398,96,25
gesagt 1166,1405,90,28
hatte 1268,1396,69,27
man 1349,1407,63,15
müsse 1425,1400,86,23
zu 1524,1407,34,16
den 312,1450,50,27
Blumen 375,1450,111,27
sprechen, 498,1449,131,36
und 640,1449,55,27
es 706,1461,26,15
sei 743,1450,33,27
kein 789,1449,59,27
Aberglaube, 860,1449,173,36
weil 1045,1449,56,27
die 1113,1449,41,27
Blumen 1166,1449,111,27
das 1288,1449,46,27
von 1345,1460,49,15
uns 1406,1460,49,16
erwar¬ 1466,1460,91,16
ten 312,1510,42,19
dasz 364,1502,63,27
wir 437,1504,48,24
zu 496,1513,34,15
ihnen 540,1502,80,26
sprechen, 631,1502,131,35
und 772,1501,55,27
ich 838,1501,40,27
hatte 888,1502,70,26
das 968,1502,45,26
früher 1024,1501,89,26
nie 1124,1503,41,24
gekonnt 1174,1501,116,36
aber 1300,1501,61,26
jetzt 1371,1502,61,34
auf 1441,1501,49,26
dem 1495,1501,61,26
Friedhof 313,1554,126,27
hatte 446,1554,69,27
ich 527,1554,39,26
das 577,1554,46,26
zum 636,1565,63,15
1.x 714,1555,35,25
<EOS>
gekonnt 760,1554,117,35
und 887,1554,56,26
das 955,1554,45,26
klingt 1012,1554,86,34
wie 1109,1554,48,26
im 1169,1554,37,26
Märchen 1218,1553,127,27
aber 1356,1553,60,26
es 1427,1564,26,15
ist 1465,1554,29,26
kei¬ 1506,1553,51,26
nes. 312,1617,52,16
<EOS>
Weil 374,1606,66,27
mir 451,1608,52,25
niemand 514,1606,125,26
in 651,1607,26,25
meiner 688,1607,99,25
Kindheit 799,1606,128,26
Märchen 938,1605,126,27
erzählt 1074,1605,99,27
hat 1184,1605,44,27
was 1239,1616,52,16
schade 1301,1605,93,27
ist 1406,1607,29,25
usw.») 1446,1606,89,31
<EOS>
<EOP>
208 220,1713,48,24
furiose 313,1712,98,25
felsige 422,1711,88,35
Gegend, 521,1710,122,36
wir 654,1712,49,25
machen 713,1710,113,27
Feuer 837,1711,82,26
in 930,1712,28,25
der 968,1710,45,27
Küche 1025,1710,93,27
und 1129,1710,56,27
wir 1196,1711,50,26
holen 1257,1709,78,27
uns 1346,1720,49,16
alle 1406,1709,49,28
Seelen 1466,1709,91,28
<EOS>
<EOP>
die 312,1763,42,25
lebenden 365,1763,129,25
und 505,1762,55,26
die 572,1762,42,26
toten, 625,1770,79,23
sagt 715,1770,57,27
Edith 784,1762,81,26
S., 876,1763,33,30
<EOS>
und 920,1762,56,26
ich 988,1762,39,26
versuche 1040,1762,122,26
den 1173,1762,52,26
Schein 1236,1761,96,27
zu 1344,1772,34,15
wahren. 1388,1761,117,26
<EOS>
Im 1517,1763,39,24
Café 312,1814,66,27
Speri 390,1814,73,35
1 481,1816,8,25
Oneiduun 505,1814,147,27
Pflanze 665,1814,110,26
: 789,1825,3,15
Maiglöckchengestalt, 807,1814,306,35
diese 1126,1814,70,26
Galanterien 1209,1814,172,26
im 1394,1814,38,26
Fenster, 1445,1814,112,31
und 312,1866,55,27
habe 383,1866,67,27
damals 464,1866,103,27
als 582,1866,36,26
Ely 633,1866,47,35
mich 694,1866,71,26
besuchte 780,1866,123,26
- 917,1883,19,3
damit 948,1866,86,26
mein 1048,1867,72,25
Atem 1135,1867,79,25
wohlriechend 1231,1865,196,26
sein 1444,1867,54,24
- 1511,1883,19,2
1 1548,1867,5,24
Stück 312,1919,82,27
Zucker 406,1919,104,27
auf 521,1919,45,26
der 577,1919,46,26
Zunge 635,1919,94,35
zergehen 741,1918,130,35
lassen 884,1919,83,26
dasz 979,1919,63,26
die 1053,1918,43,27
Küsse 1108,1919,85,26
süsz 1205,1922,59,23
seien, 1275,1919,79,31
und 1365,1918,56,26
ich 1433,1918,41,26
mich 1486,1918,71,26
schluchzend 312,1971,180,26
in 509,1972,26,25
meiner 551,1972,102,25
ganzen 668,1981,106,25
Länge 791,1972,91,34
auf 898,1970,50,26
den 959,1971,52,25
Boden 1029,1970,93,26
warf 1138,1970,71,26
weil 1220,1970,58,26
ich 1296,1970,40,26
die 1353,1970,41,26
Hoffnung 1411,1970,146,35
aufgegeben 312,2023,164,35
hatte, 491,2023,79,31
dasz 585,2023,64,26
er 664,2033,27,16
kommen 706,2023,130,26
würde 852,2023,93,26
: 961,2034,3,14
der 980,2023,47,26
vereinbarte 1042,2023,162,25
Zeitpunkt 1220,2022,147,35
längst 1383,2022,84,35
über¬ 1483,2022,74,26
schritten, 312,2075,133,32
also 456,2075,55,26
lag 522,2074,42,36
ich 576,2074,40,27
in 628,2076,26,25
meinem 665,2076,118,25
lila 796,2074,43,27
Gewand 850,2074,123,27
auf 985,2074,50,27
dem 1041,2074,63,27
Küchenboden 1117,2074,203,27
und 1333,2074,54,27
hörte 1400,2074,74,27
nicht 1487,2073,71,28
auf 312,2127,50,27
zu 373,2138,34,15
schluchzen 423,2127,161,27
so 601,2137,28,16
heftig 645,2127,84,35
meine 745,2128,87,25
Sehnsucht 849,2127,149,26
nach 1015,2126,66,27
ihm 1098,2126,58,26
und 1172,2126,56,27
seinen 1245,2128,90,25
Liebkosungen 1352,2126,205,36
(von 313,2180,59,31
den 383,2180,49,26
Wassern 446,2181,110,25
emporgehoben) 567,2180,215,34
als 796,2178,36,27
es 843,2189,27,16
endlich 881,2178,104,27
SCHELLTE 997,2179,197,26
und 1204,2178,56,27
er 1272,2189,27,16
vor 1310,2189,45,16
mir 1366,2179,51,26
stand 1428,2178,77,27
ich 1517,2178,40,27
aber 312,2231,61,27
elend 384,2231,76,26
war 472,2242,55,15
denn 538,2231,72,26
das 622,2231,46,26
lange 681,2231,76,35
Warten 769,2232,108,25
hatte 889,2230,70,27
mich 971,2230,70,27
traurig 1055,2232,100,34
gemacht 1164,2230,124,36
209 220,2337,48,24
weil 312,2335,58,26
ich 385,2335,41,26
so 440,2345,29,16
lange 483,2335,77,35
keine 575,2334,76,27
Zeit 665,2335,58,26
gefunden 737,2334,137,36
hatte, 889,2334,79,32
ihn 982,2334,47,27
zu 1044,2345,34,16
besuchen, 1093,2334,141,32
erschien 1248,2334,118,27
es 1380,2345,26,16
mir 1421,2335,52,26
ganz 1487,2344,70,26
<EOS>
<EOP>
und 312,2387,55,27
gar 386,2398,47,24
unmöglich 452,2387,155,35
und 627,2387,55,26
unwirklich, 701,2387,169,31
ihn 889,2387,47,26
in 955,2388,25,25
seinem 1000,2388,99,25
Buchladen 1120,2387,153,26
aufzusuchen, 1291,2386,192,32
sagt 1501,2394,57,27
Bodo 313,2439,75,26
Hell, 399,2439,72,32
ich 483,2439,39,26
meine, 534,2440,96,31
sagt 641,2447,57,28
Bodo 710,2439,75,26
Hell, 797,2439,70,32
ich 879,2439,40,26
kann 931,2439,73,26
es 1016,2450,25,15
mir 1053,2440,52,25
nicht 1117,2439,71,26
vorstellen, 1199,2438,146,33
jemals 1356,2438,92,36
wieder 1459,2438,98,27
sein 312,2493,55,25
Geschäft 382,2492,130,26
zu 527,2502,34,16
betreten 577,2491,116,26
obwohl 709,2491,105,26
ich 831,2491,40,26
1 889,2493,9,24
groszes 915,2502,106,24
Verlangen 1037,2491,147,35
habe 1201,2491,66,26
danach, 1283,2491,112,32
der 1410,2491,46,26
Tann, 1472,2492,85,30
die 312,2543,42,27
triefende 365,2543,128,27
Ulme, 505,2543,89,32
die 605,2543,43,27
Grosztante 660,2544,159,26
Mizzi, 831,2544,93,30
die 935,2543,41,27
Brennschere 989,2543,179,26
über 1179,2543,65,26
der 1255,2543,45,26
Gasflamme 1311,2543,169,26
zum 1493,2553,64,16
Glühen 312,2595,108,27
gebracht, 439,2595,132,36
mit 589,2596,49,25
der 655,2595,47,26
Brennschere 721,2595,179,26
die 919,2595,42,26
ergrauten 979,2603,139,28
Schläfenhaare 1137,2595,206,26
zu 1361,2605,34,16
Löckchen 1415,2594,142,27
gedreht, 312,2648,118,35
ehe 440,2648,49,27
sie 500,2649,33,25
ausging, 544,2648,120,34
in 675,2648,26,26
1 715,2649,8,25
Blumenstrausz 738,2648,216,26
1 969,2648,6,26
kl.Kürbis 991,2648,137,26
<EOS>
und 1140,2648,54,26
Früchte 1206,2647,112,27
der 1328,2647,46,26
Heckenrose 1385,2648,173,26
<EOS>
<EOP>
— 311,2718,18,1
was 340,2710,54,16
das 406,2700,46,26
Davonlaufen 464,2699,186,27
des 663,2699,45,27
Siegfried 721,2699,128,36
Höllrigl 863,2699,114,36
angeht, 991,2699,105,36
sage 1109,2710,59,25
ich 1180,2699,41,26
zu 1234,2710,33,15
Ely, 1282,2699,52,35
habe 1346,2699,67,26
ich 1426,2699,40,26
nach¬ 1479,2699,78,26
empfunden, 312,2752,176,35
was 500,2763,53,15
in 566,2753,26,25
ihm 605,2752,58,26
vorgegangen 676,2762,183,24
sein 873,2753,55,25
musz, 941,2762,84,21
er 1038,2762,26,16
war 1077,2762,55,16
nicht 1145,2752,71,26
imstande, 1229,2751,139,32
diese 1381,2752,70,26
Unter¬ 1465,2753,92,25
suchung 312,2804,121,35
über 444,2804,64,26
sich 520,2803,52,27
ergehen 584,2803,115,35
zu 710,2814,34,16
lassen 756,2803,83,27
<EOS>
<EOP>
