2312,3102
Du 1775,152,33,19
803 1818,152,35,18
- 1862,163,13,1
Januar/Februar 1883,151,174,24
2010 2066,152,46,18
<EOS>
<EOP>
Mit 699,466,165,81
Siegfrieds 892,461,402,116
Segen 1324,464,247,113
Wenn 255,661,107,31
er 376,672,32,21
an 421,672,41,21
Suhrkamp 478,659,183,45
denkt, 676,659,111,38
fällt 803,659,68,34
dem 885,659,74,34
gefeierten 974,659,170,45
amerikanischen 1158,659,278,34
Autor 1448,660,103,33
und 1565,659,68,34
Anwalt 1645,659,130,33
Louis 1788,660,98,32
Begley 1901,658,116,46
vor 275,754,57,20
allem 345,740,94,34
der 454,740,55,34
Verleger 521,741,144,45
Siegfried 678,740,153,46
Unseld 846,741,123,33
ein. 982,745,62,29
<EOS>
Auch 1057,741,95,33
nach 1167,741,83,33
dessen 1264,741,111,34
Tod 1389,741,71,33
ging 1473,744,77,42
die 1563,740,52,34
Liebesgeschichte 1629,740,293,45
mit 1936,744,60,29
<EOS>
<EOP>
dem 808,821,75,34
deutschen 897,821,176,34
Verlag 1085,821,113,46
für 1212,821,52,34
ihn 1278,821,57,33
weiter. 1349,826,112,29
<EOS>
Gespräch 811,940,128,39
mit 951,944,50,25
Louis 1009,942,82,27
Begley, 1104,940,103,39
von 1221,952,48,17
Sacha 1281,941,85,28
Verna 1376,942,88,27
<EOS>
<EOP>
Louis 159,1219,78,24
Begley 252,1218,91,33
war 358,1229,52,15
57 424,1218,30,25
Jahre 468,1218,71,31
alt, 554,1218,40,31
als 608,1218,35,26
1991 660,1219,54,25
sein 732,1219,52,25
Erstling 798,1218,113,34
Wartime 927,1219,112,25
Lies 1052,1219,55,25
(Lügen 160,1269,95,32
in 266,1268,24,26
Zeiten 301,1269,83,24
des 395,1269,39,25
Krieges) 444,1269,108,33
- 564,1285,18,2
«ein 594,1270,55,24
Kind», 660,1268,97,30
wie 767,1270,47,24
der 826,1268,44,26
heute 881,1268,72,26
76-Jährige 964,1268,143,34
spöttelt 159,1318,99,33
— 271,1334,19,2
erschien. 301,1317,121,27
<EOS>
Der 437,1319,53,25
autobiografisch 504,1318,211,34
gefärbte 729,1318,112,34
Roman 855,1320,101,24
wurde 970,1318,89,26
zu 1074,1328,33,16
einem 159,1369,84,24
internationalen 262,1368,210,26
Grosserfolg 490,1368,161,34
und 669,1368,53,26
war 742,1378,51,16
Begleys 813,1368,101,34
Debüt 934,1368,85,26
beim 1038,1368,67,26
Suhrkamp 159,1418,149,33
Verlag. 318,1418,95,33
<EOS>
Seither 425,1418,97,26
hat 533,1418,41,26
er 584,1428,26,16
mehrere 620,1418,115,26
Bände 748,1418,85,26
mit 844,1419,46,25
Essays 901,1419,86,33
und 997,1418,55,26
sie¬ 1063,1419,44,25
ben 159,1468,48,26
belletristische 218,1468,188,26
Werke 416,1468,90,26
veröffentlicht, 516,1468,192,31
darunter 717,1468,122,26
About 844,1469,85,25
Schmidt, 937,1469,115,30
das 1062,1468,45,26
2002 159,1519,61,24
mit 232,1519,47,24
Jack 289,1518,56,31
Nicholson 357,1518,139,25
in 507,1519,26,24
der 543,1518,43,25
Hauptrolle 597,1518,150,34
in 758,1520,24,23
die 792,1518,41,25
Kinos 845,1520,80,23
kam. 936,1518,68,25
<EOS>
<EOP>
Hauptberuflich 284,1568,217,33
war 516,1579,51,14
der 580,1568,45,25
Harvard-Absolvent 638,1568,273,25
bis 923,1568,36,25
2007 972,1568,65,25
sehr 1049,1568,58,25
erfolgreich 159,1617,150,34
als 325,1617,35,26
Teilhaber 376,1618,135,25
einer 527,1619,69,24
weltweit 612,1618,120,25
operierenden 746,1618,184,34
Anwaltsfir¬ 947,1618,160,25
ma. 159,1678,50,15
<EOS>
Er 221,1669,34,24
ist 265,1669,30,24
mit 305,1669,47,24
der 362,1668,44,25
französischen 417,1668,191,25
Autorin 619,1670,111,23
Anka 741,1668,78,25
Mühlstein 831,1668,141,25
verheira¬ 983,1668,124,26
tet 159,1726,34,17
und 206,1718,54,25
lebt 274,1718,50,25
hauptsächlich 338,1718,191,34
in 544,1720,24,23
New 583,1720,66,24
York. 663,1718,75,26
<EOS>
Zum 753,1719,68,25
Gespräch 836,1719,130,34
über 981,1719,62,25
den 1057,1718,49,26
Suhrkamp 160,1768,150,34
Verlag 321,1768,90,34
hat 422,1768,44,25
Louis 478,1770,78,23
Begley 568,1769,91,33
in 671,1770,26,23
seine 709,1770,67,23
Wohnung 787,1769,143,33
an 941,1779,31,14
der 985,1769,44,24
Park 1041,1769,65,24
Avenue 160,1819,103,24
eingeladen. 276,1818,157,34
<EOS>
Stilgerecht 447,1818,149,34
müssen 608,1822,103,21
sich 725,1818,50,25
Besucher 789,1818,126,25
beim 928,1818,69,25
unifor¬ 1010,1819,97,24
mierten 159,1869,109,24
Portier 281,1869,96,24
in 389,1869,25,24
der 427,1868,45,25
Lobby 484,1868,88,34
anmelden. 584,1868,147,25
<EOS>
Allerdings 744,1868,148,34
würde 904,1868,90,25
es 1006,1879,24,14
Beg¬ 1044,1869,63,33
leys 159,1918,48,34
Heim 220,1919,81,24
kaum 313,1918,79,25
in 406,1919,25,24
die 444,1918,40,25
Hochglanzseiten 498,1918,235,34
von 745,1929,48,14
Luxury 804,1919,104,33
Homes 919,1919,94,25
schaf¬ 1026,1918,81,26
fen. 160,1969,48,25
<EOS>
Die 225,1969,50,24
Wände 291,1969,101,25
sind 408,1968,55,26
mit 482,1969,46,25
Büchern 545,1969,115,25
gepflastert, 677,1969,154,33
die 847,1969,40,25
iVlöbel 904,1969,86,25
wirken 1008,1969,98,25
weder 160,2018,85,26
wie 257,2019,48,24
kostbare 317,2018,116,26
Antiquitäten 446,2019,180,33
noch 638,2018,66,26
wie 716,2019,48,25
Glanzideen 776,2018,161,26
von 951,2029,48,15
hippen 1011,2018,96,34
Designern, 160,2069,153,32
sondern 327,2068,110,26
ganz 450,2079,68,22
einfach 532,2068,99,26
angenehm 644,2068,147,34
benutzt. 805,2068,114,26
<EOS>
Der 933,2069,53,25
Gastge¬ 999,2069,108,33
ber 159,2118,44,25
bittet 217,2118,71,25
zu 302,2129,32,14
einem 349,2119,84,24
Plüschsofa, 450,2118,154,31
in 618,2119,25,24
dem 658,2118,60,26
man 732,2129,61,15
versinkt, 809,2118,120,30
und 943,2118,54,26
nimmt 1012,2119,95,25
selber 160,2168,80,26
auf 252,2167,49,27
einem 310,2169,84,25
nicht 409,2167,69,27
minder 492,2168,102,26
weichen 607,2168,114,26
Sessel 735,2168,79,26
Platz. 829,2168,78,26
<EOS>
Zwei 921,2169,69,25
Katzen 1004,2169,103,25
gesellen 159,2218,109,34
sich 279,2218,50,26
dazu, 340,2218,77,31
von 427,2228,48,16
denen 485,2218,83,26
eine 577,2220,57,24
auf 643,2218,49,26
Begleys 697,2218,103,34
Schoss 810,2218,90,26
springt 910,2220,98,32
und 1018,2218,54,26
es 1082,2229,25,15
sich 160,2268,51,26
gemütlich 222,2268,139,34
macht. 373,2268,93,26
<EOS>
<EOP>
«Auf 286,2317,75,27
dem 366,2318,59,26
Stapel 436,2318,85,34
dort...», 531,2318,123,31
<EOS>
Begley 665,2318,90,34
deutet 765,2318,86,26
auf 860,2319,43,25
einen 913,2320,74,24
Bücher¬ 999,2318,108,26
stapel 160,2368,76,34
auf 246,2368,46,26
dem 297,2368,59,26
Tisch, 366,2368,84,30
auf 460,2369,42,25
dem 511,2368,59,26
sich 580,2368,50,26
auch 639,2368,64,26
Orhan 712,2368,89,26
Pamuks 813,2368,110,26
The 933,2369,50,25
Museum 991,2370,114,24
of 158,2419,32,33
Innocence 202,2419,135,24
und 357,2418,53,25
Philip 433,2418,82,34
Roths 536,2418,78,25
The 634,2419,51,24
Humbling 704,2419,142,33
befinden, 865,2418,131,31
«...ich 1017,2418,90,25
<EOS>
glaube, 159,2468,100,34
da 270,2468,32,25
finden 314,2467,88,26
Sie 415,2469,40,24
die 466,2468,40,25
deutsche 518,2468,120,25
Ausgabe 650,2468,120,34
von 782,2478,48,15
Dreyfus.» 843,2467,136,35
<EOS>
Der 989,2469,55,24
Fall 1053,2469,55,24
Dreyfus 157,2519,109,32
— 273,2535,19,1
Teufelsinsel, 304,2518,159,33
Guantdnamo, 478,2519,185,28
Alptraum 674,2519,129,32
der 814,2519,44,24
Geschichte, 868,2519,146,28
Louis 1029,2519,78,24
Begleys 161,2567,102,34
zuletzt 279,2567,96,25
auf 389,2568,44,24
Deutsch 449,2567,114,25
erschienenes 578,2568,175,25
Buch 769,2567,70,25
ist 855,2569,30,23
in 899,2569,26,23
der 940,2567,45,26
Tat 999,2568,47,25
mit 1061,2569,47,24
dabei. 160,2617,81,25
<EOS>
Begley 256,2617,91,34
fährt 361,2617,68,25
fort: 442,2618,57,25
«Ich 514,2618,57,25
hätte 584,2618,69,25
nicht 665,2617,71,25
erfreuter 747,2617,122,26
sein 881,2619,53,24
können, 947,2618,113,30
als 1073,2617,34,26
ich 161,2668,38,25
das 211,2668,45,25
Buch 268,2667,71,26
erhielt; 351,2668,96,29
es 458,2679,25,14
ist 495,2669,30,24
so 535,2678,27,15
wunderschön 573,2668,190,25
gemacht. 775,2668,125,34
<EOS>
Mir 914,2669,51,24
gefällt 976,2667,87,35
al¬ 1074,2668,34,25
les 160,2718,34,25
daran, 205,2718,90,29
das 306,2718,45,25
Format, 362,2719,113,29
die 486,2718,41,25
Schrift, 538,2718,104,30
der 653,2718,45,25
Ton 709,2719,55,24
des 776,2718,44,25
Covers. 831,2719,101,24
<EOS>
Diese 945,2719,77,24
Sorg¬ 1034,2719,73,33
falt 161,2768,44,25
bei 214,2768,40,25
der 265,2768,45,25
Buchherstellung 322,2768,229,34
ist 561,2769,30,24
mit 600,2769,49,24
ein 658,2769,41,24
Grund, 710,2768,104,30
dass 824,2768,57,25
ich 892,2768,39,25
so 942,2778,27,15
glücklich 980,2768,127,34
bin, 160,2818,53,30
ein 224,2819,41,24
Suhrkamp-Autor 277,2818,246,34
zu 535,2828,32,15
sein. 580,2819,60,24
<EOS>
Es 654,2819,32,24
macht 699,2818,84,25
einen 794,2819,76,24
enormen 881,2828,123,15
Unter¬ 1018,2819,89,24
<EOS>
<EOP>
schied, 1166,1218,94,31
ob 1272,1218,32,25
ein 1316,1220,40,24
Buch 1371,1218,68,26
gut 1452,1226,46,26
oder 1510,1218,61,26
schlecht 1583,1218,111,26
in 1706,1219,25,24
der 1743,1218,45,25
Hand 1801,1218,79,25
liegt, 1894,1218,68,33
wie 1974,1218,49,25
es 2034,1228,25,15
ge¬ 2070,1228,42,23
bunden 1165,1268,106,26
ist, 1285,1269,37,30
wie 1336,1269,47,25
sich 1397,1268,51,26
die 1461,1268,41,26
Seiten 1516,1269,83,25
anfühlen. 1613,1267,134,26
<EOS>
Ein 1760,1269,49,24
sorgfältig 1824,1267,131,34
gemachtes 1968,1267,144,34
Buch 1167,1318,69,26
trägt 1249,1322,66,30
entscheidend 1326,1318,181,26
zum 1519,1328,63,16
Vergnügen 1593,1319,154,32
des 1758,1318,44,25
Lesens 1814,1319,94,24
bei.» 1919,1317,64,26
<EOS>
Louis 1165,1417,73,27
Begley, 1249,1417,98,34
die 1360,1417,41,27
Physikalität 1412,1417,171,34
des 1592,1416,47,28
Buches 1651,1416,100,27
ist 1762,1416,35,27
Ihnen 1807,1416,79,27
also 1898,1416,57,27
fast 1967,1416,56,27
so 2030,1424,31,19
wichtig 1166,1467,104,34
wie 1282,1467,46,27
sein 1337,1467,56,27
Inhalt? 1405,1467,102,27
<EOS>
Auf 1166,1518,58,25
jeden 1232,1518,74,34
Fall 1320,1518,51,25
sehr 1384,1518,57,25
wichtig. 1455,1518,109,34
<EOS>
Ich 1577,1518,43,25
lese 1632,1518,49,25
gerade 1692,1518,92,34
Vasily 1797,1518,83,34
Grossmans 1892,1519,155,24
Life 2057,1519,56,32
and 1162,1569,52,24
Fate 1223,1570,59,23
— 1291,1585,19,2
einen 1319,1570,74,23
Roman, 1405,1570,110,29
der, 1526,1568,50,31
wie 1587,1569,48,24
ich 1645,1568,40,25
inzwischen 1696,1568,157,25
überzeugt 1865,1567,142,35
bin, 2017,1568,52,31
zu 2080,1578,33,15
den 1165,1618,50,25
bedeutendsten 1227,1618,200,25
des 1439,1618,44,25
letzten 1494,1618,93,25
Jahrhunderts 1599,1618,185,31
zählt, 1796,1617,77,31
und 1885,1617,53,26
ich 1950,1617,40,26
bedaure 2001,1617,111,26
die 1165,1668,42,25
Unhandlichkeit 1226,1668,222,25
der 1468,1668,44,25
englischen 1532,1668,147,34
Ausgabe 1700,1668,119,34
sehr. 1840,1668,63,25
<EOS>
Sie 1924,1669,39,24
lässt 1984,1668,58,25
sich 2062,1667,51,26
schlecht 1166,1718,111,26
offen 1287,1718,70,26
halten, 1369,1719,94,30
die 1474,1718,41,26
Seiten 1527,1720,83,24
haben 1621,1718,84,25
fast 1717,1719,47,24
keinen 1775,1718,92,25
Rand 1881,1718,73,25
und 1967,1718,53,25
lassen 2033,1718,80,25
dem 1165,1769,60,24
Text 1236,1770,63,23
und 1310,1769,52,24
dem 1374,1769,59,25
Leser 1445,1770,77,24
keine 1532,1768,75,25
Luft 1616,1768,64,25
zum 1690,1778,62,15
Atmen. 1764,1770,105,23
<EOS>
Wie 1880,1770,57,23
unglaublich 1948,1768,164,34
schade! 1166,1818,101,25
<EOS>
Ich 1283,1819,41,24
bin 1336,1819,43,24
dazu 1391,1819,69,24
erzogen 1472,1829,110,23
worden, 1594,1818,114,30
mit 1720,1819,46,24
Büchern 1778,1818,117,25
behutsam 1908,1818,135,25
um¬ 2055,1828,58,15
zugehen. 1166,1868,125,34
<EOS>
Man 1302,1869,63,24
hat 1376,1868,42,25
mir 1428,1869,49,24
beigebracht, 1487,1868,168,34
Bücher 1666,1868,98,25
nie 1775,1869,39,24
aufgeschlagen 1824,1868,197,34
liegen 2031,1868,81,33
zu 1166,1929,33,14
lassen, 1218,1918,88,31
weil 1325,1918,56,26
dies 1400,1918,52,26
den 1471,1918,50,26
Rücken 1539,1918,106,25
brüchig 1663,1918,108,34
macht. 1789,1917,93,26
<EOS>
Ich 1902,1918,41,25
knicke 1962,1918,93,25
die 2073,1918,40,25
Ecken 1166,1969,87,25
von 1273,1979,49,15
Seiten 1340,1969,84,25
nicht 1444,1969,69,25
ein. 1531,1969,48,25
<EOS>
Ich 1599,1968,43,26
kann 1660,1968,72,25
richtig 1751,1968,91,34
ärgerlich 1860,1968,123,34
werden, 2002,1968,111,30
wenn 1166,2029,76,15
ich 1253,2018,39,26
sehe, 1304,2018,66,31
wie 1381,2019,47,25
Leute 1439,2019,80,25
Bücher 1532,2018,97,26
misshandeln 1640,2018,176,25
— 1826,2035,19,1
selbst 1854,2018,75,25
wenn 1940,2029,75,14
es 2026,2029,25,14
sich 2062,2018,50,25
bei 1166,2068,39,26
diesen 1217,2068,86,26
Leuten 1316,2069,96,25
um 1425,2079,45,15
Mitglieder 1483,2068,146,34
meiner 1640,2069,98,24
Familie 1748,2068,108,25
handelt... 1868,2068,142,25
<EOS>
Diese 1166,2167,77,27
Probleme 1254,2167,131,27
hätten 1396,2167,95,27
Sie 1501,2167,42,27
bei 1553,2167,44,27
einem 1606,2167,84,26
E-Book 1702,2167,100,26
nicht, 1811,2167,78,31
bei 1902,2167,44,26
einem 1956,2167,84,26
Kindle 1166,2217,90,27
etwa. 1267,2221,75,23
<EOS>
Die 1166,2270,50,24
Vorstellung, 1234,2268,170,34
einen 1422,2270,75,24
Roman 1516,2270,102,24
auf 1637,2268,48,26
einem 1698,2269,85,25
E-Book 1803,2268,109,26
zu 1931,2278,33,16
lesen, 1983,2268,76,30
er¬ 2078,2278,35,15
scheint 1166,2318,96,26
mir 1278,2320,50,24
verabscheuenswürdig! 1344,2318,311,34
<EOS>
Und 1674,2318,61,26
ich 1751,2318,39,25
möchte 1806,2317,102,26
betonen, 1923,2318,118,31
dass 2057,2317,57,26
ich 1166,2368,40,26
ein 1216,2370,41,24
sehr 1268,2368,58,26
zufriedener 1337,2368,162,26
Benutzer 1510,2370,128,24
von 1649,2378,49,16
Computern 1709,2369,161,33
bin. 1881,2368,52,25
<EOS>
Aber 1945,2368,69,25
sobald 2025,2367,87,26
ein 1166,2419,41,24
Text, 1218,2419,71,30
etwa 1300,2426,64,17
ein 1375,2419,41,24
Artikel 1427,2418,101,25
der 1540,2417,44,26
New 1593,2419,66,24
York 1670,2418,61,33
Times 1743,2418,81,25
oder 1834,2417,63,26
von 1908,2427,48,16
Le 1966,2419,36,24
Monde, 2013,2418,101,30
mehr 1167,2468,73,25
als 1251,2468,35,25
eine 1296,2469,56,24
Seite 1363,2469,65,24
umfasst, 1439,2467,116,32
drucke 1565,2467,98,26
ich 1673,2467,40,26
ihn 1724,2467,46,26
aus. 1780,2478,51,15
<EOS>
Ich 1844,2467,41,26
würde 1897,2467,89,26
nicht 1997,2467,70,26
im 2077,2468,36,25
Traum 1166,2519,97,24
daran 1279,2518,82,25
denken, 1377,2518,111,29
einen 1504,2519,74,24
Essay 1594,2519,76,32
oder 1687,2517,61,26
eine 1764,2519,56,24
Kurzgeschichte 1837,2517,218,34
auf 2071,2517,47,26
dem 1166,2567,60,25
Bildschirm 1241,2567,154,25
zu 1410,2578,33,15
lesen. 1456,2567,76,25
<EOS>
Vielleicht, 1545,2567,142,31
vielleicht, 1700,2567,131,31
wenn 1846,2577,75,15
ich 1935,2567,39,25
mich 1988,2566,69,26
auf 2070,2566,48,26
eine 1166,2619,56,24
weite 1232,2619,72,24
Reise 1315,2619,71,24
begäbe 1395,2617,97,34
und 1502,2617,54,25
ich 1566,2617,40,25
lange 1615,2617,75,34
Zeit 1700,2618,56,24
an 1765,2627,32,15
einem 1808,2618,84,24
Ort 1903,2618,49,24
verbringen 1963,2617,150,33
musste, 1166,2672,103,26
an 1283,2678,33,15
dem 1330,2667,59,26
es 1405,2678,25,15
keine 1444,2667,74,26
Buchhandlungen 1533,2667,242,34
und 1791,2667,53,25
Bibliotheken 1862,2667,176,25
gibt, 2052,2666,62,35
wenn 1167,2728,76,15
es 1257,2728,26,15
also 1296,2718,54,25
einfach 1363,2718,100,25
unpraktisch 1479,2718,167,34
wäre, 1660,2721,76,27
all 1750,2717,32,25
die 1797,2717,41,25
Bücher 1853,2717,99,25
mitzuneh¬ 1966,2717,148,25
men, 1167,2778,68,20
die 1246,2768,42,25
ich 1300,2768,38,25
lesen 1350,2768,66,25
möchte 1430,2768,101,25
— 1541,2785,19,1
ich 1570,2768,39,25
schleppte 1621,2768,128,33
oft 1760,2768,37,24
genug 1808,2778,86,23
Koffer, 1907,2767,96,30
die 2014,2767,42,25
viel 2067,2767,46,25
zu 1167,2828,33,15
schwer 1210,2818,95,25
waren, 1316,2828,93,19
weil 1419,2818,56,25
sie 1485,2819,34,24
viele 1528,2818,61,24
Bücher 1600,2818,99,24
enthielten 1709,2817,137,25
—, 1856,2834,25,12
vielleicht 1891,2817,123,25
würde 2024,2817,90,25
<EOS>
<EOP>
4S 2092,2965,21,18
<EOS>
<EOP>
