2312,3102
Gibt 153,321,62,26
es 224,329,28,18
einen 263,321,76,26
Verlag 352,321,90,34
mit 453,321,49,26
vergleichbarem 511,321,220,34
Status 741,323,91,25
in 842,321,26,26
den 880,321,50,27
USA? 944,321,76,27
<EOS>
Mir 153,373,53,24
fällt 220,372,54,26
keiner 289,372,86,25
ein. 389,373,50,25
<EOS>
Die 454,373,49,25
amerikanische 517,373,206,25
Buchkultur 738,373,162,25
unterscheidet 915,373,187,25
sich 154,422,50,26
viel 219,422,47,26
zu 281,433,33,15
stark 329,422,68,26
von 412,433,49,15
der 475,422,45,26
deutschen. 534,422,147,27
<EOS>
In 698,424,27,24
Deutschland 742,422,175,27
werden 934,422,102,26
Bü¬ 1052,424,50,24
cher 153,472,59,26
ernst 228,480,68,18
genommen. 312,483,166,23
<EOS>
Sie 495,473,40,25
werden 552,472,102,26
breit 671,472,63,26
rezipiert 752,474,116,32
und 885,472,53,26
rezensiert; 957,474,145,30
jedes 154,522,68,33
Provinzblatt 239,522,172,26
verfügt 428,523,101,33
über 546,522,61,26
ein 624,524,40,25
eigenes 682,524,99,32
Buchressort, 798,523,173,29
und 987,522,54,26
am 1058,533,43,15
Radio 154,572,82,26
gibt 248,572,55,34
es 316,583,24,15
täglich 355,572,91,34
Programme, 462,574,176,32
in 652,574,25,25
denen 691,572,83,27
stundenlang 788,572,175,35
über 975,572,63,27
Bü¬ 1052,574,49,25
cher 153,623,59,26
diskutiert 225,623,136,26
wird. 374,623,72,26
<EOS>
Buchhandlungen 462,623,242,34
und 718,623,54,26
Lesungen 786,625,139,32
spielen 938,623,94,34
eine 1046,624,56,25
Rolle 154,673,70,26
im 236,674,36,25
kulturellen 284,673,155,26
Leben 450,673,88,26
der 549,673,45,26
Leute 605,675,79,24
<EOS>
<EOP>
Ganz 154,774,73,25
so 235,781,31,17
paradiesisch 275,772,181,34
geht 467,772,67,34
es 544,781,28,18
da 582,773,35,26
inzwischen 629,773,154,26
auch 795,773,69,26
nicht 875,773,75,26
mehr 958,773,74,26
zu. 1040,781,38,18
<EOS>
Na 154,825,42,24
ja, 213,825,31,32
es 260,834,25,15
gibt 301,824,55,34
auch 372,824,63,25
keine 453,824,74,25
Verlegerpersönlichkeiten 544,824,350,35
wie 911,826,48,23
Siegfried 976,824,126,34
Unseld 154,874,97,25
mehr. 264,874,81,25
<EOS>
Abgesehen 358,874,153,34
von 524,885,48,15
Roberto 587,874,111,26
Calasso 710,875,104,25
vielleicht, 827,875,132,30
dem 971,874,60,26
Lei¬ 1045,875,57,25
ter 154,932,36,18
der 202,924,44,26
Edizioni 257,924,121,26
Adelphi 391,924,112,34
in 516,925,25,25
Mailand. 554,925,125,25
<EOS>
Wie 691,926,57,24
Calasso 759,925,106,25
war 877,935,53,15
Siegfried 941,925,126,33
ja 1080,925,22,33
selber 154,975,80,25
Autor. 244,975,88,25
<EOS>
Vergessen 342,975,139,33
Sie 491,975,40,25
nicht, 542,975,76,30
dass 627,975,58,25
er 694,985,27,15
neben 731,975,82,25
manch 824,975,94,25
anderem 928,975,122,25
ein 1061,975,41,25
bedeutendes 154,1024,173,26
Werk 338,1024,76,26
über 427,1024,62,26
Goethe 500,1024,102,26
verfasst 613,1024,103,26
hat. 728,1024,49,26
<EOS>
Inwieweit 154,1124,138,26
hat 301,1124,50,26
sich 359,1124,55,26
Ihr 426,1124,41,26
Verhältnis 478,1124,143,27
zum 630,1132,59,19
Suhrkamp 700,1124,145,33
Verlag 859,1124,89,34
seit 958,1124,52,27
dem 1019,1124,59,26
Tod 156,1173,49,27
Siegfried 213,1173,129,34
Unselds 353,1173,110,27
2002 473,1175,79,26
verändert? 564,1173,154,28
<EOS>
Nun, 155,1226,72,29
Siegfried 240,1224,123,34
ist 378,1226,28,25
eben 418,1225,65,26
nicht 496,1225,69,26
mehr 577,1225,73,26
dort. 663,1225,65,26
<EOS>
Man 742,1227,63,24
kann 819,1225,71,26
jemanden 903,1225,138,34
wie 1054,1227,48,24
ihn 155,1275,44,25
nicht 214,1274,70,26
ersetzen. 298,1282,122,18
<EOS>
Ich 436,1274,42,26
bin 493,1275,43,25
mit 552,1276,47,24
Ulla 614,1275,58,25
sehr 687,1275,58,25
gut 759,1283,46,26
befreundet 820,1275,151,25
und 986,1275,54,25
mit 1056,1277,46,23
meiner 155,1326,97,24
Heimat 265,1326,108,24
beim 385,1325,69,25
Verlag 468,1325,91,34
glücklich. 570,1325,136,34
<EOS>
Der 721,1327,52,23
Suhrkamp 787,1325,149,34
Verlag 950,1325,91,34
von 1053,1335,49,15
heute 155,1375,74,25
ist 240,1376,28,25
ein 278,1376,40,24
hervorragendes 329,1375,216,34
Haus 557,1376,71,24
— 637,1393,18,1
aber 664,1375,60,25
eines 733,1377,68,23
ohne 810,1375,68,26
eine 887,1377,56,23
solche 953,1375,83,25
aus- 1046,1386,56,14
sergewöhnliche 155,1425,216,34
Persönlichkeit 384,1425,197,26
an 592,1436,32,15
der 636,1426,44,25
Spitze. 692,1427,92,33
<EOS>
Wie 157,1524,49,26
nahe 217,1524,70,26
arbeiten 298,1524,119,26
Sie 427,1524,40,26
mit 478,1524,49,27
Ihrem 537,1524,79,27
deutschen 628,1525,146,26
Lektor 787,1525,90,26
zusammen? 884,1524,171,27
<EOS>
Fürs 154,1576,64,24
eigentliche 231,1575,150,34
Lektorat 396,1575,121,26
meiner 532,1576,96,25
Bücher 643,1576,100,25
ist 757,1576,29,25
mein 799,1576,71,25
amerikanischer 884,1576,218,25
Lektor 155,1626,95,25
beim 263,1625,70,26
Verlag 347,1626,91,33
Knopf 452,1626,90,33
zuständig. 556,1626,143,33
<EOS>
Ich 715,1626,40,25
kann 770,1626,71,25
mich 856,1626,69,25
nicht 938,1626,70,25
daran 1021,1626,81,25
erinnern, 154,1676,130,30
dass 293,1676,57,25
mein 360,1676,68,25
Lektor 439,1676,96,25
bei 544,1676,39,25
Suhrkamp 593,1676,150,34
jemals 754,1676,88,33
irgendwelche 852,1676,185,34
Än¬ 1046,1672,56,29
derungen 155,1726,133,33
verlangt 301,1726,113,33
hat. 426,1726,49,25
<EOS>
Obwohl... 488,1726,151,25
<EOS>
<EOP>
Y 1650,293,48,47
t 1711,415,26,30
<EOS>
<EOP>
I 1892,464,1,10
;.';;!, 1897,462,24,17
<EOS>
<EOP>
Louis 1162,727,56,22
Begley 1230,727,76,28
und 1316,727,40,21
Siegfried 1367,727,101,28
Unseld 1481,727,76,22
in 1570,727,17,21
Frankfurt, 1599,726,112,26
Oktober 1722,726,93,22
1994 1827,727,59,21
<EOS>
<EOP>
te, 1161,882,31,22
kein 1205,874,58,26
kleines 1277,874,96,26
rotes 1387,881,64,19
Mercedes 1465,874,131,25
Cabriolet! 1608,874,138,25
<EOS>
Mach 1763,873,76,26
daraus 1853,873,93,26
ein 1957,875,41,24
kleines 2013,873,96,26
rotes 1161,932,65,18
BMW 1238,925,87,25
Cabriolet!» 1336,925,158,25
<EOS>
— 1505,941,19,2
Den 1534,925,59,25
Gefallen 1604,924,119,26
habe 1735,924,65,26
ich 1812,924,38,25
ihm 1863,924,54,25
getan. 1929,931,84,27
<EOS>
Auch 1157,1024,76,26
ihr 1244,1024,40,26
«Dreyfus»-Buch 1294,1024,218,33
erschien 1524,1024,117,26
zuerst 1650,1027,90,22
in 1748,1023,26,26
Deutschland, 1786,1023,188,31
erst 1987,1026,54,23
danach 1160,1074,107,26
in 1278,1074,25,26
den 1315,1074,51,26
USA. 1379,1074,67,26
<EOS>
Und 1461,1073,60,27
hier 1531,1073,55,26
nicht 1595,1073,74,26
in 1678,1073,25,26
Ihrem 1715,1073,81,26
Stammverlag 1806,1073,191,34
Knopf, 2009,1072,91,35
sondern 1158,1124,115,26
bei 1284,1124,44,26
der 1338,1124,45,26
Yale 1394,1124,57,26
University 1464,1124,146,33
Press. 1619,1125,77,25
<EOS>
Das 1710,1125,54,25
Buch 1775,1124,71,26
zieht 1856,1123,72,27
Parallelen 1937,1123,142,27
zwischen 1158,1174,130,27
den 1300,1174,50,27
rassistischen 1362,1173,181,28
Ressentiments, 1555,1173,212,32
die 1780,1173,42,27
zur 1830,1181,48,19
Dreyfus-Affäre 1887,1173,210,34
geführt 1158,1224,110,34
haben, 1278,1224,94,31
und 1386,1224,56,27
dem 1451,1224,59,27
Vorgehen 1524,1223,132,34
der 1668,1223,47,27
Bush-Regierung 1725,1223,226,34
im 1962,1223,33,27
«Krieg 2007,1223,89,34
gegen 1158,1282,88,26
den 1257,1274,52,26
Terror». 1322,1276,100,24
<EOS>
Hatten 1435,1276,101,24
Sie 1546,1273,41,27
Schwierigkeiten, 1596,1273,232,34
für 1842,1273,42,27
dieses 1892,1273,87,27
Thema 1991,1273,94,27
einen 1160,1324,76,26
amerikanischen 1247,1324,225,26
Verlag 1486,1323,90,34
zu 1584,1332,33,18
finden? 1629,1323,106,27
<EOS>
Nein, 1161,1377,78,29
im 1251,1377,35,23
Gegenteil. 1297,1375,141,34
<EOS>
Ich 1451,1375,42,25
hätte 1505,1375,67,25
das 1583,1375,45,25
Buch 1641,1375,68,25
gar 1721,1385,45,24
nicht 1778,1374,69,26
geschrieben, 1857,1374,174,35
wäre 2042,1378,67,22
Yale 1161,1425,59,26
University 1232,1427,143,33
Press 1388,1427,70,24
nicht 1470,1425,69,26
mit 1551,1427,46,23
dem 1609,1425,59,25
Vorschlag 1681,1425,139,34
auf 1830,1425,49,25
mich 1886,1425,69,25
zugekom¬ 1968,1425,141,34
men. 1162,1486,67,15
<EOS>
Ich 1242,1476,41,25
bin 1295,1476,42,24
ja 1350,1477,22,32
weder 1383,1476,85,25
Historiker 1479,1475,146,25
noch 1637,1476,65,24
Biograf, 1716,1476,109,33
aber 1836,1475,60,25
Yale 1908,1475,58,25
führt 1978,1475,73,25
un¬ 2061,1485,48,15
ter 1161,1533,36,18
dem 1212,1526,60,25
Titel 1289,1526,64,25
Why 1372,1527,59,33
X 1445,1527,27,23
Matters 1484,1527,103,24
eine 1603,1527,56,23
Serie 1674,1527,68,24
von 1759,1536,47,14
Büchern. 1824,1525,124,25
<EOS>
Ich 1965,1525,42,25
sah 2023,1525,45,25
in 2083,1526,25,24
diesem 1161,1576,96,25
Projekt 1270,1576,102,33
nicht 1383,1576,68,25
nur 1461,1586,49,15
die 1521,1576,39,25
Möglichkeit, 1572,1575,176,34
mich 1759,1575,68,26
mit 1839,1576,47,24
einem 1896,1576,84,24
faszinie¬ 1991,1575,118,25
renden 1162,1626,96,25
Gerichtsfall 1269,1626,164,25
zu 1444,1636,33,15
befassen, 1488,1626,124,30
sondern 1624,1626,110,25
auch 1746,1626,63,25
ein 1821,1626,41,25
politisches 1875,1625,143,34
Trak¬ 2029,1625,79,25
tat 1162,1683,34,18
über 1207,1676,62,25
Bushs 1281,1676,81,25
Krieg, 1373,1677,88,32
seine 1472,1676,68,25
Missachtung 1551,1676,180,33
des 1741,1676,43,25
Gesetzes 1795,1677,123,24
und 1930,1675,53,26
über 1995,1675,62,26
die 2068,1675,41,26
Monstrosität 1162,1727,175,24
unseres 1348,1737,103,14
Guantanamo-Systems 1462,1727,313,32
zu 1786,1736,33,15
schreiben. 1830,1726,139,25
<EOS>
...Ja? 154,1824,75,27
<EOS>
Als 155,1875,46,26
Suhrkamp 215,1875,150,34
anfing, 378,1875,99,34
meine 490,1877,84,25
Bücher 589,1876,98,26
zu 702,1886,32,16
veröffentlichen, 748,1876,218,31
noch 980,1876,66,26
be¬ 1060,1876,42,26
vor 155,1936,43,16
sie 208,1927,33,25
hier 252,1926,54,26
in 317,1927,24,24
den 352,1926,49,26
USA 413,1927,68,25
erschienen, 491,1926,156,31
erhielt 657,1926,88,26
ich 755,1926,38,26
tatsächlich 804,1926,148,26
einen 962,1928,74,24
An¬ 1047,1928,55,24
ruf 156,1976,46,26
meines 207,1977,98,25
damaligen 315,1976,148,33
Lektors, 475,1976,115,31
Rainer 602,1978,93,24
Weiss. 706,1978,86,24
<EOS>
Das 804,1978,54,24
war 869,1987,52,15
bei 932,1977,39,25
Schmidts 981,1977,121,25
Bewährung. 153,2027,165,33
<EOS>
In 329,2027,27,24
meinem 367,2027,113,24
Manuskript 491,2026,165,34
schenkte 666,2026,121,25
Schmidt 797,2026,117,25
seiner 925,2028,80,23
Ange¬ 1015,2028,87,32
beteten 155,2076,99,25
ein 265,2077,41,24
kleines 318,2076,96,25
rotes 426,2084,64,17
Mercedes 501,2076,131,26
Cabriolet. 643,2076,136,25
<EOS>
Rainer 792,2078,93,23
sagte: 896,2084,78,26
«Oh 987,2076,59,25
bit- 1057,2076,45,25
<EOS>
<EOP>
ALLE 366,2305,101,44
<EOS>
<EOP>
; 233,2799,1,13
Stadt 245,2796,45,13
Zürich 296,2796,54,13
<EOS>
<EOP>
' 233,2817,1,2
Museum 246,2814,66,13
Strauhof 318,2814,66,13
<EOS>
<EOP>
HE 693,2408,60,32
<EOS>
<EOP>
* 563,2494,20,16
<EOS>
<EOP>
Im 1162,1826,34,25
Gegensatz 1208,1826,151,32
zu 1367,1833,33,18
Deutschland 1411,1825,184,26
wurde 1606,1825,86,26
das 1703,1825,49,26
Buch 1764,1825,69,26
in 1845,1825,25,25
den 1882,1825,51,26
USA 1946,1825,59,26
noch 2017,1824,67,26
nicht 1161,1875,73,27
sehr 1242,1875,63,27
breit 1313,1875,67,27
besprochen. 1389,1875,170,33
<EOS>
Es 1162,1928,33,24
sind 1210,1926,57,26
schon 1283,1926,78,26
noch 1376,1926,66,26
einige 1458,1927,83,33
seriöse 1556,1927,91,25
Rezensionen 1664,1927,175,25
geplant. 1855,1925,110,35
<EOS>
Anderer¬ 1982,1925,128,26
seits 1162,1978,56,24
gibt 1229,1976,54,34
es 1293,1986,25,16
inzwischen 1329,1976,158,26
jede 1499,1976,55,33
Menge 1565,1977,95,33
Literatur 1672,1977,126,25
zu 1810,1986,32,16
diesem 1854,1976,97,26
Thema, 1963,1975,111,32
es 2084,1985,26,16
überrascht 1162,2026,148,25
mich 1322,2026,69,25
deshalb 1405,2026,105,25
nicht, 1524,2026,77,31
dass 1614,2025,57,26
mein 1685,2027,69,24
Buch 1770,2025,69,26
nicht 1854,2025,69,26
alle 1936,2025,47,26
anderen 1996,2025,113,26
überflügelt. 1162,2076,160,34
<EOS>
Aber 1336,2076,70,25
mir 1419,2077,50,24
war 1483,2086,52,15
wichtig, 1549,2076,110,34
es 1672,2086,25,15
zu 1710,2086,33,15
schreiben. 1756,2076,140,25
<EOS>
Dass 1910,2077,65,24
es 1988,2086,25,15
zuerst 2027,2083,83,18
in 1162,2128,25,23
Deutschland 1203,2126,177,25
erschienen 1396,2126,147,25
ist, 1559,2127,38,30
zeigt 1611,2127,68,33
nur, 1694,2136,54,20
wie 1763,2127,48,24
eilig 1825,2126,60,34
der 1898,2126,45,25
gute 1957,2134,60,26
Suhr¬ 2032,2126,77,25
kamp 1162,2177,80,34
Verlag 1254,2177,91,34
es 1354,2187,25,15
hat, 1390,2177,51,29
meine 1453,2178,84,24
Bücher 1549,2176,99,25
zu 1659,2187,33,14
veröffentlichen... 1703,2176,243,25
<EOS>
<EOP>
Louis 1163,2278,78,24
Begley 1254,2277,90,34
lacht 1356,2277,65,25
und 1432,2277,53,25
schubst 1498,2276,101,25
die 1610,2276,40,25
Katze 1663,2278,83,23
von 1757,2286,48,15
seinem 1817,2277,96,24
Schoss 1925,2276,91,25
— 2026,2293,18,1
eine 2053,2277,57,24
diskrete 1162,2327,110,25
Art 1285,2327,49,25
zu 1346,2337,32,15
signalisieren: 1391,2327,180,34
Über 1585,2322,71,29
das 1668,2326,45,26
weite 1726,2327,71,25
Feld 1809,2326,60,25
der 1882,2326,45,25
Politik 1940,2326,91,25
wird 2045,2325,64,26
man 1162,2387,62,15
sich 1235,2377,51,25
bei 1298,2377,40,25
anderer 1349,2377,106,25
Gelegenheit 1466,2377,169,33
unterhalten 1646,2376,161,26
müssen. 1819,2380,111,21
<EOS>
< 1944,2387,14,14
<EOS>
<EOP>
Louis 1162,2544,61,22
Begley, 1232,2544,81,28
geboren 1323,2544,91,28
1933 1429,2545,55,21
als 1495,2544,31,22
Ludwig 1537,2544,80,28
Begleiter 1628,2544,101,28
in 1737,2544,19,21
Stryj, 1766,2544,55,27
heute 1833,2544,63,21
Uktaine. 1907,2543,91,22
<EOS>
Seine 2009,2543,60,22
Familie 1162,2583,82,21
überiebte 1254,2583,105,21
die 1369,2583,33,21
Nazihenschaft 1411,2582,170,22
dank 1589,2582,58,22
fälschet 1656,2582,89,22
Papieie 1753,2583,83,27
und 1846,2582,45,22
wagte 1900,2585,69,25
auch 1978,2582,55,22
nach 2043,2582,55,22
1945 1167,2623,55,21
nicht, 1232,2622,61,26
sich 1303,2622,44,21
in 1357,2622,20,21
Polen 1388,2622,59,21
zu 1456,2629,26,14
ihtet 1492,2621,51,22
jüdischen 1548,2621,111,28
Identität 1670,2621,100,22
zu 1776,2628,26,15
bekennen: 1812,2621,115,26
schliesslich 1935,2621,127,21
emigrierte 1162,2664,116,24
sie 1286,2661,31,21
in 1327,2661,19,21
die 1357,2661,33,21
USA. 1401,2662,53,20
<EOS>
Louis 1467,2661,58,21
Begley 1536,2660,75,28
machte 1620,2660,84,22
als 1715,2660,31,21
Rechtsanwalt 1756,2660,158,21
Karriere. 1923,2661,91,20
<EOS>
Sein 2026,2659,47,22
Debüt 1162,2699,71,22
«Wartime 1242,2700,108,21
Lies» 1360,2699,51,22
(1991), 1423,2699,81,28
dt. 1516,2699,26,21
<EOS>
«Lügen 1555,2701,77,26
in 1643,2699,20,21
Zeiten 1672,2699,70,21
des 1752,2699,36,21
Krieges», 1798,2699,97,27
machte 1907,2698,84,22
ihn 2000,2698,35,21
auf 1162,2738,40,21
Anhieb 1205,2738,80,21
berühmt. 1295,2738,96,21
<EOS>
Zuletzt 1400,2738,77,21
etschien: 1485,2738,95,21
«Der 1589,2739,50,20
Fall 1647,2737,39,22
Dreyfus 1694,2737,82,28
- 1785,2751,15,2
Teufelsinsel, 1809,2737,128,26
Cuantänamo, 1948,2738,152,24
Alptraum 1160,2777,108,27
der 1278,2776,37,22
Geschichte» 1323,2776,131,22
(2009). 1466,2776,84,28
<EOS>
Louis 1563,2776,57,21
Begley 1629,2776,74,28
lebt 1712,2776,42,21
in 1763,2776,19,21
New 1792,2777,50,20
York. 1853,2775,48,22
<EOS>
Sacha 1161,2830,72,22
Verna 1244,2831,66,20
ist 1320,2830,26,21
Kultutreporterin 1355,2829,178,28
mit 1543,2830,38,21
Sitz 1588,2829,40,22
in 1637,2829,19,22
New 1666,2830,50,21
Yotk. 1726,2829,49,22
<EOS>
<EOP>
47 2089,2973,23,17
<EOS>
<EOP>
