2312,3102
I. 201,154,14,17
<EOS>
Autoren 224,154,90,18
- 322,165,13,2
Louis 344,153,60,19
Begley 413,152,70,26
im 493,154,26,17
Gespräch 528,152,101,26
mit 638,152,36,20
Sasha 682,152,60,20
Verna 752,153,62,19
<EOS>
<EOP>
ich 202,314,38,26
mich 251,314,68,26
unter 329,323,74,17
diesen 412,314,88,26
Umständen 510,314,162,26
für 683,314,43,26
ein 734,316,41,24
Kindle 787,314,95,26
entscheiden. 892,314,171,26
<EOS>
Doch 1074,315,75,25
das 201,364,45,26
wäre 257,368,67,22
eine 334,366,56,24
Notlösung 402,365,149,33
für 562,365,42,24
einen 615,366,74,23
Notfall. 702,365,106,24
<EOS>
<EOP>
Was 202,465,58,24
halten 270,463,91,26
Sie 371,463,41,26
von 424,471,48,18
der 484,463,47,26
Idee, 540,463,65,31
der 618,463,47,26
Internetgigant 674,463,211,34
Google 895,463,99,34
könnte 1005,463,97,26
mit 200,513,48,27
seiner 257,513,85,27
geplanten 350,513,145,35
Digitalisierung 508,513,213,35
von 733,522,48,18
nicht 793,513,74,27
mehr 876,513,74,26
im 958,513,34,26
Handel 1004,513,106,27
befindlichen 200,563,176,27
Büchern 388,564,117,26
dereinst 516,564,116,26
zu 638,572,34,18
einer 683,564,71,26
feuersicheren 764,563,189,27
Bibliothek 965,564,148,26
von 201,621,49,19
Alexandria 259,614,159,26
werden? 431,614,118,26
<EOS>
Wollten 201,665,109,25
wir 323,666,47,24
nicht 383,665,68,25
eigentlich 462,665,135,34
über 610,665,62,25
den 683,665,51,25
Suhrkamp 746,665,151,34
Verlag 908,665,90,34
sprechen? 1010,665,136,34
<EOS>
Ich 202,715,40,25
werde 257,715,84,25
Ihnen 356,715,81,25
aber 451,715,60,25
auf 524,715,48,25
diese 581,715,68,25
Frage 663,716,80,32
antworten: 756,722,152,18
Ich 925,715,39,25
glaube, 979,715,100,33
dass 1092,715,57,25
der 200,765,45,26
letzte 257,765,75,25
Einigungsvorschlag, 345,765,287,33
den 644,765,50,25
Google 707,765,101,33
den 820,765,50,25
Autoren- 884,766,126,24
und 1024,765,54,25
Ver¬ 1091,766,58,24
legerverbänden 201,814,215,35
gemacht 427,814,118,34
hat... 556,814,82,26
<EOS>
<EOP>
<EOS>
Google 229,914,99,33
zahlt 336,914,75,26
dem 420,914,60,26
US-Verband 494,914,170,27
eine 673,914,58,26
Pauschale 742,914,144,26
von 897,922,50,18
125 964,915,48,25
Millio¬ 1023,914,88,26
nen 200,972,51,19
für 263,964,42,26
die 313,964,42,26
Rechte 366,964,96,27
an 472,972,36,18
den 519,964,51,26
Büchern, 583,964,122,31
die 718,964,41,26
es 770,972,29,18
ins 809,964,40,26
Netz 861,965,66,25
stellt, 936,964,77,31
und 1027,964,56,26
bei 1092,964,43,26
nicht 200,1014,73,27
englischsprachigen 283,1013,275,35
Büchern 570,1013,117,28
verhandelt 699,1013,154,28
es 862,1022,29,18
separat 900,1017,111,30
mit 1020,1013,48,28
den 1078,1013,51,28
Verbänden 202,1064,153,27
in 366,1064,25,27
den 403,1064,51,27
betreffenden 466,1063,183,28
Ländern... 662,1064,141,27
<EOS>
<EOP>
<EOS>
dass 242,1115,57,25
dieser 309,1115,81,25
Einigungsvorschlag 401,1115,280,34
den 689,1115,51,25
Autoren 750,1117,115,23
insgesamt 876,1116,138,33
von 1024,1125,49,15
Nut¬ 1084,1117,65,23
zen 201,1175,47,15
sein 262,1166,54,24
würde. 331,1165,97,25
<EOS>
Es 444,1167,32,23
würde 490,1165,90,25
sich 594,1165,50,25
ihnen 660,1165,78,25
eine 753,1167,56,23
Einkommensquelle 825,1165,274,34
er¬ 1113,1175,35,15
öffnen, 200,1217,98,27
doch 311,1215,66,25
könnten 390,1215,115,25
sie 517,1216,33,24
jederzeit 563,1215,121,33
vom 696,1225,58,15
Vertrag 768,1216,107,33
zurücktreten. 887,1215,189,25
<EOS>
Was 1090,1216,59,24
ein 200,1266,40,24
solches 252,1265,95,25
Unterfangen 360,1265,177,34
für 548,1265,42,25
die 600,1265,42,25
Buch- 653,1265,82,25
und 747,1265,53,25
Verlagsbranche 813,1265,215,34
generell 1038,1265,110,34
bedeuten 200,1315,126,26
würde, 344,1315,98,31
weiss 459,1317,71,23
ich 547,1315,39,25
natürlich 603,1315,126,25
nicht. 748,1315,75,25
<EOS>
Ich 842,1315,40,25
glaube, 899,1315,100,34
das 1015,1315,45,25
weiss 1077,1317,72,23
zum 201,1376,61,15
jetzigen 275,1367,109,32
Zeitpunkt 396,1366,143,33
niemand. 549,1365,133,25
<EOS>
Doch 693,1365,76,25
zu 781,1376,33,14
Suhrkamp 826,1365,149,34
<EOS>
<EOP>
Was 202,1466,57,24
hätte 269,1464,77,26
wohl 358,1464,68,26
Siegfried 434,1464,129,34
Unseld 574,1464,99,26
zum 680,1472,60,18
prognostizierten 750,1464,236,34
Verschwinden 202,1514,195,26
von 409,1521,49,19
Büchern 471,1514,115,26
gesagt? 596,1514,116,34
<EOS>
Siegfried 200,1565,124,34
liebte 338,1565,73,26
Bücher 424,1565,98,26
wie 534,1566,49,25
kein 595,1565,58,26
anderer. 666,1565,112,26
<EOS>
Wie 792,1566,56,25
sehr, 860,1565,65,31
wurde 936,1565,90,26
mir 1038,1566,50,25
erst 1100,1573,49,18
richtig 202,1615,89,33
bewusst, 302,1615,118,28
als 432,1615,34,25
ich 478,1615,38,25
ihn 528,1615,44,25
und 585,1615,51,25
seine 650,1626,67,14
fr.m 731,1617,60,23
<EOS>
Ulla 806,1615,55,26
Berkéwicz 877,1615,144,26
erstmals 1032,1615,116,26
zu 200,1676,33,15
Hause 246,1666,88,25
in 347,1666,25,24
Frankfurt 384,1665,143,25
an 538,1676,33,14
der 583,1665,44,25
Klettenbergstrasse 639,1665,259,33
besuchte 910,1665,119,25
und 1041,1665,54,25
die 1107,1665,41,26
Bibliothek 202,1715,143,26
sah. 356,1715,52,25
<EOS>
Darin 420,1716,84,24
war 515,1726,52,14
jedes 578,1715,68,33
Buch 658,1715,69,26
enthalten, 739,1715,139,29
das 888,1715,45,25
der 943,1715,44,25
Suhrkamp 998,1715,151,34
Verlag 200,1764,90,34
je 304,1766,22,32
veröffentlicht 340,1764,186,26
hatte. 539,1764,76,26
<EOS>
Darunter 629,1766,131,24
der 774,1764,45,26
prächtige 833,1764,129,34
Regenbogen 976,1764,172,34
der 199,1815,45,26
legendären 263,1814,154,34
Taschenbuchreihe. 436,1814,263,26
<EOS>
Doch 721,1814,74,26
mehr 815,1814,74,26
noch 909,1814,66,26
als 994,1815,36,25
Bücher 1049,1815,99,26
liebte 200,1865,73,25
Siegfried 284,1865,124,33
seine 419,1866,68,24
Autoren. 497,1866,123,24
<EOS>
Er 631,1866,34,24
handelte 676,1864,118,26
immer 805,1866,93,24
nach 909,1864,64,26
dem 984,1864,60,26
Motto: 1055,1866,92,24
Man 200,1916,63,24
veröffentlicht 279,1914,186,26
kein 479,1914,59,26
Buch, 553,1914,79,31
man 646,1924,62,16
veröffentlicht 722,1914,187,26
einen 922,1916,75,24
Autor. 1012,1916,87,24
<EOS>
Er 1113,1916,35,24
war 200,1975,52,15
seinen 266,1966,86,24
Autoren 367,1966,116,24
ergeben. 497,1964,116,34
<EOS>
Immer 628,1966,98,24
da, 739,1964,41,31
um 793,1974,46,16
einen 853,1965,76,25
zu 943,1974,33,16
ermuntern, 990,1972,158,24
immer 200,2016,93,24
besorgt 304,2014,102,34
darum, 417,2014,104,32
ob 531,2014,32,26
man 573,2024,63,16
mit 647,2016,47,24
einem 704,2016,84,24
Buch 802,2014,69,26
zufrieden 884,2014,134,26
war 1030,2025,52,15
und 1093,2015,54,25
wie 200,2066,47,24
es 258,2075,26,15
sich 295,2065,50,25
verkaufen 358,2065,137,25
würde. 508,2065,97,25
<EOS>
<EOP>
Vom 1210,316,60,24
Verkauf 1284,313,113,27
hing 1402,314,64,34
immerhin 1477,314,134,26
das 1622,314,50,26
Überleben 1685,309,145,31
seines 1840,314,87,26
Verlags 1940,314,104,34
ab. 2054,314,42,26
<EOS>
Siegfied 1208,365,109,33
war 1328,375,52,15
ein 1390,366,40,24
sehr 1441,365,56,25
gewiefter 1507,366,128,32
Geschäftsmann. 1645,365,224,25
<EOS>
Er 1880,367,33,23
mag 1924,376,60,23
in 1994,367,24,23
manchen 2030,365,125,25
Fällen 1208,415,85,25
auf 1305,414,46,26
lange 1358,415,72,34
Sicht 1442,415,67,25
hin 1520,415,44,24
geplant 1575,415,101,34
haben. 1687,415,88,25
<EOS>
Etwa 1787,417,73,23
im 1872,417,35,23
Fall 1919,415,50,25
von 1982,425,47,15
Thomas 2040,415,116,25
Bernhard, 1209,465,139,29
der 1363,464,43,25
noch 1422,464,65,25
kein 1503,464,57,25
erfolgreicher 1576,465,173,33
Autor 1765,467,81,23
war, 1861,475,58,20
als 1934,465,34,25
er 1983,475,25,15
ihn 2024,465,44,25
unter 2084,472,72,18
Vertrag 1208,516,105,33
nahm. 1324,515,87,25
<EOS>
Aber 1423,515,68,25
Siegfried 1503,515,121,34
wusste 1637,522,90,18
genau, 1737,526,91,23
dass 1838,515,57,26
er 1905,526,25,15
keinen 1942,515,90,26
Wohltä¬ 2045,515,111,25
tigkeitsverein 1208,565,181,34
leitete, 1400,565,87,30
sondern 1497,565,108,25
einen 1615,566,74,24
Verlag, 1699,566,96,33
der 1805,566,44,25
profitabel 1859,566,131,33
sein 2001,566,51,25
muss. 2064,576,75,15
<EOS>
<EOP>
Wann 1210,665,79,25
haben 1301,664,89,26
Sie 1400,664,42,26
Siegfried 1451,664,128,34
Unseld 1590,664,99,26
kennengelernt? 1698,664,222,34
<EOS>
Das 1208,716,54,24
war, 1272,725,59,21
als 1341,715,35,25
mein 1385,715,70,25
erster 1466,722,76,18
Roman 1553,716,101,24
bei 1664,715,39,25
Suhrkamp 1715,715,149,34
herausgebracht 1875,715,210,34
wer¬ 2096,726,60,15
den 1207,765,50,25
sollte. 1269,765,78,25
<EOS>
«Lügen 1208,865,99,32
in 1319,864,25,26
Zeiten 1354,864,88,26
des 1454,864,47,26
Krieges» 1512,864,118,33
erschien 1642,864,117,27
1994. 1775,865,77,26
<EOS>
Dann 1207,916,81,25
war 1300,925,51,16
es 1362,925,25,16
1993. 1402,916,65,24
<EOS>
Es 1480,916,32,24
dauerte 1523,915,104,26
mehrere 1638,915,116,26
Monate, 1765,917,114,29
bis 1890,915,36,26
wir 1937,917,48,24
alle 1996,915,47,26
mit 2054,917,47,24
der 2111,915,44,26
Übersetzung 1208,962,182,37
zufrieden 1401,964,136,27
waren. 1548,975,93,16
<EOS>
Meine 1652,966,87,25
Sekretärin 1749,965,148,26
hatte 1908,965,68,26
mir 1987,966,50,25
den 2048,965,50,26
Be¬ 2110,966,46,25
such 1207,1015,62,26
eines 1278,1016,69,25
Dr. 1356,1016,44,25
<EOS>
Siegfried 1411,1014,125,35
Unseld 1548,1015,96,26
und 1655,1015,54,26
einer 1719,1017,69,24
Dr. 1797,1017,45,24
<EOS>
Ulla 1853,1015,60,26
Berkéwicz 1924,1015,146,26
ange¬ 2079,1026,77,23
kündigt. 1208,1065,120,34
<EOS>
Ich 1339,1065,40,26
hatte 1390,1065,68,26
keine 1469,1065,74,26
Ahnung, 1553,1065,125,34
wer 1688,1076,51,15
die 1749,1066,41,25
beiden 1799,1066,92,25
waren. 1902,1076,93,15
<EOS>
Ich 2007,1066,40,25
dachte, 2057,1066,99,29
es 1207,1125,25,15
seien 1247,1117,67,23
zwei 1329,1117,63,23
deutsche 1407,1115,121,25
Akademiker, 1544,1115,184,31
die, 1742,1116,50,30
nun 1806,1126,54,15
ja, 1875,1117,31,32
etwas 1920,1124,77,17
Akademi¬ 2013,1116,143,25
sches 1207,1165,71,25
mit 1294,1166,46,24
mir 1356,1166,49,24
zu 1422,1175,33,15
besprechen 1471,1165,154,34
wünschten. 1643,1165,158,25
<EOS>
Stattdessen 1819,1166,155,25
hatte 1991,1165,67,26
ich 2074,1165,39,26
in 2130,1167,26,23
meinem 1208,1217,113,23
Büro 1333,1217,67,23
plötzlich 1411,1215,120,34
diese 1542,1215,68,25
Naturgewalt 1621,1215,177,34
vor 1808,1226,44,14
mir, 1862,1217,57,28
diesen 1928,1215,87,26
Giganten 2025,1217,131,32
Siegfried 1207,1265,125,34
Unseld. 1345,1265,103,25
<EOS>
Und 1461,1265,58,25
die 1530,1265,41,25
wunderschöne 1581,1265,205,26
Ulla. 1796,1266,67,25
<EOS>
Von 1874,1267,56,24
ihrer 1941,1266,66,25
Schönheit 2018,1266,138,25
war 1207,1326,54,14
ich 1272,1315,39,25
wirklich 1322,1315,117,26
hingerissen 1452,1315,158,34
(lacht 1622,1316,76,29
leise). 1709,1317,74,30
<EOS>
War 1209,1416,57,24
Ihnen 1275,1414,80,26
der 1367,1414,46,26
Suhrkamp 1421,1414,145,34
Verlag 1579,1414,90,34
damals 1681,1414,104,27
ein 1796,1415,40,26
Begriff? 1849,1415,116,34
<EOS>
Ich 1207,1465,43,25
hatte 1265,1465,68,25
noch 1348,1465,64,25
nie 1429,1466,40,24
von 1484,1476,48,14
ihm 1548,1465,54,25
gehört. 1616,1466,99,33
<EOS>
Dass 1730,1466,65,25
es 1809,1476,26,15
sich 1849,1466,51,25
bei 1914,1466,40,25
Siegfried 1969,1466,125,33
um 2110,1476,44,15
einen 1207,1516,74,24
einzigartigen 1292,1516,185,33
Menschen 1489,1515,142,26
handelte, 1642,1516,127,31
merkte 1778,1516,99,25
ich 1888,1516,39,25
natürlich 1938,1516,125,25
gleich 2074,1516,80,33
bei 1207,1565,38,26
diesem 1257,1565,97,26
ersten 1364,1572,82,19
Treffen. 1456,1565,112,26
<EOS>
Dass 1580,1566,65,25
der 1655,1565,44,26
Verlag 1710,1565,91,34
ebenfalls 1810,1565,123,27
etwas 1943,1574,77,18
ganz 2030,1576,68,24
Be¬ 2109,1567,47,25
sonderes 1207,1615,119,26
darstellte, 1341,1615,135,30
ja 1492,1616,21,33
in 1529,1617,25,23
Deutschland 1571,1615,177,26
als 1764,1616,34,25
richtige 1814,1616,105,33
Institution 1935,1617,145,25
galt, 2096,1616,60,33
merkte 1207,1665,98,26
ich 1319,1665,38,26
erst, 1372,1673,56,22
als 1442,1665,35,26
man 1492,1676,60,15
mich 1568,1665,67,26
zum 1651,1676,62,15
Erscheinen 1728,1665,156,26
des 1898,1665,43,26
Buches 1957,1665,97,27
an 2068,1676,33,16
die 2114,1665,41,26
Frankfurter 1207,1715,170,26
Buchmesse 1394,1715,155,26
einlud. 1564,1715,95,26
<EOS>
Ich 1676,1715,43,26
war 1735,1726,52,15
die 1803,1715,41,26
deutsche 1860,1715,121,27
Umgebung 1998,1715,158,34
nicht 1207,1764,69,26
gewohnt, 1286,1765,129,33
und 1426,1764,53,27
Siegried 1491,1765,113,33
nahm 1615,1765,81,26
mich 1708,1765,68,26
unter 1787,1773,74,18
seine 1871,1767,69,24
Fittiche. 1949,1765,114,26
<EOS>
Unter 2075,1767,80,24
anderem 1207,1815,121,26
begleitete 1342,1815,130,34
ich 1485,1815,38,26
ihn 1537,1815,44,26
zu 1594,1825,32,16
einem 1638,1816,86,25
Empfang 1737,1816,132,33
für 1880,1816,42,25
Buchhändler 1935,1815,182,27
in 2129,1817,26,24
einem 1207,1866,83,24
Club 1301,1865,67,25
in 1378,1866,25,24
Frankfurt, 1416,1865,149,29
in 1575,1867,25,23
dem 1610,1865,60,26
er 1681,1875,26,16
solche 1716,1865,84,26
Veranstaltungen 1809,1865,232,34
norma¬ 2052,1875,103,16
lerweise 1207,1914,112,26
abhielt. 1332,1914,100,26
<EOS>
Es 1447,1916,32,24
war 1493,1925,52,15
riesig. 1559,1916,79,32
<EOS>
Und 1652,1915,61,26
ich 1727,1915,39,26
konnte 1780,1915,95,26
sehen, 1889,1915,85,31
mit 1987,1916,48,25
welcher 2047,1915,108,26
Bewunderung 1207,1964,204,34
die 1426,1964,40,27
Anwesenden 1483,1965,182,26
Siegfried 1682,1965,125,34
begegneten. 1824,1965,165,34
<EOS>
Ich 2007,1965,41,26
erfuhr 2065,1965,90,26
die 1207,2015,40,25
Geschichte 1258,2015,153,25
des 1422,2015,44,25
Verlags, 1477,2015,111,34
welche 1599,2015,94,25
Rolle 1704,2015,71,25
er 1786,2026,25,14
nach 1822,2015,65,26
dem 1898,2015,59,26
Krieg 1971,2017,80,33
für 2062,2015,42,26
die 2114,2015,41,26
deutsche 1207,2065,121,25
Literatur 1339,2066,127,24
gespielt 1476,2065,104,34
hatte. 1591,2065,75,25
<EOS>
<EOP>
8.11.-19.12.2009 258,2293,443,46
<EOS>
PB 1561,2289,115,41
<EOS>
<EOP>
across 1577,2346,104,10
<EOS>
<EOP>
GPll_l_-ERV 1706,2289,422,41
borders 1701,2342,121,14
<EOS>
<EOP>
RezaDerakshani 417,2438,564,61
<EOS>
<EOP>
Arealstrasse 1709,2411,160,22
6 1879,2415,12,18
CH-6020 1710,2451,111,20
Emmenbrücke-Luzern 1832,2450,280,22
Phone 1711,2488,76,22
+ 1798,2498,11,11
41 1820,2496,22,19
41 1853,2496,22,19
982 1886,2492,41,23
08 1938,2493,28,17
80 1976,2493,29,17
The 411,2539,86,42
Circus 513,2541,138,40
of 666,2539,45,42
Life 726,2539,77,42
<EOS>
<EOP>
Fax 1711,2528,41,21
+41 1763,2535,37,19
41 1811,2535,22,19
982 1844,2531,42,23
06 1896,2531,28,18
89 1935,2532,27,22
office@ab-gallery.com 1710,2566,288,28
<EOS>
www.ab-gallery.com 1709,2606,263,27
<EOS>
Im 257,2699,43,25
Basement: 312,2699,166,26
Shahriar 490,2698,128,27
Ahmadi 627,2698,114,27
| 756,2698,3,33
Hassan 774,2700,107,25
Sharif 894,2698,89,27
| 995,2698,2,33
Mohammed 1013,2699,176,26
Kazem 1203,2700,97,25
| 1315,2698,2,33
Azadeh 257,2742,109,26
Razaghdoost 380,2742,194,33
| 588,2742,2,33
Pooya 605,2743,89,32
Aryanpour 704,2743,159,32
| 875,2742,4,33
Farideh 894,2742,109,26
Lashai 1017,2742,94,26
| 1126,2742,3,33
Fereydoun 1145,2742,154,33
Ave 1311,2743,52,25
| 1378,2742,2,33
Rolf 259,2786,58,25
Bergmeier 328,2786,151,32
| 493,2785,2,33
Yves 508,2786,66,25
Beaumont 588,2786,152,25
| 754,2785,2,33
Bruno 771,2786,87,25
Müller-Meyer 870,2786,206,32
und 1087,2786,53,25
weitere 1151,2788,111,23
<EOS>
<EOP>
Öffnungszeiten: 1709,2667,218,34
Do 1711,2713,31,20
+ 1753,2720,11,12
Fr 1776,2713,23,20
14.00-20.00 1808,2719,165,18
<EOS>
Uhr 1984,2713,45,21
Samstag 1709,2752,111,27
n.oo-16.00 1829,2754,153,19
<EOS>
Uhr 1993,2752,45,21
und 1710,2790,44,21
nach 1766,2790,57,21
Vereinbarung 1833,2790,173,28
<EOS>
<EOP>
id 203,2962,18,17
<EOS>
<EOP>
