2312,3102
I. 199,148,14,18
<EOS>
Verlage 221,147,85,26
— 313,160,14,1
Egon 334,148,57,25
Ammann 400,148,105,18
im 515,148,27,18
Gespräch 550,146,102,27
mit 660,147,36,19
(ulian 705,146,63,24
Schutt 776,146,69,20
<EOS>
<EOP>
Debatten 200,309,127,25
anreissen 338,310,128,24
und 477,308,54,26
beleben. 542,308,113,26
<EOS>
Schauen 666,308,117,26
Sie 794,310,40,24
sich 844,308,52,26
die 906,308,41,26
Buchleute 958,309,138,25
bei 1107,309,39,25
uns 199,369,48,15
einmal 258,359,95,25
an. 365,369,40,15
<EOS>
Die 417,360,50,24
hetzen 478,359,93,25
alle 582,358,46,26
wie 639,360,49,24
Bankmanager 699,359,202,33
in 912,360,26,24
Anzügen 949,360,131,32
und 1091,359,55,25
Edelkrawatten 199,409,207,25
herum. 418,409,101,25
<EOS>
<EOP>
Der 198,510,53,24
Dresscode 259,508,145,26
war 416,516,54,18
doch 478,508,68,26
in 558,508,25,26
Frankreich 595,508,149,26
auch 756,508,69,26
immer 837,508,91,26
recht 936,508,73,26
elaboriert... 198,558,164,27
<EOS>
Aber 199,610,69,25
man 286,620,61,15
redet 365,610,69,25
dort 450,609,59,26
unter 525,617,74,17
Verlags- 616,609,115,34
und 747,609,54,25
Büchermenschen 820,609,241,25
nicht 1077,610,70,24
bloss 199,660,64,24
über 277,660,63,25
Umsätze 352,660,124,25
und 489,659,54,25
Zahlen, 557,659,107,31
wie 676,660,49,24
das 737,659,45,25
bei 795,659,41,25
uns 848,670,49,14
viel 909,659,48,25
zu 970,670,33,14
viele 1016,659,62,25
tun, 1091,666,55,24
man 198,720,63,15
streitet 280,711,93,24
über 393,710,62,25
literarische 475,710,152,25
Formen 647,710,112,25
und 778,710,55,25
Inhalte. 853,709,106,26
<EOS>
Mir 980,710,52,25
gefallt, 1052,710,94,33
wenn 199,770,75,15
die 286,759,41,27
Autoren 339,761,115,24
Emotionen 466,761,156,24
provozieren 633,761,165,32
und 809,759,55,26
auch 875,759,66,26
mal 952,759,51,26
etwas 1015,767,78,18
be¬ 1104,759,42,26
lebend 198,809,90,26
Unkontrolliertes 305,809,232,26
rauslassen. 552,809,147,26
<EOS>
Es 714,811,33,24
gibt 761,809,54,34
viel 830,809,46,26
zu 892,820,33,15
wenige 940,811,99,32
Köpfe, 1053,809,93,34
die 198,860,41,25
wie 258,861,48,24
Navid 325,859,86,26
Kermani 430,861,127,24
eine 577,861,55,24
Keilerei 651,859,109,26
am 780,870,43,15
Burgtheater 842,859,169,34
auslösen 1030,859,116,26
können. 198,910,113,26
<EOS>
Kurz, 328,911,81,30
es 425,920,25,16
fehlt 467,909,62,27
mir 544,911,50,24
die 610,909,41,27
Leidenschaft. 667,909,190,27
<EOS>
Ich 874,909,42,27
leide 932,909,64,27
unter 1012,918,74,18
der 1102,909,44,27
intellektuellen 198,960,200,26
Anpassung 415,962,159,32
und 590,960,54,26
der 661,960,45,26
ihr 723,960,40,26
innewohnenden 780,960,227,26
Vorsicht. 1024,960,122,26
<EOS>
Der 198,1012,54,23
Kulturbetrieb 267,1010,194,25
ist 475,1012,30,23
ein 518,1012,42,23
Geschäftsbetrieb 574,1010,236,25
geworden, 823,1010,146,34
Events 983,1012,92,23
sind 1090,1010,56,25
die 198,1061,41,25
Massgabe, 249,1060,143,35
die 402,1060,41,26
belletristische 453,1060,190,25
Kalligrafie 654,1060,151,34
feiert 815,1060,72,25
Urständ. 897,1060,121,25
<EOS>
Wo 1029,1062,48,23
aber 1087,1060,59,25
sind 198,1110,56,25
in 275,1112,26,23
diesem 322,1110,97,25
Arbeitsbeschaffungs-Gewusel 439,1110,428,34
für 887,1110,43,25
Phil. 950,1110,63,25
<EOS>
I-er 1035,1112,50,23
die 1106,1110,40,25
eckigen 197,1161,107,34
und 317,1161,52,25
kantigen 383,1161,122,34
Figuren, 517,1162,121,32
wer 649,1171,51,14
kümmert 712,1160,135,25
sich 858,1160,51,25
um 920,1171,46,14
die 978,1160,41,25
Dichter- 1030,1161,116,24
Urgesteine, 199,1212,157,33
die 366,1211,40,25
es 417,1221,26,15
da 454,1211,33,25
und 498,1211,54,25
dort 563,1210,58,26
vereinzelt 632,1210,136,26
gibt? 778,1210,68,35
<EOS>
Zu 196,1311,35,25
viel 243,1310,49,26
Vorsicht 303,1310,116,26
kann 428,1310,71,26
man 511,1317,61,19
Ihnen 584,1310,81,26
nicht 676,1310,73,26
nachsagen. 759,1310,160,34
<EOS>
Schon 931,1310,87,26
in 1029,1310,25,26
den 1066,1310,51,26
späten 196,1361,97,33
1960er-Jahren 310,1360,202,26
gaben 522,1360,91,34
Sie 623,1360,42,26
in 675,1360,25,25
Ihrem 712,1360,80,26
kleinen, 804,1360,109,30
feinen 926,1360,87,26
Kande¬ 1025,1360,99,26
laber 196,1410,76,26
Verlag 283,1410,90,34
Mani 384,1410,74,26
Matter 467,1411,99,25
und 576,1410,56,26
Paul 642,1410,64,26
Nizons 715,1410,95,26
«Diskurs 821,1410,121,26
in 953,1410,25,26
der 989,1410,46,26
Enge» 1045,1411,83,33
heraus, 197,1461,102,31
aber 312,1461,66,26
ebenso 386,1461,99,26
ein 496,1460,42,27
Büchlein 549,1460,123,27
über 684,1460,65,27
den 758,1460,51,26
höchst 820,1460,98,27
umstrittenen 927,1460,184,27
Cabora-Bassa-Staudamm 198,1510,363,27
in 573,1510,25,26
Mozambique, 610,1510,191,33
an 814,1518,35,19
dem 861,1510,59,27
Schweizer 930,1510,143,27
Grossunternehmen 198,1560,268,27
beteiligt 478,1560,120,33
waren, 608,1568,92,23
während 715,1560,125,26
der 849,1560,47,26
Strom 903,1561,83,26
vor 999,1568,45,19
allem 1052,1560,77,27
dem 196,1610,61,27
Apartheid-Regime 265,1610,265,34
in 540,1610,26,26
Südafrika 576,1610,139,27
zugute 724,1613,99,30
kam. 833,1610,66,26
<EOS>
Man 913,1611,62,25
warf 989,1610,68,26
Ihnen 1063,1610,80,27
vor, 197,1668,48,24
gegen 256,1668,87,26
Schweizer 353,1660,143,27
Interessen 505,1662,144,25
zu 659,1668,33,19
Verstössen. 704,1663,151,24
<EOS>
Danach 870,1659,110,28
verkauf¬ 993,1659,114,28
ten 198,1714,43,23
Sie 251,1710,42,27
Goethe-Ausgaben 304,1710,255,34
im 570,1710,34,27
Vorderen 617,1710,126,27
Orient 755,1710,91,27
und 855,1710,56,27
putzten 919,1714,111,30
einem 1041,1710,85,27
spanischen 195,1760,161,33
Matador 367,1760,127,26
den 502,1760,51,26
Degen. 565,1762,97,31
<EOS>
Ich 198,1810,42,26
musste 251,1819,95,17
weg, 358,1821,63,24
da 433,1810,33,26
ich 477,1811,39,25
in 528,1812,27,24
der 566,1810,44,26
Schweiz 622,1810,115,26
finanziell 748,1810,133,26
kein 893,1811,60,25
Bein 965,1812,63,24
auf 1040,1811,48,25
den 1095,1811,50,25
Boden 198,1861,89,25
bekam. 299,1861,102,25
<EOS>
Ich 414,1861,42,25
verbrachte 468,1860,145,26
mehr 624,1860,75,26
als 710,1860,35,26
ein 757,1862,41,24
Jahr 809,1860,59,31
in 880,1862,26,24
Spanien, 918,1862,121,32
lieferte 1050,1860,96,26
zunächst 197,1910,125,25
Gutachten 332,1910,146,25
für 489,1910,43,25
einen 542,1912,74,23
Verlag 627,1910,92,34
in 729,1912,26,23
Barcelona. 766,1910,146,25
<EOS>
Doch 923,1910,76,25
eigentlich 1010,1910,135,34
wollte 197,1960,83,25
ich 294,1960,40,25
den 346,1960,50,26
Stierkampf 410,1960,162,34
studieren. 580,1960,136,25
<EOS>
Zufällig 731,1960,113,34
lernte 856,1960,79,25
ich 947,1960,40,25
einen 1000,1962,75,23
jun¬ 1088,1962,57,32
gen 196,2021,50,24
Matador 260,2011,119,25
kennen 394,2011,102,25
und 510,2010,54,25
begleitete 578,2010,131,34
ihn 723,2011,45,24
während 781,2011,125,25
32 919,2012,30,23
Kämpfen 964,2011,132,34
als 1110,2011,35,25
peon, 192,2068,74,26
als 276,2061,35,24
sein 322,2062,52,23
Diener. 384,2062,103,23
<EOS>
Danach 498,2060,109,25
wollte 618,2060,84,25
ich 712,2060,40,25
eigentlich 761,2060,136,34
nach 907,2061,65,24
Lateiname¬ 982,2062,163,23
rika 197,2110,56,25
Weiterreisen. 262,2112,177,23
<EOS>
Da 449,2112,42,23
kam 500,2110,63,25
ein 573,2112,41,23
Brief 625,2110,72,25
von 703,2120,49,15
Siegfried 761,2110,125,34
Unseld, 897,2110,106,31
adressiert 1013,2110,133,25
an 196,2171,33,15
meine 239,2162,85,24
Eltern, 334,2161,95,29
er 439,2171,26,14
wolle 475,2160,73,25
mich 558,2160,69,25
treffen. 638,2160,99,25
<EOS>
Das 748,2162,54,23
war 812,2171,52,14
im 875,2162,36,23
Winter 921,2162,100,23
1973/74. 1034,2160,110,26
<EOS>
So 196,2211,34,25
wurde 241,2211,90,25
ich 343,2210,39,25
Lektor 393,2211,96,24
beim 500,2210,69,25
Suhrkamp 581,2210,150,34
Verlag 742,2210,91,34
in 843,2211,27,24
Frankfurt. 880,2210,150,25
<EOS>
Damals 196,2309,110,26
gründete 315,2309,130,34
Suhrkamp 455,2309,146,34
eine 612,2309,58,26
Niederlassung 681,2309,204,34
in 896,2309,25,26
Zürich. 931,2309,95,26
<EOS>
Die 1041,2309,46,26
Leiter 196,2359,80,26
des 285,2359,48,26
Ablegers 340,2359,128,34
wollten 480,2359,103,26
gleich 593,2359,85,34
ein 690,2359,41,26
linkspolitisches 743,2359,219,33
Zeichen 971,2359,109,26
setzen 194,2412,90,23
- 295,2424,17,3
mit 323,2409,48,26
der 379,2409,48,26
Geschichte 436,2409,155,26
der 601,2408,47,27
Arbeiterbewegung 654,2409,268,34
und 934,2409,55,26
Reporta¬ 999,2410,122,33
gen 194,2466,52,27
von 259,2466,48,19
Nikiaus 320,2459,108,26
Meienberg. 439,2459,156,34
<EOS>
Haben 609,2459,95,26
das 715,2459,50,26
die 775,2459,42,26
Schweizer 826,2459,143,26
Mitbesitzer 977,2459,163,26
von 196,2516,49,19
Suhrkamp, 255,2509,152,34
also 420,2509,57,26
die 488,2509,42,26
Reinharts 541,2509,138,26
in 689,2509,26,26
Winterthur, 729,2509,159,31
verhindert? 902,2509,162,26
<EOS>
Das 196,2561,54,24
wurde 262,2559,89,26
oft 362,2559,38,26
kolportiert, 411,2559,158,34
ist 581,2561,29,24
aber 621,2559,60,26
Blödsinn. 693,2559,132,26
<EOS>
Ich 837,2559,42,26
kenne 891,2559,84,26
die 986,2559,40,26
Familie 1037,2560,107,25
Reinhart 196,2609,125,26
sehr 332,2609,57,26
gut. 400,2617,53,26
<EOS>
Sie 465,2610,40,25
hat 516,2609,44,26
später 570,2614,81,29
auch 662,2609,64,26
meinen 737,2610,104,25
Verlag 853,2609,90,34
unterstützt. 954,2614,161,21
<EOS>
<EOP>
Auch 192,2708,75,27
das 278,2708,50,27
Suhrkamp-Urgestein 336,2708,293,34
Max 640,2710,63,25
Frisch 712,2708,80,27
glaubte, 801,2708,118,34
die 932,2708,41,27
Reinharts 196,2758,137,28
würden 344,2758,103,27
zwar 456,2767,72,18
nicht 536,2758,74,27
die 618,2758,42,27
Fäden 670,2758,85,27
ziehen, 764,2758,98,32
aber 874,2758,66,27
sehr 947,2758,61,28
wohl 1017,2758,68,28
die 195,2808,41,27
Weichen 249,2808,116,27
stellen. 374,2808,98,27
<EOS>
<EOP>
Die 1205,310,51,24
haben 1273,308,86,26
nie 1378,310,41,24
Einfluss 1437,308,115,26
genommen, 1570,319,170,24
das 1758,309,45,25
hat 1821,308,44,26
mir 1883,310,51,24
der 1952,309,44,25
alte 2014,309,49,25
Peter 2081,310,72,24
Reinhart 1206,358,128,26
persönlich 1353,359,147,33
bestätigt. 1520,359,129,33
<EOS>
Das 1670,360,55,24
waren 1744,369,87,15
Kaufleute, 1853,359,149,30
die 2021,359,41,25
zwar 2083,369,70,15
Geld 1206,408,67,26
verdienen 1295,408,138,26
wollten, 1454,408,113,31
aber 1588,408,60,26
immer 1668,410,95,24
offen 1783,408,72,26
für 1875,408,44,26
Kultur 1939,409,98,25
waren. 2057,419,95,15
<EOS>
Nein, 1206,461,79,28
die 1300,459,41,25
Wahrheit 1355,459,136,25
ist, 1505,461,38,28
dass 1558,459,57,25
Siegfried 1631,459,128,34
Unseld 1773,459,100,25
in 1888,461,26,23
vorauseilendem 1929,459,223,25
Gehorsam 1206,509,148,25
Angst 1369,511,86,32
bekam. 1469,509,104,25
<EOS>
Und 1588,509,63,25
ich 1665,509,41,25
fand 1720,509,63,26
es 1798,520,26,15
auch 1838,509,65,26
ungeschickt 1918,509,172,35
von 2103,520,49,14
Dieter 1206,560,89,24
Bachmann 1312,559,155,25
und 1484,559,56,25
Hans-Ulrich 1557,560,184,24
Zbinden, 1759,560,129,30
so 1906,570,27,14
frontal 1950,559,95,25
einzu¬ 2062,560,90,25
steigen 1206,610,96,33
— 1313,626,19,1
übrigens 1343,609,123,34
nach 1477,609,67,25
deutschem 1556,609,153,25
Vorbild. 1722,609,115,25
<EOS>
Die 1851,610,50,24
Leiter 1913,610,86,25
von 2011,620,51,14
Suhr¬ 2073,609,79,25
kamp 1205,659,82,34
Zürich 1304,659,96,25
hätten 1418,659,89,25
zuerst 1525,667,85,17
ein 1627,660,42,24
qualitativ 1686,659,136,34
hochwertiges 1840,660,189,33
literari¬ 2046,660,106,24
sches 1205,709,72,26
Programm 1297,710,156,33
bringen 1473,710,110,33
müssen, 1604,714,114,27
dann 1738,710,72,25
wären 1830,714,89,21
sie 1939,711,33,24
bei 1992,710,41,25
Unseld 2054,710,98,25
durchgekommen 1205,759,245,34
und 1466,759,56,26
hätten 1538,759,90,26
irgendwann 1644,759,173,34
alles 1833,759,61,26
machen 1910,759,111,26
können. 2038,759,113,26
<EOS>
So 1205,810,34,25
aber 1249,809,61,26
kam 1320,809,63,26
es 1393,820,25,15
gleich 1428,809,84,34
zum 1523,820,63,15
Eklat, 1597,809,86,32
und 1693,809,55,26
ich, 1759,809,49,32
der 1819,809,45,26
eigentlich 1875,809,138,34
froh 2024,809,58,26
war, 2093,820,60,21
der 1206,859,44,26
Schweiz 1262,859,116,26
entflohen 1389,859,136,26
zu 1536,870,34,15
sein, 1581,861,63,30
musste 1654,867,98,18
dranglauben 1763,859,181,34
und 1955,859,55,26
bei 2022,859,40,26
Suhr¬ 2073,859,80,26
kamp 1205,909,81,35
Zürich 1299,909,96,26
einsteigen. 1407,911,149,33
<EOS>
Warum 1207,1011,100,24
funktionierte 1319,1008,188,27
die 1517,1009,42,26
Schweizer 1568,1009,142,26
Dépendance 1720,1009,178,34
trotzdem 1910,1009,127,26
nicht? 2049,1009,89,26
<EOS>
Redete 1205,1059,96,26
Unseld 1314,1059,98,26
zu 1420,1068,33,17
sehr 1462,1059,62,26
mit? 1533,1059,63,26
<EOS>
Nein, 1205,1112,78,28
ich 1293,1110,39,25
kam 1342,1110,62,25
sehr 1414,1110,58,25
gut 1481,1118,46,26
mit 1537,1112,46,23
ihm 1593,1110,55,25
aus, 1659,1121,52,20
aber 1720,1110,60,25
das 1789,1110,45,25
Konstrukt 1844,1111,147,24
hatte 2000,1110,68,25
einen 2078,1112,74,23
Makel. 1205,1160,95,25
<EOS>
Für 1311,1162,52,23
die 1374,1160,41,25
Schweizer 1427,1160,143,25
Autoren 1581,1162,116,24
war 1709,1171,52,14
Suhrkamp 1772,1161,151,34
gerade 1933,1161,92,34
als 2036,1161,35,25
deut¬ 2082,1161,70,25
scher 1205,1210,70,26
Verlag 1294,1210,90,35
interessant. 1402,1212,156,24
<EOS>
Für 1576,1212,52,24
sie 1646,1212,33,24
blieb 1698,1211,66,25
die 1781,1211,41,25
Filiale 1839,1211,88,25
Zürich 1945,1211,95,25
immer 2058,1212,94,24
zweite 1205,1262,89,24
Wahl, 1306,1261,83,30
eine 1401,1262,56,24
Hetabsetzung. 1469,1261,206,34
<EOS>
Dieser 1687,1262,90,24
Schönheitsfehler 1790,1261,232,25
liess 2034,1261,56,25
sich 2101,1261,51,25
nicht 1204,1311,70,25
beheben, 1284,1311,124,31
und 1419,1311,54,25
das 1484,1311,45,25
sah 1540,1311,45,25
man 1595,1321,63,15
in 1669,1312,26,24
Frankfurt 1705,1311,142,25
rasch 1858,1311,72,25
ein. 1941,1312,48,24
<EOS>
Das 2001,1312,53,24
Gebil¬ 2065,1311,86,25
de 1204,1361,31,25
beruhte 1255,1361,106,25
einerseits 1381,1362,128,24
auf 1527,1361,48,25
rein 1590,1362,53,24
sentimentaler 1663,1361,191,25
Grundlage: 1873,1361,162,33
Unseld 2054,1361,97,25
liebte 1205,1411,73,25
die 1288,1411,40,25
Schweiz, 1339,1411,122,30
liebte 1472,1411,73,25
sie 1555,1412,33,24
fast 1598,1411,47,25
zu 1655,1422,33,14
sehr, 1698,1411,64,31
man 1771,1422,63,15
musste 1843,1418,95,19
ihn 1948,1411,45,25
da 2003,1411,33,26
manch¬ 2046,1411,105,26
mal 1205,1461,51,26
wieder 1268,1461,95,26
herunterholen. 1375,1461,206,26
<EOS>
Andererseits 1593,1461,177,26
— 1780,1478,18,2
und 1808,1461,55,26
das 1875,1461,44,26
wat 1930,1472,53,15
mindestens 1994,1461,158,26
so 1205,1521,26,16
wichtig 1244,1511,104,34
— 1357,1528,19,2
konnte 1387,1511,96,26
der 1494,1511,45,26
Verlag 1551,1511,91,34
steuerlich 1653,1511,132,26
stark 1797,1511,68,26
profitieren, 1878,1511,155,34
alles 2044,1511,60,26
im 2116,1512,35,25
legalen 1204,1561,97,33
Bereich; 1314,1561,113,31
es 1437,1571,25,16
liess 1473,1561,55,26
sich 1539,1561,51,26
dank 1601,1561,72,26
des 1684,1561,44,26
Schweizer 1739,1561,143,26
Ablegers 1893,1561,122,34
viel 2026,1561,47,26
Geld 2084,1561,67,26
sparen. 1205,1621,97,24
<EOS>
Diesbezüglich 1315,1611,199,34
war 1527,1621,52,16
Unseld 1593,1611,95,26
sehr 1702,1611,57,26
geschickt 1770,1611,130,34
und 1912,1611,53,26
hatte 1978,1611,68,26
immer 2058,1613,93,24
hervorragende 1204,1661,203,34
Mitarbeiter. 1420,1661,162,26
<EOS>
Zumindest 1201,1760,155,26
wirtschaftlich 1366,1760,197,26
ein 1574,1760,41,26
besserer 1626,1760,119,26
Entscheid 1754,1760,141,26
als 1903,1760,41,26
der 1954,1760,47,26
jetzt 2005,1760,70,34
unmittelbar 1204,1809,173,27
bevorstehende 1385,1809,208,27
Umzug 1606,1812,100,31
des 1717,1809,47,27
Verlags 1776,1810,104,34
nach 1891,1810,69,26
Berlin? 1972,1809,99,27
<EOS>
Für 1204,1862,52,24
mich 1265,1860,70,26
riecht 1345,1860,79,26
das 1434,1861,45,25
nach 1489,1861,65,25
«Flucht 1566,1861,107,25
nach 1682,1861,66,25
vorn». 1759,1871,84,15
<EOS>
Es 1854,1862,33,24
ist 1898,1862,30,24
ja 1937,1862,23,33
nicht 1970,1861,70,25
so, 2050,1871,34,20
dass 2096,1861,55,25
es 1204,1921,25,14
nur 1246,1921,49,14
unserem 1312,1920,121,15
Verlag 1450,1911,92,34
schlechter 1559,1910,138,26
geht, 1714,1911,67,34
Suhrkamp 1799,1911,150,34
und 1967,1911,54,25
anderen 2040,1911,111,25
Verlagen 1204,1960,124,34
mit 1347,1962,47,23
einer 1412,1962,70,24
deutlich 1500,1961,112,25
literarischen 1632,1961,171,25
Ausrichtung 1824,1961,177,34
geht 2018,1961,61,34
und 2098,1961,53,25
kann 1204,2011,71,24
es 1288,2021,25,15
nicht 1326,2011,69,25
gut 1407,2018,47,27
gehen. 1465,2011,90,34
<EOS>
Ulla 1569,2011,60,25
Berkéwicz 1643,2011,146,25
ist 1802,2013,29,23
nicht 1843,2011,70,25
zu 1926,2021,33,15
beneiden, 1972,2011,134,30
sie 2119,2013,32,23
hat 1204,2061,43,24
ein 1256,2062,41,23
grosses 1306,2071,97,23
Erbe 1413,2061,67,24
zu 1490,2071,33,15
stemmen, 1533,2068,136,24
bei 1678,2061,39,25
dem 1727,2061,59,25
alle 1797,2061,47,25
glauben, 1853,2061,118,34
mitreden 1980,2061,129,25
zu 2119,2071,32,15
können. 1204,2110,112,25
<EOS>
Ihr 1333,2110,42,25
erstes 1390,2118,76,17
und 1482,2110,54,25
bestes 1551,2110,81,25
Buch, 1648,2110,80,31
sie 1743,2112,33,24
ist 1792,2112,30,24
ja 1837,2112,23,32
auch 1875,2111,65,25
Autorin, 1956,2112,120,29
Josef 2086,2112,72,33
stirbt, 1201,2162,77,29
wäre 1290,2164,66,22
um 1369,2171,46,14
ein 1427,2162,41,24
Haar 1481,2162,73,24
bei 1565,2161,39,25
Ammann 1618,2162,138,24
erschienen. 1768,2161,156,25
<EOS>
Wir 1936,2162,57,24
waren 2005,2171,86,15
uns 2104,2171,47,15
schon 1204,2211,78,24
einig, 1293,2211,75,34
und 1379,2211,54,25
sie 1445,2211,33,25
wollte 1489,2211,83,25
dem 1582,2211,61,25
Suhrkamp 1654,2211,150,34
Verlag, 1815,2211,98,34
dem 1924,2211,60,25
sie 1996,2212,33,24
das 2039,2211,45,25
Ma¬ 2095,2212,56,24
nuskript 1203,2261,119,33
ebenfalls 1332,2261,122,24
angeboten 1466,2261,143,33
hatte, 1621,2261,76,30
eigentlich 1708,2261,134,33
absagen. 1853,2261,118,33
<EOS>
Da 1983,2262,41,24
lotste 2035,2261,72,25
sie 2118,2261,33,25
die 1204,2310,40,25
Lektorin 1256,2310,125,25
Elisabeth 1393,2311,130,24
Borchers 1538,2311,121,25
direkt 1671,2311,84,25
zum 1767,2321,63,15
Verleger. 1842,2311,123,33
<EOS>
Und 1978,2311,61,25
der 2052,2311,44,25
hat 2109,2311,43,25
dann 1203,2360,71,25
auf 1286,2360,48,25
die 1342,2360,40,25
Ahnengalerie 1394,2360,191,34
des 1598,2360,43,25
Verlags 1653,2360,102,34
gezeigt, 1767,2361,109,33
und 1887,2361,55,24
nach 1954,2361,65,25
dem 2031,2360,61,26
Be¬ 2105,2361,46,25
staunen 1203,2417,108,18
der 1328,2410,44,25
Fotoporträts 1389,2411,175,32
von 1582,2420,49,15
Adorno, 1648,2410,116,31
Ingeborg 1781,2410,127,34
Bachmann, 1926,2410,161,31
Be¬ 2105,2411,46,25
ckett 1203,2460,67,25
und 1283,2460,55,25
Benjamin 1352,2461,136,32
sagte 1503,2468,68,25
er: 1584,2471,33,14
«Da 1634,2461,56,24
werden 1704,2460,103,26
Sie 1820,2461,40,25
stehen, 1874,2460,95,31
nach 1983,2460,63,26
Benja¬ 2062,2461,89,32
min.» 1203,2511,80,25
<EOS>
Da 1295,2511,43,25
war's 1349,2510,69,26
um 1429,2521,47,15
sie 1488,2511,33,25
geschehen. 1531,2510,150,34
<EOS>
Was 1205,2610,57,25
machte 1273,2609,105,26
Unseld 1391,2609,98,26
so 1497,2617,30,18
unwiderstehlich? 1539,2609,244,26
<EOS>
Was 1203,2661,59,24
Siegfried 1276,2659,128,35
Unseld 1417,2660,100,26
vom 1531,2670,59,16
alten 1604,2660,68,26
Peter 1686,2661,72,25
Suhrkamp 1770,2660,154,34
lernte 1936,2660,81,26
und 2029,2660,55,26
was 2099,2671,52,15
ich 1202,2710,41,26
von 1254,2720,51,16
ihm 1316,2710,56,25
gelernt 1383,2710,100,34
habe, 1494,2710,73,31
ist 1579,2712,31,24
etwas 1621,2718,78,18
ganz 1709,2720,70,24
Altmodisches: 1791,2710,205,26
Als 2007,2710,48,26
Verle¬ 2066,2710,85,26
ger 1202,2770,44,24
muss 1259,2770,70,16
man 1342,2770,62,16
dienen, 1416,2760,105,31
sich 1532,2760,53,26
selber 1597,2760,81,26
zurücknehmen 1692,2760,219,26
können. 1924,2760,114,26
<EOS>
Unseld 2051,2760,99,26
war 1203,2820,53,15
zwar 1267,2820,72,15
in 1350,2820,26,15
Gesellschaften 1387,2810,208,25
sogleich 1607,2810,112,34
der 1730,2810,45,25
Mittelpunkt, 1786,2810,183,34
allein 1980,2810,77,25
durch 2068,2810,83,25
<EOS>
<EOP>
ss 196,2957,21,16
<EOS>
<EOP>
