2312,3102
Du 1772,144,33,20
803 1814,145,35,18
- 1858,155,13,2
Januar/Februar 1880,144,174,24
2010 2062,145,47,18
<EOS>
<EOP>
210 665,306,45,25
diese 754,305,70,26
Föhrenträume 834,305,211,26
am 1054,316,44,15
Morgen 1110,306,113,34
nach 1234,306,65,26
nur 1311,317,50,15
4 1370,306,14,26
Stunden 1394,306,122,26
Schlaf 1527,306,94,26
diese 1626,306,71,26
apokalyptische 1707,306,215,35
Welt 1932,306,68,26
<EOS>
<EOP>
Verzehrung 754,357,175,36
diese 939,357,70,27
Abgründe 1020,357,150,36
der 1180,357,46,27
Angst 1237,359,87,34
des 1334,358,45,26
Taumels 1389,358,124,26
des 1524,358,45,26
Terrors 1579,359,106,25
der 1695,358,47,26
Einsamkeit 1753,358,166,26
diese 1929,358,70,26
radikale 755,410,116,26
Tränenflut, 884,410,166,30
als 1063,410,36,26
sie 1113,411,33,26
den 1159,410,52,27
Wagenschlag 1224,411,193,35
öffnete 1429,410,100,27
lag 1542,411,41,35
der 1595,411,47,26
ZOPF 1655,411,94,26
immer 1762,411,97,26
noch 1872,410,69,27
auf 1954,410,49,27
dem 754,461,60,28
Beifahrersitz, 830,462,194,32
es 1035,472,27,17
war 1074,473,55,16
dieses 1140,462,84,27
Phänomen, 1238,462,165,32
dasz 1415,462,63,27
1 1494,464,7,25
Gegenstand 1517,462,174,36
sich 1703,463,53,26
anschlieszt 1769,463,157,26
an 1938,473,34,16
1 1988,464,7,25
Person, 754,516,105,30
die 872,514,42,26
diesen 928,514,90,26
Gegenstand 1031,514,174,35
loswerden 1220,515,146,26
will 1379,515,54,26
u.zw. 1448,526,76,15
<EOS>
endgültig, 1536,516,138,34
nicht 1692,515,71,26
so, 1776,526,37,21
dasz 1825,515,65,26
er 1903,526,27,15
in 1945,526,24,14
1 1989,516,5,24
Art 754,567,50,26
Tteuehaltung, 820,566,206,35
immer 1042,568,97,25
wieder, 1155,566,105,33
da 1274,566,34,28
und 1324,566,55,28
dort 1395,567,60,27
in 1471,568,26,25
der 1513,567,46,27
Nähe 1575,567,78,27
der 1668,566,47,28
Person 1730,568,96,26
wiederauf¬ 1842,566,156,28
taucht, 754,619,97,32
ich 865,619,41,26
hatte 920,619,71,26
diesen 1005,618,91,27
ZOPF 1111,620,93,25
vor 1219,630,45,15
Tagen 1278,620,90,35
im 1383,621,37,25
KONSUM 1436,621,162,25
gekauft, 1611,619,120,36
aber 1745,619,61,27
er 1820,630,27,16
hatte 1862,619,70,27
mir 1947,621,52,24
nicht 754,671,71,27
geschmeckt, 835,671,178,36
ich 1025,671,40,27
wollte 1077,671,86,28
ihn 1174,671,47,27
wegschenken, 1234,672,201,35
aber 1446,672,62,27
der 1518,672,47,27
Umstand 1576,672,133,27
dasz 1720,672,64,27
er 1795,683,27,16
angeschnit¬ 1832,672,166,36
ten 754,732,42,18
war, 808,734,61,22
machte 880,724,103,26
es 994,734,26,16
mir 1032,725,52,25
nicht 1095,724,72,26
möglich, 1178,724,124,35
es 1313,735,26,16
hätte 1351,725,70,26
den 1432,725,51,26
Empfänger 1496,725,163,34
gedetnütigt 1670,725,166,35
/ 1846,726,12,25
gekränkt 1866,725,133,34
<EOS>
<EOP>
— 752,793,18,2
diese 784,776,71,27
bekritzelte 870,776,154,27
Hauswand 1041,776,158,27
in 1215,777,26,26
deren 1256,776,82,27
Nische 1352,776,100,27
er 1466,787,28,16
schlieszlich 1509,776,162,27
landete 1687,776,103,27
während 1806,776,128,27
ich, 1950,776,49,33
eingedenk 754,828,149,35
des 920,828,45,26
elterlichen 981,828,150,26
Gebots 1147,828,102,26
nichts 1266,828,84,27
Eszbares 1368,829,126,26
wegzuwerfen 1511,828,195,36
oder 1723,829,64,26
verderben 1804,828,143,27
zu 1964,839,35,16
lassen, 754,880,91,33
mit 856,881,49,26
1 919,881,8,26
beinah 941,881,97,26
mitleidigen 1050,881,164,35
Blick 1227,881,73,27
ihn 1312,881,46,27
liegen 1370,881,84,35
sah, 1466,881,55,32
und 1532,881,56,27
am 1599,892,44,16
liebsten 1655,881,107,27
ihn 1775,881,46,27
wieder 1833,881,99,27
auf¬ 1942,881,56,27
heben 754,932,84,27
wollte 850,933,86,26
nach 948,933,67,26
Hause 1028,935,92,24
tragen 1132,941,91,28
wollte 1235,934,87,26
<EOS>
<EOP>
mein 876,987,68,25
Herz 957,986,72,26
schlägt 1038,986,97,35
für 1138,986,50,35
dich, 1198,986,64,30
sage 1274,997,58,24
ich 1344,987,38,26
zu 1394,997,33,16
Fredy 1439,987,78,34
K. 1529,987,31,26
<EOS>
am 1576,997,44,16
Telefon, 1632,986,117,32
was 1762,997,53,16
er 1827,997,27,16
erwidert, 1866,986,132,32
«wenn 755,1048,95,15
ich 862,1037,41,26
dies 914,1037,55,26
Buch 982,1037,73,26
verlasse, 1068,1038,116,31
verlasse 1196,1038,109,26
ich, 1317,1038,49,32
was 1378,1049,53,15
erzählt 1442,1038,101,26
werden 1555,1038,107,26
kann. 1674,1038,81,26
<EOS>
Der 1768,1040,55,24
Rest 1836,1040,61,24
ist 1908,1040,31,24
un¬ 1949,1048,49,16
sagbar, 754,1089,99,35
ich 864,1090,40,26
schweige 915,1090,127,35
und 1053,1090,56,26
gehe, 1119,1090,76,35
die 1205,1090,42,26
Füsze 1257,1091,85,26
nackt» 1353,1090,94,27
Jean 1460,1091,61,32
Genet, 1532,1091,96,32
du 1638,1090,36,27
bist 1685,1090,49,27
so 1744,1102,28,15
triebhaft, 1783,1090,133,32
sagte 1927,1098,71,27
ER 754,1143,45,25
in 812,1143,25,25
Spanien 850,1143,116,34
also 978,1142,55,26
ich 1045,1142,40,26
sagte 1097,1151,71,27
ich 1180,1142,41,26
musz 1234,1153,76,15
sofort 1322,1142,81,27
1 1417,1144,8,24
Coca 1440,1144,72,25
Cola 1524,1143,67,26
haben, 1603,1143,95,31
der 1709,1143,46,26
Frühstückstisch 1767,1143,230,26
gepolstert 748,1195,137,34
mit 901,1195,50,26
Zeitungspapier, 966,1195,227,34
dasz 1208,1195,64,26
kein 1289,1195,61,26
Glas 1366,1195,64,27
mehr 1446,1195,77,26
stehen 1539,1195,89,27
kann 1645,1195,74,26
ohne 1735,1195,70,27
umzufallen, 1822,1195,176,31
sage 754,1256,58,26
ich 827,1246,41,27
zu 883,1257,34,16
Ely, 931,1246,55,35
nämlich 1001,1246,117,27
in 1133,1248,26,25
diesem 1174,1247,100,26
KNOCHENHAUSHALT, 1291,1248,414,31
nämlich 1720,1247,117,26
wenn 1853,1258,78,15
mir 1946,1248,52,25
z.B. 753,1300,55,24
<EOS>
1 823,1300,8,25
Finger 845,1300,96,34
abgeschnitten 953,1298,200,36
würde 1164,1299,94,26
und 1270,1299,55,26
ich 1339,1299,39,26
nicht 1390,1299,73,27
mehr 1474,1299,77,27
tippen 1562,1300,92,34
könnte 1665,1299,99,27
und 1776,1299,56,27
die 1844,1299,42,27
Hände 1899,1299,99,27
falten 754,1350,78,27
würde 846,1350,93,27
und 952,1350,56,27
denken 1021,1350,107,27
würde, 1142,1350,102,33
ich 1255,1351,38,27
bin 1307,1352,43,26
1 1365,1353,13,25
Hund, 1391,1352,90,30
und 1498,1351,55,27
sämtliche 1567,1351,136,27
liebe 1717,1351,65,27
Seelen, 1796,1351,100,32
die 1908,1351,43,27
le¬ 1964,1351,33,27
bendigen 753,1403,132,35
und 897,1403,56,26
die 964,1403,43,26
toten 1019,1411,71,18
mich 1102,1403,71,26
aufsuchen 1184,1403,146,27
würden 1342,1404,112,26
und 1466,1404,55,26
schwadronieren 1531,1405,219,25
würden 1764,1404,113,26
und 1889,1404,55,26
ich 1957,1404,39,26
hilflos 753,1455,88,27
ihnen 853,1455,82,27
ausgesetzt 947,1463,147,27
wäre 1107,1460,69,22
und 1189,1455,55,27
ich 1258,1455,39,28
meinen 1311,1457,106,26
Ursprung 1432,1457,130,34
bedenken 1574,1456,141,27
würde 1728,1456,92,27
und 1833,1456,57,27
ich 1903,1456,40,27
die 1955,1456,42,27
Salzstange, 753,1507,161,36
die 928,1508,41,25
im 984,1509,36,24
Supermarkt 1035,1508,176,35
mir 1223,1510,53,24
aus 1289,1519,45,16
den 1348,1508,52,26
Händen 1413,1508,119,26
gefallen 1545,1509,114,34
war, 1673,1519,60,20
in 1748,1510,25,24
den 1787,1509,52,26
Einkaufs¬ 1853,1508,144,27
sack 753,1559,59,27
zurückstecken 827,1560,210,26
würde 1051,1560,94,27
obwohl 1157,1560,105,27
ich 1278,1560,40,27
wüszte 1333,1565,100,22
dasz 1446,1560,64,27
ich 1524,1560,39,27
1 1581,1562,7,25
zu 1606,1571,34,16
Boden 1654,1560,92,27
gefallenes 1760,1560,142,36
Stück 1915,1560,81,28
Brot 753,1613,61,25
nicht 830,1611,72,27
essen 916,1622,73,16
würde 1006,1612,93,26
und 1115,1612,55,26
ich 1187,1612,40,26
mir 1243,1614,52,24
vorstellen 1311,1613,135,26
würde 1463,1613,93,26
dasz 1571,1613,64,26
ich 1650,1613,41,26
den 1706,1612,52,27
Übergang 1775,1609,146,39
vom 1935,1623,61,16
Supermarkt 753,1665,175,34
zur 940,1675,49,16
anderen 1001,1665,117,26
Straszenseite 1130,1665,187,27
wo 1331,1676,41,16
jederzeit 1384,1665,126,35
1 1526,1666,6,25
paar 1549,1676,64,24
geschlitzte 1620,1666,145,34
Autofahrer 1780,1665,161,27
vo¬ 1953,1676,44,16
rüberrasen 754,1716,154,26
nicht 919,1716,72,26
überqueren 1002,1716,165,36
könnte 1179,1717,99,26
ohne 1288,1717,70,26
Schaden 1369,1717,120,26
zu 1501,1728,34,16
nehmen, 1547,1717,125,32
und 1682,1717,56,26
ich 1750,1717,40,27
die 1801,1718,42,26
hl.kl.Frau 1854,1717,143,27
<EOS>
sehen 753,1768,78,27
würde 846,1769,93,26
und 953,1768,55,27
ihr 1024,1769,40,26
winken 1078,1769,109,26
würde, 1201,1769,102,31
und 1317,1770,55,26
ich 1387,1770,40,26
versuchen 1441,1770,143,26
würde 1598,1770,94,26
zur 1703,1780,47,16
Apotheke 1760,1770,131,34
zu 1902,1780,34,16
hu¬ 1949,1770,47,26
schen, 748,1821,82,30
wo 845,1831,41,16
mich 897,1820,71,27
die 980,1820,41,27
Apothekerin 1033,1820,185,36
mit 1229,1822,49,25
den 1289,1821,51,26
Sternschnuppen 1352,1821,233,36
Augen 1596,1823,97,34
mich 1704,1821,71,26
beraten 1786,1821,107,27
würde 1904,1821,93,26
und 752,1872,56,27
ich 820,1873,41,26
denken 873,1873,106,26
müszte 991,1877,103,23
an 1106,1884,33,15
1 1154,1875,8,24
Briefstelle 1178,1874,143,26
des 1332,1874,45,26
toten 1389,1881,71,19
Leo 1472,1875,56,25
N., 1539,1875,44,31
<EOS>
der 1594,1874,47,26
mir 1652,1875,52,25
schrieb, 1716,1874,110,32
dasz 1837,1874,64,26
nichts 1913,1874,84,26
so 753,1935,27,16
banal 791,1925,78,27
sei, 881,1926,44,31
dasz 936,1925,63,27
es 1011,1936,26,16
nicht 1049,1925,72,27
wert 1132,1934,64,18
wäre 1207,1930,71,22
aufgeschrieben 1289,1926,216,35
zu 1518,1937,34,15
werden 1564,1926,106,26
<EOS>
<EOP>
ich 877,1978,40,26
bin 932,1978,45,26
in 992,1979,27,24
der 1033,1978,47,26
Anstalt 1094,1978,107,26
und 1215,1978,56,26
es 1286,1989,26,16
sind 1326,1978,58,27
1 1402,1980,9,24
paar 1427,1989,65,24
versöhnliche 1507,1979,182,26
Dinge 1704,1980,90,33
und 1808,1979,56,26
ER 1880,1980,46,25
sagt 1941,1986,57,27
wir 753,2031,48,24
fliegen 815,2029,96,35
dann 925,2029,74,27
über 1014,2029,66,27
die 1093,2029,42,27
Rocky 1150,2029,90,36
Mountains 1256,2031,158,26
und 1427,2030,57,27
es 1499,2040,26,17
wird 1539,2030,67,27
dir 1621,2030,41,27
gefallen 1676,2030,114,35
und 1805,2030,56,27
das 1875,2030,47,27
tiefe 1936,2030,60,27
Tal 752,2081,46,26
wie 812,2083,50,24
1 877,2083,9,24
Rinnsal, 901,2081,122,32
und 1035,2082,56,26
viele 1104,2082,64,26
Erinnerungen 1181,2083,209,35
werden 1403,2082,107,26
angeschwemmt 1522,2082,229,36
und 1764,2083,55,26
mir 1832,2084,54,24
träumt 1897,2087,100,21
ich 752,2134,40,26
sei 807,2134,35,26
in 857,2135,27,25
1 900,2135,9,25
fremden 926,2134,123,26
Land 1063,2134,77,27
mit 1156,2135,49,26
vielen 1219,2134,84,27
entlaubten 1317,2134,154,27
Bäumen 1486,2136,121,25
wie 1621,2136,51,25
es 1686,2145,26,16
der 1726,2134,46,27
Jahreszeit 1786,2134,144,33
ent¬ 1942,2142,55,19
sprach 752,2186,91,35
und 860,2186,56,26
Isabel 934,2186,81,26
tauchte 1033,2186,105,26
auf 1153,2186,50,27
und 1215,2186,56,27
wir 1288,2188,49,25
waren 1353,2197,89,16
glücklich 1458,2187,134,35
über 1609,2187,64,26
diese 1689,2187,71,26
Begegnung 1778,2189,166,34
im 1959,2188,37,25
fremden 753,2239,121,26
Land 892,2239,77,26
so 987,2249,28,15
dasz 1031,2239,65,26
wir 1113,2240,49,25
uns 1179,2250,50,15
lange 1246,2239,77,35
umarmten 1340,2247,155,19
und 1513,2239,55,27
uns 1586,2250,50,16
im 1653,2240,38,25
Kreis 1709,2240,77,26
drehten, 1803,2239,120,32
und 1941,2239,55,27
während 752,2290,129,26
wir 894,2292,50,24
uns 957,2301,50,15
herumdrehten 1020,2290,211,27
ich 1245,2290,40,27
den 1298,2291,52,26
Kopf 1364,2291,78,36
in 1450,2292,27,25
den 1490,2291,53,26
Himmel 1555,2291,126,26
hob 1694,2291,54,26
und 1760,2291,56,26
die 1830,2291,43,26
Bäume, 1886,2293,110,29
welche, 752,2342,107,33
der 870,2342,47,27
Jahreszeit 929,2343,143,32
gemäsz, 1083,2347,118,31
ihre 1213,2343,57,27
Blätter 1283,2343,97,27
abgeschüttelt 1391,2343,191,35
hatten, 1593,2344,100,32
ihre 1705,2343,57,27
Spitzen 1774,2344,110,35
aber 1896,2344,61,26
in 1969,2344,27,26
den 752,2394,51,27
Himmel 814,2394,126,27
tauchten 951,2394,123,27
und 1085,2395,56,26
stachen, 1153,2395,116,32
und 1280,2395,55,26
dann 1346,2395,75,26
sah 1431,2395,47,26
ich 1489,2395,40,26
einige 1540,2397,87,34
weiszgekleidete 1637,2395,230,36
Nonnen 1876,2397,120,24
und 752,2446,55,27
sie 826,2448,34,25
hatten 878,2447,91,26
beobachtet, 986,2446,165,33
wie 1168,2449,51,24
wir 1237,2449,49,24
uns 1305,2458,49,15
im 1372,2449,37,24
Kreis 1427,2449,78,24
gedreht 1521,2448,112,34
hatten 1650,2448,91,26
und 1759,2448,55,26
ihre 1833,2448,57,26
Blicke 1908,2448,88,25
waren 753,2509,87,15
1 859,2500,5,24
wenig 883,2500,88,33
strafend, 984,2499,127,32
also 1124,2499,55,26
Kastanien 1192,2500,148,26
auf 1354,2499,50,27
dem 1412,2499,63,26
Waldboden 1490,2499,168,27
— 1670,2517,20,1
«le 1704,2499,38,27
chien 1755,2499,76,27
c'est 1846,2500,58,26
moi», 1917,2500,79,31
Giacometti, 752,2551,171,31
siehe 935,2550,69,26
oben 1016,2550,69,27
< 1101,2562,15,14
<EOS>
<EOP>
Friederike 751,2700,112,21
Mayröcker, 872,2700,125,27
geboren 1007,2700,90,27
1924, 1113,2701,56,24
gilt 1179,2700,39,28
als 1227,2700,30,22
eine 1267,2700,45,22
der 1322,2700,35,22
bedeutendsten 1365,2700,166,22
Lyrikerinnen 1541,2701,133,27
der 1684,2700,36,22
Gegenwart. 1729,2702,126,26
<EOS>
Ihre 1867,2700,41,22
Texte 752,2740,55,20
entziehen 817,2738,106,22
sich 931,2738,44,22
dem 986,2738,46,22
rationalen 1042,2739,115,21
Zugriff; 1166,2738,84,28
es 1258,2745,21,15
sind 1288,2739,48,21
poetische 1344,2739,105,27
Träume. 1460,2741,85,20
<EOS>
Sie 1555,2739,33,22
selbst 1595,2739,67,22
sagt: 1668,2742,56,25
«Ich 1734,2739,43,21
mache 1787,2739,75,22
Bildet 1871,2739,66,21
zu 749,2783,25,15
Sprache.» 782,2777,107,27
<EOS>
Der 900,2778,40,20
vorliegende 948,2777,128,27
Auszug 1083,2779,84,25
stammt 1175,2780,89,18
aus 1273,2784,38,15
dem 1321,2778,46,21
Buch 1378,2777,55,22
«ich 1444,2777,42,22
bin 1496,2777,34,22
in 1540,2778,20,21
der 1570,2778,36,21
Anstalt 1611,2778,86,21
- 1703,2791,17,1
Fusznoten 1729,2779,111,20
zu 1847,2785,27,14
einem 1883,2778,65,21
nichtgeschnebenen 751,2815,217,28
Weik», 980,2815,68,26
das 1060,2815,39,22
im 1108,2822,27,15
Mai 1145,2816,43,21
2010 1195,2817,61,20
im 1265,2816,26,21
Suhlkamp 1300,2816,114,28
Vetlag 1426,2816,69,28
erscheint. 1505,2816,104,21
<EOS>
<EOP>
63 2084,2961,23,18
<EOS>
<EOP>
