2312,3102
I.Verlage 207,161,108,25
<EOS>
Jürgen 345,162,70,25
Habermas 424,161,113,19
- 544,174,12,1
Kultur 572,161,74,19
des 654,161,33,19
Gegenwartssinns 696,162,186,25
<EOS>
<EOP>
Kultur 589,449,285,89
des 901,450,132,88
Gegenwartssinns 1063,454,720,113
Aus 388,650,68,32
Anlass 468,649,116,33
des 599,649,55,33
50-Jahr-Jubiläums 669,649,322,42
des 1005,649,54,33
Suhrkamp 1074,649,184,44
Verlags 1272,649,126,45
blickte 1413,649,117,33
Jürgen 1541,651,118,43
Habermas 1673,649,180,34
bereits 1868,649,112,33
im 312,733,46,30
Jahr 369,730,77,41
2000 459,733,90,30
auf 565,729,60,34
die 632,730,53,34
Entwicklung 699,730,229,45
des 941,730,54,34
Wissenschaftslektorats 1008,730,401,34
zurück. 1423,731,131,33
<EOS>
Seine 1570,732,92,32
damaligen 1676,731,184,45
Gedanken 1875,731,183,34
<EOS>
<EOP>
ergänzte 462,815,147,41
der 623,810,55,34
Philosoph 692,810,175,45
für 881,810,53,34
Du 946,813,56,31
mit 1016,814,60,30
einem 1091,815,104,29
Nachwort 1210,811,176,33
zur 1400,825,55,20
gegenwärtigen 1468,815,256,42
Situation. 1738,813,169,32
<EOS>
<EOP>
Von 1025,931,52,27
Jürgen 1085,931,99,37
Habermas 1197,930,153,28
<EOS>
<EOP>
M 569,2101,141,107
<EOS>
<EOP>
^ 808,2565,28,39
•> 934,2584,54,41
/ 888,2620,26,55
<EOS>
<EOP>
' 917,2714,2,8
* 932,2716,12,10
<EOS>
<EOP>
w 1203,2730,42,37
* 109,2825,26,21
<EOS>
<EOP>
ï 2122,1998,34,71
<EOS>
<EOP>
¦ 1765,2708,5,6
<EOS>
<EOP>
Jürgen 1613,2879,75,26
Habermas, 1701,2877,121,25
Starnberg, 1834,2878,118,27
September 1963,2878,124,27
2008 2097,2879,62,20
<EOS>
<EOP>
36 203,2970,24,19
<EOS>
<EOP>
