2312,3102
I. 203,161,15,18
<EOS>
Design 226,161,79,24
- 312,173,14,1
Hans-Michael 334,160,153,19
Koetzle 498,159,82,20
- 588,173,13,1
Der 609,161,41,18
Regenbogen 659,159,131,26
<EOS>
<EOP>
j 1446,256,26,42
li 1795,256,46,50
k 1411,337,28,69
Ik 1407,445,48,83
<EOS>
<EOP>
- 1077,552,3,4
<EOS>
<EOP>
i 2259,560,51,133
/ 1639,618,34,76
I 1759,640,26,88
4 1194,757,24,51
J* 1571,750,52,37
m 1212,843,20,21
<EOS>
<EOP>
-*v 1753,909,46,19
è 1738,933,36,39
& 1505,972,52,31
*r. 1582,986,68,35
<EOS>
*+ 1670,986,39,33
s 1549,994,27,18
<EOS>
<EOP>
*&*> 1879,1008,112,38
*<&> 1579,1041,73,29
\ 726,1079,26,44
<EOS>
<EOP>
œ 1719,1106,71,37
* 1741,1136,47,44
^ 1905,1157,86,57
^ 1964,1216,131,88
m 2081,1263,149,124
!S» 1037,1273,39,17
<EOS>
•^e^ 1047,1289,77,23
<EOS>
<EOP>
V 1742,1394,30,33
y 1677,1427,36,28
m 1296,1436,58,36
%«S 2043,1438,58,28
^ 831,1446,78,66
^i 886,1475,33,19
<0* 955,1490,149,81
^ 1244,1509,28,34
Sii 1832,1522,87,82
S 1643,1529,79,68
•s 905,1553,50,28
V 1518,1557,28,19
v&. 942,1603,132,74
<EOS>
<EOP>
v 1554,1578,30,23
\ 1726,1583,33,38
^ 1137,1600,46,49
S 1678,1600,70,93
/ 1559,1605,29,40
« 1222,1612,40,53
^ 1440,1619,49,31
4 1601,1632,24,27
± 1781,1645,32,28
<EOS>
<EOP>
^ 1764,1668,80,69
â 1853,1670,135,122
v 2248,1688,30,21
<EOS>
<EOP>
i 2265,1702,45,68
^ 949,1729,68,37
* 961,1754,44,43
<EOS>
<EOP>
*s 1337,1790,57,32
* 1405,1793,85,114
g? 1312,1803,70,61
<EOS>
p. 1158,1808,153,105
<EOS>
w. 1013,1837,138,107
<EOS>
m 1519,1849,124,98
^ 2219,1908,45,38
% 1081,1902,34,44
<EOS>
<EOP>
Der 692,2229,168,82
Regenbogenmann 887,2223,783,119
Willy 366,2423,101,43
Fleckhaus 479,2422,175,34
war 667,2436,65,20
nicht 746,2422,90,34
Suhrkamp. 850,2422,193,45
<EOS>
Aber 1057,2423,87,33
was 1155,2437,64,19
wäre 1232,2427,83,29
Suhrkamp 1329,2422,185,45
ohne 1528,2423,86,33
Fleckhaus? 1628,2423,189,33
<EOS>
Bis 1832,2425,52,31
heute 1898,2423,94,34
überzeugen 296,2503,201,45
die 511,2503,52,34
Entwürfe 577,2503,167,34
des 758,2503,54,34
legendären 826,2503,191,45
Grafikdesigners 1032,2503,275,45
durch 1322,2503,101,34
Originalität, 1438,2504,219,44
Logik 1672,2504,104,44
und 1789,2504,69,33
Harmonie. 1872,2505,190,32
<EOS>
<EOP>
Sie 919,2586,49,32
sind 981,2585,72,33
einfach 1068,2584,127,34
zeitlos 1208,2584,109,34
schön. 1331,2584,109,34
<EOS>
<EOP>
Von 982,2705,52,26
Hans-Michael 1046,2703,213,28
Koetzle 1272,2703,110,28
<EOS>
<EOP>
40 202,2969,23,17
<EOS>
<EOP>
