2099,2970
TEC21 109,74,89,35
20 212,74,35,35
/ 250,74,15,35
2010 268,74,71,35
PRODUKTE 1665,67,215,45
| 1905,63,11,46
39 1937,67,46,45
FIRMEN 109,247,332,95
DOLD 109,377,89,39
AG 205,377,45,39
Mensch, 109,423,117,35
Natur 233,423,74,35
und 314,423,53,35
Umwelt 374,423,99,35
reagieren 483,423,127,35
zuneh¬ 617,423,92,35
mend 109,465,78,36
empfi 201,465,74,36
ndlicher 275,465,110,36
auf 402,465,39,36
Einfl 459,465,56,36
üsse 515,465,64,36
jeglicher 593,465,116,36
Art. 109,511,50,35
<EOS>
Die 180,511,46,35
Herstellung 250,511,152,35
chemisch 427,511,130,35
erzeugter 582,511,127,35
Produkte 109,553,120,39
und 236,553,50,39
ihre 293,553,49,39
Verträglichkeit 349,553,191,39
werden 547,553,99,39
zum 653,553,56,39
strategischen 109,599,184,36
Erfolgsfaktor 307,599,169,36
und 490,599,50,36
qualitativen 554,599,155,36
Merkmal. 109,645,124,35
<EOS>
Die 250,645,46,35
Farb- 314,645,71,35
und 402,645,50,35
Lacksysteme 469,645,177,35
der 663,645,46,35
Dold 109,688,64,35
AG 180,688,42,35
verschmelzen 233,688,183,35
die 423,688,43,35
Aspekte 473,688,109,35
der 593,688,42,35
Öko¬ 642,688,67,35
logie 109,733,67,36
und 183,733,53,36
Ökonomie 243,733,138,36
und 388,733,53,36
bieten 448,733,85,36
Produkte 540,733,120,36
mit 670,733,39,36
guter 109,776,71,39
Performance 187,776,173,39
für 370,776,32,39
Mensch 413,776,106,39
und 526,776,53,39
Umwelt. 586,776,109,39
<EOS>
Das 109,822,53,35
Unternehmen 173,822,183,35
wurde 367,822,85,35
1921 462,822,67,35
am 540,822,42,35
heutigen 593,822,116,35
Standort 109,867,113,36
in 247,867,25,36
Wallisellen 296,867,138,36
/ 441,867,7,36
Zürich 452,867,84,36
gegründet. 561,867,148,36
<EOS>
Curt 109,910,57,35
Christian 187,910,116,35
Dold 321,910,64,35
führt 402,910,64,35
die 483,910,43,35
Dold 543,910,64,35
Group 624,910,85,35
heute 109,956,74,35
in 194,956,25,35
dritter 229,956,78,35
Generation. 314,956,159,35
<EOS>
Durch 483,956,78,35
acht 572,956,59,35
eige¬ 642,956,67,35
ne 109,998,36,39
Verkaufsstellen 152,998,201,39
und 360,998,53,39
diverse 420,998,99,39
Grosshändler 529,998,180,39
in 109,1044,25,35
der 152,1044,46,35
ganzen 215,1044,103,35
Schweiz 335,1044,113,35
wird 466,1044,56,35
ein 540,1044,42,35
fl 600,1044,14,35
ächen¬ 614,1044,95,35
deckendes 109,1090,152,35
Verkaufsnetz 272,1090,173,35
sichergestellt. 459,1090,183,35
<EOS>
For¬ 656,1090,53,35
schung 109,1132,99,35
und 215,1132,53,35
Entwicklung 275,1132,159,35
sind 441,1132,56,35
fester 504,1132,78,35
Bestand¬ 586,1132,123,35
teil 109,1178,39,35
der 155,1178,46,35
unternehmerischen 212,1178,257,35
Tätigkeit. 476,1178,120,35
<EOS>
Dold 109,1227,53,32
AG 169,1227,36,32
| 212,1227,10,32
8304 229,1227,60,32
Wallisellen 296,1227,124,32
| 427,1227,7,32
www. 441,1227,67,32
<EOS>
dold. 508,1227,56,32
<EOS>
ch 564,1227,29,32
FIXIT- 109,1312,99,39
GRUPPE 208,1312,131,39
Als 109,1354,43,36
rein 162,1354,50,36
mineralischer 222,1354,180,36
und 413,1354,53,36
natürlich 476,1354,113,36
vorkom¬ 600,1354,109,36
mender 109,1400,103,35
Rohstoff 243,1400,110,35
eignet 381,1400,85,35
sich 494,1400,56,35
Gips 582,1400,60,35
für 674,1400,35,35
verschiedene 109,1442,184,39
Anwendungen 310,1442,194,39
im 522,1442,32,39
Innenbau¬ 572,1442,137,39
bereich. 109,1488,110,36
<EOS>
Mit 233,1488,42,36
dem 289,1488,60,36
steigenden 363,1488,152,36
Gesundheits¬ 529,1488,180,36
bewusstsein 109,1534,166,35
und 296,1534,50,35
den 367,1534,49,35
damit 437,1534,75,35
verbundenen 529,1534,180,35
Anforderungen 109,1577,201,35
an 321,1577,32,35
baubiologisch 363,1577,191,35
unbedenk¬ 564,1577,145,35
liche 109,1622,64,36
und 183,1622,50,36
wohngesunde 243,1622,191,36
Baustoffe 445,1622,123,36
liegt 579,1622,56,36
Gips 646,1622,63,36
zudem 109,1665,92,39
im 212,1665,28,39
Trend 250,1665,75,39
und 335,1665,50,39
ist 395,1665,28,39
das 434,1665,49,39
Bindemittel, 490,1665,159,39
das 660,1665,49,39
in 109,1711,25,35
der 145,1711,46,35
Produktion 201,1711,145,35
einen 356,1711,74,35
sehr 441,1711,60,35
geringen 512,1711,119,35
CO 646,1711,42,35
2 688,1735,11,21
- 699,1711,10,35
Ausstoss 109,1756,124,36
aufweist. 240,1756,116,36
<EOS>
Die 109,1799,46,35
Fixit- 169,1799,60,35
Gruppe 233,1799,102,35
entwickelte 346,1799,151,35
eine 508,1799,56,35
leistungs¬ 579,1799,130,35
optimierte 109,1845,134,35
und 272,1845,53,35
ökologische 353,1845,162,35
Produktlinie, 543,1845,166,35
deren 109,1887,78,39
Zemente 198,1887,116,39
CO 325,1887,45,39
2 370,1912,11,21
- 381,1887,7,39
arm 388,1887,53,39
hergestellt 452,1887,141,39
werden. 600,1887,109,39
<EOS>
Die 109,1933,46,35
Beigabe 166,1933,113,35
dieser 293,1933,81,35
Spezialzemente 388,1933,212,35
ermög¬ 610,1933,99,35
licht 109,1979,57,35
wie 183,1979,43,35
bei 243,1979,43,35
einem 303,1979,82,35
Kalk- 402,1979,67,35
Zementgrundputz 469,1979,240,35
den 109,2021,53,35
Einsatz 176,2021,96,35
in 286,2021,21,35
häuslichen 321,2021,145,35
Nassräumen 480,2021,169,35
der 663,2021,46,35
Kategorien 109,2067,149,35
0 265,2067,17,35
und 293,2067,49,35
A 353,2067,21,35
01. 377,2067,39,35
<EOS>
Der 427,2067,49,35
Zementstein 483,2067,166,35
des 660,2067,49,35
Grundputzes 109,2109,177,39
besteht 293,2109,99,39
aus 402,2109,46,39
hydratisiertem 459,2109,190,39
und 656,2109,53,39
unhydratisiertem 109,2155,226,35
Zement. 342,2155,110,35
<EOS>
Solange 459,2155,109,35
nach 575,2155,67,35
dem 649,2155,60,35
Einbau 109,2201,96,35
kein 229,2201,53,35
Wasser 307,2201,99,35
an 430,2201,36,35
den 490,2201,50,35
Grundputz 564,2201,145,35
gelangt, 109,2243,110,36
ist 233,2243,28,36
das 272,2243,49,36
Gips- 335,2243,71,36
Zement- 409,2243,110,36
System 519,2243,98,36
stabil. 628,2243,81,36
<EOS>
Kann 109,2289,71,35
jedoch 191,2289,91,35
Wasser 296,2289,99,35
ins 406,2289,39,35
System 455,2289,99,35
eindringen 564,2289,145,35
und 109,2331,53,39
es 183,2331,32,39
durchfeuchten, 236,2331,201,39
zum 462,2331,57,39
Beispiel 540,2331,106,39
bei 667,2331,42,39
fehlerhafter 109,2377,152,36
Abdichtung, 286,2377,162,36
reagiert 473,2377,102,36
der 596,2377,46,36
un¬ 667,2377,42,36
hydratisierte 109,2423,166,35
Klinker 296,2423,92,35
unter 406,2423,70,35
Umständen 494,2423,155,35
mit 670,2423,39,35
dem 109,2466,60,35
Wasser. 180,2466,106,35
<EOS>
Dabei 296,2466,81,35
kann 388,2466,67,35
es 466,2466,31,35
zu 512,2466,28,35
einer 554,2466,67,35
nach¬ 631,2466,78,35
träglichen 109,2511,134,36
Ettringitbildung 261,2511,205,36
und 487,2511,49,36
einer 557,2511,64,36
Volu¬ 642,2511,67,36
menzunahme 109,2554,180,39
kommen. 314,2554,123,39
<EOS>
Dieses 462,2554,92,39
Restrisiko 579,2554,130,39
wird 109,2600,57,35
mit 180,2600,39,35
dem 233,2600,60,35
Einsatz 307,2600,95,35
des 416,2600,50,35
neu 480,2600,49,35
entwickelten 543,2600,166,35
Spezialzements 109,2645,212,36
vollständig 328,2645,145,36
eliminiert. 483,2645,127,36
<EOS>
Fixit 109,2695,50,32
AG 166,2695,35,32
| 208,2695,11,32
5113 226,2695,60,32
Holderbank 293,2695,137,32
www. 109,2741,67,28
<EOS>
fi 176,2741,15,28
xit. 191,2741,35,28
<EOS>
ch 226,2741,28,28
<EOS>
<EOP>
KEIMFARBEN 751,377,212,39
AG 974,377,46,39
Wenn 751,423,75,35
Beton 840,423,77,35
saniert 928,423,92,35
oder 1030,423,60,35
behandelt 1104,423,134,35
werden 1249,423,99,35
soll, 751,465,53,36
wird 811,465,57,36
häufi 875,465,63,36
g 938,465,18,36
ein 963,465,39,36
CO 1009,465,46,36
2 1055,490,10,21
- 1065,465,11,36
Schutz 1076,465,88,36
in 1171,465,25,36
Form 1203,465,67,36
eines 1277,465,71,36
fi 751,511,15,35
lmbildenden 766,511,165,35
Anstriches 949,511,141,35
gewählt, 1104,511,113,35
egal, 1231,511,67,35
ob 1316,511,32,35
es 751,553,32,39
sich 801,553,56,39
um 875,553,39,39
einen 935,553,70,39
gesunden, 1027,553,141,39
gefährdeten 1185,553,163,39
oder 751,599,60,36
schadhaften 822,599,166,36
Beton 995,599,81,36
handelt. 1083,599,109,36
<EOS>
Damit 1199,599,78,36
aber 1288,599,60,36
ein 751,645,39,35
solcher 801,645,99,35
CO 910,645,46,35
2 956,666,11,22
- 967,645,7,35
Anstrich 974,645,113,35
auch 1097,645,67,35
wirksam 1175,645,109,35
sein 1295,645,53,35
kann, 751,688,75,35
müssen 833,688,105,35
Lunkern 949,688,106,35
und 1065,688,53,35
Fehlstellen 1125,688,145,35
zwin¬ 1281,688,67,35
gend 751,733,71,36
vorgängig 833,733,134,36
zugespachtelt 977,733,191,36
werden, 1178,733,106,36
was 1295,733,53,36
das 751,776,50,39
Erscheinungsbild 808,776,233,39
des 1051,776,50,39
Betons 1111,776,92,39
verändert. 1214,776,134,39
<EOS>
Bei 751,822,43,35
einem 808,822,81,35
spezifi 903,822,88,35
schen 991,822,81,35
Gefährdungs- 1087,822,187,35
bzw. 1288,822,60,35
<EOS>
Schadensbild 751,867,184,36
ist 945,867,29,36
es 984,867,32,36
tatsächlich 1027,867,144,36
sinnvoll, 1178,867,110,36
den 1298,867,50,36
Beton 751,910,78,35
vor 840,910,42,35
CO 889,910,46,35
2 935,934,10,22
- 945,910,11,35
Zutritt 956,910,74,35
zu 1041,910,31,35
schützen, 1083,910,131,35
damit 1224,910,74,35
die 1309,910,39,35
Armierungseisen 751,956,226,35
nicht 1009,956,63,35
in 1104,956,21,35
alkalineutrales 1157,956,191,35
Milieu 751,998,78,39
geraten 836,998,106,39
und 949,998,53,39
so 1009,998,32,39
korrodieren 1048,998,151,39
können. 1210,998,106,39
<EOS>
In 1323,998,25,39
den 751,1044,50,35
meisten 822,1044,106,35
übrigen 949,1044,102,35
Fällen 1072,1044,82,35
ist 1175,1044,28,35
ein 1224,1044,39,35
CO 1284,1044,46,35
2 1330,1069,11,21
- 1341,1044,7,35
Schutz 751,1090,92,35
aus 857,1090,46,35
Gründen 917,1090,120,35
des 1048,1090,53,35
Feuchtehaushalts 1115,1090,233,35
und 751,1132,50,35
der 811,1132,43,35
Oberfl 864,1132,85,35
ächenästhetik 949,1132,183,35
aber 1143,1132,60,35
fraglich. 1214,1132,105,35
<EOS>
Die 751,1178,46,35
Hydrophobierung 804,1178,237,35
von 1051,1178,50,35
Beton 1108,1178,81,35
ist 1196,1178,32,35
in 1238,1178,21,35
vielen 1270,1178,78,35
Fällen 751,1220,78,39
eine 854,1220,56,39
geeignete 931,1220,134,39
Schutzmassnahme. 1087,1220,261,39
<EOS>
Eine 751,1266,57,35
differenzierte 829,1266,173,35
Diagnose 1023,1266,127,35
eröffnet 1171,1266,103,35
eine 1291,1266,57,35
ganze 751,1312,82,35
Palette 843,1312,92,35
sensibler 945,1312,124,35
Schutz- 1080,1312,98,35
und 1192,1312,50,35
Gestal¬ 1252,1312,96,35
tungsmöglichkeiten. 751,1354,269,36
<EOS>
Beton 1027,1354,77,36
kann 1111,1354,67,36
verschieden 1185,1354,163,36
geschalt, 751,1400,124,35
gestrahlt, 903,1400,124,35
gestockt, 1055,1400,123,35
eingefärbt, 1203,1400,145,35
getüncht, 751,1442,127,39
lasiert, 896,1442,92,39
gestrichen, 1005,1442,152,39
geschlämmt, 1175,1442,173,39
gespachtelt, 751,1488,166,36
hydrophobiert 956,1488,187,36
oder 1185,1488,60,36
CO 1284,1488,46,36
2 1330,1513,11,21
- 1341,1488,7,36
geschützt 751,1534,131,35
werden: 896,1534,109,35
Jedes 1020,1534,81,35
Mal 1115,1534,49,35
eröffnet 1178,1534,103,35
sich 1295,1534,53,35
seinem 751,1577,96,35
Betrachter 857,1577,138,35
ein 1005,1577,39,35
anders 1051,1577,96,35
Bild. 1154,1577,60,35
<EOS>
Keimfarben 751,1629,134,29
AG 893,1629,35,29
| 935,1629,7,29
9444 949,1629,63,29
Diepoldsau 1020,1629,130,29
| 1157,1629,7,29
www. 1171,1629,67,29
<EOS>
keim. 1238,1629,60,29
<EOS>
ch 1298,1629,28,29
ETERNIT 751,1711,138,38
AG 896,1711,46,38
Terrassen 751,1756,131,36
und 900,1756,49,36
Gärten 967,1756,91,36
bieten 1076,1756,85,36
Städtern 1178,1756,113,36
die 1309,1756,39,36
einzige 751,1799,96,35
Möglichkeit, 864,1799,159,35
sich 1041,1799,53,35
den 1111,1799,50,35
Rückzug 1178,1799,117,35
ins 1312,1799,36,35
Grün 751,1845,67,35
zu 822,1845,32,35
sichern. 861,1845,109,35
<EOS>
Die 974,1845,46,35
eleganten, 1027,1845,141,35
eigenwilligen 1175,1845,173,35
und 751,1887,50,39
zum 811,1887,57,39
Teil 878,1887,43,39
Designpreis- 931,1887,173,39
gekrönten 1104,1887,134,39
Formen 1249,1887,99,39
der 751,1933,46,35
Eternit- 822,1933,95,35
Gefässe 917,1933,113,35
laden 1058,1933,74,35
zur 1161,1933,38,35
kreativen 1228,1933,120,35
Gestaltung 751,1979,145,35
und 921,1979,49,35
zu 995,1979,32,35
spannenden 1048,1979,169,35
Abgren¬ 1242,1979,106,35
zungen 751,2021,99,35
ein. 864,2021,50,35
<EOS>
Die 928,2021,46,35
Eternit- 988,2021,95,35
Homepage 1083,2021,148,35
für 1249,2021,35,35
den 1298,2021,50,35
Bereich 751,2067,103,35
Pfl 871,2067,32,35
anzengefässe 903,2067,187,35
ist 1108,2067,31,35
generell 1154,2067,109,35
über¬ 1281,2067,67,35
arbeitet 751,2109,103,39
und 864,2109,50,39
erweitert 928,2109,116,39
worden. 1055,2109,106,39
<EOS>
Nun 1175,2109,53,39
wird 1238,2109,57,39
auf 1309,2109,39,39
den 751,2155,50,35
ersten 815,2155,81,35
Blick 910,2155,64,35
klar, 988,2155,53,35
dass 1055,2155,63,35
Eternit 1132,2155,85,35
nicht 1228,2155,67,35
nur 1305,2155,43,35
Pfl 751,2201,32,35
anzengefässe, 783,2201,198,35
sondern 995,2201,109,35
auch 1118,2201,67,35
Möbel 1199,2201,85,35
und 1298,2201,50,35
Accessoires 751,2243,163,36
anbietet. 938,2243,117,36
<EOS>
Die 1080,2243,42,36
drei 1147,2243,49,36
Produkte¬ 1221,2243,127,36
gruppen 751,2289,113,35
sind 882,2289,56,35
übersichtlich 953,2289,172,35
dargestellt 1139,2289,142,35
und 1298,2289,50,35
einzeln 751,2331,96,39
anklickbar. 861,2331,141,39
<EOS>
Neu 1016,2331,56,39
ist 1087,2331,28,39
auch 1129,2331,67,39
die 1210,2331,42,39
Verlin¬ 1266,2331,82,39
kung 751,2377,67,36
mit 843,2377,39,36
den 910,2377,50,36
Designern 988,2377,137,36
der 1150,2377,46,36
einzelnen 1221,2377,127,36
Produkte. 751,2423,127,35
<EOS>
Zur 896,2423,46,35
Erinnerung: 960,2423,155,35
Der 1132,2423,46,35
Strandstuhl 1199,2423,149,35
von 751,2466,46,35
Willy 815,2466,63,35
Guhl 893,2466,63,35
hat 974,2466,42,35
es 1034,2466,31,35
bis 1080,2466,42,35
ins 1139,2466,36,35
Museum 1192,2466,117,35
of 1323,2466,25,35
Modern 751,2511,103,36
Art 868,2511,39,36
in 921,2511,21,36
New 956,2511,60,36
York 1030,2511,57,36
geschafft! 1101,2511,134,36
<EOS>
Interes¬ 1249,2511,99,36
sant 751,2554,57,39
ist 822,2554,32,39
auch 868,2554,67,39
das 949,2554,49,39
Video 1016,2554,74,39
mit 1108,2554,39,39
Willy 1161,2554,63,39
Guhl 1238,2554,64,39
im 1319,2554,29,39
Gespräch 751,2600,131,35
über 900,2600,60,35
Eternit. 977,2600,92,35
<EOS>
Es 1087,2600,31,35
macht 1136,2600,81,35
deutlich, 1235,2600,113,35
was 751,2645,53,36
ihm 811,2645,50,36
das 868,2645,49,36
Material 928,2645,106,36
Eternit 1041,2645,88,36
bedeutet 1136,2645,120,36
hat. 1263,2645,49,36
<EOS>
Eternit 751,2695,82,32
Schweiz) 850,2695,110,32
AG 963,2695,39,32
| 1009,2695,7,32
8867 1023,2695,64,32
Niederurnen 1094,2695,148,32
www. 751,2741,67,28
<EOS>
garden- 815,2741,99,28
styling. 914,2741,84,28
<EOS>
ch 998,2741,29,28
<EOS>
<EOP>
Mit 1651,1312,46,35
dem 1704,1312,63,35
modularen 1774,1312,152,35
System 1651,1361,106,36
lässt 1764,1361,63,36
sich 1834,1361,57,36
moderner 1651,1414,138,36
Lebens¬ 1796,1414,109,36
raum 1651,1464,74,35
effizient, 1732,1464,117,35
zeit¬ 1859,1464,57,35
sparend, 1651,1517,120,35
mobil 1782,1517,77,35
und 1651,1566,53,35
kostengünstig 1715,1566,194,35
erstellen 1651,1619,120,35
– 1778,1619,14,35
ohne 1803,1619,67,35
ge¬ 1880,1619,43,35
stalterische 1651,1668,159,36
Kom¬ 1817,1668,74,36
promisse. 1651,1721,138,35
<EOS>
Die 1796,1721,46,35
räum¬ 1849,1721,84,35
liche 1651,1771,67,35
Einheit 1725,1771,95,35
von 1827,1771,53,35
Ästhetik 1651,1823,113,36
und 1771,1823,56,36
Funkti¬ 1834,1823,96,36
on, 1651,1873,46,35
von 1704,1873,53,35
industrieller 1764,1873,166,35
Standardisierung 1651,1926,240,35
und 1651,1975,53,35
Individualität, 1715,1975,186,35
die 1651,2028,42,35
den 1704,2028,49,35
Menschen 1764,2028,141,35
in 1651,2077,28,36
den 1686,2077,53,36
Mittelpunkt 1746,2077,159,36
stellt, 1651,2130,74,36
ist 1736,2130,31,36
die 1774,2130,43,36
De¬ 1827,2130,46,36
finition 1651,2180,99,35
von 1757,2180,53,35
ALHO 1817,2180,81,35
Modulgebäuden. 1651,2233,236,35
<EOS>
<EOP>
ALHO 1690,2645,74,32
Modulbau 1771,2645,130,32
www. 1715,2681,70,31
<EOS>
alho. 1785,2681,64,31
<EOS>
ch 1849,2681,31,31
<EOS>
<EOP>
