2099,2970
TEC21 109,74,89,35
20 212,74,35,35
/ 250,74,15,35
2010 268,74,71,35
NATURTHEATER 1563,67,317,45
| 1905,63,11,46
27 1937,67,46,45
<EOS>
<EOP>
08 109,1171,32,32
09 751,1171,29,32
10 1390,1171,32,32
<EOS>
<EOP>
03 109,2388,32,28
Der 148,2388,46,28
Steg 201,2388,57,28
ist 268,2388,28,28
an 307,2388,28,28
beiden 342,2388,81,28
Enden 434,2388,74,28
schwimmend 515,2388,155,28
gelagert 109,2423,106,28
und 222,2423,46,28
dazwischen 275,2423,141,28
an 423,2423,29,28
fünf 462,2423,50,28
Punkten 519,2423,98,28
aufge¬ 624,2423,82,28
lagert, 109,2458,82,29
zweimal 201,2458,95,29
mit 307,2458,35,29
vertikalen 353,2458,120,29
Stützen, 483,2458,99,29
dreimal 593,2458,91,29
auf 109,2494,39,28
Konsolen 159,2494,109,28
Schnitte: 286,2494,109,28
Autoren; 402,2494,102,28
Axonometrie: 512,2494,162,28
Gysin 109,2529,67,28
Stahl- 183,2529,78,28
und 268,2529,46,28
Apparatebau 321,2529,159,28
AG) 487,2529,46,28
08 109,2564,32,29
– 145,2564,14,29
10 162,2564,32,29
Für 201,2564,46,29
die 254,2564,35,29
Montage 300,2564,106,29
des 413,2564,42,29
Steges 462,2564,85,29
wurde 557,2564,74,29
eine 642,2564,49,29
zusätzliche 109,2600,134,28
rund 254,2600,56,28
2 318,2600,17,28
m 339,2600,17,28
breite 367,2600,74,28
Plattform 448,2600,116,28
unterhalb 572,2600,119,28
des 109,2635,43,28
Stegs 159,2635,74,28
aufgebaut. 240,2635,130,28
<EOS>
Der 377,2635,46,28
Holzbelag 430,2635,120,28
aus 557,2635,43,28
Schwei¬ 607,2635,102,28
zer 109,2670,39,28
Douglasie 155,2670,120,28
wurde 286,2670,74,28
von 370,2670,43,28
unten 420,2670,67,28
an 497,2670,29,28
die 533,2670,39,28
Stahlkon¬ 579,2670,120,28
struktion 109,2705,113,29
verschraubt 229,2705,148,29
vgl. 395,2705,42,29
<EOS>
S. 448,2705,25,29
<EOS>
28 480,2705,32,29
ff 515,2705,18,29
<EOS>
Fotos: 120,2741,74,28
F. 205,2741,17,28
<EOS>
Strässle; 233,2741,109,28
dd/ 349,2741,46,28
Red.; 395,2741,60,28
<EOS>
F. 462,2741,21,28
<EOS>
Barras) 494,2741,95,28
<EOS>
<EOP>
Diese 751,1354,75,36
zeigte, 836,1354,88,36
dass 935,1354,63,36
auch 1005,1354,67,36
ausserhalb 1083,1354,148,36
des 1238,1354,50,36
durch 1298,1354,78,36
die 1383,1354,42,36
bestehenden 1432,1354,177,36
Anker 1616,1354,81,36
gesicherten 1704,1354,159,36
Be¬ 1870,1354,46,36
reiches 751,1400,96,35
absturzgefährdete 857,1400,244,35
Felspartien 1111,1400,148,35
vorhanden 1266,1400,145,35
sind. 1418,1400,67,35
<EOS>
Da 1492,1400,39,35
zudem 1538,1400,92,35
die 1640,1400,39,35
Anker 1690,1400,77,35
von 1774,1400,50,35
1963/ 1831,1400,78,35
64 1909,1400,31,35
nicht 751,1442,64,39
mehr 826,1442,67,39
den 900,1442,53,39
heutigen 960,1442,116,39
Anforderungen 1087,1442,197,39
an 1295,1442,31,39
permanente 1337,1442,162,39
Anker 1506,1442,78,39
genügen, 1591,1442,131,39
bestand 1729,1442,109,39
unab¬ 1849,1442,77,39
hängig 751,1488,92,36
vom 854,1488,56,36
Erschliessungsprojekt 917,1488,293,36
ein 1221,1488,38,36
zwingender 1266,1488,159,36
Handlungsbedarf. 1432,1488,244,36
<EOS>
In 1683,1488,24,36
einer 1718,1488,67,36
ersten 1792,1488,85,36
Phase 1884,1488,85,36
wurden 751,1534,99,35
die 857,1534,43,35
möglichen 907,1534,141,35
Gefährdungsbilder 1055,1534,254,35
mit 1316,1534,42,35
geologischen 1365,1534,180,35
Modellen 1556,1534,123,35
ermittelt. 1686,1534,117,35
<EOS>
Das 1810,1534,53,35
Modell 1873,1534,88,35
wurde 751,1577,82,35
anhand 843,1577,99,35
eines 953,1577,70,35
3- 1030,1577,28,35
D- 1058,1577,32,35
Geländemodell 1090,1577,205,35
entwickelt, 1302,1577,141,35
die 1453,1577,39,35
Kluftfl 1503,1577,74,35
ächen 1577,1577,85,35
wurden 1669,1577,98,35
eingezeichnet, 1778,1577,194,35
miteinander 751,1622,159,36
verschnitten 917,1622,163,36
und 1090,1622,49,36
die 1150,1622,39,36
gesuchten 1199,1622,142,36
Bruchkörper 1348,1622,165,36
so 1524,1622,32,36
gefunden. 1563,1622,137,36
<EOS>
Diese 1707,1622,78,36
Modelle 1792,1622,106,36
sind 1909,1622,56,36
naturgemäss 751,1665,173,39
keine 935,1665,70,39
exakten 1012,1665,106,39
Abbildungen 1125,1665,173,39
der 1309,1665,42,39
Wirklichkeit, 1362,1665,158,39
die 1531,1665,39,39
Unsicherheiten 1580,1665,202,39
der 1789,1665,45,39
Modell¬ 1842,1665,102,39
bildungen 751,1711,134,35
wurden 893,1711,98,35
mittels 1002,1711,85,35
Sensitivitätsanalyse 1097,1711,261,35
minimiert. 1365,1711,131,35
<EOS>
Die 1506,1711,43,35
Bruchkörperanalyse 1559,1711,268,35
ist 1838,1711,28,35
die 1873,1711,43,35
Grundlage 751,1756,142,36
für 903,1756,35,36
die 945,1756,43,36
statischen 995,1756,137,36
Berechnungen, 1139,1756,209,36
in 1355,1756,24,36
denen 1386,1756,85,36
an 1478,1756,35,36
den 1520,1756,53,36
einzelnen 1580,1756,127,36
Bruchkörpern 1718,1756,183,36
die 1909,1756,42,36
Gleit- 751,1799,71,35
und 829,1799,53,35
Kippnachweise 889,1799,208,35
geführt 1104,1799,95,35
und 1210,1799,49,35
damit 1270,1799,74,35
die 1351,1799,42,35
massgebenden 1401,1799,211,35
Ankerkräfte 1619,1799,155,35
ermittelt 1782,1799,105,35
wurden. 751,1845,106,35
<EOS>
Aus 868,1845,49,35
der 928,1845,42,35
Bruchkörperanalyse 981,1845,268,35
wurden 1259,1845,99,35
die 1365,1845,43,35
nötigen 1415,1845,98,35
Massnahmen 1524,1845,180,35
zur 1711,1845,42,35
Sicherung 1760,1845,138,35
der 1905,1845,46,35
Aussichtsplattform 751,1887,247,39
abgeleitet. 1009,1887,141,39
<EOS>
Das 1157,1887,53,39
gewählte 1221,1887,120,39
Sicherungskonzept 1348,1887,257,39
resultiert 1616,1887,113,39
schliesslich 1739,1887,155,39
aus 1901,1887,50,39
mehreren 751,1933,127,35
Varianten, 885,1933,135,35
die 1027,1933,42,35
in 1076,1933,25,35
einem 1108,1933,84,35
interdisziplinären 1199,1933,226,35
Projektteam 1436,1933,155,35
diskutiert 1602,1933,120,35
wurden. 1732,1933,106,35
<EOS>
KOSTÜMIERUNG 751,2021,265,39
DER 1027,2021,67,39
ANKERKÖPFE 1101,2021,218,39
Der 751,2067,46,35
Rheinfall 808,2067,113,35
ist 931,2067,29,35
im 970,2067,32,35
Bundesinventar 1009,2067,208,35
der 1228,2067,42,35
Landschaften 1281,2067,183,35
und 1471,2067,53,35
Naturdenkmäler 1531,2067,215,35
von 1753,2067,50,35
nationaler 1810,2067,130,35
Bedeutung 751,2109,149,39
BLN) 917,2109,67,39
aufgeführt. 995,2109,144,39
<EOS>
Daher 1147,2109,81,39
wurde 1238,2109,81,39
das 1326,2109,53,39
Projekt 1386,2109,92,39
eng 1485,2109,53,39
von 1545,2109,50,39
der 1602,2109,45,39
Eidgenössischen 1655,2109,229,39
Natur¬ 1894,2109,89,39
und 751,2155,50,35
Heimatschutzkommission 811,2155,339,35
ENHK) 1171,2155,88,35
begleitet 1270,2155,116,35
und 1393,2155,53,35
auf 1453,2155,43,35
Übereinstimmung 1503,2155,240,35
mit 1750,2155,39,35
dem 1799,2155,60,35
Umwelt¬ 1866,2155,110,35
schutzrecht 751,2201,156,35
geprüft 914,2201,98,35
und 1020,2201,52,35
bewilligt. 1080,2201,119,35
<EOS>
Die 1207,2201,45,35
Sanierungsmassnahmen 1259,2201,332,35
beinhalten 1598,2201,141,35
31 1746,2201,36,35
vorgespannte 1789,2201,183,35
Anker, 751,2243,85,36
die 843,2243,42,36
bis 893,2243,38,36
zu 942,2243,32,36
20 981,2243,35,36
m 1020,2243,24,36
in 1051,2243,25,36
den 1083,2243,53,36
Fels 1143,2243,56,36
gebohrt 1207,2243,105,36
wurden, 1319,2243,110,36
sowie 1436,2243,77,36
53 1520,2243,32,36
ungespannte 1563,2243,176,36
Anker, 1746,2243,85,36
lokale 1838,2243,81,36
armierte 751,2289,110,35
Spritzbetonplomben 871,2289,268,35
und 1150,2289,49,35
ein 1210,2289,39,35
Steinschlagnetz. 1256,2289,222,35
<EOS>
Da 1489,2289,35,35
der 1535,2289,42,35
hydrostatische 1588,2289,194,35
Druck 1792,2289,78,35
in 1880,2289,21,35
wasserführenden 751,2331,230,39
Klüften 991,2331,92,39
eine 1090,2331,57,39
für 1157,2331,35,39
die 1199,2331,43,39
Stabilität 1249,2331,116,39
massgebende 1372,2331,194,39
Grösse 1573,2331,96,39
darstellt, 1679,2331,113,39
wurden 1803,2331,98,39
zur 1909,2331,42,39
Verminderung 751,2377,187,36
respektive 949,2377,138,36
zur 1094,2377,42,36
Limitierung 1143,2377,148,36
des 1298,2377,53,36
maximalen 1358,2377,145,36
Wasserdruckes 1510,2377,208,36
im 1725,2377,32,36
unteren 1764,2377,102,36
Bereich 1873,2377,106,36
der 751,2423,43,35
Felswand 804,2423,127,35
Drainagebohrungen 942,2423,268,35
angeordnet. 1217,2423,162,35
<EOS>
Damit 1390,2423,78,35
der 1475,2423,45,35
Eingriff 1528,2423,95,35
in 1630,2423,25,35
die 1662,2423,42,35
Natur 1711,2423,74,35
so 1792,2423,32,35
unsichtbar 1834,2423,142,35
wie 751,2466,43,35
möglich 804,2466,106,35
ausfällt, 917,2466,106,35
wurden 1030,2466,99,35
die 1139,2466,39,35
Ankerköpfe 1189,2466,152,35
dem 1351,2466,57,35
anstehenden 1418,2466,173,35
Fels 1602,2466,53,35
so 1665,2466,32,35
gut 1704,2466,42,35
wie 1757,2466,42,35
möglich 1810,2466,106,35
angepasst. 751,2511,149,36
<EOS>
Ihre 910,2511,50,36
Oberfl 967,2511,84,36
ächen 1051,2511,85,36
wurden 1143,2511,99,36
gar 1252,2511,43,36
durch 1305,2511,78,36
einen 1390,2511,74,36
Steinmetz 1471,2511,131,36
bearbeitet 1612,2511,134,36
und 1757,2511,49,36
der 1817,2511,46,36
Beton 1870,2511,77,36
mit 751,2554,39,39
Pigmenten 797,2554,145,39
versehen, 949,2554,134,39
damit 1090,2554,74,39
er 1175,2554,24,39
farblich 1210,2554,99,39
dem 1316,2554,60,39
Fels 1386,2554,53,39
ähnelt. 1446,2554,92,39
<EOS>
Thomas 751,2649,92,32
Eisenlohr, 850,2649,120,32
Dr. 977,2649,39,32
<EOS>
Sc. 1023,2649,39,32
<EOS>
Nat. 1069,2649,49,32
<EOS>
ETH, 1125,2649,57,32
Geologe, 1189,2649,102,32
Dr. 1298,2649,36,32
<EOS>
Heinrich 1344,2649,99,32
Jäckli 1450,2649,67,32
AG, 1524,2649,42,32
Zürich; 1573,2649,89,32
eisenlohr@ 1669,2649,130,32
jaeckli. 1799,2649,81,32
<EOS>
ch 1880,2649,29,32
Andrea 751,2695,89,32
Wittel, 847,2695,81,32
dipl. 935,2695,49,32
<EOS>
Bauingenieurin, 991,2695,187,32
Ernst 1185,2695,67,32
Basler 1259,2695,78,32
+ 1344,2695,18,32
Partner 1369,2695,95,32
AG, 1468,2695,45,32
Zürich; 1520,2695,85,32
andrea. 1612,2695,95,32
<EOS>
wittel@ 1707,2695,85,32
ebp. 1792,2695,50,32
<EOS>
ch 1842,2695,28,32
Patric 751,2741,75,28
Fischli- 833,2741,91,28
Boson, 924,2741,81,28
dipl. 1012,2741,50,28
<EOS>
Bauingenieur, 1069,2741,162,28
Ernst 1238,2741,67,28
Basler 1312,2741,78,28
+ 1393,2741,18,28
Partner 1418,2741,95,28
AG, 1517,2741,46,28
Zürich; 1570,2741,85,28
patric. 1662,2741,77,28
<EOS>
fi 1739,2741,14,28
schli- 1753,2741,67,28
boson@ 1820,2741,89,28
ebp. 1909,2741,49,28
<EOS>
ch 1958,2741,28,28
<EOS>
<EOP>
