2099,2970
TEC21 109,74,89,35
20 212,74,35,35
/ 250,74,15,35
2010 268,74,71,35
<EOS>
<EOP>
SIA 109,247,156,95
118 293,247,141,95
- 462,236,53,102
DER 540,247,169,95
UN) 766,247,144,95
BEKANNTE 910,247,438,95
KLASSIKER 1376,247,476,95
<EOS>
<EOP>
| 1905,63,11,46
33 1937,67,46,45
<EOS>
<EOP>
SIA- 1411,2434,74,35
FORM- 1485,2434,113,35
KURS: 1598,2434,99,35
« 1411,2473,18,35
SIA 1429,2473,60,35
118 1499,2473,60,35
IN 1570,2473,35,35
DER 1616,2473,67,35
PRAXIS 1693,2473,124,35
» 1817,2473,21,35
– 1411,2511,14,29
Datum 1432,2511,78,29
und 1517,2511,42,29
Ort: 1566,2511,50,29
10./ 1623,2511,53,29
<EOS>
11. 1676,2511,35,29
<EOS>
Juni, 1718,2511,56,29
Engadin 1782,2511,95,29
– 1411,2543,14,32
Kurscode: 1432,2543,117,32
AB40- 1556,2543,77,32
10 1633,2543,29,32
– 1411,2578,14,29
Referent: 1432,2578,113,29
Peter 1552,2578,67,29
Rechsteiner, 1623,2578,148,29
Rechtsanwalt 1778,2578,159,29
– 1411,2610,14,32
Kosten: 1432,2610,88,32
Firmenmitglieder 1528,2610,197,32
680 1732,2610,46,32
Fr., 1785,2610,42,32
<EOS>
Persönliche 1834,2610,135,32
Mitglieder 1411,2645,117,29
830 1535,2645,45,29
Fr., 1588,2645,38,29
<EOS>
Nicht- 1633,2645,74,29
Mitglieder 1707,2645,117,29
975 1831,2645,46,29
Fr. 1884,2645,32,29
<EOS>
– 1411,2677,14,32
Kontakt 1432,2677,88,32
und 1528,2677,42,32
Infos: 1577,2677,67,32
Tel. 1651,2677,39,32
<EOS>
044 1697,2677,46,32
283 1750,2677,42,32
15 1803,2677,28,32
58, 1838,2677,39,32
form@ 1411,2712,71,29
sia. 1482,2712,42,29
<EOS>
ch, 1524,2712,35,29
www. 1566,2712,64,29
<EOS>
sia. 1630,2712,42,29
<EOS>
ch/ 1672,2712,39,29
form 1711,2712,56,29
<EOS>
<EOP>
Seit 109,377,67,39
1994 191,377,81,39
führt 289,377,81,39
Rechtsanwalt 388,377,219,39
Peter 621,377,92,39
Rechsteiner 109,419,194,43
Planer, 314,419,113,43
Bauherrschaft 437,419,237,43
en 674,419,35,43
und 109,465,60,39
Unternehmer 191,465,215,39
in 427,465,28,39
die 476,465,50,39
Prinzipien 547,465,162,39
der 109,511,57,39
Norm 180,511,88,39
SIA 286,511,60,39
118 363,511,60,39
« 441,511,18,39
Allgemeine 459,511,176,39
Be¬ 653,511,56,39
dingungen 109,553,166,43
für 289,553,50,43
Bauarbeiten 349,553,201,43
» 550,553,18,43
ein. 582,553,57,43
<EOS>
Der 653,553,60,43
Auslöser 109,599,141,39
dazu 258,599,77,39
war 342,599,64,39
die 413,599,46,39
überraschende 469,599,240,39
Erkenntnis, 109,642,184,42
dass 314,642,74,42
viele 406,642,74,42
Baupraktiker 501,642,212,42
den 109,688,60,38
Inhalt 180,688,95,38
dieser 286,688,102,38
Norm 395,688,88,38
kaum 494,688,81,38
kennen, 586,688,123,38
obschon 109,733,131,39
sie 254,733,46,39
in 310,733,29,39
der 349,733,57,39
Baupraxis 416,733,163,39
tagtäg¬ 589,733,120,39
lich 109,776,57,42
verwendet 176,776,170,42
wird. 356,776,81,42
<EOS>
sl) 120,871,32,32
Im 180,867,32,36
Juni 226,867,56,36
fi 296,867,14,36
ndet 310,867,60,36
der 385,867,42,36
SIA- 441,867,56,36
Form- 497,867,82,36
Kurs 579,867,60,36
‹ 653,867,10,36
SIA 663,867,46,36
118 109,910,50,39
in 169,910,25,39
der 205,910,45,39
Praxis› 261,910,92,39
bereits 363,910,92,39
zum 466,910,56,39
40. 533,910,42,39
<EOS>
Mal 586,910,49,39
statt. 646,910,63,39
<EOS>
Worauf 109,956,96,35
führen 215,956,85,35
Sie 307,956,42,35
die 360,956,42,35
stetig 409,956,74,35
grosse 494,956,92,35
Nachfra¬ 593,956,116,35
ge 109,998,36,39
zurück? 152,998,106,39
<EOS>
Die 109,1044,46,35
Nachfrage 166,1044,141,35
ergibt 321,1044,78,35
sich 409,1044,57,35
aus 476,1044,46,35
der 536,1044,43,35
enormen 593,1044,116,35
Bedeutung 109,1090,149,35
der 272,1090,46,35
SIA- 332,1090,56,35
Norm 388,1090,74,35
118 476,1090,50,35
für 540,1090,35,35
die 593,1090,38,35
Bau¬ 649,1090,60,35
praxis. 109,1132,92,35
<EOS>
Die 215,1132,46,35
überwiegende 275,1132,191,35
Anzahl 483,1132,89,35
der 589,1132,42,35
Bau¬ 649,1132,60,35
projekte 109,1178,110,35
in 229,1178,25,35
der 268,1178,46,35
Schweiz 325,1178,112,35
wird 452,1178,56,35
auf 519,1178,42,35
der 575,1178,46,35
recht¬ 631,1178,78,35
lichen 109,1220,82,39
Basis 201,1220,71,39
dieser 282,1220,85,39
Norm 377,1220,75,39
abgewickelt. 462,1220,169,39
<EOS>
Dazu 642,1220,67,39
kommt, 109,1266,99,35
dass 226,1266,63,35
sich, 310,1266,64,35
aufgrund 392,1266,120,35
der 529,1266,46,35
seit 593,1266,49,35
den 660,1266,49,35
1990er- 109,1312,103,35
Jahren 212,1312,91,35
zunehmend 310,1312,159,35
härteren 480,1312,109,35
Gangart 600,1312,109,35
im 109,1354,32,36
Bauwesen, 159,1354,148,36
die 325,1354,42,36
Parteien 385,1354,109,36
vermehrt 512,1354,119,36
über 649,1354,60,36
ihre 109,1400,50,35
Rechte 173,1400,95,35
und 279,1400,53,35
Pfl 342,1400,35,35
ichten 377,1400,82,35
im 473,1400,28,35
Rahmen 515,1400,113,35
eines 639,1400,70,35
Bauprojektes 109,1442,177,39
informieren 293,1442,152,39
wollen. 452,1442,95,39
<EOS>
Glauben 109,1534,117,35
Sie, 240,1534,49,35
dass 303,1534,64,35
die 385,1534,38,35
Notwendigkeit 441,1534,190,35
juris¬ 646,1534,63,35
tischer 109,1577,92,38
Normenwerke 212,1577,187,38
aufgrund 409,1577,120,38
der 543,1577,43,38
härteren 600,1577,109,38
Rahmenbedingungen 109,1622,293,36
in 420,1622,25,36
der 462,1622,46,36
Bauwirtschaft 529,1622,180,36
ganz 109,1665,67,39
allgemein 183,1665,131,39
zugenommen 325,1665,179,39
hat? 515,1665,57,39
<EOS>
Nein. 109,1711,71,35
<EOS>
Rechtsnormen 187,1711,194,35
waren 392,1711,81,35
immer 480,1711,84,35
notwendig 572,1711,137,35
und 109,1756,53,36
hatten 169,1756,85,36
beim 261,1756,67,36
SIA 335,1756,46,36
seit 392,1756,45,36
je 445,1756,24,36
einen 476,1756,74,36
hohen 557,1756,85,36
Stel¬ 649,1756,60,36
lenwert, 109,1799,106,35
doch 229,1799,67,35
werden 307,1799,99,35
sie 420,1799,39,35
jetzt 469,1799,57,35
vermehrt 536,1799,120,35
zur 670,1799,39,35
Kenntnis 109,1845,117,35
genommen. 236,1845,159,35
<EOS>
Welchen 109,1933,117,35
Stellenwert 233,1933,148,35
nimmt 388,1933,81,35
die 476,1933,43,35
SIA 526,1933,46,35
118 579,1933,49,35
inner¬ 635,1933,74,35
halb 109,1979,60,35
des 176,1979,50,35
SIA- 236,1979,57,35
Normenwerks 293,1979,183,35
ein? 483,1979,57,35
<EOS>
Die 109,2021,46,35
Norm 169,2021,74,35
SIA 258,2021,45,35
118 321,2021,49,35
bildet 385,2021,74,35
die 473,2021,42,35
Basis 529,2021,74,35
für 617,2021,36,35
die 670,2021,39,35
neue 109,2067,67,35
SIA- 198,2067,56,35
Normenserie 254,2067,173,35
Allgemeine 452,2067,148,35
Bedin¬ 621,2067,88,35
gungen 109,2109,103,39
Bau 229,2109,53,39
ABB). 310,2109,78,39
<EOS>
Sie 406,2109,42,39
bildet 466,2109,74,39
mindestens 557,2109,152,39
implizit 109,2155,96,35
aber 212,2155,60,35
auch 279,2155,67,35
die 353,2155,42,35
Basis 402,2155,74,35
für 483,2155,36,35
die 526,2155,38,35
Umschrei¬ 572,2155,137,35
bung 109,2201,71,35
von 198,2201,45,35
Leistungen 261,2201,148,35
von 427,2201,46,35
Architekten 490,2201,152,35
und 660,2201,49,35
Ingenieuren. 109,2243,170,36
<EOS>
Weshalb 109,2331,117,39
braucht 236,2331,103,39
die 349,2331,43,39
Baubranche 402,2331,166,39
zusätzlich 579,2331,130,39
zum 109,2377,57,36
Obligationenrecht 183,2377,240,36
OR) 448,2377,53,36
eine 519,2377,56,36
separate 593,2377,116,36
Norm? 109,2423,89,35
<EOS>
Der 109,2466,50,35
Werkvertrag 173,2466,162,35
ist 353,2466,28,35
im 399,2466,31,35
OR 445,2466,42,35
in 504,2466,22,35
nur 543,2466,43,35
rund 600,2466,63,35
17 677,2466,32,35
Artikeln 109,2511,103,36
geregelt 226,2511,109,36
Art. 360,2511,46,36
<EOS>
363 420,2511,49,36
bis 483,2511,43,36
379), 536,2511,71,36
die 621,2511,42,36
für 674,2511,35,36
viele 109,2554,64,39
Branchen 180,2554,130,39
gelten. 318,2554,91,39
<EOS>
Die 420,2554,42,39
SIA- 473,2554,56,39
Norm 529,2554,74,39
118 610,2554,50,39
hat 670,2554,39,39
190 109,2600,50,35
Artikel, 173,2600,92,35
welche 282,2600,92,35
die 388,2600,42,35
Bestimmungen 445,2600,201,35
des 660,2600,49,35
OR 109,2645,43,36
dort 162,2645,53,36
ergänzen, 222,2645,134,36
wo 367,2645,39,36
das 413,2645,49,36
Gesetz 473,2645,91,36
keine, 575,2645,78,36
ins¬ 663,2645,46,36
besondere 109,2688,145,35
sehr 261,2688,60,35
bauspezifi 328,2688,138,35
sche, 466,2688,74,35
Regelungen 547,2688,162,35
enthält. 109,2734,99,35
<EOS>
Andererseits 226,2734,169,35
ändert 416,2734,85,35
die 519,2734,42,35
SIA- 582,2734,57,35
Norm 639,2734,70,35
<EOS>
<EOP>
118 751,377,50,35
das 811,377,50,35
OR 871,377,43,35
und 924,377,53,35
teilweise 988,377,116,35
auch 1115,377,63,35
das 1192,377,50,35
Zivilge¬ 1252,377,99,35
setzbuch 751,423,120,35
ZGB) 903,423,71,35
in 995,423,21,35
erheblicher 1037,423,148,35
Weise. 1207,423,88,35
<EOS>
So 1316,423,35,35
weicht 751,465,85,36
das 843,465,50,36
Abnahmeprozedere 903,465,265,36
stark 1175,465,67,36
von 1249,465,49,36
der 1305,465,46,36
OR- 751,511,53,35
Regelung 804,511,127,35
ab, 942,511,46,35
ebenso 998,511,99,35
die 1108,511,42,35
Vergütungsre¬ 1161,511,190,35
gelungen 751,553,124,39
und 893,553,52,39
teilweise 960,553,116,39
die 1090,553,42,39
Beweislast 1150,553,141,39
bei 1309,553,42,39
der 751,599,43,36
Haftung 808,599,106,36
für 924,599,36,36
Mängel 970,599,102,36
von 1083,599,49,36
Art. 1143,599,46,36
<EOS>
8 1203,599,14,36
ZGB. 1231,599,71,36
<EOS>
Da 1312,599,39,36
diese 751,645,71,35
Änderungen 829,645,166,35
für 1002,645,35,35
die 1044,645,43,35
Bauherrschaft 1094,645,187,35
oder 1288,645,63,35
den 751,688,50,35
Unternehmer 815,688,176,35
oft 1005,688,32,35
von 1051,688,50,35
Vorteil 1115,688,81,35
sind 1210,688,56,35
– 1281,688,14,35
ich 1309,688,42,35
denke 751,733,82,36
da 850,733,35,36
beispielsweise 907,733,194,36
an 1122,733,32,36
die 1171,733,43,36
längeren 1231,733,120,36
Fris 751,776,46,39
ten 797,776,43,39
bei 857,776,43,39
der 917,776,46,39
Mängelrüge 981,776,162,39
oder 1161,776,63,39
die 1242,776,42,39
Ab¬ 1302,776,49,39
schlagszahlungen, 751,822,251,35
ist 1012,822,32,35
der 1055,822,46,35
Einbezug 1111,822,127,35
der 1249,822,42,35
SIA 1302,822,49,35
118 751,867,50,36
unbedingt 808,867,137,36
und 953,867,52,36
in 1012,867,25,36
jedem 1044,867,85,36
Fall 1136,867,46,36
anzuraten. 1192,867,142,36
<EOS>
Trotz 751,956,64,35
der 826,956,42,35
umfangreichen 878,956,202,35
Präzisierungen 1090,956,201,35
von 1302,956,49,35
Vertragsbedingungen 751,998,290,39
durch 1062,998,77,39
die 1157,998,42,39
SIA- 1221,998,56,39
Norm 1277,998,74,39
118 751,1044,50,35
sind 818,1044,57,35
Missverständnisse 896,1044,247,35
in 1161,1044,24,35
der 1203,1044,46,35
Praxis 1270,1044,81,35
nicht 751,1090,64,35
selten. 822,1090,88,35
<EOS>
Missverständnisse 751,1132,247,35
sind 1009,1132,56,35
oft 1076,1132,35,35
darauf 1122,1132,85,35
zurückzu¬ 1217,1132,141,35
führen, 751,1178,92,35
dass 864,1178,64,35
die 949,1178,42,35
SIA- 1012,1178,57,35
Norm 1069,1178,74,35
118 1164,1178,50,35
mangels 1235,1178,116,35
Kenntnis 751,1220,117,39
ihres 885,1220,64,39
Inhalts 970,1220,88,39
unprofessionell 1080,1220,201,39
ver¬ 1302,1220,49,39
wendet 751,1266,96,35
wird, 864,1266,64,35
etwa 945,1266,60,35
indem 1023,1266,81,35
in 1122,1266,25,35
den 1161,1266,53,35
Vertrags¬ 1228,1266,123,35
bestandteilen 751,1312,180,35
zusätzlich 949,1312,131,35
zur 1097,1312,42,35
SIA- 1154,1312,56,35
Norm 1210,1312,74,35
118 1302,1312,49,35
neue 751,1354,64,36
Begriffe 836,1354,106,36
eingeführt 963,1354,134,36
werden, 1118,1354,106,36
die 1245,1354,43,36
nir¬ 1309,1354,42,36
gends 751,1400,85,35
defi 847,1400,49,35
niert 896,1400,60,35
sind. 967,1400,63,35
<EOS>
Ein 1041,1400,42,35
Beispiel: 1094,1400,116,35
Die 1221,1400,45,35
Norm 1277,1400,74,35
enthält 751,1442,89,39
die 857,1442,43,39
Begriffe 917,1442,106,39
‹ 1041,1442,14,39
Inbetriebnahme›, 1055,1442,229,39
‹ 1302,1442,14,39
In¬ 1316,1442,35,39
gebrauchnahme›, 751,1488,240,36
‹ 1002,1488,10,36
Abnahme› 1012,1488,142,36
und 1164,1488,50,36
‹ 1224,1488,11,36
Schluss¬ 1235,1488,116,36
prüfung› 751,1534,117,35
mit 882,1534,42,35
jeweils 942,1534,88,35
eindeutiger 1048,1534,151,35
Defi 1217,1534,53,35
nition. 1270,1534,81,35
<EOS>
Wenn 751,1577,75,35
nun 833,1577,49,35
in 889,1577,25,35
Vertragsunterlagen 921,1577,254,35
ohne 1182,1577,67,35
weitere 1252,1577,99,35
Erklärung 751,1622,127,36
Begriffe 896,1622,106,36
wie 1020,1622,45,36
‹ 1087,1622,10,36
provisorische 1097,1622,180,36
Prü¬ 1295,1622,56,36
fung›, 751,1665,78,39
‹ 875,1665,10,39
Trockenabnahme›, 885,1665,251,39
‹ 1178,1665,14,39
Probetrieb›, 1192,1665,159,39
‹ 751,1711,11,35
Nassabnahme› 762,1711,205,35
und 977,1711,50,35
‹ 1037,1711,11,35
Schlussabnahme› 1048,1711,243,35
ein¬ 1302,1711,49,35
geführt 751,1756,96,36
werden, 861,1756,106,36
ist 984,1756,28,36
vollkommen 1027,1756,162,36
unklar, 1203,1756,88,36
wie 1305,1756,46,36
sich 751,1799,53,35
diese 818,1799,75,35
Begriffe 907,1799,102,35
zu 1027,1799,28,35
denjenigen 1069,1799,152,35
der 1235,1799,46,35
SIA¬ 1295,1799,56,35
Norm 751,1845,71,35
118 833,1845,49,35
verhalten. 889,1845,131,35
<EOS>
Wann 1027,1845,77,35
beginnt 1111,1845,103,35
beispiels¬ 1221,1845,130,35
weise 751,1887,75,39
im 847,1887,31,39
geschilderten 896,1887,184,39
Fall 1097,1887,50,39
die 1164,1887,43,39
Garantie¬ 1224,1887,134,39
beziehungsweise 751,1933,233,35
die 1012,1933,39,35
Verjährungsfrist 1083,1933,208,35
zu 1319,1933,32,35
laufen? 751,1979,96,35
<EOS>
Müsste 751,2067,96,35
man 854,2067,60,35
Ihrer 921,2067,63,35
Ansicht 991,2067,99,35
nach 1101,2067,67,35
zur 1175,2067,42,35
besseren 1228,2067,123,35
Kenntnisnahme 751,2109,205,39
der 967,2109,45,39
SIA- 1020,2109,56,39
Norm 1076,2109,74,39
118 1161,2109,49,39
diese 1217,2109,74,39
ver¬ 1302,2109,49,39
mehrt 751,2155,75,35
auch 840,2155,67,35
schon 917,2155,81,35
während 1012,2155,117,35
der 1139,2155,46,35
Ausbildung 1196,2155,155,35
vermitteln? 751,2201,145,35
<EOS>
Eindeutig. 751,2243,134,36
<EOS>
Und 896,2243,57,36
zwar 963,2243,64,36
nicht 1037,2243,64,36
nur 1115,2243,42,36
die 1168,2243,42,36
SIA- 1221,2243,56,36
Norm 1277,2243,74,36
118, 751,2289,57,35
sondern 826,2289,112,35
auch 956,2289,67,35
die 1041,2289,42,35
anderen 1101,2289,109,35
vertrags¬ 1231,2289,120,35
rechtlichen 751,2331,145,39
Ordnungen 921,2331,151,39
des 1097,2331,50,39
SIA 1171,2331,46,39
wie 1242,2331,42,39
die 1309,2331,42,39
Leistungs- 751,2377,138,36
und 903,2377,50,36
Honorarordnungen 967,2377,250,36
102, 1231,2377,57,36
103 1302,2377,49,36
und 751,2423,50,35
das 811,2423,50,35
Leistungsmodell 868,2423,219,35
112. 1097,2423,57,35
<EOS>
Die 751,2511,43,36
SIA- 811,2511,53,36
Norm 864,2511,74,36
118 953,2511,49,36
ist 1020,2511,28,36
sehr 1065,2511,57,36
breit 1136,2511,60,36
akzeptiert, 1210,2511,141,36
und 751,2554,50,39
die 811,2554,39,39
geplante 861,2554,116,39
Revision 988,2554,113,39
soll 1108,2554,46,39
nur 1161,2554,46,39
einen 1214,2554,74,39
klei¬ 1295,2554,56,39
nen 751,2600,50,35
Teil 815,2600,42,35
betreffen. 875,2600,127,35
<EOS>
Sehen 1016,2600,85,35
Sie 1118,2600,39,35
dennoch 1175,2600,116,35
Lü¬ 1305,2600,46,35
cken 751,2645,64,36
oder 822,2645,63,36
Unstimmigkeiten 893,2645,222,36
in 1125,2645,22,36
der 1157,2645,42,36
Norm? 1210,2645,88,36
<EOS>
Es 751,2688,32,35
gibt 794,2688,53,35
einzelne 861,2688,109,35
Aspekte, 984,2688,117,35
die 1111,2688,43,35
einer 1168,2688,67,35
Klärung 1245,2688,106,35
bedürften: 751,2734,138,35
Gelten 900,2734,88,35
beispielsweise 998,2734,194,35
die 1203,2734,42,35
Regeln 1256,2734,95,35
<EOS>
<EOP>
über 1390,377,60,35
Bestellungsänderungen 1492,377,318,35
auch 1849,377,67,35
für 1954,377,36,35
‹ 1390,423,11,35
schlichte 1401,423,119,35
Mengenänderungen› 1531,423,282,35
<EOS>
Wann 1849,423,74,35
liegt 1933,423,57,35
eine 1390,465,56,36
Bestellungsänderung 1457,465,286,36
vor 1757,465,42,36
und 1810,465,53,36
wann 1873,465,71,36
le¬ 1958,465,32,36
diglich 1390,511,88,35
eine 1489,511,56,35
Präzisierung 1556,511,166,35
der 1732,511,46,35
ursprünglichen 1789,511,201,35
Vertragsvereinbarung? 1390,553,303,39
<EOS>
Wie 1700,553,50,39
werden 1757,553,99,39
die 1863,553,38,39
Nach¬ 1909,553,81,39
tragspreise 1390,599,152,36
im 1559,599,32,36
Fall 1609,599,46,36
einer 1672,599,67,36
Bestellungsände¬ 1757,599,233,36
rung 1390,645,60,35
berechnet? 1468,645,148,35
<EOS>
Was 1633,645,57,35
sind 1704,645,56,35
die 1778,645,39,35
Folgen 1834,645,92,35
des 1940,645,50,35
Gläubigerverzugs, 1390,688,247,35
zum 1644,688,56,35
Beispiel 1711,688,106,35
in 1824,688,25,35
Bezug 1856,688,84,35
auf 1947,688,43,35
Mehrvergütung? 1390,733,219,36
<EOS>
Die 1390,822,46,35
KBOB 1450,822,81,35
arbeitet 1549,822,98,35
zurzeit 1665,822,88,35
an 1767,822,32,35
eigenen 1817,822,106,35
Ver¬ 1937,822,53,35
tragswerken. 1390,867,173,36
<EOS>
Sind 1584,867,60,36
solche 1662,867,88,36
notwendig, 1771,867,148,36
und 1940,867,50,36
wenn 1390,910,71,39
ja, 1468,910,31,39
weshalb? 1506,910,127,39
<EOS>
Manche 1640,910,106,39
Kreise 1753,910,85,39
befürchten 1845,910,145,39
eine 1390,956,56,35
Benachteiligung 1457,956,215,35
der 1683,956,46,35
Anbieterseite. 1736,956,187,35
<EOS>
Sind 1930,956,60,35
solche 1390,998,88,39
Befürchtungen 1485,998,198,39
gerechtfertigt? 1693,998,194,39
<EOS>
Das 1390,1044,53,35
Motiv 1450,1044,70,35
für 1528,1044,35,35
die 1570,1044,42,35
KBOB- 1619,1044,92,35
Vertragswerke 1711,1044,194,35
ist 1912,1044,28,35
die 1947,1044,43,35
bundesinterne 1390,1090,194,35
Vereinheitlichung. 1612,1090,237,35
<EOS>
Das 1877,1090,53,35
ist 1961,1090,29,35
nachvollziehbar 1390,1132,212,35
und 1612,1132,50,35
richtig. 1672,1132,92,35
<EOS>
Indem 1774,1132,85,35
der 1866,1132,46,35
Wild¬ 1923,1132,67,35
wuchs 1390,1178,85,35
ausgemerzt 1496,1178,155,35
wird, 1669,1178,67,35
bringt 1753,1178,78,35
dies 1849,1178,56,35
auch 1923,1178,67,35
Vorteile 1390,1220,99,39
für 1503,1220,35,39
die 1556,1220,42,39
Anbieterseite. 1612,1220,184,39
<EOS>
Nachteile 1813,1220,127,39
für 1954,1220,36,39
die 1390,1266,42,35
Anbieterseite 1443,1266,176,35
kann 1633,1266,64,35
ich 1711,1266,39,35
momentan 1764,1266,141,35
keine 1919,1266,71,35
entdecken. 1390,1312,148,35
<EOS>
Zum 1390,1400,60,35
Abschluss: 1461,1400,148,35
Ein 1619,1400,39,35
Beispiel 1669,1400,109,35
aus 1785,1400,49,35
der 1845,1400,46,35
Praxis, 1901,1400,89,35
das 1390,1442,49,39
Sie 1450,1442,39,39
nie 1499,1442,39,39
vergessen 1545,1442,141,39
werden? 1693,1442,117,39
<EOS>
Ein 1390,1488,42,36
Fall 1439,1488,46,36
eines 1496,1488,70,36
privaten 1573,1488,110,36
Bauherrn, 1690,1488,134,36
der 1831,1488,46,36
kurz 1884,1488,56,36
vor 1947,1488,43,36
Weihnachten 1390,1534,173,35
einen 1577,1534,74,35
gravierenden 1665,1534,177,35
Werkman¬ 1856,1534,134,35
gel 1390,1577,42,35
entdeckt 1443,1577,116,35
hatte. 1570,1577,77,35
<EOS>
Er 1658,1577,28,35
wollte 1697,1577,77,35
dem 1785,1577,60,35
Unterneh¬ 1856,1577,134,35
mer 1390,1622,53,36
die 1457,1622,42,36
Festtage 1513,1622,117,36
nicht 1647,1622,64,36
verderben 1729,1622,137,36
und 1880,1622,53,36
hat 1947,1622,43,36
ihm 1390,1665,49,39
daher 1446,1665,78,39
erst 1535,1665,49,39
Mitte 1591,1665,64,39
Januar 1665,1665,92,39
eine 1764,1665,56,39
Mängelrüge 1827,1665,163,39
geschickt. 1390,1711,138,35
<EOS>
Ich 1542,1711,42,35
erhielt 1598,1711,85,35
die 1697,1711,42,35
Kopie 1753,1711,78,35
und 1845,1711,53,35
stellte 1912,1711,78,35
fest, 1390,1756,56,36
dass 1461,1756,67,36
die 1542,1756,38,36
SIA- 1595,1756,56,36
Norm 1655,1756,70,36
118 1739,1756,53,36
gar 1806,1756,43,36
nicht 1863,1756,67,36
Be¬ 1944,1756,46,36
standteil 1390,1799,113,35
des 1524,1799,49,35
Vertrags 1595,1799,112,35
gewesen 1725,1799,124,35
war. 1866,1799,57,35
<EOS>
Der 1940,1799,50,35
Bauherr 1390,1845,106,35
hätte 1513,1845,67,35
also 1598,1845,53,35
nur 1669,1845,46,35
eine 1732,1845,57,35
Rügefrist 1806,1845,120,35
von 1940,1845,50,35
rund 1390,1887,60,39
einer 1468,1887,67,39
Woche 1549,1887,91,39
gehabt, 1658,1887,102,39
die 1774,1887,43,39
er 1834,1887,25,39
verpasst 1877,1887,113,39
hatte. 1390,1933,74,35
<EOS>
Der 1478,1933,50,35
Unternehmer 1542,1933,173,35
ging 1729,1933,60,35
wie 1803,1933,42,35
selbstver¬ 1859,1933,131,35
ständlich 1390,1979,120,35
davon 1520,1979,82,35
aus, 1612,1979,57,35
dass 1679,1979,64,35
die 1750,1979,42,35
SIA- 1803,1979,56,35
Norm 1859,1979,71,35
118 1940,1979,50,35
mit 1390,2021,39,35
der 1446,2021,46,35
längeren 1506,2021,117,35
Rügefrist 1640,2021,120,35
anwendbar 1778,2021,148,35
sei, 1944,2021,46,35
und 1390,2067,53,35
hat 1453,2067,43,35
den 1510,2067,53,35
Mangel 1573,2067,103,35
anstandslos 1686,2067,163,35
behoben. 1863,2067,127,35
<EOS>
Das 1390,2109,53,39
zeigt 1453,2109,67,39
schön, 1531,2109,92,39
wie 1633,2109,46,39
die 1690,2109,42,39
SIA- 1746,2109,57,39
Norm 1803,2109,70,39
118 1887,2109,50,39
die 1947,2109,43,39
Praxis 1390,2155,81,35
oft 1482,2155,35,35
auch 1528,2155,67,35
in 1605,2155,21,35
Fällen 1640,2155,78,35
prägt, 1732,2155,78,35
in 1820,2155,25,35
denen 1856,2155,84,35
sie 1951,2155,39,35
rechtlich 1390,2201,113,35
gesehen 1510,2201,116,35
gar 1633,2201,46,35
nicht 1686,2201,67,35
anwendbar 1760,2201,149,35
wäre. 1919,2201,71,35
<EOS>
<EOS>
<EOP>
