2099,2970
20 106,67,46,45
| 176,63,11,46
NATURTHEATER 208,67,318,45
TEC21 1760,74,85,35
20 1863,74,35,35
/ 1901,74,15,35
2010 1919,74,71,35
<EOS>
<EOP>
bleiben 751,1220,99,39
niedrig, 857,1220,103,39
so 967,1220,31,39
vermeiden 1009,1220,141,39
die 1157,1220,42,39
Landschaftsarchitekten 1210,1220,310,39
geschickt 1528,1220,130,39
den 1669,1220,49,39
Zwang, 1729,1220,98,39
die 1834,1220,43,39
häss¬ 1884,1220,74,39
lichen 751,1266,78,35
Fallschutzbeläge 840,1266,225,35
anlegen 1076,1266,106,35
zu 1192,1266,32,35
müssen, 1231,1266,113,35
die 1355,1266,38,35
Sicherheitsvorschriften 1404,1266,303,35
heute 1718,1266,74,35
fordern. 1799,1266,106,35
<EOS>
Und 1912,1266,57,35
während 751,1312,113,35
sich 875,1312,53,35
die 938,1312,39,35
Kinder 988,1312,88,35
auf 1083,1312,42,35
dem 1132,1312,60,35
Spielplatz 1203,1312,131,35
austoben, 1341,1312,134,35
kann 1485,1312,64,35
der 1556,1312,46,35
beschauliche 1609,1312,180,35
Spaziergang 1799,1312,170,35
durch 751,1354,78,36
das 836,1354,49,36
Schloss 893,1354,105,36
beginnen. 1009,1354,134,36
<EOS>
Schon 751,1400,85,35
im 843,1400,32,35
ersten 882,1400,85,35
Hof 974,1400,46,35
stimmen 1030,1400,113,35
Abbildungen 1150,1400,173,35
des 1334,1400,49,35
Rheinfalls 1390,1400,130,35
aus 1528,1400,49,35
verschiedenen 1584,1400,198,35
Epochen 1792,1400,120,35
auf 751,1442,39,39
das 801,1442,49,39
Thema 857,1442,92,39
der 960,1442,42,39
Ausstellung 1012,1442,156,39
im 1175,1442,32,39
ehemaligen 1217,1442,155,39
Wohnhaus 1379,1442,141,39
ein. 1531,1442,46,39
<EOS>
Aber 1588,1442,63,39
zuvor 1658,1442,74,39
empfängt 1743,1442,127,39
einen 1877,1442,74,39
der 751,1488,43,36
eigentliche 804,1488,145,36
Schlosshof, 960,1488,151,36
der 1122,1488,46,36
Dreh- 1175,1488,74,36
und 1256,1488,53,36
Angelpunkt 1316,1488,155,36
der 1478,1488,46,36
ganzen 1531,1488,99,36
Begehung. 1640,1488,149,36
<EOS>
Er 1796,1488,28,36
hat 1834,1488,39,36
– 1884,1488,14,36
wie 751,1534,43,35
die 804,1534,39,35
Bauten 854,1534,95,35
selbst 956,1534,81,35
– 1044,1534,14,35
im 1069,1534,32,35
Laufe 1108,1534,74,35
der 1192,1534,43,35
Geschichte 1245,1534,152,35
viele 1408,1534,60,35
Umgestaltungen 1475,1534,222,35
erfahren. 1704,1534,120,35
<EOS>
Vor 1834,1534,43,35
der 1884,1534,46,35
Sanierung 751,1577,134,35
machten 896,1577,116,35
Asphalt, 1020,1577,109,35
Rasen 1136,1577,85,35
und 1231,1577,50,35
eine 1291,1577,57,35
heterogene 1355,1577,151,35
Bepfl 1517,1577,71,35
anzung 1588,1577,98,35
den 1693,1577,53,35
Hof 1753,1577,46,35
zu 1810,1577,32,35
einer 1849,1577,67,35
Kreuzung 751,1622,127,36
aus 889,1622,46,36
Vorfahrt 945,1622,103,36
und 1058,1622,50,36
Garten. 1118,1622,99,36
<EOS>
Wie 1224,1622,50,36
die 1284,1622,42,36
Architekten 1334,1622,151,36
beim 1492,1622,67,36
Besucherzentrum 1566,1622,237,36
klärend 1813,1622,99,36
wirkten, 751,1665,103,39
haben 861,1665,84,39
auch 956,1665,64,39
die 1030,1665,42,39
Landschaftsarchitekten 1080,1665,313,39
die 1401,1665,42,39
Lösung 1450,1665,99,39
in 1559,1665,21,39
der 1591,1665,42,39
Vereinfachung 1644,1665,190,39
gefunden. 1845,1665,134,39
<EOS>
Rasen 751,1711,85,35
und 843,1711,53,35
Asphalt 903,1711,102,35
wurden 1012,1711,99,35
entfernt 1122,1711,102,35
und 1231,1711,50,35
der 1291,1711,46,35
Rand 1344,1711,71,35
des 1425,1711,50,35
Hofes 1482,1711,77,35
mit 1570,1711,39,35
einer 1616,1711,67,35
Fortsetzung 1693,1711,159,35
der 1859,1711,46,35
vorhandenen 751,1756,177,36
Pfl 935,1756,32,36
ästerungen 967,1756,151,36
ergänzt. 1129,1756,109,36
<EOS>
Einzig 1245,1756,81,36
die 1337,1756,39,36
majestätische 1386,1756,184,36
Magnolie 1580,1756,120,36
im 1711,1756,32,36
Zentrum 1750,1756,113,36
blieb 1870,1756,67,36
erhalten; 751,1799,117,35
als 875,1799,39,35
veritabler 921,1799,127,35
Solitär 1055,1799,84,35
steht 1147,1799,63,35
sie 1221,1799,38,35
inmitten 1266,1799,106,35
des 1379,1799,50,35
entleerten 1439,1799,134,35
Hofes 1580,1799,78,35
in 1669,1799,21,35
einem 1700,1799,82,35
neuen 1789,1799,81,35
Beet 1880,1799,60,35
Abb. 758,1845,68,35
<EOS>
8). 833,1845,35,35
<EOS>
Würde 875,1845,88,35
und 974,1845,49,35
Ruhe 1034,1845,67,35
sind 1111,1845,57,35
wiederhergestellt. 1175,1845,240,35
<EOS>
<EOP>
03 109,1083,32,31
<EOS>
<EOP>
04 109,2349,32,32
<EOS>
<EOP>
05 956,2730,32,32
<EOS>
<EOP>
