2099,2970
14 106,67,46,45
| 173,63,10,46
MAGAZIN 205,67,197,45
TEC21 1760,74,85,35
20 1863,74,35,35
/ 1901,74,15,35
2010 1919,74,71,35
<EOS>
<EOP>
MINIAUTOBAHN 109,247,664,95
IM 801,247,109,95
WEINLAND 935,247,444,95
<EOS>
<EOP>
01 109,874,32,29
Luft 148,874,50,29
aufnahme 198,874,120,29
des 325,874,42,29
Anschlusses 374,874,152,29
Benken 536,874,88,29
Foto: 642,874,60,29
Astra) 709,874,78,29
Die 109,956,53,38
ausgebaute 180,956,187,38
A4 385,956,45,38
zwischen 448,956,148,38
Klein¬ 614,956,95,38
andelfi 109,998,110,42
ngen 219,998,77,42
und 307,998,60,42
Flurlingen 377,998,163,42
wird 550,998,74,42
nach 635,998,74,42
vierjähriger 109,1044,194,39
Bauzeit 314,1044,120,39
im 445,1044,35,39
Oktober 490,1044,131,39
2010 628,1044,81,39
eröff 109,1086,82,42
net. 191,1086,63,42
<EOS>
Auf 282,1086,57,42
einen 367,1086,88,42
Standstreifen 487,1086,222,42
wurde 109,1132,103,39
verzichtet, 233,1132,173,39
was 427,1132,63,39
zum 515,1132,64,39
Namen 600,1132,109,39
Miniautobahn 109,1178,219,39
führte. 339,1178,113,39
<EOS>
Die 109,1266,46,35
zweispurige 162,1266,163,35
A4 335,1266,35,35
zwischen 381,1266,123,35
Winterthur 512,1266,137,35
und 660,1266,49,35
Schaffhausen 109,1312,184,35
ist 307,1312,32,35
seit 353,1312,46,35
1963 416,1312,67,35
in 497,1312,25,35
Betrieb. 536,1312,106,35
<EOS>
Das 656,1312,53,35
stetig 109,1354,74,36
wachsende 201,1354,155,36
Verkehrsaufkommen 377,1354,272,36
hat 670,1354,39,36
der 109,1400,46,35
Nationalstrasse 162,1400,208,35
stark 377,1400,68,35
zugesetzt, 452,1400,137,35
und 600,1400,49,35
um¬ 660,1400,49,35
fassende 109,1442,124,39
Belags- 254,1442,102,39
und 377,1442,50,39
Sanierungsarbeiten 448,1442,261,39
wurden 109,1488,99,36
erforderlich. 226,1488,162,36
<EOS>
Die 402,1488,46,36
Verantwortung 466,1488,194,36
für 674,1488,35,36
dieses 109,1534,89,35
Ausbauprojekt 208,1534,194,35
hat 413,1534,42,35
der 466,1534,42,35
Kanton 519,1534,95,35
Zürich 624,1534,85,35
per 109,1577,46,35
1. 169,1577,25,35
<EOS>
Januar 208,1577,92,35
2008 314,1577,67,35
an 395,1577,35,35
das 445,1577,49,35
Bundesamt 508,1577,152,35
für 674,1577,35,35
Strassen 109,1622,117,36
Astra) 243,1622,82,36
übergeben. 332,1622,158,36
<EOS>
OHNE 109,1711,92,38
STANDSTREIFEN 212,1711,271,38
Der 109,1756,50,36
Abschnitt 166,1756,127,36
Kleinandelfi 300,1756,155,36
ngen 455,1756,67,36
bis 533,1756,39,36
Flurlingen 579,1756,130,36
wird 109,1799,57,35
nach 176,1799,67,35
dem 258,1799,60,35
Ausbau 328,1799,102,35
auf 445,1799,38,35
vier 497,1799,50,35
Fahrspuren 557,1799,152,35
geführt. 109,1845,106,35
<EOS>
Trotz 222,1845,64,35
der 296,1845,43,35
Erweiterung 349,1845,159,35
des 515,1845,53,35
bestehen¬ 575,1845,134,35
den 109,1887,53,39
Strassenkörpers 173,1887,219,39
bleibt 402,1887,74,39
es 487,1887,32,39
bei 529,1887,43,39
einem 582,1887,81,39
re¬ 674,1887,35,39
duzierten 109,1933,127,35
Autobahnquerschnitt. 247,1933,286,35
<EOS>
Der 543,1933,50,35
Verzicht 603,1933,106,35
auf 109,1979,43,35
den 159,1979,53,35
Standstreifen 219,1979,176,35
führte 402,1979,78,35
zum 487,1979,56,35
Übernamen 550,1979,159,35
Miniautobahn. 109,2021,191,35
<EOS>
Die 325,2021,42,35
sichere 392,2021,98,35
Richtungstren¬ 515,2021,194,35
nung 109,2067,67,35
gewährleistet 198,2067,176,35
eine 395,2067,57,35
Schutzeinrichtung 469,2067,240,35
aus 109,2109,50,39
Stahl, 169,2109,78,39
Ausfahrbuchten 258,2109,211,39
tragen 483,2109,85,39
dazu 582,2109,67,39
bei, 660,2109,49,39
die 109,2155,43,35
Gefahr 166,2155,92,35
eines 272,2155,70,35
Auffahrunfalls 356,2155,184,35
bei 554,2155,42,35
Pannen 610,2155,99,35
zu 109,2201,32,35
vermindern. 152,2201,158,35
<EOS>
<EOP>
Die 751,956,43,35
beiden 804,956,92,35
bestehenden 903,956,177,35
Fahrspuren 1090,956,152,35
blieben 1249,956,102,35
über 751,998,60,39
die 818,998,43,39
gesamte 868,998,116,39
Bauzeit 991,998,99,39
in 1097,998,25,39
Betrieb. 1129,998,106,39
<EOS>
Auf 1242,998,46,39
Um¬ 1295,998,56,39
leitungen 751,1044,120,35
des 893,1044,49,35
Lokal- 963,1044,81,35
oder 1065,1044,64,35
Transitverkehrs 1147,1044,204,35
durch 751,1090,78,35
die 840,1090,42,35
Siedlungen 896,1090,152,35
wurde 1062,1090,81,35
möglichst 1157,1090,131,35
ver¬ 1302,1090,49,35
zichtet. 751,1132,96,35
<EOS>
Neben 864,1132,89,35
dem 970,1132,60,35
Ausbau 1044,1132,106,35
des 1164,1132,50,35
Trassees 1231,1132,120,35
wurden 751,1178,99,35
u. 864,1178,25,35
<EOS>
a. 889,1178,25,35
<EOS>
eine 931,1178,57,35
Unterführung, 1002,1178,183,35
eine 1203,1178,56,35
Stütz¬ 1274,1178,77,35
mauer, 751,1220,89,39
eine 854,1220,56,39
Brücke 921,1220,95,39
sowie 1030,1220,74,39
Wildtierpassagen 1118,1220,233,39
neu 751,1266,50,35
gebaut, 808,1266,102,35
zwölf 921,1266,67,35
Kunstbauten 995,1266,173,35
saniert 1175,1266,91,35
sowie 1274,1266,77,35
zehn 751,1312,64,35
bestehende 822,1312,159,35
Unterführungen 988,1312,211,35
verlängert. 1207,1312,144,35
<EOS>
Zu 751,1354,32,36
den 801,1354,53,36
grösseren 871,1354,134,36
Neubauten 1023,1354,148,36
zählen 1189,1354,88,36
eine 1295,1354,56,36
zweite, 751,1400,92,35
parallel 857,1400,99,35
zur 970,1400,42,35
bestehenden 1027,1400,176,35
verlaufen¬ 1217,1400,134,35
de 751,1442,32,39
Mühletobelbrücke 801,1442,240,39
Zwillingsbrücke), 1065,1442,230,39
die 1309,1442,42,39
Wildüberführung 751,1488,223,36
Schneitenberg 1002,1488,197,36
und 1228,1488,53,36
die 1309,1488,42,36
Stützmauer 751,1534,149,35
Eichli. 914,1534,81,35
<EOS>
Als 1005,1534,43,35
technische 1058,1534,149,35
Neuerung 1217,1534,134,35
kam 751,1577,57,35
erstmals 818,1577,113,35
in 942,1577,21,35
der 974,1577,46,35
Schweiz 1030,1577,113,35
eine 1154,1577,56,35
Maschine 1221,1577,130,35
für 751,1622,32,36
den 794,1622,49,36
automatischen 850,1622,198,36
Einbau 1055,1622,95,36
von 1157,1622,46,36
Entwässe¬ 1214,1622,137,36
rungsrinnen 751,1665,159,39
zum 928,1665,56,39
Einsatz. 1002,1665,106,39
<EOS>
Speziell 1125,1665,106,39
auf 1249,1665,42,39
die 1309,1665,42,39
Masse 751,1711,89,35
der 857,1711,46,35
Miniautobahn 921,1711,180,35
ausgerichtet, 1122,1711,173,35
er¬ 1316,1711,35,35
füllte 751,1756,64,36
sie 829,1756,39,36
die 885,1756,43,36
Erwartungen 945,1756,170,36
punkto 1132,1756,89,36
Effi 1238,1756,43,36
zienz 1281,1756,70,36
und 751,1799,50,35
Qualität. 811,1799,110,35
<EOS>
FRÜHE 751,1890,110,36
SIEDLUNGSSPUREN 871,1890,328,36
Sondierbohrungen 751,1933,247,35
der 1020,1933,42,35
Kantonsarchäologie 1083,1933,268,35
Zürich 751,1979,85,35
brachten 857,1979,117,35
bei 995,1979,42,35
Oerlingen 1058,1979,131,35
die 1210,1979,42,35
Reste 1274,1979,77,35
eines 751,2021,71,35
spätbronzezeitlichen 833,2021,278,35
Dorfs 1125,2021,71,35
1300– 1217,2021,85,35
800 1302,2021,49,35
v. 751,2067,22,35
<EOS>
Chr.) 783,2067,64,35
<EOS>
zutage. 857,2067,99,35
<EOS>
In 970,2067,25,35
Benken 1005,2067,103,35
fand 1118,2067,60,35
man 1189,2067,60,35
Brand¬ 1259,2067,92,35
gruben 751,2109,96,39
aus 854,2109,49,39
der 910,2109,43,39
gleichen 960,2109,116,39
Epoche 1083,2109,102,39
sowie 1192,2109,78,39
einen 1277,2109,74,39
keltischen 751,2155,134,35
Graben 893,2155,98,35
aus 998,2155,50,35
der 1055,2155,46,35
jüngeren 1104,2155,120,35
Eisenzeit 1231,2155,120,35
450– 758,2201,68,35
15 826,2201,31,35
v. 864,2201,21,35
<EOS>
Chr.). 893,2201,70,35
<EOS>
Auf 970,2201,46,35
weitere 1023,2201,95,35
Siedlungsspuren 1125,2201,226,35
<EOS>
<EOP>
02 109,2734,32,28
Off 148,2734,39,28
ene 187,2734,42,28
Strecke: 236,2734,106,28
Schematische 349,2734,170,28
Darstellung 529,2734,141,28
des 677,2734,43,28
Normalprofi 730,2734,145,28
ls 875,2734,21,28
Plan: 914,2734,60,28
Marco 984,2734,74,28
Pesavento) 1069,2734,134,28
<EOS>
<EOP>
aus 1390,377,49,35
der 1446,377,46,35
Bronzezeit 1499,377,141,35
stiess 1647,377,78,35
man 1736,377,56,35
bei 1799,377,43,35
Uhwiesen. 1852,377,138,35
<EOS>
Aus 1390,423,53,35
derselben 1457,423,134,35
urzeitlichen 1609,423,151,35
Phase 1778,423,81,35
stammte 1877,423,113,35
ein 1390,465,39,36
Kremationsgrab 1436,465,215,36
bei 1658,465,39,36
Dachsen. 1704,465,127,36
<EOS>
Ein 1838,465,42,36
Glücks¬ 1887,465,103,36
fall 1390,511,39,35
war 1443,511,46,35
die 1503,511,42,35
Freilegung 1559,511,141,35
eines 1715,511,70,35
bislang 1799,511,99,35
unbe¬ 1912,511,78,35
kannten 1390,553,106,39
Friedhofs 1510,553,123,39
aus 1647,553,50,39
der 1707,553,46,39
älteren 1767,553,89,39
Eisenzeit 1870,553,120,39
zirka 1401,599,63,36
800– 1482,599,63,36
600 1545,599,50,36
v. 1612,599,21,36
<EOS>
Chr.), 1640,599,75,36
<EOS>
nahe 1732,599,64,36
der 1817,599,42,36
Ausfahrt 1877,599,113,36
Trüllikon. 1390,645,116,35
<EOS>
STRASSEN 1390,733,176,39
ENTWÄSSERN 1577,733,226,39
Grosse 1390,776,95,39
Bedeutung 1496,776,144,39
kam 1651,776,56,39
der 1715,776,45,39
Strassenentwäs¬ 1767,776,223,39
serung 1390,822,92,35
zu. 1499,822,43,35
<EOS>
Die 1559,822,43,35
bestehenden 1619,822,177,35
Installationen 1813,822,177,35
genügten 1390,867,127,36
den 1535,867,53,36
gesetzlichen 1602,867,169,36
Anforderungen 1789,867,201,36
nicht 1390,910,63,35
mehr 1471,910,67,35
und 1556,910,53,35
mussten 1623,910,113,35
erneuert 1753,910,113,35
werden. 1884,910,106,35
<EOS>
Für 1390,956,42,35
rund 1446,956,60,35
90 1520,956,32,35
% 1556,956,28,35
der 1595,956,45,35
Erneuerungsstrecke 1651,956,272,35
wur¬ 1933,956,57,35
den 1390,998,53,39
Schlammsammler 1457,998,236,39
und 1711,998,49,39
Entwässerungs¬ 1774,998,216,39
rinnen 1390,1044,85,35
installiert, 1489,1044,127,35
die 1633,1044,43,35
künftig 1690,1044,92,35
das 1799,1044,50,35
Strassen¬ 1863,1044,127,35
wasser 1390,1090,95,35
in 1503,1090,21,35
acht 1542,1090,56,35
Behandlungsanlagen 1616,1090,285,35
leiten 1919,1090,71,35
und 1390,1132,53,35
dort 1450,1132,53,35
in 1510,1132,25,35
einen 1542,1132,74,35
physikalischen 1623,1132,197,35
Reinigungs¬ 1827,1132,163,35
ablauf 1390,1178,85,35
einspeisen. 1482,1178,151,35
<EOS>
Der 1644,1178,46,35
bisherige 1700,1178,124,35
Lärmschutz 1834,1178,156,35
entlang 1390,1220,99,39
des 1506,1220,50,39
Bauabschnitts 1570,1220,190,39
wurde 1778,1220,81,39
der 1877,1220,42,39
pro¬ 1937,1220,53,39
gnostizierten 1390,1266,173,35
Verkehrsentwicklung 1598,1266,275,35
ange¬ 1912,1266,78,35
passt. 1390,1312,81,35
<EOS>
Einzelne 1503,1312,113,35
Wohngebäude 1647,1312,198,35
erhielten 1877,1312,113,35
Schallschutzfenster, 1390,1354,268,36
auf 1679,1354,43,36
der 1746,1354,43,36
Ostseite 1813,1354,110,36
der 1944,1354,46,36
Mühletobelbrücke 1390,1400,240,35
sowie 1647,1400,78,35
auf 1739,1400,43,35
den 1796,1400,53,35
Unterfüh¬ 1866,1400,124,35
rungen 1390,1442,95,39
der 1503,1442,42,39
Dachsener- 1563,1442,155,39
und 1736,1442,49,39
der 1803,1442,46,39
Laufener¬ 1863,1442,127,39
strasse 1390,1488,95,36
erstellte 1496,1488,106,36
man 1612,1488,60,36
drei 1683,1488,49,36
Lärmschutzwände 1743,1488,247,36
von 1390,1534,49,35
insgesamt 1446,1534,138,35
355 1595,1534,49,35
m 1647,1534,25,35
Länge. 1679,1534,95,35
<EOS>
ERÖFFNUNGSFEST 1390,1622,307,39
IM 1707,1622,43,39
OKTOBER 1760,1622,152,39
Im 1390,1665,32,39
Herbst 1432,1665,88,39
wird 1531,1665,57,39
die 1595,1665,42,39
Miniautobahn 1644,1665,183,39
für 1834,1665,36,39
den 1877,1665,53,39
Ver¬ 1937,1665,53,39
kehr 1390,1711,56,35
freigegeben. 1461,1711,169,35
<EOS>
Mit 1644,1711,39,35
der 1697,1711,46,35
Bevölkerung 1753,1711,170,35
wird 1933,1711,57,35
am 1390,1756,42,36
Freitag, 1439,1756,103,36
22. 1549,1756,42,36
<EOS>
Oktober, 1602,1756,113,36
gefeiert. 1722,1756,112,36
<EOS>
Die 1842,1756,45,36
Schau¬ 1894,1756,96,36
fel 1390,1799,32,35
legt 1429,1799,53,35
das 1489,1799,49,35
Astra 1549,1799,67,35
jedoch 1626,1799,92,35
nicht 1725,1799,64,35
aus 1799,1799,46,35
der 1856,1799,45,35
Hand. 1909,1799,81,35
<EOS>
Die 1390,1845,46,35
Infrastrukturfi 1453,1845,177,35
liale 1630,1845,53,35
Winterthur 1700,1845,138,35
bleibt 1856,1845,74,35
so¬ 1947,1845,43,35
wohl 1390,1887,60,39
im 1468,1887,28,39
Kanton 1513,1887,92,39
Schaffhausen 1623,1887,180,39
wie 1817,1887,46,39
auch 1877,1887,67,39
im 1958,1887,32,39
Weinland 1390,1933,123,35
aktiv. 1524,1933,67,35
<EOS>
2010 1602,1933,67,35
erfolgt 1676,1933,88,35
die 1771,1933,42,35
Realisierung 1824,1933,166,35
von 1390,1979,49,35
vier 1446,1979,46,35
Strassenabwasserbehandlungsanla¬ 1503,1979,487,35
gen. 1390,2021,60,35
<EOS>
Vorbehältlich 1457,2021,173,35
der 1637,2021,46,35
Plangenehmigung 1690,2021,243,35
sei¬ 1940,2021,50,35
tens 1390,2067,56,35
des 1457,2067,49,35
Uvek 1517,2067,67,35
sowie 1595,2067,74,35
der 1679,2067,46,35
Klärung 1736,2067,102,35
von 1849,2067,49,35
Finan¬ 1909,2067,81,35
zierungsfragen 1390,2109,201,39
erfolgt 1612,2109,85,39
der 1715,2109,45,39
Spatenstich 1782,2109,158,39
im 1958,2109,32,39
Projekt 1390,2155,92,35
Umgestaltung 1496,2155,187,35
Anschluss 1693,2155,141,35
Schaffhau¬ 1845,2155,145,35
sen 1390,2201,49,35
Süd 1443,2201,53,35
Galgenbucktunnel) 1513,2201,254,35
ebenfalls 1774,2201,120,35
dieses 1901,2201,89,35
Jahr. 1390,2243,63,36
<EOS>
Für 1464,2243,42,36
die 1513,2243,43,36
« 1566,2243,14,36
Erhöhung 1580,2243,131,36
der 1718,2243,46,36
Tunnelsicherheit 1774,2243,216,36
Fäsenstaub- 1390,2289,166,35
und 1580,2289,53,35
Cholfi 1658,2289,78,35
rsttunnel 1736,2289,113,35
» 1849,2289,17,35
werden 1891,2289,99,35
zurzeit 1390,2331,88,39
die 1496,2331,42,39
Ingenieure 1556,2331,141,39
gesucht. 1715,2331,116,39
<EOS>
Im 1849,2331,31,39
Januar 1898,2331,92,39
startete 1390,2377,99,36
die 1499,2377,39,36
Projektierung 1549,2377,173,36
zur 1729,2377,42,36
Fortsetzung 1778,2377,159,36
der 1944,2377,46,36
Miniautobahn 1390,2423,180,35
im 1584,2423,32,35
Abschnitt 1626,2423,127,35
Kleinandelfi 1764,2423,159,35
ngen 1923,2423,67,35
– 1390,2466,14,35
Verzweigung 1404,2466,173,35
Winterthur. 1595,2466,141,35
<EOS>
Vorbehältlich 1753,2466,173,35
des 1940,2466,50,35
Beschlusses 1390,2511,169,36
zur 1570,2511,42,36
Engpassbeseitigung 1623,2511,275,36
ist 1909,2511,28,36
die 1947,2511,43,36
Umsetzung 1390,2554,152,39
für 1552,2554,36,39
2014/ 1595,2554,77,39
2015 1676,2554,67,39
geplant. 1750,2554,109,39
<EOS>
Reinhold 1390,2603,106,32
Kraus, 1503,2603,77,32
Stellvertretender 1588,2603,208,32
Filialchef, 1803,2603,113,32
reinhold. 1390,2645,106,32
<EOS>
kraus@ 1496,2645,84,32
astra. 1580,2645,71,32
<EOS>
admin. 1651,2645,81,32
<EOS>
ch 1729,2645,28,32
Weitere 1390,2695,95,32
Informationen: 1492,2695,180,32
www. 1390,2730,67,32
<EOS>
miniautobahn. 1457,2730,166,32
<EOS>
ch, 1623,2730,35,32
www. 1665,2730,67,32
<EOS>
miniautobahn- 1732,2730,169,32
fest. 1901,2730,53,32
<EOS>
ch 1954,2730,29,32
<EOS>
<EOP>
