2099,2970
28 106,67,46,45
| 176,63,11,46
NATURTHEATER 208,67,318,45
TEC21 1760,74,85,35
20 1863,74,35,35
/ 1901,74,15,35
2010 1919,74,71,35
<EOS>
<EOP>
AUF 109,391,244,145
ENGEM 392,391,437,145
RAUM 868,391,370,145
<EOS>
<EOP>
Steiles 751,733,110,39
und 871,733,60,39
felsiges 942,733,123,39
Gelände, 1076,733,141,39
wenig 1228,733,95,39
Platz 1334,733,77,39
für 1422,733,49,39
Materiallager, 1482,733,229,39
enge 1722,733,77,39
Zufahrten 1810,733,162,39
und 751,776,57,42
schwierige 818,776,177,42
Geologie 1005,776,138,42
sind 1154,776,67,42
Faktoren, 1231,776,155,42
die 1397,776,49,42
sich 1453,776,67,42
beim 1531,776,74,42
Bauablauf 1616,776,162,42
des 1789,776,56,42
neuen 1856,776,98,42
Stegs 751,822,92,38
und 854,822,60,38
des 924,822,53,38
Aufzugs 988,822,127,38
beim 1125,822,78,38
Schloss 1214,822,123,38
Laufen 1348,822,109,38
kumulierten. 1468,822,201,38
<EOS>
Wegen 1679,822,103,38
dieser 1792,822,102,38
Hindernisse 751,864,191,42
entstand 953,864,141,42
bei 1104,864,50,42
dieser 1164,864,102,42
vergleichsweise 1274,864,257,42
kleinen 1542,864,113,42
Baustelle 1665,864,148,42
ein 1824,864,49,42
ver¬ 1884,864,67,42
hältnismässig 751,910,219,39
grosser 981,910,127,39
Aufwand. 1115,910,151,39
<EOS>
Das 751,998,53,39
Schloss 811,998,106,39
Laufen 924,998,92,39
liegt 1023,998,57,39
auf 1090,998,42,39
einer 1139,998,68,39
Felsnase 1214,998,120,39
im 1344,998,32,39
Rhein, 1383,998,85,39
sodass 1475,998,98,39
sich 1580,998,57,39
für 1644,998,35,39
die 1686,998,43,39
Materiallager 1739,998,173,39
und 1919,998,53,39
Mannschaftscontainer 751,1044,293,35
nur 1055,1044,42,35
der 1108,1044,42,35
in 1161,1044,21,35
unmittelbarer 1192,1044,173,35
Nähe 1376,1044,70,35
liegende 1453,1044,117,35
Parkplatz 1580,1044,124,35
anbot. 1715,1044,84,35
<EOS>
Um 1806,1044,46,35
das 1863,1044,49,35
Besucheraufkommen 751,1090,283,35
im 1044,1090,28,35
Sommer 1083,1090,109,35
zu 1203,1090,32,35
bewältigen, 1242,1090,155,35
war 1404,1090,49,35
es 1461,1090,31,35
notwendig, 1503,1090,148,35
dass 1658,1090,64,35
diese 1732,1090,71,35
Parkplätze 1813,1090,141,35
auch 751,1132,64,35
während 826,1132,116,35
des 949,1132,49,35
Baus 1009,1132,67,35
zur 1083,1132,42,35
Verfügung 1132,1132,142,35
standen, 1281,1132,116,35
da 1404,1132,35,35
diejenigen 1450,1132,138,35
auf 1598,1132,39,35
der 1647,1132,46,35
gegenüberliegenden 1700,1132,283,35
Rheinseite 751,1178,138,35
nicht 900,1178,63,35
ausreichen. 970,1178,159,35
<EOS>
Somit 1136,1178,74,35
konnte 1221,1178,88,35
lediglich 1316,1178,113,35
ein 1439,1178,39,35
beschränkter 1489,1178,176,35
Teil 1672,1178,43,35
links 1725,1178,60,35
neben 1792,1178,85,35
der 1884,1178,46,35
Zufahrt 751,1220,96,39
zum 854,1220,56,39
Schloss 917,1220,106,39
für 1030,1220,35,39
den 1076,1220,49,39
Baubetrieb 1136,1220,148,39
genutzt 1291,1220,99,39
werden 1401,1220,98,39
Abb. 1517,1220,63,39
<EOS>
1). 1591,1220,35,39
<EOS>
Da 1633,1220,39,39
dieser 1679,1220,85,39
jedoch 1771,1220,92,39
ausser¬ 1873,1220,96,39
halb 751,1266,57,35
des 815,1266,53,35
Kranbereichs 875,1266,180,35
lag, 1062,1266,49,35
wurde 1122,1266,81,35
er 1210,1266,28,35
kaum 1245,1266,74,35
für 1326,1266,36,35
den 1372,1266,50,35
Umschlag 1432,1266,134,35
genutzt. 1577,1266,106,35
<EOS>
Das 1693,1266,53,35
Material 1753,1266,106,35
musste 1870,1266,95,35
so 751,1312,32,35
geliefert 790,1312,110,35
werden, 907,1312,109,35
dass 1023,1312,64,35
es 1097,1312,32,35
auf 1136,1312,42,35
der 1185,1312,46,35
Baustelle 1238,1312,124,35
verteilt 1372,1312,89,35
und 1468,1312,52,35
irgendwo 1528,1312,127,35
am 1662,1312,42,35
Berg 1711,1312,63,35
zwischen¬ 1785,1312,134,35
gelagert 751,1354,110,36
werden 871,1354,99,36
konnte. 977,1354,99,36
<EOS>
FLIEGENDER 751,1446,209,35
TRANSPORT 970,1446,198,35
Vom 751,1488,57,36
Park- 815,1488,70,36
und 896,1488,49,36
Spielplatz 956,1488,131,36
kommend, 1094,1488,141,36
erreicht 1245,1488,99,36
man 1355,1488,56,36
den 1418,1488,53,36
Schlosshof 1478,1488,148,36
über 1633,1488,64,36
eine 1704,1488,56,36
Holzbrücke, 1771,1488,159,36
durch 751,1534,78,35
ein 836,1534,39,35
niedriges 885,1534,124,35
Tor 1016,1534,42,35
und 1065,1534,53,35
eine 1125,1534,57,35
enge 1192,1534,67,35
Gasse. 1266,1534,96,35
<EOS>
Gewicht, 1369,1534,120,35
Höhe 1496,1534,70,35
und 1577,1534,49,35
Breite 1637,1534,78,35
der 1722,1534,45,35
Transportfahr¬ 1774,1534,187,35
zeuge 751,1577,82,35
waren 843,1577,78,35
damit 931,1577,74,35
begrenzt. 1012,1577,131,35
<EOS>
Die 1150,1577,46,35
Holzbrücke 1203,1577,152,35
wurde 1365,1577,81,35
zwar 1457,1577,60,35
während 1528,1577,116,35
der 1651,1577,46,35
Arbeiten 1704,1577,113,35
auf 1827,1577,39,35
der 1877,1577,42,35
Anlage 751,1622,92,36
mit 854,1622,39,36
Spriessen 903,1622,131,36
unterstützt, 1044,1622,148,36
dennoch 1199,1622,117,36
konnte 1326,1622,89,36
kein 1425,1622,53,36
Materialtransport 1489,1622,226,36
mit 1722,1622,42,36
herkömmlichen 1771,1622,205,36
LKW 751,1665,60,39
erfolgen. 822,1665,116,39
<EOS>
Vielmehr 949,1665,116,39
musste 1072,1665,99,39
das 1178,1665,50,39
Material 1235,1665,109,39
mit 1351,1665,39,39
einem 1401,1665,81,39
im 1489,1665,31,39
Schlossgraben 1531,1665,198,39
stehenden 1739,1665,141,39
Kran 1887,1665,64,39
in 1961,1665,22,39
den 751,1711,50,35
Schlosshof 811,1711,145,35
gehoben 963,1711,120,35
werden. 1094,1711,105,35
<EOS>
Dort 1210,1711,56,35
übernahm 1274,1711,137,35
ein 1418,1711,43,35
zweiter 1468,1711,95,35
Kran 1570,1711,63,35
die 1644,1711,39,35
Feinverteilung. 1693,1711,198,35
<EOS>
Aufge¬ 1898,1711,88,35
baut 751,1756,60,36
wurde 818,1756,82,36
der 910,1756,43,36
erste 963,1756,67,36
Kran 1037,1756,64,36
mit 1108,1756,42,36
Hilfe 1157,1756,60,36
eines 1224,1756,74,36
Autokrans. 1305,1756,145,36
<EOS>
Der 1457,1756,49,36
zweite 1513,1756,85,36
wurde 1605,1756,85,36
in 1697,1756,25,36
Einzelteile 1729,1756,134,36
zerlegt 1873,1756,92,36
vom 751,1799,57,35
ersten 815,1799,85,35
Kran 907,1799,63,35
an 977,1799,35,35
seinen 1020,1799,88,35
Standort 1115,1799,116,35
gebracht. 1238,1799,131,35
<EOS>
Beim 1376,1799,67,35
Heben 1453,1799,89,35
der 1552,1799,43,35
Spitze 1605,1799,81,35
mit 1697,1799,39,35
einem 1743,1799,81,35
Gewicht 1834,1799,110,35
von 751,1845,46,35
4.5 808,1845,39,35
<EOS>
t 854,1845,7,35
war 868,1845,49,35
die 924,1845,43,35
Grenze 974,1845,98,35
seiner 1083,1845,81,35
Tragfähigkeit 1171,1845,173,35
erreicht. 1351,1845,110,35
<EOS>
Die 1471,1845,42,35
Standorte 1524,1845,131,35
der 1662,1845,45,35
Kräne 1715,1845,81,35
wurden 1803,1845,98,35
von 1912,1845,46,35
einem 751,1887,82,39
Geometer 840,1887,134,39
so 981,1887,31,39
festgelegt, 1020,1887,144,39
dass 1171,1887,64,39
ein 1245,1887,39,39
möglichst 1291,1887,131,39
grosser 1432,1887,99,39
Teil 1542,1887,42,39
des 1591,1887,49,39
schwierigen 1651,1887,159,39
Geländes 1820,1887,131,39
abgedeckt 751,1933,145,35
wurde. 903,1933,92,35
<EOS>
Um 1002,1933,46,35
dies 1058,1933,57,35
zu 1122,1933,32,35
bewerkstelligen, 1161,1933,218,35
waren 1390,1933,78,35
Kräne 1478,1933,78,35
mit 1566,1933,39,35
einer 1616,1933,63,35
recht 1690,1933,67,35
grossen 1764,1933,109,35
Aus¬ 1880,1933,64,35
ladung 751,1979,92,35
erforderlich. 850,1979,162,35
<EOS>
Das 1023,1979,53,35
zeigt 1083,1979,64,35
sich 1157,1979,53,35
daran, 1221,1979,84,35
dass 1316,1979,63,35
die 1386,1979,43,35
beiden 1439,1979,92,35
Kräne 1538,1979,81,35
einen 1626,1979,74,35
Abstand 1707,1979,113,35
von 1831,1979,46,35
56 1887,1979,32,35
m 1923,1979,24,35
zueinander 751,2021,149,35
hatten. 907,2021,91,35
<EOS>
Von 1009,2021,49,35
den 1065,2021,53,35
SBB 1125,2021,60,35
wurde 1192,2021,82,35
eine 1284,2021,57,35
Beschränkung 1348,2021,194,35
des 1552,2021,50,35
Schwenkbereichs 1609,2021,236,35
und 1856,2021,49,35
eine 751,2067,57,35
Laufkatzenbegrenzung 815,2067,307,35
über 1132,2067,60,35
dem 1203,2067,60,35
Gleis 1270,2067,67,35
gefordert 1348,2067,123,35
und 1478,2067,53,35
deren 1538,2067,78,35
Einhaltung 1623,2067,141,35
überwacht. 1774,2067,149,35
<EOS>
Aus 1933,2067,50,35
diesem 751,2109,96,39
Grund 857,2109,85,39
war 949,2109,49,39
der 1005,2109,46,39
Kran 1058,2109,64,39
im 1132,2109,29,39
Schlossgraben 1171,2109,201,39
mit 1379,2109,43,39
einer 1429,2109,67,39
Drehkreisbegrenzung 1503,2109,289,39
ausgestattet, 1803,2109,173,39
die 751,2155,39,35
verhinderte, 801,2155,159,35
dass 970,2155,64,35
er 1041,2155,28,35
über 1076,2155,63,35
die 1147,2155,42,35
Schienen 1196,2155,127,35
schwenken 1330,2155,152,35
konnte. 1489,2155,99,35
<EOS>
Lasten 751,2201,89,35
konnten 847,2201,109,35
nur 963,2201,42,35
über 1016,2201,60,35
die 1083,2201,42,35
Dächer 1136,2201,95,35
des 1242,2201,49,35
Schlosses 1298,2201,138,35
in 1443,2201,25,35
den 1475,2201,53,35
Hof 1535,2201,45,35
gehoben 1591,2201,120,35
werden. 1718,2201,109,35
<EOS>
Als 1834,2201,43,35
Pendel¬ 1884,2201,102,35
schutz 751,2243,89,36
diente 847,2243,84,36
eine 938,2243,57,36
Tunnelverlängerung, 1002,2243,275,36
die 1284,2243,42,36
verhindern 1334,2243,144,36
sollte, 1485,2243,81,36
dass 1573,2243,64,36
Material 1647,2243,106,36
vom 1760,2243,57,36
Kran 1827,2243,64,36
auf 1898,2243,42,36
die 751,2289,39,35
Schienen 801,2289,123,35
fällt. 931,2289,57,35
<EOS>
Da 998,2289,36,35
auch 1044,2289,67,35
der 1118,2289,46,35
Kran 1171,2289,64,35
im 1242,2289,32,35
Schlosshof 1284,2289,145,35
nur 1439,2289,43,35
knapp 1489,2289,84,35
hinter 1584,2289,74,35
das 1665,2289,50,35
Ende 1725,2289,67,35
des 1803,2289,49,35
Steges 1859,2289,95,35
reichte, 751,2331,99,39
konnten 857,2331,106,39
Gerüst 974,2331,88,39
und 1072,2331,50,39
Material 1132,2331,106,39
für 1245,2331,36,39
die 1288,2331,42,39
Felssicherung 1341,2331,187,39
nicht 1535,2331,67,39
per 1609,2331,46,39
Kran 1662,2331,63,39
transportiert 1732,2331,162,39
wer¬ 1905,2331,56,39
den. 751,2377,60,36
<EOS>
Der 818,2377,50,36
stattdessen 875,2377,155,36
eingesetzte 1037,2377,155,36
Helikopter 1199,2377,138,36
landete 1348,2377,98,36
auf 1453,2377,43,36
einem 1503,2377,81,36
nahegelegenen 1595,2377,208,36
Acker, 1813,2377,81,36
um 1905,2377,39,36
dort 751,2423,53,35
das 811,2423,50,35
Material 871,2423,106,35
aufzunehmen 984,2423,184,35
und 1175,2423,53,35
zum 1235,2423,56,35
Belvedere 1298,2423,138,35
zu 1443,2423,32,35
fl 1485,2423,14,35
iegen. 1499,2423,81,35
<EOS>
Auch 1591,2423,71,35
hier 1669,2423,49,35
mussten 1725,2423,113,35
Lager¬ 1849,2423,84,35
möglichkeiten 751,2466,184,35
nahe 945,2466,67,35
der 1020,2466,45,35
Baustelle 1072,2466,124,35
gefunden 1203,2466,131,35
werden, 1341,2466,109,35
um 1457,2466,42,35
allzu 1506,2466,60,35
häufi 1577,2466,63,35
ge 1640,2466,36,35
Flüge 1686,2466,74,35
zu 1767,2466,32,35
vermeiden. 1806,2466,152,35
<EOS>
IM 751,2557,43,36
STEILEN 804,2557,138,36
GELÄNDE 953,2557,155,36
BAUEN 1118,2557,110,36
Im 751,2600,32,35
Schlosshof, 790,2600,155,35
wo 956,2600,35,35
während 1002,2600,116,35
der 1125,2600,46,35
Bauzeit 1178,2600,99,35
der 1288,2600,46,35
zweite 1341,2600,84,35
Kran 1432,2600,64,35
stand 1506,2600,74,35
und 1588,2600,52,35
ein 1647,2600,43,35
kleiner 1697,2600,88,35
Umschlag¬ 1792,2600,148,35
platz 751,2645,64,36
eingerichtet 822,2645,159,36
war, 991,2645,53,36
beginnt 1051,2645,103,36
heute 1161,2645,77,36
der 1245,2645,46,36
Rundweg. 1298,2645,138,36
<EOS>
Er 1443,2645,28,36
führt 1482,2645,60,36
hinab 1549,2645,74,36
zu 1633,2645,32,36
den 1672,2645,53,36
Aussichtspunkten 1732,2645,237,36
Oberes 751,2688,99,35
und 857,2688,53,35
Unteres 917,2688,106,35
Belvedere, 1030,2688,145,35
von 1182,2688,49,35
wo 1238,2688,39,35
man 1284,2688,60,35
den 1351,2688,53,35
Rheinfall 1411,2688,117,35
überblicken 1535,2688,158,35
und 1700,2688,53,35
auf 1760,2688,43,35
dem 1813,2688,60,35
neuen 1880,2688,81,35
Steg 751,2734,60,35
seinen 818,2734,89,35
Rundgang 917,2734,141,35
fortsetzen 1065,2734,134,35
kann 1207,2734,63,35
siehe 1291,2734,71,35
S. 1369,2734,28,35
<EOS>
18 1404,2734,35,35
ff.). 1443,2734,42,35
<EOS>
Die 1492,2734,46,35
ersten 1545,2734,85,35
12 1637,2734,35,35
m 1676,2734,24,35
dieses 1707,2734,89,35
neuen 1806,2734,81,35
Steges 1898,2734,92,35
<EOS>
<EOP>
