2099,2970
NATURTHEATER 120,412,1041,163
18 120,656,46,46
PROMENADE 212,656,247,46
ZUM 473,656,84,46
RHEIN 568,656,131,46
Hansjörg 709,666,120,32
Gadient 836,666,99,32
24 120,740,46,46
FELSENFEST 212,740,250,46
VERANKERT 473,740,236,46
Thomas 720,751,98,32
Eisenlohr, 826,751,127,32
Andrea 963,751,95,32
Wittel, 1065,751,82,32
Patric 1154,751,81,32
Fischli- 1242,751,99,32
Boson 1341,751,77,32
28 120,825,46,46
AUF 212,825,77,46
ENGEM 300,825,141,46
RAUM 452,825,120,46
Daniela 582,836,95,31
Dietsche 684,836,113,31
<EOS>
<EOP>
NR. 758,2737,71,46
<EOS>
20 840,2737,49,46
14. 1401,2737,56,46
<EOS>
MAI 1468,2737,81,46
2010 1559,2737,96,46
<EOS>
<EOP>
