2099,2970
38 99,67,49,45
| 169,67,14,45
STELLENINSERATE 205,67,367,45
TEC21 1753,77,85,32
20 1856,77,31,32
/ 1891,77,18,32
2010 1912,77,67,32
<EOS>
<EOP>
Teamleiter/ 116,465,251,57
in 367,465,42,57
HLKS 420,465,127,57
mit 116,518,75,57
Einsitz 201,518,145,57
in 356,518,43,57
der 409,518,71,57
Geschäftsleitung 490,518,350,57
Innovative 116,631,131,28
Gebäudetechnikkon¬ 254,631,254,28
zepte 116,659,67,29
ohne 187,659,63,29
Kompromisse. 254,659,180,29
<EOS>
Hier 441,659,56,29
können 116,688,96,28
Sie 215,688,39,28
Ihre 261,688,49,28
Erfahrung 318,688,127,28
in 452,688,24,28
der 483,688,39,28
Projektleitung 116,712,177,32
langfristig 300,712,123,32
mit 430,712,43,32
ein¬ 480,712,46,32
bringen. 116,740,106,32
<EOS>
Unsere 116,786,71,29
Auftraggeberin 194,786,148,29
ist 346,786,24,29
ein 377,786,29,29
etabliertes 413,786,102,29
Ingenieurbüro 116,811,145,28
in 265,811,21,28
der 289,811,36,28
Region 328,811,71,28
Basel. 402,811,60,28
<EOS>
Sie 469,811,28,28
plant 116,839,53,28
und 173,839,39,28
berät 219,839,49,28
auf 275,839,32,28
dem 310,839,46,28
gesamten 360,839,95,28
Gebiet 459,839,67,28
der 116,864,36,28
Energie- 155,864,85,28
und 247,864,39,28
Gebäudetechnik 289,864,159,28
Heizung, 455,864,88,28
Lüftung, 116,892,85,28
Klima, 208,892,64,28
Kälte, 279,892,56,28
Sanitär 342,892,71,28
für 416,892,32,28
alle 452,892,35,28
Ge¬ 494,892,35,28
bäudearten. 116,917,120,28
<EOS>
Dabei 240,917,60,28
setzt 303,917,46,28
sie 356,917,25,28
einen 388,917,53,28
speziellen 448,917,95,28
Schwerpunkt 116,945,131,28
auf 254,945,32,28
den 289,945,39,28
Einsatz 332,945,74,28
alternativer 409,945,117,28
Energieformen. 116,970,156,28
<EOS>
Ingenieure 279,970,106,28
und 388,970,39,28
Techniker 434,970,99,28
bieten 116,998,64,28
eine 183,998,43,28
hohe 229,998,50,28
Fachkompetenz, 286,998,162,28
die 452,998,31,28
neus¬ 487,998,56,28
ten 116,1023,32,28
Technologien 155,1023,134,28
und 293,1023,39,28
damit 339,1023,56,28
optimale 399,1023,88,28
Resultate. 116,1051,99,28
<EOS>
Für 222,1051,36,28
die 261,1051,32,28
langfristige 296,1051,113,28
Ausrichtung 413,1051,123,28
suchen 116,1076,71,28
wir 194,1076,32,28
in 229,1076,21,28
ihrem 254,1076,60,28
Namen 321,1076,71,28
einen 395,1076,57,28
enga¬ 455,1076,57,28
gierten 116,1104,71,28
Teamleiter 116,1146,142,32
HLKS 265,1146,77,32
m/ 360,1146,35,32
w) 395,1146,35,32
Direkt 116,1192,64,28
dem 187,1192,42,28
Geschäftsführer 233,1192,159,28
unterstellt, 399,1192,105,28
sind 116,1217,43,28
Sie 166,1217,28,28
verantwortlich 201,1217,145,28
für 349,1217,28,28
die 385,1217,28,28
operative 420,1217,92,28
und 116,1245,39,28
fachliche 162,1245,88,28
Führung 254,1245,88,28
Ihres 346,1245,53,28
Teams. 402,1245,71,28
<EOS>
Sie 480,1245,28,28
stellen 116,1270,67,28
die 187,1270,32,28
kosten- 222,1270,74,28
und 303,1270,39,28
termintreue 346,1270,120,28
Bear¬ 469,1270,53,28
beitung 116,1298,78,28
der 198,1298,31,28
Projekte 236,1298,82,28
sicher 325,1298,56,28
und 388,1298,39,28
unterstüt¬ 430,1298,103,28
zen 116,1323,36,28
Ihre 155,1323,43,28
Projektleiter 205,1323,123,28
und 332,1323,38,28
Sachbearbeiter 377,1323,145,28
in 529,1323,21,28
der 116,1351,36,28
Durchführung. 155,1351,148,28
<EOS>
Dabei 307,1351,60,28
leiten 370,1351,57,28
Sie 430,1351,32,28
an¬ 466,1351,35,28
spruchsvolle 116,1375,124,29
Projekte 247,1375,81,29
selbst 335,1375,57,29
und 395,1375,39,29
führen 441,1375,67,29
Ge¬ 512,1375,35,29
spräche 116,1404,78,28
und 201,1404,39,28
Verhandlungen 243,1404,152,28
mit 402,1404,32,28
Archi¬ 441,1404,60,28
tekten, 116,1428,71,29
Bauherrschaft 191,1428,141,29
und 335,1428,39,29
Unternehmern. 381,1428,152,29
<EOS>
Diese 116,1471,53,28
Aufgabe 176,1471,78,28
erfordert 261,1471,85,28
nebst 353,1471,53,28
Ihrer 409,1471,50,28
Ausbil¬ 466,1471,70,28
dung 116,1499,50,28
zum 173,1499,42,28
Dipl. 219,1499,46,28
<EOS>
Ingenieur 272,1499,95,28
FH 370,1499,32,28
HLK 406,1499,46,28
einige 459,1499,56,28
Jahre 116,1524,57,28
Erfahrung 176,1524,103,28
in 282,1524,18,28
der 307,1524,32,28
Projektleiterfunk¬ 346,1524,169,28
tion. 116,1552,46,28
<EOS>
Mit 166,1552,35,28
Ihrer 208,1552,50,28
Fachkompetenz, 261,1552,159,28
Ihrem 427,1552,60,28
über¬ 490,1552,53,28
zeugenden 116,1577,106,28
Auftreten 226,1577,92,28
sowie 325,1577,52,28
Ihrem 385,1577,60,28
Kommu¬ 448,1577,85,28
nikationsflair 116,1605,131,28
agieren 254,1605,71,28
Sie 328,1605,32,28
als 363,1605,29,28
kompetenter 395,1605,124,28
<EOS>
<EOP>
Ansprechpartner 575,631,166,28
gegenüber 744,631,99,28
anspruchs¬ 850,631,106,28
voller 575,659,56,29
Kundschaft 635,659,109,29
wie 751,659,32,29
auch 790,659,46,29
gegenüber 840,659,102,29
Ihren 575,684,53,28
Mitarbeitern. 635,684,127,28
<EOS>
Stilsicheres 769,684,109,28
Deutsch 885,684,78,28
sowie 575,712,53,28
gute 635,712,42,28
Kenntnisse 681,712,109,28
von 794,712,35,28
CAD 836,712,46,28
und 885,712,39,28
MS¬ 928,712,42,28
Office 575,737,56,28
setzen 639,737,60,28
wir 702,737,32,28
voraus. 741,737,70,28
<EOS>
Englischkennt¬ 815,737,148,28
nisse 575,765,49,28
sind 628,765,42,28
von 677,765,36,28
Vorteil. 716,765,71,28
<EOS>
Es 575,807,25,29
werden 603,807,74,29
Ihnen 681,807,56,29
ein 744,807,29,29
modernes 780,807,95,29
Arbeitsum¬ 878,807,113,29
feld, 575,832,42,28
attraktive 624,832,92,28
Anstellungsbedingungen 720,832,240,28
und 575,860,39,29
ein 617,860,32,29
Arbeitsplatz 653,860,116,29
an 776,860,25,29
zentraler 804,860,89,29
Lage 896,860,46,29
ge¬ 949,860,28,29
boten. 575,885,60,28
<EOS>
Wir 642,885,35,28
freuen 684,885,60,28
uns 751,885,36,28
auf 790,885,32,28
Ihre 826,885,42,28
Bewer¬ 871,885,71,28
bungsunterlagen 575,913,162,29
und 744,913,36,29
sprechen 787,913,88,29
gerne 878,913,53,29
mit 938,913,32,29
Ihnen 575,938,56,28
persönlich 639,938,102,28
über 744,938,46,28
weitere 794,938,70,28
Details 871,938,67,28
der 942,938,32,28
Aufgabe. 575,966,85,28
<EOS>
Kontakt: 575,1009,85,28
Sandra 667,1009,70,28
von 741,1009,39,28
Hermanni 783,1009,102,28
Markus 575,1033,74,28
Theiler 656,1033,71,28
Jörg 575,1076,46,28
Lienert 624,1076,71,28
AG 702,1076,32,28
Unternehmensberatung 575,1104,236,28
in 818,1104,18,28
Personalfragen 843,1104,148,28
Holbeinstrasse 575,1128,148,29
75 727,1128,24,29
CH- 575,1157,42,28
4051 617,1157,46,28
Basel 670,1157,53,28
Telefon 575,1181,74,29
061 656,1181,35,29
271 695,1181,35,29
71 734,1181,21,29
66 762,1181,25,29
basel@ 575,1210,71,28
joerg- 646,1210,60,28
lienert. 706,1210,70,28
<EOS>
ch 776,1210,21,28
<EOS>
<EOP>
!"# 1136,599,49,32
<EOS>
$#%&'(&)*+ 1192,599,156,32
)*%#,#% 1355,599,113,32
-#.#*%,')/#% 1478,599,208,32
<EOS>
"%& 1693,599,32,32
)*%#, 1736,599,77,32
0#*&,'(#% 1136,635,130,31
1*("#+#* 1274,635,123,31
2 1397,635,11,31
3*%.#% 1415,635,95,31
<EOS>
4* 1510,635,32,31
5#,# 1542,635,63,31
%# 1616,635,31,31
6#* 1647,635,53,31
7", 1711,635,39,31
)*%#,# 1760,635,96,31
1) 1136,670,39,32
8+'.# 1175,670,81,32
<EOS>
5',"* 1263,670,71,32
9 1334,670,10,32
5"# 1351,670,42,32
)*&#,%: 1404,670,102,32
6"# 1506,670,43,32
5(": 1549,670,46,32
6#* 1598,670,49,32
1*%;,<: 1658,670,116,32
6# 1774,670,36,32
'* 1817,670,35,32
5#* 1863,670,53,32
=')/ 1139,705,82,32
') 1231,705,35,32
8#"*'* 1266,705,85,32
5#, 1351,705,46,32
'. 1408,705,35,32
<EOS>
0)%&"//#* 1443,705,152,32
9 1595,705,7,32
)/ 1612,705,43,32
%"**> 1665,705,74,32
4((# 1739,705,50,32
-?%)*+#* 1139,740,138,32
<EOS>
0) 1284,740,35,32
#, 1326,740,29,32
0"#(#* 1355,740,84,32
2 1439,740,7,32
@", 1136,811,49,32
%): 1192,811,50,32
6#* 1242,811,53,32
8<, 1305,811,36,32
)*%#,# 1351,811,95,32
1.&#"()*+ 1457,811,131,32
<EOS>
A,&%;('*)*+ 1595,811,172,32
;#, 1778,811,46,32
B2 1139,846,25,32
1)+)%& 1171,846,99,32
CDBD 1281,846,70,32
45#, 1358,846,64,32
*': 1432,846,50,32
6 1482,846,17,32
E#,#"*.',)*+ 1510,846,187,32
<EOS>
#"*# 1707,846,60,32
+# 1774,846,36,32
7'* 1810,846,60,32
5&# 1870,846,42,32
)* 1139,882,32,31
5 1171,882,18,31
"*"&"'&"># 1199,882,113,31
F#,%?*(": 1323,882,130,31
<EOS>
6G#"& 1453,882,67,31
'(% 1528,882,42,31
!"#$%!&'()&* 1182,963,367,53
<EOS>
!"#$%!&'( 1591,963,300,53
<EOS>
,'&-"# 1136,1026,187,43
./ 1334,1026,52,43
<EOS>
0 1401,1026,17,43
1// 1429,1026,81,43
2 1510,1026,42,43
H"# 1136,1107,46,32
.#,'&#* 1192,1107,106,32
<EOS>
)* 1309,1107,35,32
5 1344,1107,18,32
)*&#,%&<& 1369,1107,123,32
0#* 1492,1107,50,32
$#/#"* 1552,1107,110,32
5#.# 1662,1107,70,32
<EOS>
6?, 1732,1107,46,32
<EOS>
5#* 1778,1107,53,32
9 1831,1107,11,32
G'*& 1136,1143,60,31
4*'(# 1196,1143,78,31
I/&#, 1284,1143,85,31
9 1369,1143,7,31
F('*)*+%.<, 1386,1143,177,31
<EOS>
4% 1563,1143,32,31
)* 1605,1143,35,31
5 1640,1143,18,31
F,">'&;#,% 1665,1143,145,31
4*#* 1810,1143,70,31
"* 1887,1143,25,31
J,'+#* 1136,1178,102,32
5#, 1245,1178,46,32
,')/ 1302,1178,70,32
7", 1372,1178,43,32
G%'/#* 1415,1178,109,32
F('*)*+ 1531,1178,116,32
2 1647,1178,11,32
H"# 1665,1178,46,32
G44,5"*"#,#* 1722,1178,172,32
07"%: 1139,1213,75,32
6#* 1214,1213,52,32
5#* 1277,1213,53,32
K#&#"("+&#* 1337,1213,148,32
9 1485,1213,11,32
;,< 1503,1213,46,32
8#* 1549,1213,42,32
L)& 1602,1213,49,32
0)*+%;( 1651,1213,109,32
M*# 1760,1213,53,32
9 1813,1213,7,32
=": 1139,1248,43,32
6&;( 1182,1248,53,32
M*# 1235,1248,53,32
)* 1295,1248,35,32
5 1330,1248,18,32
K')+#%): 1358,1248,138,32
6# 1496,1248,35,32
> 1542,1248,14,32
4* 1556,1248,35,32
K')> 1602,1248,70,32
4,6'.#* 1672,1248,117,32
<EOS>
')%%#, 1799,1248,95,32
N 1894,1248,11,32
6'(. 1139,1284,57,31
<EOS>
5#, 1207,1284,45,31
K') 1259,1284,57,31
04*#* 1316,1284,88,31
9 1404,1284,7,31
.#,#"&#* 1422,1284,113,31
<EOS>
O*&%: 1542,1284,81,31
6#" 1623,1284,42,31
5# 1665,1284,35,31
> 1707,1284,18,31
4, 1725,1284,28,31
)* 1760,1284,36,31
5 1796,1284,17,31
#,',.#"&#* 1139,1319,142,35
<EOS>
$,)* 1288,1319,70,35
5('+#* 1358,1319,95,35
"* 1464,1319,25,35
5"#%#* 1496,1319,92,35
K#,#": 1598,1319,88,35
6#* 1686,1319,53,35
2 1739,1319,11,35
@", 1136,1390,49,35
#, 1192,1390,29,35
7',&#* 1221,1390,95,35
#"* 1326,1390,43,35
P4: 1376,1390,56,35
6%: 1432,1390,50,35
6)(%&) 1482,1390,84,35
5")/ 1566,1390,67,35
9 1633,1390,11,35
/?+(": 1651,1390,92,35
<EOS>
6%& 1743,1390,42,35
O, 1139,1425,29,35
8' 1168,1425,28,35
6,)*+ 1196,1425,81,35
"/ 1284,1425,35,35
K') 1326,1425,57,35
N 1383,1425,10,35
)* 1404,1425,35,35
5 1439,1425,18,35
F('*)*+% 1464,1425,131,35
7#%#* 1595,1425,91,35
% 1697,1425,14,35
47"# 1711,1425,67,35
#"*# 1785,1425,60,35
>#,'*& 1139,1460,85,35
74,&)*+%.# 1224,1460,166,35
<EOS>
7)%%&# 1390,1460,99,35
)* 1496,1460,35,35
5 1531,1460,18,35
8(# 1559,1460,32,35
Q".(# 1591,1460,64,35
<EOS>
F#,%?*(": 1665,1460,131,35
<EOS>
6G#"& 1796,1460,67,35
/"& 1870,1460,42,35
E#, 1139,1495,46,36
6'* 1185,1495,53,36
5()*+%+#%: 1238,1495,163,36
6": 1401,1495,38,36
G2 1439,1495,25,36
3') 1139,1573,53,28
4'(' 1192,1573,60,28
5"- 1259,1573,60,28
67& 1319,1573,57,28
84' 1376,1573,39,28
'( 1425,1573,28,28
4')% 1453,1573,46,28
4 1499,1573,11,28
9:&'& 1520,1573,82,28
;'(&'< 1612,1573,95,28
R#(" 1139,1601,53,35
P48#, 1199,1601,78,35
9 1277,1601,11,35
S6# 1295,1601,60,35
8 1355,1601,7,35
1/& 1372,1601,57,35
8<, 1436,1601,39,35
=')/;('*)*+ 1482,1601,197,35
9 1679,1601,7,35
T 1697,1601,18,35
DUC 1725,1601,53,35
VCW 1785,1601,53,35
CU 1849,1601,35,35
CX9 1891,1601,46,35
)#(" 1139,1636,46,36
2648#, 1185,1636,81,36
Y&+ 1266,1636,60,36
2: 1326,1636,25,36
6 1351,1636,18,36
9:(' 1136,1714,60,28
='>'(?"&; 1203,1714,173,28
<EOS>
()@: 1386,1714,57,28
4'& 1443,1714,49,28
A)' 1499,1714,46,28
<EOS>
44' 1584,1714,39,28
?)- 1630,1714,46,28
<EOS>
BC 1686,1714,25,28
D"&) 1722,1714,63,28
E/ 1796,1714,35,28
1/ 1831,1714,35,28
!& 1136,1749,39,29
<EOS>
F!-< 1182,1749,67,29
<EOS>
1/& 1136,1781,56,32
8<, 1203,1781,35,32
=')/;('*)*+ 1249,1781,197,32
5#% 1453,1781,50,32
Z'*& 1513,1781,64,32
4*% 1577,1781,53,32
T6),+') 1637,1781,120,32
E#, 1136,1816,49,32
7'(&)*+%+#. 1185,1816,180,32
<EOS>
M) 1365,1816,36,32
5# 1401,1816,35,32
F, 1443,1816,32,32
4/#*' 1475,1816,95,32
5# 1570,1816,35,32
[ 1136,1852,18,31
UBD 1154,1852,53,31
J,')#* 1217,1852,99,31
8#( 1316,1852,35,31
5 1351,1852,18,31
<EOS>
<EOP>
sucht 131,2074,70,35
per 208,2074,42,35
sofort 258,2074,74,35
oder 339,2074,56,35
nach 402,2074,60,35
Vereinbarung 469,2074,166,35
in 642,2074,25,35
Totalunternehmung 674,2074,243,35
ArchitektIn 131,2141,261,56
FH 406,2141,63,56
BauleiterIn 131,2194,257,56
HochbautechnikerIn 131,2247,472,56
HF 617,2247,64,56
Sie 131,2328,42,35
– 131,2360,14,35
bearbeiten 162,2360,134,35
interessante 303,2360,156,35
Objekte 466,2360,98,35
im 572,2360,31,35
Raum 610,2360,74,35
Schaffhausen 695,2360,169,35
und 871,2360,50,35
Zürich 162,2391,78,36
siehe 254,2398,49,25
www. 310,2398,57,25
<EOS>
schlatter- 367,2398,85,25
planung. 452,2398,81,25
<EOS>
ch) 533,2398,28,25
– 131,2423,14,35
kennen 162,2423,92,35
sich 261,2423,53,35
aus 321,2423,42,35
mit 370,2423,43,35
Excel/ 420,2423,77,35
Word/ 497,2423,75,35
Devisierungsprogramm/ 572,2423,303,35
CAD 875,2423,56,35
– 131,2455,14,35
sind 162,2455,53,35
selbständiges, 222,2455,180,35
zuverlässiges 409,2455,170,35
Arbeiten 586,2455,105,35
gewöhnt 699,2455,112,35
– 131,2487,14,35
bringen 162,2487,96,35
entsprechende 265,2487,187,35
Ausbildung 459,2487,141,35
und 607,2487,49,35
mehrjährige 663,2487,148,35
Berufser¬ 818,2487,117,35
fahrung 162,2518,96,36
mit 265,2518,42,36
Wir 131,2582,49,35
– 131,2614,14,35
bieten 162,2614,78,35
Ihnen 247,2614,71,35
einen 328,2614,67,35
modernen 402,2614,131,35
Arbeitsplatz 540,2614,148,35
in 695,2614,21,35
Schaffhausen, 727,2614,176,35
in 910,2614,25,35
einem 162,2645,78,36
24- 247,2645,39,36
Frau- 286,2645,63,36
Mann- 349,2645,81,36
Team 430,2645,67,36
– 131,2677,14,35
freuen 162,2677,81,35
uns 250,2677,46,35
auf 303,2677,39,35
Ihre 353,2677,46,35
Bewerbung! 409,2677,155,35
<EOS>
052 131,2748,35,24
630 173,2748,35,24
50 215,2748,21,24
00 243,2748,25,24
oder 272,2748,42,24
079 321,2748,35,24
631 363,2748,36,24
39 402,2748,25,24
31 434,2748,21,24
/ 462,2748,7,24
Hauentalstrasse 473,2748,151,24
8,8204 631,2748,64,24
Schaffhausen 702,2748,131,24
<EOS>
<EOP>
Adrian 1111,1979,110,46
Streich 1231,1979,120,46
Architekten 1111,2021,198,46
AG 1319,2021,46,46
Wir 1111,2088,39,32
entwerfen 1161,2088,113,32
und 1281,2088,42,32
realisieren 1330,2088,120,32
Bauten 1457,2088,81,32
und 1545,2088,43,32
Anlagen 1595,2088,95,32
mit 1697,2088,35,32
einer 1739,2088,57,32
hohen 1803,2088,70,32
fachlichen 1111,2116,113,32
und 1235,2116,42,32
kulturellen 1284,2116,117,32
Kompetenz. 1408,2116,134,32
<EOS>
Die 1549,2116,39,32
gebaute 1595,2116,91,32
Welt 1693,2116,53,32
betrachten 1753,2116,124,32
wir 1884,2116,35,32
unvoreingenommen 1111,2148,223,32
und 1341,2148,42,32
in 1393,2148,18,32
ihrer 1418,2148,53,32
ganzen 1478,2148,81,32
Komplexität. 1570,2148,137,32
<EOS>
Für 1111,2201,39,32
die 1157,2201,35,32
Mitarbeit 1199,2201,99,32
an 1305,2201,29,32
einem 1341,2201,70,32
anspruchsvollen 1418,2201,184,32
Bauprojekt 1612,2201,124,32
suchen 1743,2201,84,32
wir 1834,2201,36,32
ab 1877,2201,28,32
sofort 1111,2233,64,28
oder 1185,2233,50,28
nach 1245,2233,53,28
Vereinbarung 1305,2233,152,28
Architekt/ 1111,2286,170,45
in 1281,2286,31,45
ETH/ 1323,2286,78,45
FH 1401,2286,42,45
Sie 1111,2353,36,28
verfügen 1154,2353,102,28
über 1263,2353,53,28
ein 1323,2353,32,28
ausgeprägtes 1362,2353,158,28
architektonisches 1528,2353,201,28
Urteilsvermögen 1736,2353,187,28
und 1111,2381,43,32
sind 1161,2381,46,32
leistungsbereit, 1217,2381,173,32
kommunikativ 1397,2381,155,32
sowie 1559,2381,67,32
teamfähig. 1633,2381,120,32
<EOS>
Wir 1111,2434,39,32
bieten 1161,2434,70,32
ein 1238,2434,32,32
vielfältiges 1281,2434,116,32
und 1408,2434,42,32
herausforderndes 1457,2434,205,32
Arbeitsumfeld. 1669,2434,165,32
<EOS>
Unser 1842,2434,70,32
Unternehmen 1111,2466,152,31
fördert 1270,2466,78,31
eine 1355,2466,46,31
selbständige 1411,2466,145,31
Arbeitsweise 1563,2466,148,31
sowie 1718,2466,67,31
eine 1792,2466,50,31
offene 1849,2466,70,31
Kommunikation 1111,2494,173,31
und 1291,2494,46,31
legt 1344,2494,42,31
Wert 1393,2494,57,31
auf 1457,2494,35,31
faire 1499,2494,50,31
Arbeitsbedingungen. 1556,2494,240,31
<EOS>
Haben 1111,2550,74,32
wir 1192,2550,36,32
Ihr 1235,2550,31,32
Interesse 1274,2550,105,32
geweckt? 1386,2550,113,32
<EOS>
Dann 1506,2550,60,32
bitten 1577,2550,63,32
wir 1647,2550,36,32
Sie, 1690,2550,46,32
Herrn 1743,2550,63,32
Adrian 1813,2550,78,32
Streich 1111,2578,81,32
Ihre 1199,2578,46,32
Bewerbungsunterlagen 1252,2578,265,32
zuzustellen. 1528,2578,130,32
<EOS>
Adrian 1111,2660,74,31
Streich 1192,2660,82,31
Architekten 1284,2660,134,31
AG 1425,2660,32,31
Badenerstrasse 1111,2688,180,32
156, 1298,2688,50,32
CH- 1358,2688,39,32
8004 1397,2688,56,32
Zürich 1464,2688,71,32
T 1111,2716,11,32
+ 1129,2716,14,32
41 1143,2716,28,32
44 1178,2716,29,32
364 1217,2716,42,32
06 1266,2716,29,32
46 1305,2716,29,32
www. 1111,2744,67,32
<EOS>
adrianstreich. 1178,2744,163,32
<EOS>
ch 1341,2744,28,32
<EOS>
<EOP>
