2099,2970
18 106,67,46,45
| 173,63,14,46
NATURTHEATER 208,67,318,45
TEC21 1760,74,85,35
20 1863,74,35,35
/ 1901,74,15,35
2010 1919,74,71,35
<EOS>
<EOP>
PROMENADE 109,391,776,145
ZUM 924,391,272,145
RHEIN 1235,391,395,145
<EOS>
<EOP>
Der 751,733,60,39
Rheinfall 818,733,145,39
ist 974,733,38,39
und 1023,733,60,39
bleibt 1094,733,91,39
ein 1196,733,46,39
grandioses 1252,733,177,39
Spektakel. 1439,733,170,39
<EOS>
Doch 1619,733,78,39
sein 1707,733,67,39
Zugang 1785,733,120,39
auf 751,776,50,42
Zürcher 811,776,134,42
Seite 953,776,84,42
durch 1048,776,91,42
das 1150,776,57,42
Schloss 1217,776,127,42
Laufen 1355,776,109,42
war 1475,776,63,42
völlig 1545,776,85,42
veraltet. 1640,776,138,42
<EOS>
Ein 1789,776,49,42
beträchtlicher 751,822,230,38
Besucherrückgang 991,822,300,38
veranlasste 1302,822,187,38
den 1499,822,60,38
Kanton 1570,822,109,38
Zürich, 1690,822,116,38
die 1817,822,49,38
Anlagen 751,864,127,42
umfassend 889,864,173,42
zu 1072,864,36,42
sanieren. 1118,864,152,42
<EOS>
Ein 1281,864,49,42
Spaziergang 1341,864,204,42
zeigt, 1556,864,84,42
was 1651,864,67,42
gebaut 1729,864,109,42
und 751,910,57,39
wie 818,910,57,39
das 885,910,57,39
Naturtheater 953,910,215,39
neu 1175,910,60,39
inszeniert 1245,910,163,39
wurde. 1415,910,113,39
<EOS>
Am 751,998,43,39
Anfang 804,998,96,39
des 907,998,49,39
Besuchs 967,998,116,39
überrascht 1090,998,145,39
ein 1245,998,39,39
Gebäude, 1291,998,134,39
das 1436,998,49,39
zugleich 1492,998,113,39
ganz 1616,998,67,39
gegenwärtig- 1690,998,180,39
aktuell 1870,998,84,39
und 751,1044,50,35
zeitlos- 811,1044,92,35
einfach 907,1044,95,35
wirkt: 1012,1044,71,35
eine 1090,1044,57,35
schlichte 1154,1044,120,35
Hausform 1284,1044,131,35
wie 1422,1044,46,35
aus 1475,1044,49,35
einem 1531,1044,81,35
Märchenbuch 1623,1044,183,35
mit 1817,1044,39,35
Techno- 1863,1044,106,35
Touch 751,1090,78,35
Abb. 847,1090,67,35
<EOS>
3, 921,1090,24,35
rechts). 956,1090,99,35
<EOS>
Die 1065,1090,43,35
Architekten 1118,1090,152,35
Leuppi 1277,1090,92,35
und 1379,1090,50,35
Schafroth 1439,1090,127,35
haben 1573,1090,85,35
aus 1669,1090,46,35
einem 1725,1090,81,35
hässlichen 1813,1090,145,35
Personalhaus, 751,1132,187,35
das 949,1132,49,35
seine 1005,1132,71,35
letzte 1087,1132,70,35
Erneuerung 1168,1132,155,35
vor 1330,1132,42,35
rund 1383,1132,60,35
sechzig 1450,1132,106,35
Jahren 1563,1132,92,35
gesehen 1665,1132,117,35
hat, 1789,1132,49,35
eine 1849,1132,56,35
Schatulle 751,1178,120,35
mit 882,1178,39,35
nobler 931,1178,85,35
Auskleidung 1023,1178,166,35
gemacht. 1199,1178,124,35
<EOS>
Dafür 1334,1178,70,35
haben 1415,1178,84,35
sie 1506,1178,39,35
den 1552,1178,53,35
vorhandenen 1612,1178,177,35
Altbau 1799,1178,85,35
um 1894,1178,39,35
die 1944,1178,42,35
Hälfte 751,1220,78,39
verlängert 836,1220,134,39
und 981,1220,49,39
in 1041,1220,21,39
eine 1072,1220,57,39
Hülle 1136,1220,71,39
aus 1214,1220,49,39
wetterfestem 1270,1220,173,39
Stahl 1450,1220,67,39
verpackt. 1524,1220,127,39
<EOS>
Hinter 1658,1220,81,39
der 1746,1220,46,39
Idee 1799,1220,60,39
stand 1870,1220,74,39
eine 751,1266,57,35
Mischung 815,1266,130,35
aus 956,1266,46,35
Bildern: 1012,1266,103,35
das 1122,1266,53,35
Plattnerwerk 1182,1266,166,35
eines 1355,1266,70,35
Harnischs, 1436,1266,141,35
Schweizer 1588,1266,137,35
Stickereien 1732,1266,148,35
und 1887,1266,53,35
die 751,1312,39,35
Vorstellung 801,1312,148,35
einer 956,1312,67,35
warmen, 1030,1312,117,35
lebendigen 1154,1312,151,35
Oberfl 1316,1312,81,35
ächenfarbigkeit. 1397,1312,219,35
<EOS>
« 1623,1312,17,35
Swissness 1640,1312,138,35
» 1778,1312,18,35
signalisiert 1803,1312,144,35
nun 751,1354,50,36
das 808,1354,49,36
Ornament 868,1354,130,36
der 1009,1354,46,36
Fassade; 1062,1354,123,36
es 1192,1354,32,36
sind 1235,1354,53,36
leicht 1298,1354,71,36
verfremdete 1379,1354,159,36
Schweizerkreuze, 1549,1354,233,36
die 1792,1354,42,36
aus 1842,1354,49,36
den 1898,1354,53,36
Metallplatten 751,1400,170,35
geschnitten 931,1400,156,35
wurden 1094,1400,98,35
und 1203,1400,49,35
Licht 1263,1400,63,35
und 1337,1400,49,35
Luft 1397,1400,49,35
zu 1453,1400,32,35
den 1492,1400,53,35
dahinter 1552,1400,110,35
liegenden 1672,1400,134,35
Räumen 1813,1400,110,35
gelangen 751,1442,124,39
lassen. 885,1442,96,39
<EOS>
Die 988,1442,46,39
rostrote 1041,1442,102,39
Hülle 1150,1442,67,39
schliesst 1228,1442,116,39
bündig 1351,1442,95,39
an 1453,1442,36,39
die 1496,1442,42,39
alten 1545,1442,67,39
Biberschwanzziegel 1619,1442,268,39
der 1898,1442,46,39
Dachtraufe 751,1488,149,36
an. 907,1488,42,36
<EOS>
So 956,1488,35,36
entsteht 998,1488,110,36
ein 1115,1488,39,36
Haus 1164,1488,67,36
von 1242,1488,46,36
einfacher 1298,1488,124,36
Form 1432,1488,67,36
und 1506,1488,53,36
schönen 1566,1488,117,36
Proportionen. 1690,1488,180,36
<EOS>
Das 1880,1488,53,36
ist 1940,1488,32,36
gelungen, 751,1534,134,35
ist 893,1534,31,35
so 931,1534,32,35
doch 970,1534,71,35
die 1048,1534,42,35
ganze 1097,1534,85,35
Biederkeit 1189,1534,134,35
des 1334,1534,49,35
Altbaus 1390,1534,102,35
einem 1499,1534,81,35
Eindruck 1591,1534,116,35
von 1718,1534,46,35
eleganter 1774,1534,127,35
und 1909,1534,52,35
doch 751,1577,67,35
ländlicher 826,1577,134,35
Grosszügigkeit 967,1577,201,35
gewichen. 1175,1577,137,35
<EOS>
Ursprünglich 1323,1577,173,35
war 1503,1577,49,35
vorgesehen, 1559,1577,166,35
die 1736,1577,38,35
Vordächer 1785,1577,138,35
aufklappbar 751,1622,159,36
auszugestalten, 921,1622,211,36
sodass 1139,1622,96,36
sie 1245,1622,39,36
im 1291,1622,32,36
geschlossenen 1330,1622,205,36
Zustand 1542,1622,109,36
die 1662,1622,38,36
Kompaktheit 1711,1622,166,36
der 1887,1622,43,36
Form 751,1665,67,39
noch 826,1665,67,39
unterstrichen 903,1665,173,39
hätten. 1087,1665,91,39
<EOS>
Wie 1185,1665,50,39
an 1242,1665,35,39
anderen 1284,1665,113,39
Orten 1404,1665,74,39
zwang 1489,1665,88,39
der 1584,1665,46,39
Kostenrahmen 1637,1665,194,39
zu 1842,1665,31,39
Vereinfachungen. 751,1711,233,35
<EOS>
Die 991,1711,46,35
Vordächer 1044,1711,138,35
sind 1192,1711,57,35
fest 1256,1711,49,35
montiert; 1312,1711,117,35
das 1439,1711,50,35
Visier 1496,1711,74,35
des 1577,1711,53,35
Harnischs 1637,1711,134,35
bleibt 1782,1711,74,35
offen. 1863,1711,74,35
<EOS>
Die 751,1756,43,36
vorgesetzte 804,1756,156,36
Fassadenschicht 967,1756,229,36
führt 1203,1756,60,36
zu 1274,1756,31,36
raumhaltigen 1312,1756,177,36
Aussenwänden, 1496,1756,215,36
in 1718,1756,25,36
die 1750,1756,42,36
Schalter, 1799,1756,117,36
vitrinenartige 751,1799,173,35
Schaufenster 931,1799,177,35
oder 1118,1799,60,35
– 1185,1799,18,35
im 1210,1799,32,35
Café 1249,1799,63,35
– 1323,1799,14,35
Sitznischen 1344,1799,155,35
eingelassen 1506,1799,163,35
sind, 1676,1799,67,35
eine 1750,1799,56,35
nicht 1813,1799,67,35
zu 1887,1799,32,35
unterschätzende 751,1845,223,35
Bereicherung. 984,1845,187,35
<EOS>
Innen 1182,1845,74,35
ist 1263,1845,32,35
die 1302,1845,42,35
metallene 1351,1845,131,35
Schatulle 1489,1845,123,35
mit 1623,1845,39,35
einem 1669,1845,81,35
sorgfältig 1760,1845,124,35
detail¬ 1894,1845,82,35
lierten 751,1887,82,39
Ausbau 840,1887,102,39
in 953,1887,21,39
Lärchen- 984,1887,120,39
und 1111,1887,53,39
Eichenholz 1171,1887,145,39
ausgekleidet. 1326,1887,180,39
<EOS>
Zusätzlich 1513,1887,138,39
trägt 1658,1887,64,39
die 1729,1887,42,39
Intervention 1778,1887,159,39
im 1944,1887,32,39
Dachgeschoss 751,1933,202,35
zur 960,1933,42,35
Analogie 1009,1933,120,35
einer 1136,1933,67,35
feinen 1210,1933,81,35
Schatulle 1302,1933,123,35
bei: 1432,1933,50,35
Der 1492,1933,46,35
von 1549,1933,46,35
Zugbändern 1605,1933,166,35
frei 1778,1933,42,35
gehaltene 1827,1933,134,35
Zeltraum 751,1979,117,35
ist 875,1979,32,35
ganz 914,1979,67,35
mit 991,1979,39,35
Filz 1037,1979,46,35
kaschiert 1090,1979,124,35
siehe 1231,1979,71,35
Abb. 1312,1979,64,35
<EOS>
6), 1386,1979,36,35
eine 1429,1979,56,35
nicht 1492,1979,67,35
nur 1566,1979,43,35
akustisch, 1619,1979,134,35
sondern 1760,1979,113,35
auch 1880,1979,67,35
ästhetisch 751,2021,134,35
überzeugende 893,2021,194,35
Idee. 1097,2021,67,35
<EOS>
Wer 1171,2021,53,35
hier 1231,2021,50,35
eine 1291,2021,53,35
Veranstaltung 1355,2021,180,35
besucht, 1542,2021,116,35
kommt 1669,2021,88,35
in 1764,2021,25,35
ihren 1796,2021,63,35
Genuss. 1870,2021,109,35
<EOS>
Der 751,2067,46,35
Weg 808,2067,60,35
führt 875,2067,60,35
zurück 945,2067,89,35
in 1044,2067,21,35
den 1076,2067,49,35
Aussenraum. 1136,2067,173,35
<EOS>
Auch 1319,2067,71,35
hier 1397,2067,49,35
haben 1457,2067,85,35
die 1549,2067,42,35
Architekten 1598,2067,152,35
vereinfachend 1757,2067,190,35
und 751,2109,50,39
klärend 811,2109,99,39
eingegriffen, 917,2109,170,39
vor 1094,2109,42,39
allem 1143,2109,71,39
mit 1224,2109,39,39
einer 1274,2109,63,39
Stützmauer 1348,2109,151,39
aus 1506,2109,50,39
gestocktem 1563,2109,155,39
Beton, 1729,2109,84,39
in 1824,2109,21,39
den 1856,2109,49,39
Kalkstein 751,2155,120,35
in 878,2155,25,35
der 910,2155,46,35
Farbe 967,2155,77,35
des 1051,2155,50,35
alten 1111,2155,64,35
Mauerwerks 1182,2155,162,35
eingelassen 1355,2155,162,35
wurde. 1524,2155,92,35
<EOS>
Die 1623,2155,46,35
Mauer 1676,2155,84,35
schwingt 1771,2155,120,35
sich 1898,2155,53,35
um 751,2201,39,35
die 801,2201,39,35
Rückseite 850,2201,131,35
des 991,2201,50,35
Gebäudes 1048,2201,141,35
und 1196,2201,53,35
endet 1256,2201,78,35
als 1341,2201,38,35
Sitzgelegenheit 1390,2201,205,35
neben 1605,2201,85,35
der 1697,2201,46,35
Bestuhlung 1750,2201,151,35
des 1909,2201,49,35
Cafés. 751,2243,85,36
<EOS>
Von 843,2243,53,36
hier 903,2243,50,36
aus 963,2243,46,36
fällt 1020,2243,45,36
der 1072,2243,46,36
Blick 1125,2243,67,36
auf 1199,2243,43,36
das 1249,2243,49,36
Schloss 1309,2243,102,36
und 1422,2243,49,36
seine 1482,2243,70,36
Wehranlagen. 1563,2243,183,36
<EOS>
MIKADO 751,2335,131,35
IM 893,2335,42,35
WALD, 945,2335,99,35
MAGNOLIE 1055,2335,176,35
IM 1242,2335,42,35
SCHLOSS 1295,2335,155,35
Ausser 751,2377,92,36
der 850,2377,46,36
Attraktivitätssteigerung 903,2377,307,36
gab 1221,2377,53,36
es 1281,2377,31,36
ein 1323,2377,39,36
zweites 1369,2377,99,36
Ziel 1478,2377,50,36
der 1535,2377,45,36
Sanierung: 1588,2377,144,36
Die 1739,2377,46,36
Aufenthalts¬ 1796,2377,158,36
dauer 751,2423,78,35
der 836,2423,46,35
Gäste 889,2423,81,35
sollte 977,2423,71,35
markant 1055,2423,109,35
erhöht 1171,2423,85,35
werden. 1266,2423,106,35
<EOS>
Und 1383,2423,56,35
wer 1446,2423,50,35
drängt 1503,2423,88,35
zum 1602,2423,56,35
Gehen, 1665,2423,99,35
wenn 1771,2423,71,35
es 1852,2423,32,35
lang¬ 1891,2423,67,35
weilig 751,2466,75,35
wird? 836,2466,71,35
<EOS>
Die 914,2466,46,35
Kinder. 967,2466,95,35
<EOS>
Für 1069,2466,42,35
sie 1122,2466,39,35
haben 1168,2466,84,35
Schmid 1263,2466,99,35
Landschaftsarchitekten 1372,2466,311,35
hier 1693,2466,50,35
an 1750,2466,35,35
strategisch 1792,2466,148,35
bester 751,2511,85,36
Stelle, 843,2511,81,36
zwischen 935,2511,123,36
Restaurant 1065,2511,145,36
und 1221,2511,49,36
Besucherzentrum, 1281,2511,243,36
einen 1531,2511,74,36
grosszügigen 1616,2511,180,36
Spielplatz 1806,2511,131,36
an¬ 1944,2511,42,36
gelegt. 751,2554,92,39
<EOS>
Im 850,2554,35,39
abschüssigen 893,2554,187,39
Terrain 1090,2554,88,39
verbinden 1189,2554,134,39
sie 1330,2554,39,39
die 1379,2554,39,39
Geländestufen 1429,2554,194,39
mit 1633,2554,39,39
einem 1679,2554,81,39
riesigen 1771,2554,106,39
Mikado 1884,2554,99,39
aus 751,2600,46,35
Baumstämmen, 808,2600,208,35
eine 1023,2600,57,35
thematische 1090,2600,162,35
Referenz 1259,2600,120,35
an 1390,2600,32,35
den 1429,2600,53,35
nahe 1489,2600,67,35
liegenden 1566,2600,131,35
Wald 1707,2600,67,35
und 1782,2600,52,35
eine 1842,2600,56,35
Einladung 751,2645,134,36
an 893,2645,35,36
die 935,2645,42,36
Kinder, 984,2645,96,36
ihren 1087,2645,67,36
Gleichgewichtssinn 1161,2645,261,36
zu 1432,2645,32,36
erproben. 1471,2645,131,36
<EOS>
Einige 1609,2645,84,36
der 1700,2645,46,36
Stämme 1757,2645,109,36
sind 1873,2645,57,36
beweglich 751,2688,138,35
und 896,2688,53,35
entpuppen 956,2688,145,35
sich 1111,2688,53,35
als 1175,2688,39,35
Wippen 1221,2688,102,35
und 1334,2688,49,35
schwankende 1393,2688,184,35
Stege. 1588,2688,84,35
<EOS>
Eine 1683,2688,56,35
Drehscheibe 1750,2688,169,35
und 1926,2688,53,35
einige 751,2734,82,35
Wippteller 840,2734,134,35
ergänzen 984,2734,124,35
im 1118,2734,32,35
Wortsinn 1157,2734,117,35
punktuell 1284,2734,120,35
die 1411,2734,42,35
Linien 1464,2734,78,35
der 1552,2734,43,35
Stämme. 1605,2734,117,35
<EOS>
Die 1732,2734,42,35
Spielgeräte 1785,2734,152,35
<EOS>
<EOP>
Titelbild 109,776,103,28
Luft 109,811,50,28
aufnahme 159,811,120,28
von 286,811,42,28
Laufen- 335,811,99,28
Uhwiesen 434,811,116,28
im 557,811,29,28
März 109,846,64,28
2003 180,846,63,28
mit 250,846,39,28
Schloss 296,846,96,28
Laufen 399,846,84,28
am 490,846,36,28
Rhein 536,846,71,28
und 109,882,46,28
dem 162,882,50,28
Städtchen 222,882,124,28
Neuhausen 353,882,137,28
hinten) 508,882,88,28
KEYSTONE/ 120,917,145,28
DESAIR/ 265,917,112,28
Heinz 377,917,68,28
Leuenberger) 455,917,166,28
AM 131,1023,49,38
BAU 191,1023,67,38
BETEILIGTE 268,1023,194,38
Bauherrschaft 131,1061,172,32
: 303,1061,7,32
Immobilienamt 325,1061,169,32
Kanton 508,1061,81,32
Zürich, 607,1061,84,32
vertreten 131,1097,109,28
durch 247,1097,67,28
das 325,1097,38,28
Hochbauamt 370,1097,145,28
Kanton 526,1097,77,28
Zürich 610,1097,78,28
– 131,1164,14,28
Besucherzentrum 152,1164,208,28
und 370,1164,43,28
Sanierung 420,1164,123,28
Nordtrakt 550,1164,117,28
Architektur: 131,1196,144,31
Leuppi 282,1196,78,31
& 367,1196,18,31
Schafroth 395,1196,117,31
Architekten 515,1196,134,31
AG, 131,1231,42,28
Zürich 180,1231,78,28
Tragwerksplanung: 131,1263,222,31
Walt 360,1263,49,31
& 416,1263,21,31
Galmarini 445,1263,112,31
AG, 564,1263,43,31
Zürich 614,1263,74,31
Baumeister: 131,1298,144,28
Baltensperger 282,1298,170,28
AG, 455,1298,46,28
Seuzach 508,1298,99,28
Holzbau: 131,1330,102,31
Knecht 240,1330,78,31
AG, 325,1330,42,31
Oberwil 374,1330,92,31
Metallfassade: 131,1365,172,28
Aepli 310,1365,60,28
Metallbau 377,1365,113,28
AG, 497,1365,43,28
Gossau 547,1365,84,28
Innenausbau 131,1397,151,31
/ 286,1397,14,31
Ladenbau: 303,1397,120,31
Robert 430,1397,82,31
Fehr 519,1397,56,31
AG, 582,1397,42,31
Andelfi 131,1432,77,28
ngen 208,1432,60,28
Buff 131,1464,49,31
etanlagen: 180,1464,127,31
Pius 314,1464,49,31
Nadler 370,1464,78,31
AG, 455,1464,42,31
Bülach; 504,1464,89,31
Chromag 131,1499,102,28
AG, 240,1499,42,28
Steinhausen 289,1499,145,28
Beleuchtung: 131,1531,155,31
Neuco 293,1531,70,31
AG, 370,1531,43,31
Zürich 420,1531,77,31
– 131,1598,14,31
Turm, 152,1598,63,31
Steg, 226,1598,60,31
Ausstellung 293,1598,141,31
Architektur 131,1633,137,28
/ 272,1633,10,28
Szenografi 286,1633,130,28
e: 416,1633,21,28
Bellprat 452,1633,91,28
Associates 550,1633,127,28
AG, 131,1665,42,31
Zürich; 180,1665,85,31
Thomas 272,1665,88,31
Vock, 367,1665,60,31
Fabienne 434,1665,106,31
Barras, 547,1665,88,31
Anita 131,1700,60,28
Bättig 198,1700,70,28
Bauleitung 131,1732,127,31
/ 261,1732,14,31
Kostenkontrolle: 279,1732,194,31
WT 476,1732,36,31
Partner 519,1732,95,31
GmbH, 131,1767,77,28
Zürich, 215,1767,85,28
Thomas 307,1767,88,28
Walder 402,1767,81,28
Tragwerksplanung 131,1799,215,32
/ 349,1799,14,32
Bauleitung 367,1799,127,32
Steg 501,1799,56,32
und 564,1799,43,32
Turm 614,1799,60,32
/ 674,1799,14,32
Bauleitung 131,1834,127,28
Felssicherungen: 265,1834,201,28
Ernst 476,1834,64,28
Basler 547,1834,77,28
+ 631,1834,15,28
Partner 131,1866,91,32
AG, 229,1866,43,32
Zürich; 279,1866,84,32
Andrea 370,1866,85,32
Wittel, 462,1866,74,32
Patric 543,1866,71,32
Fischli- 131,1901,84,28
Boson, 215,1901,81,28
Markus 303,1901,89,28
Schneider, 399,1901,123,28
Sabina 529,1901,81,28
Lüthi 617,1901,60,28
Geologie: 131,1933,109,32
Dr. 247,1933,35,32
<EOS>
Heinrich 289,1933,99,32
Jäckli 395,1933,67,32
AG, 469,1933,43,32
Zürich 519,1933,77,32
Geometer: 131,1968,123,28
Bachmann 261,1968,124,28
Stegemann 392,1968,130,28
& 529,1968,18,28
Partner 554,1968,92,28
vormals 141,2000,88,32
Hofmann 236,2000,106,32
Stegemann 349,2000,131,32
& 487,2000,17,32
Partner), 512,2000,109,32
Andelfi 131,2035,77,28
ngen 208,2035,60,28
Aufzug: 131,2067,88,32
Emch 226,2067,63,32
Aufzüge 296,2067,92,32
AG, 395,2067,42,32
Bern 445,2067,59,32
Lift 131,2102,42,28
planer: 173,2102,85,28
Goetschi 265,2102,98,28
Ingenieurbüro 374,2102,166,28
AG, 547,2102,42,28
Buchs 596,2102,74,28
Elektroplanung: 131,2134,187,32
Ingenieurbüro 325,2134,169,32
Spaltenstein, 501,2134,152,32
Kloten 131,2169,70,28
Baumeister 131,2201,137,32
/ 268,2201,14,32
Holzbau: 286,2201,102,32
Lerch 395,2201,67,32
AG, 469,2201,43,32
Winterthur 519,2201,127,32
Stahlbau: 131,2236,112,28
Paul 250,2236,53,28
Gysin 310,2236,64,28
Stahl- 381,2236,74,28
und 462,2236,42,28
Apparatebau 512,2236,151,28
AG, 131,2268,42,32
Böckten 180,2268,92,32
Provisorien 131,2303,137,28
/ 272,2303,14,28
Gerüste: 286,2303,106,28
xBau 399,2303,56,28
AG, 462,2303,42,28
Frauenfeld 512,2303,127,28
Landschaft 131,2335,130,32
sarchitektur: 261,2335,155,32
Schmid 423,2335,85,32
Landschaft 515,2335,131,32
s¬ 646,2335,24,32
architekten 131,2370,130,28
GmbH, 268,2370,78,28
Zürich 353,2370,77,28
ORTSTERMIN 131,2469,215,39
AM 356,2469,50,39
RHEINFALL 416,2469,187,39
TEC21, 131,2508,81,32
die 219,2508,35,32
Zeitschrift 261,2508,124,32
« 392,2508,14,32
Hochparterre 406,2508,158,32
» 564,2508,15,32
und 586,2508,45,32
Emch 131,2543,63,28
laden 201,2543,64,28
zum 272,2543,46,28
Ortstermin 325,2543,127,28
ein: 459,2543,42,28
Datum: 131,2575,84,32
17. 222,2575,32,32
<EOS>
Juni 261,2575,49,32
2010, 318,2575,67,32
16.15 392,2575,67,32
<EOS>
Uhr 466,2575,46,32
Treff 131,2610,56,28
punkt 187,2610,63,28
zur 261,2610,39,28
Führung: 307,2610,106,28
Hof 420,2610,39,28
Schloss 469,2610,88,28
Laufen 564,2610,82,28
Anschliessend 131,2642,162,32
off 300,2642,32,32
eriert 328,2642,67,32
Emch 402,2642,64,32
Essen 473,2642,67,32
und 547,2642,42,32
Trinken. 596,2642,88,32
<EOS>
Die 131,2677,35,28
Teilnahme 173,2677,113,28
ist 293,2677,28,28
kostenlos. 332,2677,113,28
<EOS>
Anmeldung: 131,2709,137,32
tec21@ 275,2709,85,32
tec21. 360,2709,74,32
<EOS>
ch 434,2709,28,32
<EOS>
<EOP>
