2099,2970
Stierli 593,215,187,70
- 797,215,21,70
<EOS>
<EOP>
Bodentore 670,275,318,70
Ihr 593,405,35,36
Partner 639,405,105,36
für: 751,405,50,36
– 593,455,14,35
Bodentore 614,455,152,35
– 593,490,14,35
Montageöffnungen 614,490,275,35
– 593,522,14,35
Einwurfklappen 614,522,226,35
– 593,557,14,35
Fluchtwegtore 614,557,208,35
Tel.: 593,663,56,35
<EOS>
+ 656,663,18,35
41- 674,663,42,35
41- 716,663,46,35
920 762,663,49,35
20 818,663,36,35
55 861,663,35,35
Fax: 593,695,56,35
+ 660,695,14,35
41- 674,695,46,35
41- 720,695,42,35
920 762,695,49,35
24 822,695,32,35
55 861,695,35,35
sales@ 593,730,98,35
stierli- 691,730,92,35
bieger. 783,730,95,35
<EOS>
com 878,730,60,35
www. 593,762,84,35
<EOS>
stierli- 677,762,92,35
bieger. 769,762,95,35
<EOS>
com 864,762,60,35
SEIN 194,839,318,152
ODER 557,839,388,152
DESIGN 310,945,519,152
Mit 169,1090,78,95
BBase 261,1090,141,95
gibt’s 416,1090,141,95
Sein 572,1090,102,95
mit 688,1090,81,95
Design! 787,1090,183,95
<EOS>
<EOP>
www. 512,1298,81,60
<EOS>
bbase. 596,1298,103,60
<EOS>
ch 699,1298,35,60
Telefon 512,1337,116,60
044 639,1337,60,60
948 709,1337,60,60
12 780,1337,42,60
14 833,1337,38,60
<EOS>
<EOP>
Eternit 1150,2797,81,39
Schweiz) 1249,2797,116,39
AG 1376,2797,32,39
www. 1150,2839,64,39
<EOS>
eternit. 1214,2839,77,39
<EOS>
ch 1291,2839,28,39
<EOS>
<EOP>
Flachdach? 1651,934,349,85
<EOS>
<EOP>
Mit 1196,1908,39,35
nur 1242,1908,39,35
6° 1288,1908,28,35
Minimalneigung 1323,1908,187,35
ist 1517,1908,28,35
das 1552,1908,43,35
INTEGRAL 1602,1908,120,35
PLAN 1729,1908,63,35
Dachsystem 1799,1908,145,35
kein 1951,1908,49,35
Flachdach, 1203,1950,127,36
aber 1337,1950,53,36
das 1397,1950,42,36
Flachste 1446,1950,99,36
in 1552,1950,21,36
seiner 1580,1950,71,36
Kategorie. 1658,1950,120,36
<EOS>
Die 1785,1950,39,36
Plattenmodule 1831,1950,169,36
<EOS>
<EOP>
von 1259,1993,39,35
bis 1309,1993,32,35
2500 1348,1993,63,35
<EOS>
1220 1443,1993,60,35
mm 1510,1993,46,35
sorgen 1563,1993,81,35
für 1651,1993,32,35
das 1690,1993,42,35
eigenständige 1739,1993,166,35
Design. 1912,1993,88,35
<EOS>
<EOP>
INTEGRAL 1499,2314,307,81
PLAN 1838,2314,162,81
<EOS>
<EOP>
Das 1704,2402,46,35
Dach 1757,2402,60,35
ab 1824,2402,32,35
6° 1863,2402,28,35
Neigung 1898,2402,102,35
<EOS>
<EOP>
