2099,2970
TEC21 109,74,89,35
20 212,74,35,35
/ 250,74,15,35
2010 268,74,71,35
NATURTHEATER 1563,67,317,45
| 1905,63,11,46
31 1937,67,46,45
<EOS>
<EOP>
05 109,1259,32,32
06 751,1259,29,32
<EOS>
<EOP>
sahen 751,1442,82,39
sich 840,1442,56,39
die 903,1442,42,39
Ausführenden 953,1442,186,39
ab 1150,1442,35,39
der 1192,1442,46,39
fünften 1245,1442,92,39
Etappe 1344,1442,99,39
mit 1450,1442,39,39
Minusgraden 1499,1442,177,39
konfrontiert. 1683,1442,159,39
<EOS>
Aufgrund 1849,1442,127,39
des 751,1488,50,36
engen 808,1488,85,36
Zeitrahmens 900,1488,165,36
entschied 1072,1488,131,36
man 1210,1488,60,36
sich, 1277,1488,64,36
das 1348,1488,49,36
Risiko 1404,1488,81,36
eines 1492,1488,71,36
Wirkungsverlustes 1573,1488,240,36
einzugehen. 1824,1488,162,36
<EOS>
Es 751,1534,32,35
bestätigte 790,1534,134,35
sich, 935,1534,60,35
dass 1005,1534,64,35
der 1080,1534,42,35
Abbindeverzögerer 1132,1534,258,35
seine 1397,1534,74,35
Wirkung 1478,1534,110,35
tatsächlich 1598,1534,145,35
verlor, 1750,1534,81,35
wenn 1838,1534,71,35
er 751,1577,25,35
mit 787,1577,39,35
Luft 833,1577,49,35
in 893,1577,21,35
Berührung 924,1577,141,35
kam. 1072,1577,67,35
<EOS>
Daraufhin 1147,1577,130,35
wurde 1284,1577,81,35
der 1376,1577,46,35
Arbeitsablauf 1429,1577,176,35
angepasst, 1616,1577,148,35
sodass 1774,1577,96,35
die 1877,1577,42,35
Zeit, 1930,1577,56,35
in 751,1622,22,36
denen 783,1622,85,36
der 875,1622,46,36
Abbindeverzögerer 928,1622,257,36
der 1196,1622,46,36
Luft 1249,1622,49,36
ausgesetzt 1305,1622,148,36
war, 1461,1622,56,36
minimiert 1524,1622,123,36
werden 1655,1622,98,36
konnte. 1760,1622,99,36
<EOS>
Weiter 1870,1622,84,36
führten 751,1665,92,39
die 854,1665,39,39
tiefen 903,1665,71,39
Temperaturen 984,1665,184,39
dazu, 1175,1665,77,39
dass 1259,1665,64,39
im 1334,1665,31,39
Betonwerk 1372,1665,141,39
ein 1524,1665,39,39
Frostschutz 1570,1665,155,39
beigemischt 1732,1665,166,39
wurde. 751,1711,89,35
<EOS>
Dieser 850,1711,85,35
wirkt 945,1711,60,35
sich 1012,1711,57,35
auf 1076,1711,42,35
die 1129,1711,39,35
Farbe 1178,1711,78,35
des 1263,1711,49,35
Betons 1323,1711,92,35
aus, 1425,1711,57,35
weshalb 1489,1711,113,35
der 1609,1711,46,35
Turm 1662,1711,67,35
ab 1736,1711,35,35
der 1778,1711,46,35
fünften 1831,1711,92,35
Etappe 751,1756,96,36
zurzeit 854,1756,88,36
dunkler 953,1756,98,36
erscheint. 1058,1756,134,36
<EOS>
Dieser 1199,1756,89,36
und 1295,1756,49,36
weitere 1355,1756,95,36
durch 1457,1756,78,36
den 1545,1756,50,36
Bauablauf 1605,1756,134,36
entstandene 1750,1756,166,36
Farbunterschiede 751,1799,237,35
werden 995,1799,99,35
sich 1101,1799,56,35
mit 1164,1799,43,35
der 1214,1799,45,35
Zeit 1266,1799,50,35
unter 1326,1799,67,35
Witterungseinfl 1401,1799,201,35
üssen 1602,1799,77,35
angleichen. 1690,1799,155,35
<EOS>
HINDERNISREICH 751,1890,293,36
Von 751,1933,50,35
Mai 808,1933,46,35
2009 864,1933,64,35
bis 938,1933,39,35
März 984,1933,67,35
2010 1058,1933,67,35
war 1132,1933,50,35
der 1189,1933,46,35
gesamte 1242,1933,116,35
Schlossberg 1365,1933,166,35
für 1542,1933,31,35
Besucherinnen 1584,1933,198,35
und 1792,1933,50,35
Besucher 1849,1933,127,35
gesperrt. 751,1979,120,35
<EOS>
Aufgrund 882,1979,123,35
von 1012,1979,50,35
Sicherheitsüberlegungen 1069,1979,339,35
sah 1415,1979,49,35
die 1471,1979,42,35
Bauherrschaft 1520,1979,187,35
davon 1718,1979,81,35
ab, 1810,1979,42,35
die 1859,1979,42,35
Anlage 751,2021,92,35
abends 854,2021,102,35
oder 963,2021,60,35
am 1034,2021,38,35
Wochenende 1083,2021,176,35
zu 1266,2021,32,35
öffnen. 1309,2021,92,35
<EOS>
Die 1408,2021,45,35
Wanderwege 1461,2021,176,35
entlang 1647,2021,99,35
der 1753,2021,46,35
Baustelle 1806,2021,124,35
mussten 751,2067,113,35
jedoch 871,2067,92,35
während 970,2067,117,35
der 1097,2067,42,35
Bauzeit 1150,2067,99,35
passierbar 1256,2067,145,35
sein. 1408,2067,63,35
<EOS>
Dies 1482,2067,56,35
beinhaltete 1549,2067,148,35
auch 1704,2067,67,35
den 1778,2067,53,35
Zugang 1838,2067,106,35
zur 751,2109,39,39
SBB- 801,2109,67,39
Haltestelle 868,2109,141,39
und 1016,2109,53,39
zum 1076,2109,56,39
Schiffssteg, 1139,2109,159,39
die 1305,2109,43,39
vom 1355,2109,56,39
Baubeginn 1422,2109,144,39
im 1573,2109,32,39
Mai 1616,2109,46,39
bis 1672,2109,39,39
zum 1718,2109,56,39
Einstellen 1785,2109,127,39
deren 751,2155,78,35
Betriebs 836,2155,113,35
im 956,2155,32,35
Herbst 995,2155,92,35
gewährleistet 1094,2155,180,35
bleiben 1281,2155,98,35
musste. 1390,2155,102,35
<EOS>
Damit 1503,2155,77,35
wurden 1588,2155,98,35
provisorische 1697,2155,176,35
Schutz¬ 1884,2155,102,35
einrichtungen 751,2201,180,35
wie 938,2201,46,35
die 991,2201,43,35
Überdachung 1041,2201,183,35
der 1235,2201,42,35
Fusswege 1288,2201,134,35
notwendig. 1429,2201,148,35
<EOS>
Um 1584,2201,46,35
den 1640,2201,50,35
Höhenunterschied 1697,2201,247,35
zum 751,2243,57,36
Schiffssteg 815,2243,148,36
zu 970,2243,32,36
überbrücken, 1012,2243,177,36
ohne 1199,2243,67,36
die 1274,2243,42,36
Baustelle 1323,2243,123,36
kreuzen 1453,2243,106,36
zu 1570,2243,32,36
müssen, 1609,2243,113,36
wurde 1732,2243,81,36
ausserdem 1820,2243,152,36
ein 751,2289,39,35
rund 797,2289,64,35
10 868,2289,32,35
m 907,2289,24,35
hoher 938,2289,78,35
Gerüstturm 1023,2289,152,35
aufgebaut. 1182,2289,144,35
<EOS>
Inzwischen 751,2331,149,39
sind 907,2331,56,39
die 974,2331,42,39
Provisorien 1023,2331,148,39
abgebaut 1178,2331,131,39
und 1316,2331,53,39
der 1376,2331,46,39
Zugang 1429,2331,106,39
zum 1542,2331,56,39
Areal 1609,2331,67,39
des 1686,2331,50,39
Schlosses 1743,2331,137,39
wieder 1887,2331,92,39
freigegeben. 751,2377,170,36
<EOS>
Der 928,2377,49,36
propagierte 984,2377,159,36
hindernisfreie 1150,2377,184,36
Zugang 1341,2377,105,36
zum 1453,2377,57,36
Rheinfall 1517,2377,116,36
bezieht 1640,2377,99,36
sich 1750,2377,53,36
ausschliess¬ 1810,2377,169,36
lich 751,2423,46,35
auf 804,2423,43,35
den 854,2423,49,35
Weg 914,2423,60,35
vom 981,2423,56,35
Schlosshof 1044,2423,148,35
zum 1199,2423,57,35
Aussichtspunkt 1263,2423,205,35
Unteres 1475,2423,102,35
Belvedere. 1584,2423,145,35
<EOS>
Für 1736,2423,42,35
gehbehinderte 1789,2423,194,35
Besucherinnen 751,2466,202,35
und 960,2466,52,35
Besucher 1020,2466,127,35
oder 1157,2466,60,35
Familien 1224,2466,113,35
mit 1344,2466,42,35
Kinderwagen 1393,2466,177,35
sind 1580,2466,57,35
der 1644,2466,46,35
Schiffssteg 1697,2466,148,35
und 1856,2466,49,35
die 1916,2466,38,35
SBB- 751,2511,67,36
Haltestelle 818,2511,142,36
nur 967,2511,42,36
schwierig 1020,2511,127,36
zu 1154,2511,31,36
erreichen. 1196,2511,134,36
<EOS>
Für 1337,2511,42,36
Personen 1390,2511,123,36
mit 1524,2511,39,36
Rollstuhl 1573,2511,113,36
ist 1693,2511,32,36
dies 1732,2511,57,36
ohne 1796,2511,67,36
Hilfe 1873,2511,60,36
nicht 751,2554,64,39
möglich. 822,2554,116,39
<EOS>
Daniela 751,2649,89,32
Dietsche, 850,2649,110,32
dietsche@ 967,2649,120,32
tec21. 1087,2649,74,32
<EOS>
ch 1161,2649,28,32
<EOS>
<EOP>
04 109,726,32,32
<EOS>
<EOP>
