2099,2970
34 106,67,46,45
| 176,63,11,46
TEC21 1760,74,85,35
20 1863,74,35,35
/ 1901,74,15,35
2010 1919,74,71,35
<EOS>
<EOP>
BEITRITTE 113,247,448,95
ZUM 589,247,180,95
SIA 794,247,155,95
IM 977,247,110,95
1. 1111,247,74,95
<EOS>
QUARTAL 1210,247,381,95
2010 1616,247,197,95
sia) 120,384,49,32
Vom 191,377,56,35
1. 258,377,24,35
<EOS>
Januar 293,377,92,35
2010 395,377,67,35
bis 473,377,42,35
zum 526,377,56,35
31. 593,377,38,35
<EOS>
März 642,377,67,35
2010 109,423,67,35
traten 198,423,74,35
43 293,423,32,35
Einzelmitglieder 346,423,211,35
und 579,423,52,35
zwei 649,423,60,35
Zweigstellen 109,465,170,36
dem 286,465,60,36
SIA 353,465,46,36
bei. 406,465,49,36
<EOS>
Eine 462,465,60,36
Person 529,465,92,36
erhielt 628,465,81,36
den 109,511,53,35
Status 169,511,81,35
als 261,511,35,35
assoziiertes 307,511,159,35
Mitglied, 473,511,113,35
und 593,511,53,35
eine 653,511,56,35
Organisation 109,553,173,39
ist 289,553,29,39
dem 328,553,60,39
SIA 395,553,46,39
als 448,553,39,39
Partnerin 494,553,120,39
beige¬ 624,553,85,39
treten. 109,599,85,36
<EOS>
Direktion 205,599,116,36
und 332,599,53,36
Generalsekretariat 392,599,247,36
dan¬ 649,599,60,36
ken 109,645,50,35
allen 173,645,60,35
Mitgliedern 247,645,152,35
für 413,645,35,35
das 459,645,49,35
Interesse 522,645,124,35
und 660,645,49,35
Vertrauen 109,688,131,35
und 250,688,53,35
heissen 314,688,102,35
die 430,688,39,35
neuen 483,688,81,35
Mitglieder 579,688,130,35
im 109,733,32,36
Namen 152,733,95,36
des 254,733,49,36
SIA 314,733,46,36
herzlich 367,733,106,36
willkommen! 480,733,166,36
<EOS>
FIRMENMITGLIEDER 109,822,336,38
ZWEIGSTELLEN 452,822,250,38
Grolimund 109,867,141,36
& 275,867,21,36
Partner 321,867,99,36
AG 445,867,42,36
Umwelttechnik 515,867,194,36
Bauphysik 109,910,141,35
Informatik, 258,910,141,35
Deitingen 406,910,130,35
Lassoudry 109,956,141,35
architects 268,956,131,35
GmbH 416,956,88,35
ETH/ 536,956,67,35
SIA/ 603,956,53,35
VSI, 656,956,53,35
Wiler 109,998,67,39
EINZELMITGLIEDER 109,1090,321,38
Sektion 109,1132,99,39
Ausland 215,1132,110,39
Audigier 109,1178,113,35
Frédérique, 233,1178,152,35
dipl. 395,1178,57,35
<EOS>
Arch. 462,1178,71,35
<EOS>
IAUG, 540,1178,81,35
Paris 631,1178,64,35
Stahel 109,1220,85,39
Ueli, 208,1220,60,39
MA 286,1220,42,39
ZFH 346,1220,56,39
in 420,1220,21,39
Architektur, 459,1220,148,39
Sheng 624,1220,85,39
Wang 109,1266,78,35
Sektion 109,1354,99,39
Aargau 215,1354,99,39
Isenring 109,1400,110,35
Thomas, 226,1400,116,35
dipl. 349,1400,60,35
<EOS>
Kultur- 416,1400,88,35
Ing. 504,1400,50,35
<EOS>
ETH, 564,1400,64,35
Suhr 635,1400,64,35
Sektion 109,1488,99,36
Bern 215,1488,64,36
Lüthi 109,1534,67,35
Roland, 183,1534,103,35
dipl. 296,1534,57,35
<EOS>
Ing. 363,1534,50,35
<EOS>
ETH, 423,1534,64,35
Moosseedorf 494,1534,176,35
Müller 109,1577,82,35
Heinz, 243,1577,85,35
Arch. 381,1577,71,35
<EOS>
BSA/ 501,1577,67,35
REG 568,1577,63,35
A, 681,1577,28,35
Herrenschwanden 109,1622,247,36
Sektion 109,1711,99,35
Basel 215,1711,78,35
Bätschmann 109,1756,170,36
Robert, 303,1756,99,36
dipl. 430,1756,60,36
<EOS>
Informatik- 515,1756,145,36
Ing. 660,1756,49,36
<EOS>
ETH, 109,1799,67,35
Therwil 183,1799,96,35
Becksmann 109,1845,159,35
Thomas 279,1845,109,35
Justus, 399,1845,95,35
dipl.- 508,1845,67,35
<EOS>
Ing. 575,1845,53,35
<EOS>
Arch. 639,1845,70,35
<EOS>
FH), 120,1887,56,39
Basel 183,1887,78,39
Sektion 109,1979,99,35
Genf 215,1979,67,35
Bachinger 109,2021,138,35
Julia, 258,2021,70,35
dipl.- 335,2021,67,35
<EOS>
Ing., 402,2021,60,35
<EOS>
Châtelaine 473,2021,141,35
Lacroix 109,2067,99,35
Hiéronyme, 215,2067,152,35
dipl. 377,2067,57,35
<EOS>
Arch. 445,2067,70,35
<EOS>
EPF, 522,2067,60,35
Genève 589,2067,106,35
<EOS>
<EOP>
Kontakt 1411,1739,88,28
bei 1510,1739,35,28
Fragen 1552,1739,85,28
zur 1644,1739,39,28
Mitgliedschaft 1690,1739,169,28
Tel. 1411,1774,35,28
<EOS>
044 1457,1774,42,28
283 1506,1774,46,28
15 1559,1774,32,28
01 1598,1774,28,28
E- 1411,1806,28,28
Mail: 1439,1806,53,28
member@ 1503,1806,113,28
sia. 1616,1806,39,28
<EOS>
ch 1655,1806,28,28
SIA- 1411,1841,57,28
Service 1468,1841,88,28
Die 1411,1873,35,28
neuen 1453,1873,71,28
Firmenmitglieder 1531,1873,198,28
profi 1736,1873,53,28
tieren 1789,1873,70,28
ab 1866,1873,28,28
sofort 1901,1873,68,28
von 1411,1908,39,28
den 1464,1908,42,28
exklusiven 1520,1908,117,28
Angeboten 1651,1908,123,28
des 1789,1908,42,28
Dienstleis¬ 1845,1908,124,28
tungszentrums 1411,1940,173,28
SIA- 1591,1940,56,28
Service: 1647,1940,96,28
Tel. 1411,1975,35,28
<EOS>
044 1457,1975,42,28
283 1506,1975,46,28
63 1559,1975,32,28
63 1598,1975,28,28
E- 1411,2007,28,28
Mail: 1439,2007,53,28
contact@ 1503,2007,106,28
siaservice. 1609,2007,123,28
<EOS>
ch 1732,2007,25,28
Infos 1411,2042,60,28
und 1478,2042,42,28
Angebote: 1528,2042,116,28
www. 1651,2042,64,28
<EOS>
siaservice. 1715,2042,127,28
<EOS>
ch 1842,2042,24,28
<EOS>
<EOP>
Sektion 751,377,96,35
Graubünden 857,377,170,35
Gartmann 751,423,131,35
Patrick, 921,423,99,35
dipl. 1058,423,57,35
<EOS>
Bau- 1154,423,60,35
Ing. 1214,423,52,35
<EOS>
FH, 1305,423,46,35
Dipl. 751,465,60,36
<EOS>
Arch. 818,465,75,36
<EOS>
FH, 900,465,45,36
Chur 956,465,64,36
Hasler 751,511,85,35
Edgar, 843,511,88,35
MA 942,511,42,35
of 995,511,25,35
Architecture, 1027,511,169,35
Triesen 1207,511,95,35
Ladner 751,553,92,39
Daniel, 854,553,91,39
dipl. 956,553,56,39
<EOS>
Arch. 1023,553,71,39
<EOS>
FH, 1101,553,46,39
Chur 1157,553,64,39
Münger 751,599,103,36
Lange 875,599,85,36
Carmen, 977,599,117,36
dipl. 1115,599,56,36
<EOS>
Arch. 1192,599,71,36
<EOS>
ETH, 1284,599,67,36
Chur 751,645,64,35
Sektion 751,733,96,36
St. 857,733,36,36
<EOS>
Gallen 900,733,88,36
/ 995,733,7,36
Appenzell 1012,733,135,36
Lässer 751,776,89,39
Willi, 847,776,63,39
Arch. 917,776,71,39
<EOS>
REG 998,776,60,39
A, 1069,776,28,39
Diepoldsau 1104,776,152,39
Strauss 751,822,99,35
Matthias, 857,822,124,35
Dipl.- 988,822,70,35
<EOS>
Ing. 1058,822,53,35
<EOS>
FH, 1118,822,50,35
St. 1175,822,35,35
<EOS>
Gallen 1217,822,88,35
Sektion 751,910,96,39
Thurgau 857,910,110,39
Keller 751,956,75,35
Rainer, 868,956,95,35
dipl. 1005,956,57,35
<EOS>
Verm.- 1104,956,88,35
<EOS>
Ing. 1192,956,53,35
<EOS>
HTL, 1288,956,63,35
Kreuzlingen 751,998,159,39
Sezione 751,1090,106,35
Ticino 864,1090,81,35
Casanova 751,1132,134,35
Alessio, 914,1132,106,35
dipl. 1051,1132,57,35
<EOS>
Bau- 1139,1132,64,35
Ing. 1203,1132,53,35
<EOS>
ETH, 1284,1132,67,35
Sorengo 751,1178,110,35
Murati 751,1220,82,39
Arbnor, 843,1220,95,39
MA 945,1220,46,39
in 1002,1220,21,39
architecture, 1034,1220,165,39
Massagno 1207,1220,141,39
Rodel 751,1266,78,35
Heinrich, 850,1266,120,35
dipl. 991,1266,57,35
<EOS>
Landschaftsarchitekt 1072,1266,279,35
FH, 751,1312,46,35
Lugano 804,1312,103,35
Sektion 751,1400,96,35
Waadt 857,1400,85,35
Brunel 751,1442,85,39
Eric, 847,1442,56,39
dipl. 914,1442,56,39
<EOS>
Arch. 981,1442,70,39
<EOS>
DPLG, 1058,1442,89,39
Lausanne 1157,1442,131,39
Carera 751,1488,89,36
Sylvain, 850,1488,103,36
dipl. 960,1488,60,36
<EOS>
Arch. 1027,1488,70,36
<EOS>
EPF, 1108,1488,56,36
Lausanne 1175,1488,130,36
Gogniat 751,1534,106,35
Raphaël, 864,1534,120,35
M. 991,1534,36,35
<EOS>
ARCH, 1027,1534,91,35
Lausanne 1125,1534,131,35
Pecoraro 751,1577,120,35
David, 878,1577,89,35
dipl. 974,1577,60,35
<EOS>
Arch. 1041,1577,70,35
<EOS>
EPF, 1122,1577,56,35
Lausanne 1185,1577,131,35
Sénéclauze 751,1622,156,36
Noëlie, 945,1622,96,36
dipl. 1080,1622,59,36
<EOS>
Arch. 1182,1622,70,36
<EOS>
EPF, 1291,1622,60,36
Lausanne 751,1665,131,39
Stamm 751,1711,92,35
Bernhard, 882,1711,134,35
Dr., 1058,1711,46,35
<EOS>
dipl.- 1143,1711,67,35
<EOS>
Ing. 1210,1711,53,35
<EOS>
TU, 1305,1711,46,35
Lausanne 751,1756,131,36
Wiesmann 751,1799,138,35
Arnaud, 917,1799,106,35
dipl. 1051,1799,57,35
<EOS>
Ing. 1136,1799,49,35
<EOS>
civil 1214,1799,52,35
EPF, 1291,1799,60,35
Le 751,1845,32,35
Mont- 790,1845,78,35
Pèlerin 868,1845,92,35
Sektion 751,1933,96,35
Zürich 857,1933,85,35
Brem 751,1979,71,35
Martin, 829,1979,92,35
dipl. 931,1979,57,35
<EOS>
Bau- 995,1979,63,35
Ing. 1058,1979,53,35
<EOS>
ETH, 1118,1979,67,35
Bonstetten 1192,1979,145,35
Caro 751,2021,64,35
Thomas, 822,2021,116,35
dipl. 945,2021,60,35
<EOS>
Arch. 1012,2021,71,35
<EOS>
ETH, 1094,2021,63,35
Winterthur 1164,2021,138,35
Dettwiler 751,2067,117,35
Paul, 893,2067,67,35
Dr., 984,2067,46,35
<EOS>
MA 1058,2067,43,35
of 1129,2067,25,35
Architecture, 1178,2067,173,35
<EOS>
<EOP>
Wädenswil 1390,377,145,35
Fuso 1390,423,63,35
Nadia, 1464,423,88,35
MA 1559,423,46,35
in 1612,423,25,35
architecture, 1644,423,169,35
Meilen 1820,423,89,35
Gehrig 1390,465,92,36
Sabrina 1503,465,106,36
Saskia, 1630,465,99,36
dipl. 1750,465,60,36
<EOS>
Arch. 1831,465,70,36
<EOS>
ETH, 1926,465,64,36
Zürich 1390,511,85,35
Morales 1390,553,106,39
Cynthia, 1506,553,110,39
dipl. 1623,553,60,39
<EOS>
Arch., 1690,553,77,39
<EOS>
Zürich 1778,553,85,39
Orga 1390,599,67,36
Simon, 1468,599,91,36
dipl. 1566,599,57,36
<EOS>
Arch. 1633,599,71,36
<EOS>
ETH, 1711,599,67,36
Zürich 1785,599,85,36
Pesch 1390,645,85,35
Anouck, 1482,645,109,35
dipl. 1598,645,60,35
<EOS>
Arch. 1665,645,71,35
<EOS>
ETH, 1746,645,64,35
Zürich 1820,645,85,35
Rose 1390,688,67,35
Ulf, 1485,688,43,35
Dipl.- 1552,688,74,35
<EOS>
Ing. 1626,688,50,35
<EOS>
Landschaftsarchitekt, 1704,688,286,35
Oetwil 1390,733,85,36
am 1482,733,42,36
See 1531,733,53,36
Schmid 1390,776,102,39
Matthias, 1499,776,124,39
Arch. 1630,776,70,39
<EOS>
HTL, 1707,776,64,39
Zürich 1782,776,84,39
Stempfl 1390,822,99,35
e 1489,822,17,35
Hartwig, 1513,822,110,35
Dr., 1630,822,46,35
<EOS>
Dipl.- 1683,822,70,35
<EOS>
Ing., 1753,822,60,35
<EOS>
Dr. 1817,822,39,35
<EOS>
sc. 1863,822,38,35
<EOS>
techn. 1909,822,81,35
<EOS>
ETH, 1390,867,63,36
Zürich 1464,867,85,36
Stritt 1390,910,60,35
Mathias, 1457,910,113,35
dipl. 1580,910,57,35
<EOS>
Arch. 1647,910,71,35
<EOS>
ETH, 1725,910,67,35
Zürich 1799,910,85,35
Trepte 1390,956,85,35
Daniel, 1482,956,91,35
Dipl.- 1584,956,71,35
<EOS>
Ing. 1655,956,52,35
<EOS>
FH, 1715,956,45,35
Zürich 1771,956,85,35
Umbricht 1390,998,123,39
Michael, 1520,998,113,39
dipl. 1644,998,56,39
<EOS>
Arch. 1711,998,71,39
<EOS>
ETH, 1789,998,63,39
Zürich 1863,998,84,39
Von 1390,1044,49,35
Richthofen 1468,1044,141,35
Aurel, 1637,1044,78,35
dipl. 1743,1044,56,35
<EOS>
Arch. 1827,1044,71,35
<EOS>
ETH, 1926,1044,64,35
Genève 1390,1090,106,35
Weinmann 1390,1132,141,35
Kathrin, 1538,1132,106,35
dipl. 1651,1132,56,35
<EOS>
Arch. 1718,1132,71,35
<EOS>
ETH, 1796,1132,67,35
Meilen 1870,1132,88,35
Sektion 1390,1220,99,39
Zentralschweiz 1496,1220,201,39
Huber 1390,1266,85,35
Thom, 1482,1266,81,35
dipl. 1573,1266,57,35
<EOS>
Arch. 1640,1266,71,35
<EOS>
ETH, 1718,1266,67,35
Erstfeld 1792,1266,102,35
ASSOZIIERTE 1390,1354,222,39
MITGLIEDER 1619,1354,205,39
Sektion 1390,1400,99,35
Bern 1496,1400,63,35
Altermatt 1390,1442,120,39
Charlotte, 1524,1442,127,39
Ing. 1665,1442,53,39
<EOS>
FH 1729,1442,38,39
in 1778,1442,25,39
Landschafts¬ 1817,1442,173,39
architektur, 1390,1488,148,36
Thun 1545,1488,67,36
PARTNERMITGLIEDER 1390,1577,353,38
OLMERO 1390,1622,127,36
AG, 1524,1622,53,36
Glattbrugg 1584,1622,145,36
<EOS>
<EOP>
AKTUELLE 109,2293,417,95
KURSE 554,2293,275,95
SIA- 857,2293,194,95
FORM 1048,2293,243,95
ANLASS 123,2423,131,39
THEMA 462,2423,113,39
TERMIN 1154,2423,127,39
CODE 1411,2423,85,39
KOSTEN/ 1598,2423,145,39
INFOS 1743,2423,102,39
STRATEGISCHES 123,2483,223,32
In 462,2483,25,32
Abhängigkeit 494,2483,162,32
der 663,2483,43,32
Unternehmensgrösse 716,2483,265,32
und 991,2483,46,32
PROJEKTMANAGEMENT 123,2518,307,32
- 462,2518,11,32
kultur 473,2518,74,32
sowie 554,2518,70,32
der 635,2518,42,32
Projektlandschaft 684,2518,219,32
werden 910,2518,95,32
pas¬ 1012,2518,57,32
<EOS>
<EOP>
sende 462,2557,74,32
Strategien 543,2557,131,32
und 684,2557,46,32
Instrumente 737,2557,156,32
vermittelt. 900,2557,127,32
<EOS>
<EOP>
04./ 1154,2483,53,32
<EOS>
05.06. 1207,2483,81,32
<EOS>
Zürich 1295,2483,84,32
8.30 1154,2518,56,32
<EOS>
– 1217,2518,18,32
19 1242,2518,32,32
Uhr/ 1281,2518,63,32
9 1154,2557,14,32
– 1178,2557,14,32
16 1199,2557,36,32
Uhr 1242,2557,46,32
<EOS>
<EOP>
[ 1411,2483,11,32
PMS03- 1422,2483,102,32
10] 1524,2483,42,32
Firmen- 1598,2483,99,32
Mitgl. 1697,2483,70,32
<EOS>
SIA 1771,2483,49,32
900.– 1905,2483,71,32
<EOS>
<EOP>
Persönl. 1598,2518,102,32
<EOS>
Mitgl. 1704,2518,70,32
<EOS>
SIA 1778,2518,49,32
1100.– 1887,2518,89,32
<EOS>
Nicht- 1598,2557,74,32
Mitglieder 1672,2557,127,32
1300.– 1887,2557,89,32
<EOS>
INBETRIEBNAHME 123,2617,244,32
ALS 123,2652,53,32
SCHLÜSSEL 183,2652,159,32
FÜR 349,2652,53,32
EINEN 123,2691,85,32
EFFIZIENTEN 215,2691,177,32
BETRIEB 123,2727,117,31
<EOS>
<EOP>
Eine 462,2617,50,32
fehlerhaft 519,2617,120,32
e 639,2617,14,32
Inbetriebnahme 660,2617,190,32
führt 857,2617,60,32
oft 924,2617,32,32
zu 963,2617,28,32
irrever¬ 998,2617,99,32
siblen 462,2652,71,32
Beeinträchtigungen. 536,2652,247,32
<EOS>
Der 790,2652,43,32
Kurs 840,2652,56,32
vermittelt 903,2652,113,32
die 1023,2652,39,32
relevanten 462,2691,127,32
technischen 596,2691,141,32
und 744,2691,46,32
juristischen 797,2691,141,32
Kenntnisse 945,2691,131,32
für 1083,2691,39,32
eine 462,2727,50,31
erfolgreiche 519,2727,144,31
Abschlussphase. 670,2727,201,31
<EOS>
<EOP>
09.06. 1154,2617,81,32
<EOS>
Zürich 1242,2617,81,32
8.30 1154,2652,56,32
<EOS>
– 1217,2652,18,32
17 1242,2652,32,32
Uhr 1281,2652,49,32
<EOS>
<EOP>
[ 1411,2617,11,32
VB014- 1422,2617,95,32
10] 1517,2617,42,32
Firmen- 1598,2617,99,32
Mitgl. 1697,2617,70,32
<EOS>
SIA 1771,2617,49,32
550.– 1905,2617,71,32
<EOS>
<EOP>
Persönl. 1598,2652,102,32
<EOS>
Mitgl. 1707,2652,67,32
<EOS>
SIA 1782,2652,49,32
650.– 1905,2652,71,32
<EOS>
Nicht- 1598,2691,74,32
Mitglieder 1672,2691,127,32
750.– 1905,2691,71,32
<EOS>
www. 1598,2727,67,31
<EOS>
sia. 1665,2727,42,31
<EOS>
ch/ 1707,2727,46,31
form 1753,2727,57,31
alle 1827,2727,46,31
Kurse) 1880,2727,81,31
<EOS>
<EOP>
