2099,2970
40 99,67,49,45
| 169,67,14,45
STELLENINSERATE 205,67,367,45
TEC21 1753,77,85,32
20 1856,77,31,32
/ 1891,77,18,32
2010 1912,77,67,32
<EOS>
<EOP>
AEBI 1108,218,77,46
& 1196,218,25,46
VINCENT 1231,218,148,46
ARCHITEKTEN 1108,275,169,32
SIA 1284,275,39,32
AG 1334,275,31,32
| 1372,275,11,32
ARCHITECTES 1390,275,162,32
SIA 1563,275,39,32
SA 1609,275,31,32
<EOS>
<EOP>
Zur 1108,779,49,39
Ergänzung 1171,779,159,39
unseres 1341,779,120,39
Teams 1471,779,95,39
suchen 1580,779,110,39
wir 1700,779,43,39
ARCHITEKTINNEN 1108,874,518,71
HOCHBAUZEICHNERINNEN 1108,949,786,70
Mit 1108,1065,46,39
Abschluss, 1164,1065,166,39
Erfahrung 1341,1065,148,39
in 1499,1065,25,39
Projektierungs-, 1535,1065,239,39
Ausführungs- 1108,1111,204,39
und 1323,1111,56,39
Detailplanung. 1390,1111,215,39
<EOS>
Weitere 1108,1178,113,39
Informationen 1235,1178,204,39
unter 1450,1178,78,39
www. 1538,1178,85,39
<EOS>
aebi- 1626,1178,74,39
vincent. 1700,1178,120,39
<EOS>
ch 1820,1178,36,39
<EOS>
<EOP>
Wir 1108,1407,49,39
freuen 1171,1407,92,39
uns, 1274,1407,63,39
Sie 1348,1407,49,39
kennen 1408,1407,109,39
zu 1528,1407,35,39
lernen! 1573,1407,103,39
<EOS>
<EOP>
<EOS>
<EOP>
<EOS>
<EOP>
Einwohnergemeinde 250,222,283,35
Münsingen 250,254,152,35
<EOS>
<EOP>
Münsingen 123,395,131,31
ist 261,395,28,31
das 296,395,43,31
regionale 346,395,106,31
Zentrum 459,395,102,31
im 568,395,28,31
Aaretal 603,395,85,31
– 695,395,11,31
in 713,395,21,31
jeder 741,395,60,31
Hin¬ 808,395,46,31
sicht 123,423,53,32
gut 183,423,39,32
erschlossen 229,423,141,32
und 377,423,46,32
attraktiv 430,423,96,32
als 533,423,31,32
Wohn- 572,423,77,32
und 656,423,46,32
Arbeitsort. 709,423,124,32
<EOS>
Die 123,455,39,31
Gemeindeverwaltung 169,455,254,31
erbringt 430,455,89,31
Dienstleistungen 529,455,198,31
für 734,455,32,31
11‘ 773,455,38,31
000 811,455,43,31
Einwohnerinnen 123,483,191,32
und 321,483,42,32
Einwohner. 370,483,134,32
<EOS>
Die 512,483,38,32
kurz 557,483,50,32
vor 614,483,35,32
der 660,483,35,32
Genehmi¬ 702,483,116,32
gung 123,515,57,31
stehende 187,515,113,31
Revision 307,515,99,31
der 413,515,39,31
Ortsplanung 459,515,144,31
schafft 610,515,81,31
optimale 699,515,102,31
Vor¬ 808,515,42,31
aussetzungen 123,543,163,32
für 293,543,32,32
eine 332,543,49,32
vielfältige, 388,543,120,32
spannende, 515,543,138,32
kreative 660,543,91,32
und 758,543,46,32
nachhaltige 123,575,131,31
Entwicklung 265,575,141,31
unserer 413,575,91,31
Gemeinde. 512,575,130,31
<EOS>
Für 123,635,36,31
die 166,635,35,31
Bauabteilung 212,635,151,31
suchen 370,635,85,31
wir 462,635,39,31
eine 508,635,49,31
engagierte 564,635,124,31
Persönlichkeit 695,635,166,31
als 123,663,32,32
<EOS>
<EOP>
Projektleiter/ 229,730,219,42
in 448,730,32,42
Planung, 490,730,149,42
80– 646,730,60,42
100% 706,730,88,42
Stellenantritt: 194,769,159,31
per 360,769,39,31
1. 406,769,21,31
<EOS>
Juli 434,769,42,31
2010 483,769,57,31
oder 547,769,53,31
nach 610,769,53,31
Vereinbarung 670,769,156,31
Ihre 123,836,46,31
Aufgaben 176,836,124,31
• 123,867,11,29
Projektleitung 148,867,159,29
und 318,867,42,29
Begleitung 367,867,127,29
von 501,867,42,29
Planungsgeschäften 550,867,240,29
wie 797,867,43,29
z. 847,867,17,29
<EOS>
B. 864,867,25,29
<EOS>
Überbauungsordnungen 148,896,282,31
und 437,896,46,31
Richtpläne 490,896,124,31
• 123,927,11,29
Ausarbeitung 148,927,155,29
von 310,927,43,29
Planungsverträgen, 360,927,226,29
Erschliessungsverträgen 593,927,289,29
und 148,956,43,31
Infrastrukturverträgen 198,956,257,31
• 123,987,11,29
Koordination 148,987,145,29
der 300,987,39,29
internen 346,987,99,29
und 452,987,42,29
externen 501,987,106,29
Verfahren 614,987,113,29
• 123,1016,11,31
Zusammenarbeit 148,1016,198,31
mit 353,1016,39,31
Bauherrschaften, 399,1016,201,31
Planern 607,1016,88,31
und 702,1016,46,31
Fachstellen 755,1016,134,31
• 123,1047,11,29
Korrespondenzen 148,1047,205,29
im 360,1047,28,29
Zusammenhang 395,1047,191,29
mit 593,1047,38,29
Planungsgeschäften 639,1047,239,29
• 123,1076,11,31
Vorbereitung 148,1076,148,31
von 303,1076,43,31
Kommissions-, 353,1076,176,31
Gemeinderats- 536,1076,173,31
und 716,1076,42,31
Parla¬ 766,1076,67,31
mentsgeschäften 148,1107,205,32
Sie 123,1136,36,31
sind 166,1136,49,31
die 222,1136,36,31
Fachperson 265,1136,137,31
der 409,1136,39,31
Bauabteilung 455,1136,152,31
in 614,1136,21,31
Planungsfragen! 642,1136,194,31
<EOS>
Ihr 123,1196,32,31
Profil 162,1196,67,31
Sie 123,1227,36,32
verfügen 166,1227,106,32
über 279,1227,53,32
das 339,1227,38,32
Diplom 388,1227,81,32
bernische/ 476,1227,124,32
r 600,1227,7,32
Bauverwalter/ 617,1227,163,32
in 780,1227,21,32
oder 808,1227,53,32
haben 123,1255,71,32
eine 201,1255,49,32
höhere 258,1255,84,32
Fachausbildung 349,1255,180,32
im 536,1255,32,32
Bereich 575,1255,88,32
Raum-, 670,1255,85,32
Städte¬ 762,1255,85,32
oder 123,1287,53,32
Landschaftsplanung 183,1287,233,32
abgeschlossen. 423,1287,184,32
<EOS>
Sie 614,1287,39,32
sind 660,1287,46,32
bereit, 713,1287,77,32
Ihr 797,1287,32,32
Fach¬ 836,1287,64,32
wissen 123,1315,82,32
permanent 212,1315,130,32
zu 349,1315,25,32
aktualisieren 381,1315,148,32
und 536,1315,46,32
interessieren 589,1315,152,32
sich 748,1315,46,32
auch 801,1315,56,32
für 864,1315,36,32
die 123,1347,36,32
Arbeit 166,1347,70,32
der 243,1347,39,32
weiteren 289,1347,103,32
Arbeitsbereiche 399,1347,187,32
der 593,1347,38,32
Bauabteilung. 639,1347,158,32
<EOS>
Sie 804,1347,39,32
denken 123,1375,85,32
vernetzt 215,1375,95,32
und 318,1375,45,32
handeln 370,1375,92,32
auch 469,1375,57,32
so. 533,1375,35,32
<EOS>
Ihr 575,1375,32,32
Organisationstalent 614,1375,229,32
und 850,1375,43,32
Ihre 123,1407,43,32
Belastbarkeit 176,1407,152,32
ermöglichen 335,1407,145,32
es 487,1407,28,32
Ihnen, 522,1407,74,32
auch 603,1407,57,32
in 667,1407,21,32
hektischen 695,1407,127,32
Zei¬ 829,1407,46,32
ten 123,1435,36,32
den 166,1435,46,32
Überblick 219,1435,109,32
zu 335,1435,28,32
bewahren. 370,1435,124,32
<EOS>
Ihre 501,1435,46,32
Kommunikationsstärke, 554,1435,279,32
Ihre 840,1435,45,32
gute 123,1467,53,32
Ausdrucksweise 183,1467,194,32
und 385,1467,42,32
Ihr 434,1467,32,32
gewinnendes 473,1467,158,32
Auftreten 639,1467,112,32
befähigen 758,1467,117,32
Sie, 123,1495,43,32
den 173,1495,46,32
Fachbereich 226,1495,141,32
Planung 374,1495,95,32
gegen 476,1495,74,32
innen 557,1495,64,32
und 628,1495,46,32
nach 681,1495,56,32
aussen 744,1495,85,32
kom¬ 836,1495,57,32
petent 123,1527,75,32
zu 205,1527,28,32
vertreten. 240,1527,113,32
<EOS>
Fühlen 123,1587,78,32
Sie 208,1587,39,32
sich 254,1587,46,32
angesprochen? 307,1587,180,32
<EOS>
Weitere 494,1587,95,32
Informationen 596,1587,162,32
erhalten 766,1587,95,32
Sie 123,1615,36,32
von 166,1615,42,32
Martin 215,1615,78,32
Niederberger, 300,1615,159,32
Leiter 466,1615,67,32
Bauabteilung, 543,1615,159,32
Telefon 123,1647,85,32
* 215,1647,14,32
031 236,1647,46,32
724 289,1647,43,32
52 339,1647,31,32
20. 377,1647,36,32
<EOS>
Ihre 123,1707,43,32
Bewerbung 176,1707,134,32
senden 318,1707,88,32
Sie 413,1707,35,32
bitte 459,1707,53,32
bis 519,1707,31,32
31. 557,1707,39,32
<EOS>
Mai 603,1707,46,32
2010 656,1707,60,32
an: 723,1707,35,32
Einwohnergemeinde 123,1735,244,32
Münsingen 374,1735,130,32
Personaldienststelle 123,1767,237,32
Vermerk 123,1795,96,32
« 229,1795,14,32
Fachbereich 243,1795,142,32
Planung 392,1795,95,32
» 487,1795,14,32
Neue 123,1827,60,32
Bahnhofstrasse 194,1827,183,32
4 385,1827,14,32
3110 123,1855,57,32
Münsingen 187,1855,134,32
<EOS>
<EOP>
Auf 212,2257,165,120
Kurs 406,2257,229,120
Der 212,2384,49,39
SIA 272,2384,49,39
hält 328,2384,53,39
Sie 392,2384,42,39
auf 445,2384,42,39
Kurs. 497,2384,75,39
<EOS>
Mit 579,2384,45,39
einem 631,2384,89,39
vielseitigen 727,2384,158,39
Veranstaltungs- 212,2437,222,39
und 445,2437,52,39
Weiterbildungsangebot. 504,2437,339,39
<EOS>
Eine 212,2490,67,39
Mitgliedschaft 286,2490,218,39
beim 512,2490,74,39
SIA 596,2490,50,39
macht 656,2490,95,39
sich 758,2490,64,39
schnell 212,2543,109,39
bezahlt. 328,2543,120,39
<EOS>
<EOP>
www. 699,2716,84,39
<EOS>
sia. 783,2716,53,39
<EOS>
ch/ 836,2716,46,39
form 882,2716,74,39
<EOS>
<EOP>
