2099,2970
30 106,67,46,45
| 176,63,11,46
NATURTHEATER 208,67,318,45
TEC21 1760,74,85,35
20 1863,74,35,35
/ 1901,74,15,35
2010 1919,74,71,35
<EOS>
<EOP>
02 109,1259,32,32
03 751,1259,29,32
<EOS>
<EOP>
Holzbelag 751,1442,134,39
aus 896,1442,46,39
Schweizer 953,1442,137,39
Douglasie 1097,1442,134,39
wurde 1242,1442,81,39
von 1330,1442,49,39
unten 1390,1442,74,39
an 1471,1442,32,39
die 1513,1442,43,39
Stahlkonstruktion 1563,1442,229,39
verschraubt. 1799,1442,170,39
<EOS>
Da 751,1488,36,36
der 797,1488,43,36
Takt 850,1488,53,36
geber 903,1488,81,36
der 991,1488,46,36
Liftturm 1044,1488,103,36
war 1154,1488,49,36
und 1210,1488,53,36
der 1270,1488,46,36
Belag 1323,1488,78,36
somit 1411,1488,71,36
nicht 1489,1488,67,36
auf 1563,1488,42,36
dem 1612,1488,60,36
kritischen 1683,1488,127,36
Weg 1817,1488,60,36
lag, 1887,1488,50,36
hat 751,1534,39,35
sich 801,1534,53,35
die 864,1534,39,35
Bauzeitverlängerung 914,1534,278,35
beim 1199,1534,67,35
Steg 1274,1534,63,35
nicht 1344,1534,64,35
negativ 1418,1534,99,35
ausgewirkt. 1524,1534,152,35
<EOS>
WÖCHENTLICH 751,1622,237,39
3.12 998,1622,67,39
<EOS>
METER 1076,1622,113,39
HÖHER 1199,1622,117,39
Am 751,1665,43,39
Ende 804,1665,67,39
des 882,1665,49,39
Stegs 938,1665,78,39
bringt 1023,1665,78,39
eine 1111,1665,57,39
Doppelliftanlage 1175,1665,222,39
die 1404,1665,42,39
Besucherinnen 1453,1665,202,39
und 1665,1665,50,39
Besucher 1725,1665,127,39
des 1859,1665,50,39
Rundwegs 751,1711,142,35
zurück 900,1711,91,35
zum 998,1711,57,35
Schlosshof. 1065,1711,152,35
<EOS>
In 1228,1711,24,35
umgekehrter 1259,1711,173,35
Richtung 1439,1711,120,35
ermöglicht 1566,1711,141,35
der 1718,1711,46,35
Aufzug 1771,1711,95,35
Geh¬ 1873,1711,67,35
behinderten, 751,1756,170,36
Rollstuhlfahrern 928,1756,208,36
und 1147,1756,49,36
Familien 1207,1756,109,36
mit 1326,1756,39,36
Kinderwagen 1372,1756,180,36
den 1559,1756,53,36
hindernisfreien 1619,1756,198,36
Zugang 1827,1756,103,36
zur 751,1799,39,35
Aussichtsplattform 801,1799,247,35
Belvedere. 1058,1799,141,35
<EOS>
Mit 1210,1799,39,35
der 1259,1799,43,35
Fundation 1312,1799,131,35
für 1453,1799,36,35
den 1496,1799,53,35
28 1556,1799,32,35
m 1595,1799,24,35
hohen 1626,1799,81,35
Turm 1718,1799,67,35
wurde 1792,1799,81,35
parallel 1884,1799,99,35
zum 751,1845,57,35
Bau 815,1845,53,35
des 875,1845,49,35
Stegs 935,1845,77,35
begonnen. 1020,1845,144,35
<EOS>
Ein 1171,1845,43,35
Teil 1224,1845,42,35
der 1274,1845,45,35
Turmgrundfl 1326,1845,163,35
äche 1489,1845,67,35
liegt 1563,1845,56,35
in 1626,1845,25,35
einem 1658,1845,85,35
Rutschhang, 1750,1845,169,35
sodass 751,1887,96,39
eine 854,1887,56,39
Pfahlgründung 921,1887,197,39
ausgeführt 1125,1887,145,39
werden 1277,1887,99,39
musste. 1386,1887,103,39
<EOS>
In 1499,1887,25,39
jeder 1531,1887,71,39
Ecke 1609,1887,67,39
wurden 1683,1887,99,39
zwei 1792,1887,60,39
10 1859,1887,32,39
m 1898,1887,25,39
tiefe 1930,1887,56,39
Mikropfähle 751,1933,156,35
erstellt. 914,1933,98,35
<EOS>
Es 1020,1933,31,35
musste 1062,1933,95,35
eine 1164,1933,57,35
Maschine 1231,1933,131,35
gefunden 1369,1933,127,35
werden, 1506,1933,106,35
die 1623,1933,39,35
man 1672,1933,57,35
an 1739,1933,32,35
die 1778,1933,42,35
entspre¬ 1827,1933,113,35
chende 751,1979,99,35
Stelle 861,1979,70,35
transportieren 942,1979,187,35
kann, 1136,1979,74,35
die 1217,1979,42,35
auf 1266,1979,43,35
einer 1319,1979,64,35
minimalen 1393,1979,135,35
Grundfl 1538,1979,99,35
äche 1637,1979,67,35
steht 1711,1979,67,35
und 1785,1979,53,35
in 1845,1979,25,35
der 1877,1979,46,35
Lage 751,2021,67,35
ist, 826,2021,38,35
aus 875,2021,46,35
dieser 931,2021,81,35
Position 1023,2021,102,35
heraus 1136,2021,92,35
zu 1235,2021,31,35
bohren. 1274,2021,102,35
<EOS>
Schliesslich 1386,2021,159,35
wurde 1552,2021,81,35
ein 1644,2021,39,35
speziell 1690,2021,102,35
kleines 1803,2021,91,35
Bohrgerät 751,2067,131,35
gefunden 889,2067,127,35
und 1027,2067,49,35
eingesetzt: 1083,2067,145,35
Es 1238,2067,32,35
wog 1277,2067,57,35
3 1344,2067,14,35
t 1362,2067,10,35
und 1379,2067,53,35
das 1439,2067,50,35
zugehörige 1496,2067,151,35
Aggregat 1655,2067,123,35
nochmals 1789,2067,127,35
2.5 1923,2067,42,35
<EOS>
t. 1969,2067,17,35
<EOS>
Mit 751,2109,39,39
diesen 797,2109,92,39
Lasten 896,2109,92,39
erreichte 995,2109,116,39
der 1122,2109,42,39
Kran 1175,2109,63,39
erneut 1245,2109,85,39
seine 1341,2109,70,39
Grenze. 1418,2109,106,39
<EOS>
Der 751,2155,46,35
Liftturm 808,2155,99,35
wurde 914,2155,84,35
mit 1005,2155,43,35
Hilfe 1055,2155,60,35
einer 1122,2155,67,35
Kletterschalung 1199,2155,209,35
in 1415,2155,24,35
acht 1446,2155,60,35
Etappen 1513,2155,113,35
zu 1637,2155,32,35
3.12 1676,2155,60,35
<EOS>
m 1739,2155,25,35
erstellt 1771,2155,88,35
– 1870,2155,14,35
wöchentlich 751,2201,159,35
je 917,2201,25,35
eine. 949,2201,67,35
<EOS>
Die 1023,2201,46,35
obere 1076,2201,78,35
Plattform 1164,2201,117,35
wurde 1291,2201,81,35
im 1379,2201,32,35
Februar 1422,2201,102,35
2010 1535,2201,67,35
fertig 1609,2201,67,35
gestellt. 1686,2201,106,35
<EOS>
Die 1799,2201,46,35
Gegen¬ 1852,2201,102,35
gewichte 751,2243,120,36
und 878,2243,53,36
die 938,2243,43,36
Maschine 991,2243,127,36
des 1129,2243,49,36
Glasaufzugs 1185,2243,170,36
wurden 1362,2243,99,36
bereits 1471,2243,88,36
während 1570,2243,116,36
des 1693,2243,50,36
Betonierens 1750,2243,162,36
des 1919,2243,50,36
Turmes 751,2289,96,35
eingehoben 857,2289,159,35
und 1023,2289,53,35
geschützt, 1083,2289,141,35
da 1231,2289,35,35
sie 1274,2289,38,35
so 1323,2289,32,35
in 1362,2289,24,35
grossen 1393,2289,106,35
Einheiten 1510,2289,123,35
eingebaut 1640,2289,134,35
werden 1785,2289,99,35
konn¬ 1891,2289,74,35
ten. 751,2331,50,39
<EOS>
Die 808,2331,46,39
zwei 861,2331,60,39
Kabinen 931,2331,110,39
funktionieren 1051,2331,170,39
unabhängig 1228,2331,162,39
voneinander. 1397,2331,173,39
<EOS>
Um 1580,2331,46,39
eine 1633,2331,57,39
schnelle 1700,2331,110,39
Evakuierung 1820,2331,166,39
im 751,2377,32,36
Fall 790,2377,46,36
eines 847,2377,70,36
Liftstillstands 924,2377,173,36
zu 1108,2377,31,36
ermöglichen, 1147,2377,176,36
sind 1330,2377,56,36
im 1397,2377,28,36
Sicherheitskonzept 1436,2377,254,36
zwei 1697,2377,60,36
Durchstiege 1767,2377,163,36
8 758,2423,18,35
m 780,2423,24,35
und 815,2423,49,35
16 875,2423,32,35
m) 910,2423,35,35
vorgesehen, 953,2423,165,35
durch 1129,2423,78,35
die 1214,2423,42,35
von 1263,2423,49,35
einer 1319,2423,67,35
in 1397,2423,21,35
die 1429,2423,39,35
andere 1478,2423,95,35
Kabine 1580,2423,96,35
evakuiert 1683,2423,123,35
werden 1813,2423,99,35
kann. 751,2466,71,35
<EOS>
Für 833,2466,42,35
Wartung 882,2466,113,35
und 1005,2466,50,35
Unterhalt 1065,2466,120,35
sind 1192,2466,57,35
die 1259,2466,43,35
Kabinen 1309,2466,113,35
mit 1429,2466,39,35
einem 1478,2466,81,35
Deckel 1566,2466,92,35
ausgestattet, 1669,2466,173,35
und 1849,2466,52,35
der 1909,2466,45,35
Liftturm 751,2511,99,36
hat 857,2511,43,36
im 910,2511,32,36
Kern 949,2511,63,36
alle 1020,2511,49,36
4 1076,2511,18,36
m 1097,2511,25,36
Podeste, 1129,2511,120,36
die 1256,2511,42,36
mit 1305,2511,43,36
Leitern 1355,2511,91,36
verbunden 1453,2511,145,36
sind. 1609,2511,63,36
<EOS>
VIEL 751,2600,71,38
AUFWAND 833,2600,162,38
FÜR 1005,2600,64,38
NATURNAHES 1080,2600,222,38
AUSSEHEN 1312,2600,180,38
Um 751,2645,46,36
den 804,2645,53,36
Turm 864,2645,67,36
besser 938,2645,92,36
in 1037,2645,25,36
die 1069,2645,42,36
Landschaft 1122,2645,148,36
zu 1277,2645,32,36
integrieren, 1319,2645,152,36
wurde 1478,2645,81,36
gefärbter 1570,2645,123,36
Beton 1700,2645,78,36
verwendet 1789,2645,137,36
und 1933,2645,53,36
dessen 751,2688,96,35
Oberfl 857,2688,81,35
äche 938,2688,67,35
gekratzt. 1016,2688,116,35
<EOS>
Der 1139,2688,50,35
dafür 1196,2688,70,35
notwendige 1274,2688,158,35
Abbindeverzögerer 1439,2688,258,35
verliert 1707,2688,89,35
allerdings 1806,2688,131,35
bei 751,2734,39,35
zu 801,2734,32,35
tiefen 840,2734,74,35
Temperaturen 921,2734,183,35
seine 1115,2734,70,35
Wirkung. 1192,2734,120,35
<EOS>
Da 1319,2734,39,35
die 1369,2734,39,35
Bauarbeiten 1418,2734,162,35
bis 1588,2734,42,35
in 1637,2734,25,35
den 1669,2734,53,35
Winter 1729,2734,84,35
dauerten, 1820,2734,131,35
<EOS>
<EOP>
02 109,2137,32,32
Die 148,2137,43,32
engen 198,2137,74,32
Platzverhältnisse 279,2137,211,32
waren 497,2137,78,32
eine 582,2137,53,32
der 642,2137,42,32
grössten 109,2173,110,31
Herausforderungen 226,2173,243,31
bei 476,2173,36,31
dieser 522,2173,78,31
Bau¬ 607,2173,60,31
stelle 109,2208,67,32
Fotos: 194,2208,74,32
F. 279,2208,17,32
<EOS>
Strässle) 307,2208,113,32
03 109,2243,32,32
Die 148,2243,43,32
Unterkonstruktion 198,2243,222,32
des 427,2243,42,32
Stegs 480,2243,70,32
wurde 557,2243,78,32
vorab 109,2279,71,31
in 187,2279,21,31
der 219,2279,42,31
Werkhalle 268,2279,117,31
der 395,2279,42,31
Stahlbaufi 445,2279,123,31
rma 568,2279,49,31
auf¬ 624,2279,53,31
gebaut. 109,2314,92,32
<EOS>
Somit 208,2314,71,32
konnten 289,2314,96,32
allfällige 392,2314,105,32
Unterschiede 504,2314,163,32
zwischen 109,2349,113,32
den 229,2349,43,32
gebauten 282,2349,113,32
Fundamenten 402,2349,166,32
und 575,2349,46,32
den 628,2349,46,32
Fusspunkten 109,2384,156,32
der 272,2384,42,32
Stahlkonstruktion 321,2384,219,32
noch 550,2384,57,32
vor 614,2384,42,32
dem 109,2420,50,31
Einbau 169,2420,81,31
korrigiert 261,2420,120,31
werden 388,2420,92,31
04 109,2455,32,32
Der 148,2455,46,32
28 201,2455,32,32
m 236,2455,22,32
hohe 265,2455,60,32
Lift 332,2455,42,32
turm 374,2455,56,32
wurde 437,2455,78,32
mit 526,2455,35,32
Hilfe 572,2455,56,32
einer 635,2455,64,32
Kletterschalung 109,2490,194,32
erstellt 310,2490,89,32
05 109,2525,32,32
Bei 148,2525,43,32
den 198,2525,42,32
Arbeiten 247,2525,106,32
im 363,2525,29,32
steilen 399,2525,81,32
Gelände 487,2525,102,32
wurde 596,2525,78,32
ein 109,2561,39,32
Schreitbagger 155,2561,177,32
Fa. 349,2561,39,32
<EOS>
Kaiser, 395,2561,85,32
2.9 487,2561,39,32
<EOS>
t) 529,2561,21,32
eingesetzt 557,2561,127,32
06 109,2596,32,32
Auf 148,2596,43,32
dem 198,2596,49,32
Schlosshof 258,2596,134,32
wurde 399,2596,77,32
ein 483,2596,36,32
kleiner 529,2596,85,32
Umschlagplatz 109,2631,177,32
eingerichtet. 296,2631,156,32
<EOS>
Die 459,2631,42,32
Magnolie 508,2631,109,32
in 624,2631,25,32
der 656,2631,43,32
Mitte 109,2667,64,31
des 183,2667,43,31
Hofes 233,2667,70,31
neben 310,2667,75,31
dem 392,2667,49,31
Kran 452,2667,56,31
wurde 515,2667,78,31
mit 600,2667,39,31
Absperrungen 109,2702,177,32
vor 293,2702,39,32
Beschädigungen 339,2702,201,32
geschützt. 550,2702,124,32
<EOS>
Der 109,2737,46,32
Kran 162,2737,60,32
tangierte 229,2737,113,32
ihre 349,2737,50,32
Wurzeln 406,2737,98,32
nicht 512,2737,63,32
<EOS>
<EOP>
