2099,2970
Studienauftrag 152,314,225,45
im 385,314,38,45
selektiven 430,314,156,45
Verfahren 593,314,148,45
Verwaltungsgebäude 152,356,317,46
Schwanengasse 480,356,247,46
14, 734,356,46,46
Bern 787,356,74,46
Veranstalterin 152,430,134,28
Stadtbauten 152,462,109,24
Bern, 268,462,46,24
Schwanengasse 321,462,148,24
10, 476,462,28,24
Postfach 508,462,78,24
3000 593,462,46,24
Bern 642,462,46,24
14 691,462,25,24
Ausgangslage 152,518,137,28
Das 152,550,35,28
Verwaltungsgebäude 194,550,191,28
an 392,550,21,28
der 423,550,29,28
Schwanengasse 459,550,148,28
14 614,550,25,28
in 646,550,14,28
Bern 670,550,43,28
wurde 720,550,53,28
im 783,550,21,28
Kern 811,550,43,28
in 861,550,17,28
den 885,550,32,28
Jahren 928,550,60,28
1896– 152,582,56,24
1899 208,582,46,24
erbaut 258,582,60,24
und 325,582,31,24
um 363,582,29,24
1935 399,582,46,24
in 448,582,18,24
zwei 473,582,39,24
Etappen 519,582,74,24
erweitert. 600,582,84,24
<EOS>
Es 691,582,22,24
ist 720,582,21,24
im 748,582,21,24
kantonalen 776,582,99,24
Bauinventar 878,582,110,24
Monbijou- 152,610,88,28
Mattenhof 240,610,92,28
als 335,610,28,28
schützenswert 367,610,130,28
eingestuft. 501,610,95,28
<EOS>
Für 600,610,31,28
eine 635,610,39,28
zeitgemässe 681,610,113,28
Büronutzung 797,610,117,28
sind 917,610,39,28
die 960,610,28,28
Räume 152,642,63,24
mit 222,642,28,24
zugehöriger 254,642,106,24
Infrastruktur 367,642,109,24
nach 480,642,46,24
über 529,642,43,24
100 575,642,35,24
Jahren 614,642,63,24
Gebrauch 681,642,88,24
nur 776,642,28,24
noch 811,642,43,24
bedingt 861,642,67,24
geeig¬ 931,642,57,24
net 152,670,28,28
und 187,670,32,28
sollen 226,670,53,28
deshalb 282,670,71,28
umfassend 360,670,99,28
erneuert 466,670,74,28
werden. 547,670,70,28
<EOS>
Aufgabe 152,730,81,28
Für 152,762,31,24
die 191,762,24,24
Gesamterneuerung 222,762,177,24
ist 406,762,17,24
ein 430,762,29,24
nutzungsflexibler, 466,762,155,24
baulicher 628,762,85,24
und 720,762,31,24
betrieblicher 758,762,110,24
Lösungsvor¬ 875,762,113,24
schlag 152,790,60,28
zu 219,790,21,28
erarbeiten. 247,790,95,28
<EOS>
Gesucht 349,790,78,28
wird 434,790,35,28
ein 476,790,28,28
wegweisendes 512,790,134,28
Betriebs- 653,790,81,28
und 741,790,32,28
Nutzungskonzept, 780,790,162,28
wel¬ 949,790,39,28
ches 152,822,42,24
optimale 201,822,78,24
Voraussetzungen 286,822,155,24
für 448,822,21,24
einen 476,822,50,24
wirtschaftlichen 533,822,137,24
Betrieb 677,822,67,24
des 748,822,35,24
Verwaltungsgebäudes 790,822,198,24
bietet. 152,850,56,28
<EOS>
Erwartet 212,850,74,28
wird 289,850,39,28
eine 332,850,38,28
qualitativ 374,850,81,28
hochwertige 459,850,109,28
Gestaltung, 572,850,105,28
die 681,850,28,28
der 713,850,28,28
Bedeutung 748,850,95,28
des 850,850,32,28
Objekts 885,850,68,28
ge¬ 960,850,28,28
recht 152,882,46,24
wird. 201,882,42,24
<EOS>
Verfahren 152,938,91,28
Studienauftrag 152,970,130,28
im 289,970,25,28
selektiven 321,970,88,28
Verfahren. 416,970,96,28
<EOS>
Aus 519,970,35,28
allen 561,970,42,28
Bewerbungen 610,970,127,28
wählt 744,970,46,28
das 797,970,36,28
Beurteilungsgre¬ 840,970,148,28
mium 152,1001,49,25
5 208,1001,11,25
Generalplanerteams 222,1001,184,25
zur 413,1001,28,25
Teilnahme 445,1001,95,25
am 543,1001,29,25
nicht 579,1001,42,25
anonymen 624,1001,96,25
Studienauftrag 727,1001,130,25
aus. 864,1001,39,25
<EOS>
Teilnahmeberechtigung 152,1058,225,28
Generalplanerteams, 152,1090,190,28
bestehend 349,1090,96,28
aus 452,1090,31,28
Planungsfachleuten 490,1090,180,28
der 677,1090,29,28
Fachbereiche 713,1090,123,28
Architektur 843,1090,95,28
Ge¬ 953,1090,35,28
samtleitung), 152,1121,116,25
Bauingenieurwesen, 272,1121,183,25
Gebäudetechnikplanung 459,1121,218,25
HLKSE) 688,1121,70,25
und 766,1121,31,25
Landschaftsarchitek¬ 801,1121,187,25
tur 152,1150,24,28
mit 180,1150,28,28
Geschäfts- 212,1150,98,28
oder 318,1150,38,28
Wohnsitz 363,1150,82,28
in 452,1150,14,28
der 473,1150,28,28
Schweiz 508,1150,74,28
oder 586,1150,42,28
einem 635,1150,53,28
Vertragsstaat 695,1150,120,28
des 818,1150,32,28
WTO- 857,1150,53,28
Überein¬ 910,1150,78,28
kommens 152,1181,88,25
über 243,1181,43,25
das 293,1181,32,25
öffentliche 328,1181,92,25
Beschaffungswesen, 427,1181,187,25
soweit 617,1181,60,25
dieser 681,1181,56,25
Staat 744,1181,46,25
Gegenrecht 797,1181,106,25
gewährt. 907,1181,77,25
<EOS>
Beurteilungsgremium 152,1238,208,28
Fachpersonen) 374,1238,145,28
– 152,1270,10,28
Stefan 169,1270,57,28
Dellenbach 233,1270,102,28
Dipl. 441,1270,39,28
<EOS>
Architekt 487,1270,77,28
ETH/ 572,1270,45,28
SIA, 617,1270,39,28
Stadtbauten 660,1270,109,28
Bern; 776,1270,46,28
Vorsitz 829,1270,60,28
– 152,1301,10,25
Melanie 169,1301,71,25
Bachmann 243,1301,99,25
Dipl. 441,1301,39,25
<EOS>
Architektin 487,1301,95,25
FH, 586,1301,31,25
Abt. 624,1301,36,25
<EOS>
Leiterin 663,1301,67,25
Stadtbauten 737,1301,110,25
Bern 850,1301,46,25
– 152,1330,10,28
Markus 169,1330,67,28
Waber 240,1330,60,28
Dipl. 441,1330,39,28
<EOS>
Architekt 487,1330,77,28
ETH/ 572,1330,45,28
SIA, 617,1330,39,28
Denkmalpflege 660,1330,134,28
Stadt 801,1330,46,28
Bern 854,1330,42,28
– 152,1361,10,25
Pius 169,1361,39,25
Flury 212,1361,46,25
Dipl. 441,1361,39,25
<EOS>
Architekt 487,1361,77,25
ETH/ 572,1361,45,25
SIA, 617,1361,39,25
Solothurn 660,1361,88,25
– 152,1390,10,28
Oliver 169,1390,53,28
Sidler 226,1390,53,28
Architekt, 441,1390,85,28
Bern 529,1390,46,28
– 152,1421,10,25
Sylvia 169,1421,53,25
Schenk 229,1421,67,25
Architektin 441,1421,95,25
HTL/ 540,1421,46,25
SIA, 586,1421,38,25
Bern 628,1421,42,25
– 152,1450,10,28
Evelyn 169,1450,60,28
Enzmann 236,1450,85,28
Dipl. 441,1450,39,28
<EOS>
Architektin 487,1450,92,28
ETH/ 586,1450,45,28
SIA/ 631,1450,39,28
BSA, 670,1450,46,28
Zürich 723,1450,57,28
– 152,1481,10,25
Fritz 169,1481,39,25
Scheidegger 212,1481,116,25
Dipl. 441,1481,39,25
<EOS>
lng 487,1481,28,25
FH 519,1481,28,25
NDS 554,1481,42,25
BWL, 600,1481,49,25
Abt. 656,1481,35,25
<EOS>
Leiter 691,1481,50,25
Stadtbauten 748,1481,109,25
Bern 861,1481,42,25
– 152,1509,10,29
Remo 169,1509,53,29
Grüniger 229,1509,78,29
Dipl. 441,1509,39,29
<EOS>
HLK 487,1509,39,29
Ing. 533,1509,31,29
<EOS>
FH 572,1509,28,29
NDS 603,1509,43,29
BWL, 653,1509,49,29
Bern 709,1509,42,29
Bezug 152,1569,60,29
der 219,1569,31,29
Unterlagen 254,1569,106,29
Das 152,1601,35,25
Programm 194,1601,95,25
und 296,1601,36,25
die 339,1601,24,25
Unterlagen 370,1601,99,25
zum 476,1601,39,25
Studienauftrag 522,1601,134,25
können 663,1601,64,25
ab 734,1598,24,28
12. 766,1598,28,28
<EOS>
Mai 801,1598,35,28
2010 843,1598,42,28
auf 893,1598,31,28
http:// 931,1598,57,28
www. 152,1629,53,29
<EOS>
stadtbauten- 205,1629,120,29
bern. 325,1629,49,29
<EOS>
ch 374,1629,25,29
heruntergeladen 406,1629,148,29
werden. 561,1629,74,29
<EOS>
Die 642,1629,32,29
vollständige 681,1629,106,29
Ausschreibung 794,1629,134,29
ist 938,1629,18,29
ab 967,1629,21,29
dem 152,1661,39,25
12.5. 198,1661,42,25
<EOS>
auch 247,1661,46,25
unter 296,1661,46,25
www. 349,1661,46,25
<EOS>
simap. 395,1661,60,25
<EOS>
ch 455,1661,21,25
abrufbar. 483,1661,81,25
<EOS>
Termine 152,1718,77,28
– 152,1749,10,29
Eingabe 169,1749,74,29
der 247,1749,32,29
Bewerbungen: 282,1749,131,29
25. 420,1749,28,29
<EOS>
Juni 452,1749,38,29
2010 497,1749,43,29
– 152,1781,10,25
Entscheid 169,1781,89,25
zur 265,1781,28,25
Teilnahmeberechtigung: 296,1781,216,25
12. 519,1781,28,25
<EOS>
Juli 550,1781,32,25
2010 586,1781,45,25
– 152,1809,10,29
Abgabe 166,1809,70,29
Pläne 243,1809,50,29
Studienauftrag: 300,1809,137,29
8. 445,1809,14,29
<EOS>
Oktober 466,1809,70,29
2010 543,1809,46,29
Bern, 152,1869,49,29
April 205,1869,38,29
2010 250,1869,46,29
– 300,1869,14,29
Stadtbauten 318,1869,109,29
Bern 434,1869,42,29
<EOS>
<EOP>
AUSSCHREIBUNGEN 1605,67,395,45
Projektwettbewerb 1609,222,250,39
im 1609,257,31,39
selektiven 1647,257,135,39
Verfahren 1789,257,127,39
Ausschreibende 1132,317,187,35
Stelle 1323,317,70,35
Gemeinde 1132,352,103,32
Zollikon, 1242,352,84,32
Bergstrasse 1334,352,119,32
20, 1461,352,31,32
8702 1499,352,50,32
Zollikon 1556,352,77,32
Objekt 1132,402,75,35
Wohn- 1132,437,67,32
und 1207,437,38,32
Pflegezentrum 1249,437,148,32
Blumenrain, 1404,437,120,32
Zollikon 1531,437,81,32
Aufgabe 1132,486,96,36
In 1132,522,18,31
Zollikon 1157,522,81,31
besteht 1242,522,77,31
bezüglich 1326,522,96,31
Infrastrukturen 1429,522,148,31
für 1584,522,28,31
pflegebedürftige 1619,522,170,31
Seniorinnen 1796,522,120,31
und 1923,522,38,31
Senioren 1132,553,92,32
Handlungsbedarf. 1228,553,180,32
<EOS>
Die 1415,553,35,32
bestehenden 1457,553,131,32
Wohn- 1595,553,67,32
und 1669,553,38,32
Pflegezentren 1711,553,141,32
der 1859,553,32,32
Ge¬ 1898,553,35,32
meinde 1132,585,75,32
erfüllen 1214,585,77,32
die 1298,585,32,32
Anforderungen 1337,585,152,32
an 1492,585,28,32
die 1524,585,32,32
Pflege 1563,585,63,32
und 1633,585,39,32
Betreuung 1676,585,106,32
von 1789,585,35,32
betagten 1831,585,92,32
Menschen 1132,617,106,32
nicht 1245,617,50,32
mehr. 1302,617,56,32
<EOS>
Die 1362,617,35,32
Gemeinde 1404,617,102,32
Zollikon 1513,617,82,32
hat 1602,617,31,32
deshalb 1640,617,78,32
beschlossen, 1725,617,131,32
ein 1863,617,31,32
neues 1901,617,60,32
Wohn- 1132,649,67,31
und 1207,649,38,31
Pflegezentrum 1249,649,148,31
mit 1404,649,32,31
ca. 1443,649,28,31
<EOS>
110 1478,649,39,31
Plätzen 1520,649,75,31
zu 1602,649,21,31
erstellen. 1630,649,95,31
<EOS>
Art 1132,698,36,35
des 1171,698,43,35
Verfahrens 1221,698,123,35
Der 1132,733,36,32
Wettbewerb 1175,733,127,32
erfolgt 1309,733,67,32
nach 1383,733,49,32
der 1436,733,35,32
Interkantonalen 1475,733,162,32
Vereinbarung 1644,733,134,32
über 1785,733,46,32
das 1834,733,36,32
öffentli¬ 1877,733,81,32
che 1132,765,36,32
Beschaffungswesen 1175,765,204,32
IVöB), 1393,765,57,32
nach 1457,765,49,32
der 1513,765,32,32
Submissionsverordnung 1552,765,244,32
SVO) 1806,765,50,32
und 1863,765,38,32
in 1909,765,17,32
An¬ 1933,765,36,32
lehnung 1132,797,82,32
an 1221,797,24,32
die 1252,797,29,32
Ordnung 1288,797,88,32
SIA 1379,797,39,32
142. 1422,797,46,32
<EOS>
Der 1132,829,36,31
anonyme 1175,829,91,31
Projektwettbewerb 1274,829,194,31
erfolgt 1475,829,67,31
im 1549,829,24,31
selektiven 1577,829,106,31
Verfahren. 1690,829,102,31
<EOS>
Über 1799,829,50,31
eine 1856,829,42,31
Präqualifikation 1132,860,159,32
werden 1298,860,78,32
durch 1379,860,57,32
das 1443,860,35,32
Beurteilungsgremium 1485,860,219,32
8– 1711,860,25,32
12 1736,860,24,32
Teams 1767,860,67,32
zur 1838,860,32,32
Teil¬ 1877,860,42,32
nahme 1132,892,67,32
am 1207,892,31,32
Projektwettbewerb 1245,892,191,32
ausgewählt, 1443,892,123,32
davon 1573,892,60,32
mindestens 1640,892,117,32
2 1760,892,14,32
Nachwuchsbüros. 1782,892,179,32
<EOS>
Teilnahmeberechtigung 1132,942,272,35
Das 1132,977,39,32
Architekturbüro 1178,977,159,32
ist 1341,977,24,32
federführend 1372,977,134,32
und 1510,977,39,32
verantwortlich 1556,977,148,32
für 1707,977,29,32
die 1743,977,31,32
aufgabenspezifi¬ 1782,977,169,32
sche 1132,1009,46,31
Vervollständigung 1185,1009,184,31
seines 1372,1009,67,31
Planerteams. 1446,1009,134,31
<EOS>
Der 1584,1009,39,31
Beizug 1626,1009,67,31
eines 1700,1009,57,31
Landschaftsarchi¬ 1764,1009,180,31
tekten, 1132,1040,71,32
eines 1210,1040,53,32
Bauingenieurs 1270,1040,145,32
und 1422,1040,39,32
eines 1464,1040,56,32
Energieberaters 1528,1040,162,32
ist 1693,1040,25,32
Pflicht. 1725,1040,71,32
<EOS>
Beurteilungsgremium 1132,1090,247,35
Evelyn 1132,1125,64,32
Enzmann, 1203,1125,99,32
Peter 1309,1125,53,32
Ess 1365,1125,36,32
Moderation), 1415,1125,130,32
Guido 1552,1125,60,32
Hager, 1619,1125,64,32
Markus 1690,1125,77,32
Peter 1771,1125,56,32
sowie 1831,1125,63,32
Ver¬ 1898,1125,42,32
treter 1132,1157,57,31
der 1196,1157,32,31
Gemeinde 1235,1157,102,31
Zollikon 1344,1157,78,31
Termine 1132,1206,92,35
Eingabe 1132,1241,82,32
Präqualifikation: 1221,1241,165,32
bis 1450,1241,28,32
18. 1485,1241,32,32
<EOS>
Juni 1524,1241,42,32
2010 1573,1241,50,32
Start 1132,1273,50,32
Projektwettbewerb: 1189,1273,201,32
KW 1450,1273,35,32
33, 1492,1273,32,32
2010 1531,1273,49,32
Abgabe 1132,1305,78,32
Projektwettbewerb 1217,1305,194,32
8. 1450,1305,18,32
<EOS>
November 1475,1305,105,32
2010 1591,1305,49,32
Ausschreibungsunterlagen 1132,1354,307,36
Die 1132,1390,36,31
Ausschreibungsunterlagen 1171,1390,272,31
für 1450,1390,28,31
die 1485,1390,32,31
Präqualifikation 1520,1390,163,31
können 1690,1390,70,31
ab 1767,1390,25,31
dem 1799,1390,43,31
21. 1849,1390,31,31
<EOS>
Mai 1887,1390,39,31
2010 1132,1421,50,32
unter 1189,1421,53,32
folgender 1249,1421,95,32
Adresse 1351,1421,85,32
heruntergeladen 1439,1421,170,32
werden: 1616,1421,81,32
www. 1704,1421,60,32
<EOS>
simap. 1764,1421,67,32
<EOS>
ch 1831,1421,25,32
<EOS>
<EOP>
www. 1284,1721,184,81
<EOS>
visualisierung. 1471,1721,438,81
<EOS>
ch 1909,1721,70,81
Wir 1284,1845,35,24
visualisieren 1326,1845,117,24
Ihre 1446,1845,39,24
Projekte: 1492,1845,85,24
Mathys 1284,1873,64,25
Partner 1355,1873,63,25
- 1422,1873,7,25
Technopark 1436,1873,99,25
Zürich 1542,1873,53,25
- 1598,1873,7,25
044 1612,1873,28,25
445 1647,1873,32,25
17 1683,1873,21,25
55 1711,1873,18,25
- 1736,1873,7,25
kontakt@ 1746,1873,85,25
visualisierung. 1831,1873,123,25
<EOS>
ch 1954,1873,18,25
<EOS>
<EOP>
