2099,2970
Lifte 159,497,113,74
bauen 289,497,159,74
ist 198,571,63,74
unsere 279,571,169,74
Stärke. 272,649,176,74
<EOS>
<EOP>
Das 134,1541,42,36
zeigt 187,1541,60,36
sich 258,1541,49,36
gerade 314,1541,85,36
bei 409,1541,39,36
architektonisch 127,1577,194,35
und 332,1577,45,35
kon¬ 388,1577,60,35
zeptionell 113,1615,123,32
anspruchsvollen 243,1615,205,32
<EOS>
<EOP>
Projekten. 321,1651,127,35
<EOS>
Wir 116,1686,43,35
setzen 169,1686,81,35
Ihre 258,1686,49,35
Vision 318,1686,74,35
um. 402,1686,46,35
<EOS>
In 78,1756,21,36
Emch 109,1756,67,36
Liften 187,1756,71,36
steckt 268,1756,74,36
Technik 353,1756,95,36
von 106,1795,46,32
morgen 162,1795,96,32
aus 268,1795,39,32
der 318,1795,38,32
Erfah¬ 367,1795,81,32
<EOS>
<EOP>
rung 226,1831,56,35
von 293,1831,46,35
gestern. 346,1831,102,35
<EOS>
<EOS>
<EOP>
