2099,2970
42 99,67,49,45
| 169,67,14,45
STELLENINSERATE 205,67,367,45
TEC21 1753,77,85,32
20 1856,77,31,32
/ 1891,77,18,32
2010 1912,77,67,32
<EOS>
<EOP>
Ein 247,451,32,32
Unternehmen 282,451,131,32
von 416,451,36,32
www. 727,451,53,32
<EOS>
baslerhofmann. 780,451,144,32
<EOS>
ch 924,451,25,32
Interessante 247,539,166,43
und 420,539,53,43
anspruchsvolle 480,539,208,43
Projekte 695,539,109,43
warten 815,539,92,43
auf 247,575,42,42
Sie 296,575,43,42
Als 247,610,39,42
bedeutendes 293,610,162,42
Planungsunternehmen 466,610,282,42
in 755,610,25,42
den 787,610,46,42
Bereichen 840,610,127,42
konstruktiver 247,645,159,43
Ingenieurbau, 413,645,173,43
Kunstbauten, 593,645,169,43
Tiefbau, 769,645,102,43
Infrastruktur 247,680,148,43
und 406,680,46,43
Werterhaltung 459,680,176,43
mit 646,680,35,43
dem 688,680,56,43
Hauptstandort 751,680,177,43
Luzern 247,719,85,39
suchen 339,719,91,39
wir 441,719,35,39
eine( 483,719,64,39
n) 547,719,25,39
fachlich 579,719,95,39
versierte( 681,719,120,39
n), 801,719,32,39
engagierte( 247,755,141,38
n) 388,755,25,38
und 423,755,46,38
selbständig 476,755,141,38
agierende( 628,755,134,38
n) 762,755,25,38
Projektleiter/ 247,822,300,74
in 547,822,42,74
im 247,885,56,74
Brückenbau/ 318,885,299,74
Kunstbauten 617,885,300,74
Sie 247,984,39,42
übernehmen 296,984,156,42
die 462,984,35,42
Verantwortung 508,984,180,42
für 699,984,31,42
interessante 737,984,156,42
Grossprojekte 247,1019,176,42
im 430,1019,29,42
Nationalstrassenbau, 469,1019,265,42
Brückenbau, 741,1019,159,42
Kunstbauten 247,1054,159,43
und 413,1054,46,43
Bahnbauten. 466,1054,162,43
<EOS>
Sie 247,1090,39,42
verfügen 296,1090,110,42
über 413,1090,56,42
5 476,1090,18,42
bis 501,1090,35,42
10 543,1090,32,42
Jahre 582,1090,71,42
Berufserfahrung 660,1090,204,42
im 871,1090,29,42
Brückenbau 247,1125,148,42
und 406,1125,46,42
Kunstbauten, 459,1125,165,42
haben 631,1125,82,42
Freude 720,1125,88,42
an 815,1125,32,42
der 857,1125,39,42
Führung 247,1160,106,43
eines 360,1160,67,43
jungen 434,1160,85,43
Mitarbeiterteams 526,1160,211,43
und 744,1160,50,43
pflegen 801,1160,92,43
gerne 247,1196,71,42
Kundenkontakte. 325,1196,215,42
<EOS>
Ihr 547,1196,32,42
Arbeitsort 586,1196,123,42
ist 716,1196,28,42
Luzern. 751,1196,96,42
<EOS>
Als 247,1266,39,42
Projektleiter 293,1266,148,42
sind 452,1266,49,42
Sie 508,1266,42,42
sich 557,1266,50,42
gewohnt, 617,1266,113,42
selbständig 737,1266,145,42
und 889,1266,46,42
im 247,1301,28,43
Team 282,1301,74,43
zu 363,1301,32,43
arbeiten. 402,1301,110,43
<EOS>
Sie 519,1301,42,43
sind 568,1301,53,43
flexibel, 628,1301,95,43
motiviert 730,1301,106,43
und 847,1301,46,43
interessiert 247,1337,138,42
an 392,1337,31,42
einem 430,1337,78,42
vielseitigen 515,1337,141,42
und 663,1337,46,42
ausbaufähigen 716,1337,187,42
Arbeitsumfeld. 247,1375,180,39
<EOS>
Die 434,1375,42,39
laufende 483,1375,110,39
Weiterbildung 600,1375,173,39
in 780,1375,24,39
Ihrem 811,1375,71,39
Fachbereich 247,1411,155,39
ist 409,1411,28,39
für 445,1411,35,39
Sie 487,1411,39,39
selbstverständlich. 536,1411,230,39
<EOS>
Sind 247,1481,56,39
Sie 310,1481,43,39
interessiert, 360,1481,144,39
unser 512,1481,70,39
Unternehmen 593,1481,169,39
mit 769,1481,39,39
viel 815,1481,42,39
Eigen¬ 864,1481,81,39
initiative 247,1517,102,38
als 356,1517,36,38
echte 399,1517,70,38
Teamstütze 476,1517,148,38
nachhaltig 631,1517,131,38
zu 769,1517,28,38
prägen? 804,1517,106,38
<EOS>
Dann 247,1552,67,39
freut 321,1552,56,39
sich 385,1552,52,39
Yvonne 445,1552,95,39
Blum 547,1552,63,39
über 621,1552,56,39
Ihr 684,1552,32,39
vollständiges 723,1552,166,39
Bewerbungsdossier. 247,1587,254,39
<EOS>
Fachliche 512,1587,119,39
oder 639,1587,56,39
projektspezifische 702,1587,226,39
Fragen 247,1622,88,39
beantworten 342,1622,155,39
Ihnen 508,1622,71,39
Marc 586,1622,63,39
Kaufmann 656,1622,127,39
und 790,1622,50,39
Gregor 847,1622,88,39
Schwegler. 247,1658,138,42
<EOS>
PlüssMeyerPartner 247,1728,300,50
AG, 557,1728,60,50
Ingenieure 628,1728,166,50
und 804,1728,57,50
Planer 871,1728,103,50
Landenbergstrasse 247,1774,240,39
34, 497,1774,39,39
Postfach 543,1774,110,39
3667, 660,1774,70,39
6002 737,1774,64,39
Luzern 808,1774,88,39
Telefon 247,1809,92,39
041 349,1809,46,39
368 402,1809,50,39
46 459,1809,31,39
46 497,1809,32,39
– 536,1809,14,39
Telefax 561,1809,92,39
041 660,1809,46,39
368 716,1809,46,39
46 769,1809,32,39
81 808,1809,32,39
www. 247,1845,67,38
<EOS>
pmpartner. 314,1845,138,38
<EOS>
ch 452,1845,31,38
--- 490,1845,29,38
blum@ 526,1845,88,38
pmpartner. 614,1845,137,38
<EOS>
ch 751,1845,32,38
<EOS>
<EOP>
Als 1150,441,32,28
etabliertes 1199,441,110,28
Baumanagementbüro 1326,441,230,28
arbeiten 1573,441,89,28
wir 1676,441,35,28
an 1729,441,24,28
anspruchsvollen 1771,441,169,28
Bauprojekten 1150,476,141,28
unterschiedlichster 1298,476,198,28
Art 1503,476,32,28
im 1542,476,24,28
Espace 1573,476,71,28
Mittelland. 1651,476,116,28
<EOS>
Gemeinsam 1774,476,124,28
mit 1905,476,35,28
unseren 1150,511,85,28
Auftraggebern 1245,511,156,28
suchen 1411,511,74,28
wir 1496,511,35,28
nach 1538,511,53,28
optimalen, 1602,511,113,28
massgeschneiderten 1725,511,215,28
Lösungen 1150,546,102,29
deren 1263,546,63,29
Bauwerke 1337,546,106,29
in 1453,546,22,29
der 1485,546,35,29
gewünschten 1531,546,145,29
Qualität, 1686,546,92,29
termingerecht 1789,546,151,29
und 1150,582,42,28
ohne 1199,582,53,28
Kostenüberschreitungen 1259,582,258,28
zu 1524,582,25,28
realisieren. 1556,582,116,28
<EOS>
Per 1150,652,32,28
sofort 1189,652,63,28
oder 1259,652,50,28
nach 1316,652,49,28
Vereinbarung 1372,652,145,28
suchen 1524,652,74,28
wir 1605,652,35,28
erfahrene 1647,652,103,28
und 1757,652,42,28
motivierte 1806,652,106,28
BAULEITER/ 1115,730,356,85
INNEN 1471,730,201,85
n 1150,871,18,25
In 1178,867,21,32
Zusammenarbeit 1207,867,176,32
mit 1390,867,35,32
Bauherren, 1432,867,117,32
Architekten, 1556,867,130,32
Planern, 1693,867,89,32
Behörden 1789,867,102,32
und 1898,867,42,32
Unternehmern 1178,903,156,31
realisieren 1341,903,105,31
Sie 1453,903,32,31
mittlere 1492,903,81,31
und 1580,903,39,31
grosse 1626,903,67,31
Bauprojekte 1700,903,127,31
im 1834,903,29,31
Espace 1866,903,74,31
Mittelland. 1178,938,117,32
<EOS>
Sie 1305,938,29,32
arbeiten 1344,938,88,32
ziel- 1439,938,43,32
und 1492,938,43,32
lösungsorientiert 1542,938,180,32
von 1729,938,38,32
der 1778,938,32,32
Submission 1820,938,120,32
über 1178,973,50,32
die 1235,973,31,32
Auftragsabwicklung 1274,973,215,32
bis 1496,973,28,32
zur 1531,973,32,32
Garantieerledigung. 1570,973,212,32
<EOS>
n 1150,1047,18,25
Sie 1178,1044,32,32
verfügen 1221,1044,95,32
über 1323,1044,49,32
ein 1383,1044,32,32
Studium 1425,1044,88,32
als 1524,1044,28,32
Architekt 1563,1044,95,32
FH 1669,1044,28,32
oder 1707,1044,46,32
eine 1764,1044,46,32
Ausbildung 1820,1044,120,32
zum 1178,1079,46,32
Bauleiter 1231,1079,95,32
mit 1334,1079,31,32
Erfahrung 1372,1079,106,32
in 1485,1079,21,32
der 1513,1079,32,32
Ausführung 1552,1079,127,32
von 1686,1079,39,32
komplexen 1732,1079,117,32
Baupro¬ 1856,1079,84,32
jekten. 1178,1114,74,32
<EOS>
n 1150,1188,18,25
Hohe 1178,1185,57,32
Kundenorientierung 1252,1185,212,32
und 1482,1185,38,32
Sozialkompetenz, 1538,1185,187,32
unternehmerisches 1739,1185,201,32
Denken 1178,1220,85,32
und 1274,1220,42,32
Durchsetzungsvermögen 1330,1220,261,32
sowie 1605,1220,60,32
Ihre 1679,1220,43,32
Erfahrung 1732,1220,106,32
sind 1852,1220,42,32
die 1909,1220,31,32
Grundsteine, 1178,1255,138,32
die 1323,1255,32,32
Sie 1362,1255,31,32
befähigen, 1401,1255,112,32
Ihre 1520,1255,39,32
Aufgaben 1566,1255,106,32
erfolgreich 1679,1255,113,32
und 1799,1255,43,32
nachhal¬ 1849,1255,91,32
tig 1178,1291,29,32
zu 1214,1291,24,32
realisieren. 1245,1291,117,32
<EOS>
n 1150,1365,18,25
Wir 1178,1361,39,32
bieten 1235,1361,67,32
Ihnen 1319,1361,60,32
spannende 1401,1361,116,32
Aufgaben 1535,1361,105,32
in 1658,1361,21,32
einem 1697,1361,63,32
professionellen 1782,1361,158,32
Arbeitsumfeld 1178,1397,152,31
in 1341,1397,21,31
unseren 1372,1397,85,31
neuen 1471,1397,64,31
hellen 1549,1397,63,31
Büroräumlichkeiten 1623,1397,208,31
zwischen 1842,1397,98,31
Aarestrand 1178,1432,117,32
und 1302,1432,42,32
Bundeshaus. 1351,1432,134,32
<EOS>
Haben 1150,1502,67,32
wir 1228,1502,31,32
ihr 1266,1502,29,32
Interesse 1302,1502,91,32
geweckt? 1401,1502,102,32
<EOS>
Herr 1150,1538,46,31
Andreas 1199,1538,89,31
Akeret, 1291,1538,78,31
Telefon 1372,1538,78,31
031 1457,1538,39,31
331 1503,1538,39,31
01 1549,1538,24,31
31, 1580,1538,32,31
beantwortet 1616,1538,130,31
gerne 1753,1538,60,31
Ihre 1817,1538,39,31
Fragen. 1863,1538,77,31
<EOS>
Ihre 1150,1608,39,32
vollständige 1203,1608,127,32
Bewerbung 1344,1608,120,32
inkl. 1478,1608,46,32
<EOS>
Foto, 1535,1608,56,32
Lebenslauf 1605,1608,113,32
und 1732,1608,39,32
Zeugniskopien 1785,1608,155,32
senden 1150,1644,74,31
Sie 1231,1644,32,31
bitte 1270,1644,49,31
per 1326,1644,36,31
Post 1369,1644,42,31
oder 1418,1644,50,31
E- 1475,1644,21,31
Mail 1496,1644,46,31
an: 1549,1644,31,31
ANDREAS 1150,1714,106,32
AKERET 1263,1714,81,32
BAUMANAGEMENT 1351,1714,215,32
GMBH 1573,1714,71,32
Sandrainstrasse 1150,1749,162,32
3 1319,1749,15,32
Postfach 1150,1785,88,31
27 1245,1785,29,31
3000 1150,1820,57,32
Bern 1214,1820,45,32
13 1266,1820,29,32
oder 1150,1855,49,32
an: 1207,1855,31,32
andreas. 1245,1855,92,32
<EOS>
akeret@ 1337,1855,85,32
aabaumanagement. 1422,1855,215,32
<EOS>
ch 1637,1855,25,32
<EOS>
<EOP>
SCHNETZER 258,2208,239,49
PUSKAS 512,2208,162,49
INGENIEURE 684,2208,244,49
Die 258,2275,35,35
Planung 303,2275,96,35
von 406,2275,42,35
anspruchsvollen 455,2275,191,35
Bauvorhaben 653,2275,158,35
in 818,2275,18,35
der 847,2275,38,35
Schweiz 893,2275,98,35
wie 998,2275,39,35
auch 1044,2275,60,35
in 1111,2275,21,35
einem 1139,2275,71,35
internationalen 1217,2275,169,35
Umfeld 1397,2275,81,35
gehört 1489,2275,74,35
zu 1570,2275,28,35
unseren 1605,2275,95,35
wesent¬ 1707,2275,96,35
lichen 258,2310,67,32
Tätigkeiten. 332,2310,134,32
<EOS>
Das 476,2310,46,32
zentrale 529,2310,92,32
Aufgabengebiet 628,2310,187,32
ist 822,2310,25,32
die 857,2310,36,32
Entwicklung 900,2310,141,32
von 1048,2310,42,32
Tragwerken, 1101,2310,144,32
vom 1252,2310,53,32
Wettbewerb 1312,2310,145,32
bis 1464,2310,35,32
zur 1506,2310,36,32
Realisierung 1549,2310,144,32
im 1700,2310,29,32
Team 1736,2310,67,32
mit 258,2342,35,32
Architekten, 300,2342,141,32
Fachplanern 448,2342,145,32
und 600,2342,42,32
Unternehmern. 653,2342,173,32
<EOS>
Zur 258,2406,38,31
Verstärkung 303,2406,142,31
unseres 452,2406,91,31
Teams 550,2406,81,31
in 639,2406,21,31
Basel 667,2406,63,31
suchen 737,2406,85,31
wir 833,2406,31,31
einen 871,2406,64,31
Dipl. 258,2455,77,42
<EOS>
Bauingenieur/ 346,2455,243,42
in 589,2455,28,42
ETH/ 628,2455,88,42
FH 716,2455,46,42
in 773,2455,31,42
der 815,2455,56,42
Funktion 882,2455,152,42
als 1044,2455,50,42
Projektleiter/ 1104,2455,226,42
in 1330,2455,32,42
Sie 258,2518,35,32
sind 300,2518,49,32
ein 360,2518,32,32
leidenschaftlicher 402,2518,201,32
und 610,2518,46,32
kreativer 667,2518,99,32
Tragwerksplaner, 773,2518,201,32
verfügen 984,2518,103,32
über 1094,2518,53,32
3 1157,2518,14,32
- 1178,2518,11,32
8 1199,2518,15,32
Jahre 1221,2518,67,32
praktische 1295,2518,123,32
Berufserfahrung 1425,2518,187,32
und 1623,2518,46,32
haben 1676,2518,74,32
ver¬ 1757,2518,46,32
tiefte 258,2550,56,32
Kenntnisse 321,2550,131,32
im 459,2550,28,32
Bereich 494,2550,88,32
des 589,2550,46,32
konstruktiven 642,2550,155,32
Ingenieurbaus. 804,2550,173,32
<EOS>
Sie 984,2550,39,32
sind 1030,2550,50,32
bestrebt, 1087,2550,105,32
technisch 1199,2550,113,32
zukunftsweisende 1319,2550,209,32
Tragwerkskonzepte 1538,2550,229,32
zu 1774,2550,29,32
entwickeln. 258,2582,130,32
<EOS>
Idealerweise 395,2582,145,32
verfügen 550,2582,103,32
Sie 660,2582,35,32
über 706,2582,52,32
Fremdsprachenkenntnisse. 766,2582,317,32
<EOS>
Selbstverständlich 1094,2582,211,32
fördern 1316,2582,85,32
wir 1408,2582,35,32
die 1450,2582,35,32
berufsbezogene 1496,2582,187,32
Weiterbil¬ 1693,2582,110,32
dung. 258,2614,67,31
<EOS>
Fühlen 258,2663,77,32
Sie 346,2663,35,32
sich 392,2663,45,32
angesprochen? 448,2663,183,32
<EOS>
Wir 639,2663,38,32
freuen 688,2663,74,32
uns 769,2663,42,32
auf 822,2663,35,32
Ihre 868,2663,42,32
Bewerbung. 921,2663,144,32
<EOS>
Für 1076,2663,35,32
weitere 1122,2663,85,32
Auskünfte 1217,2663,117,32
steht 1344,2663,57,32
Ihnen 1411,2663,64,32
Herr 1485,2663,50,32
Tivadar 1545,2663,85,32
Puskas 1640,2663,85,32
gerne 1736,2663,67,32
zur 258,2695,35,32
Verfügung. 300,2695,127,32
<EOS>
Schnetzer 258,2744,116,32
Puskas 381,2744,88,32
Ingenieure 476,2744,120,32
AG, 603,2744,46,32
Güterstrasse 656,2744,148,32
144, 815,2744,53,32
Postfach, 875,2744,109,32
4002 991,2744,64,32
Basel, 1062,2744,70,32
Tel. 1139,2744,43,32
<EOS>
061 1189,2744,46,32
367 1242,2744,46,32
77 1295,2744,31,32
77 1334,2744,31,32
<EOS>
<EOP>
