2099,2970
TEC21 109,74,89,35
20 212,74,35,35
/ 250,74,15,35
2010 268,74,71,35
NATURTHEATER 1563,67,317,45
| 1905,63,11,46
21 1937,67,46,45
<EOS>
<EOP>
06 109,1083,32,31
07 751,1083,29,31
08 1390,1083,32,31
<EOS>
<EOP>
Hier 751,1220,53,39
wird 815,1220,53,39
eine 878,1220,57,39
Entscheidung 942,1220,183,39
fällig: 1136,1220,71,39
gleich 1217,1220,81,39
hinunter 1305,1220,110,39
zum 1422,1220,56,39
Wasserfall? 1489,1220,151,39
<EOS>
Und 1647,1220,57,39
wenn 1715,1220,70,39
ja, 1792,1220,32,39
per 1834,1220,43,39
Lift 1887,1220,39,39
oder 751,1266,60,35
zu 818,1266,32,35
Fuss? 861,1266,77,35
<EOS>
Oder 945,1266,71,35
doch 1023,1266,67,35
zuerst 1101,1266,81,35
ins 1189,1266,39,35
Museum, 1235,1266,123,35
das 1369,1266,49,35
keines 1425,1266,88,35
ist? 1520,1266,46,35
<EOS>
– 1573,1266,15,35
Wir 1598,1266,42,35
wollen 1647,1266,85,35
die 1743,1266,42,35
Vorfreude 1792,1266,131,35
auf 1930,1266,42,35
das 751,1312,50,35
Naturereignis 808,1312,180,35
verlängern 995,1312,144,35
und 1147,1312,52,35
entscheiden 1207,1312,165,35
uns 1379,1312,50,35
für 1436,1312,35,35
das 1482,1312,49,35
Museum. 1538,1312,124,35
<EOS>
CATARACTA 751,1400,180,39
RHENI 942,1400,106,39
Es 751,1442,32,39
ist 790,1442,32,39
kein 829,1442,56,39
Museum, 893,1442,123,39
wie 1023,1442,46,39
die 1080,1442,38,39
Gestalter 1129,1442,120,39
der 1259,1442,43,39
Ausstellung, 1312,1442,163,39
Bellprat 1485,1442,103,39
Associates, 1595,1442,155,39
betonen, 1760,1442,117,39
son¬ 1887,1442,57,39
dern 751,1488,60,36
ein 822,1488,39,36
« 868,1488,17,36
Historama 885,1488,138,36
» 1023,1488,14,36
<EOS>
Wie 1055,1488,49,36
andernorts 1115,1488,144,36
fordert 1266,1488,89,36
der 1365,1488,43,36
Zeitgeist 1418,1488,113,36
nicht 1542,1488,63,36
nur 1616,1488,42,36
Information, 1665,1488,159,36
sondern 1834,1488,110,36
auch 751,1534,64,35
Unterhaltung. 826,1534,179,35
<EOS>
Den 1016,1534,53,35
Autoren 1080,1534,102,35
ist 1189,1534,32,35
der 1228,1534,46,35
Anspruch 1281,1534,130,35
mit 1422,1534,39,35
einem 1468,1534,81,35
Rückgriff 1559,1534,120,35
auf 1686,1534,43,35
die 1736,1534,42,35
Welt 1785,1534,60,35
der 1852,1534,46,35
Schausteller 751,1577,163,35
gelungen. 924,1577,134,35
<EOS>
Ihre 1065,1577,53,35
Aufarbeitung 1125,1577,173,35
der 1309,1577,42,35
Themen 1362,1577,106,35
sind 1478,1577,57,35
als 1542,1577,38,35
Klanginstallationen, 1588,1577,261,35
als 1859,1577,39,35
Kulis¬ 1905,1577,74,35
senräume 751,1622,131,36
und 893,1622,49,36
als 949,1622,39,36
bewegliche 998,1622,152,36
Kleintheater 1157,1622,159,36
gestaltet. 1323,1622,123,36
<EOS>
Den 1453,1622,57,36
Rahmen 1517,1622,109,36
für 1637,1622,32,36
diese 1679,1622,71,36
Einbauten 1760,1622,134,36
haben 1901,1622,85,36
wiederum 751,1665,131,39
die 889,1665,42,39
Architekten 938,1665,152,39
Leuppi 1097,1665,95,39
und 1199,1665,53,39
Schafroth 1259,1665,127,39
mit 1393,1665,43,39
einer 1443,1665,67,39
denkmalpfl 1517,1665,148,39
egerisch 1665,1665,117,39
sorgfältigen 1792,1665,159,39
und 751,1711,50,35
zurückhaltenden 811,1711,223,35
Renovation 1041,1711,151,35
geschaffen, 1199,1711,159,35
am 1365,1711,43,35
besten 1415,1711,91,35
zu 1513,1711,32,35
beobachten 1556,1711,159,35
im 1725,1711,32,35
Eingangsraum, 1764,1711,205,35
dem 751,1756,57,36
historisierenden 818,1756,212,36
Treppenhaus 1041,1756,173,36
und 1221,1756,53,36
dem 1281,1756,60,36
sogenannten 1351,1756,173,36
Bleulersaal 1535,1756,144,36
Abb. 1700,1756,64,36
<EOS>
9 1771,1756,18,36
und 1799,1756,50,36
10). 1859,1756,50,36
<EOS>
Bei¬ 1919,1756,53,36
de 751,1799,32,35
sind 794,1799,56,35
auf 857,1799,43,35
den 907,1799,53,35
historischen 967,1799,162,35
Bestand 1139,1799,110,35
zurückgeführt, 1259,1799,191,35
die 1461,1799,42,35
nötigen 1510,1799,99,35
technischen 1619,1799,163,35
Einbauten 1789,1799,134,35
ge¬ 1933,1799,43,35
schickt 751,1845,92,35
hinter 854,1845,74,35
den 938,1845,50,35
Verkleidungen 995,1845,194,35
versteckt. 1196,1845,130,35
<EOS>
Von 751,1887,50,39
Raum 808,1887,77,39
zu 893,1887,31,39
Raum 935,1887,77,39
spielt 1020,1887,70,39
sich 1101,1887,53,39
nun 1161,1887,49,39
eine 1221,1887,56,39
Folge 1284,1887,74,39
von 1365,1887,50,39
publikumswirksamen 1422,1887,282,39
Inszenierungen 1711,1887,205,39
einzelner 751,1933,120,35
Themen 878,1933,110,35
ab. 995,1933,42,35
<EOS>
Am 1048,1933,42,35
Anfang 1101,1933,95,35
steht 1203,1933,63,35
das 1277,1933,49,35
Bild 1334,1933,52,35
des 1393,1933,50,35
Rheinfalls. 1450,1933,138,35
<EOS>
Das 1598,1933,53,35
Naturschauspiel 1658,1933,215,35
zieht 1884,1933,63,35
seit 751,1979,46,35
einem 804,1979,81,35
halben 893,1979,91,35
Jahrtausend 995,1979,166,35
Reisende 1168,1979,127,35
aus 1302,1979,46,35
Europa 1358,1979,95,35
und 1461,1979,52,35
der 1520,1979,46,35
ganzen 1573,1979,99,35
Welt 1683,1979,56,35
an. 1746,1979,43,35
<EOS>
Viele 1796,1979,63,35
von 1870,1979,46,35
ihnen 751,2021,71,35
haben 833,2021,81,35
ihre 924,2021,50,35
Eindrücke 981,2021,134,35
in 1122,2021,25,35
Kohle, 1154,2021,84,35
Öl 1249,2021,28,35
und 1284,2021,53,35
Wasserfarben 1344,2021,187,35
festgehalten. 1538,2021,173,35
<EOS>
Die 1718,2021,46,35
erste 1771,2021,67,35
bekannte 1845,2021,124,35
Darstellung 751,2067,152,35
des 910,2067,50,35
« 967,2067,17,35
Cataracta 984,2067,131,35
Rheni 1125,2067,74,35
» 1199,2067,18,35
erscheint 1224,2067,124,35
in 1355,2067,24,35
der 1386,2067,46,35
« 1439,2067,18,35
Cosmographia 1457,2067,198,35
» 1655,2067,14,35
des 1679,2067,50,35
Sebastian 1736,2067,130,35
Münster 1877,2067,106,35
1455– 758,2109,82,39
1552) 840,2109,77,39
und 924,2109,53,39
legt 984,2109,50,39
den 1044,2109,50,39
Grundstein 1101,2109,148,39
für 1259,2109,32,39
dessen 1302,2109,95,39
Berühmtheit: 1408,2109,169,39
« 1584,2109,18,39
Zehen 1602,2109,81,39
oder 1693,2109,60,39
zwoelff 1764,2109,92,39
clafftern 1863,2109,106,39
hoch 751,2155,64,35
falt 826,2155,38,35
er 871,2155,29,35
strack 907,2155,81,35
oben 998,2155,67,35
abher, 1072,2155,85,35
es 1164,2155,32,35
ist 1203,2155,32,35
ein 1242,2155,39,35
grausam 1291,2155,117,35
Ding 1415,2155,63,35
zusehen, 1485,2155,124,35
es 1616,2155,31,35
wirt 1655,2155,49,35
das 1711,2155,49,35
wasser, 1767,2155,103,35
so 1877,2155,32,35
es 1916,2155,31,35
oben 751,2201,67,35
abher 826,2201,77,35
schusst, 914,2201,109,35
zuo 1030,2201,50,35
einem 1087,2201,81,35
gantzen 1178,2201,106,35
schaum, 1291,2201,117,35
do 1415,2201,35,35
mag 1457,2201,60,35
kein 1524,2201,56,35
schiff 1588,2201,70,35
abher 1669,2201,77,35
kommen, 1753,2201,124,35
anderst 1884,2201,102,35
es 751,2243,29,36
zerfi 790,2243,57,36
el 847,2243,21,36
in 878,2243,22,36
tausend 910,2243,106,36
stuck 1027,2243,70,36
» 1097,2243,14,36
schreibt 1129,2243,106,36
Munster. 1245,2243,113,36
<EOS>
Ihm 1365,2243,50,36
folgen 1425,2243,81,36
viele 1513,2243,64,36
Berühmtheiten, 1584,2243,201,36
unter 1796,2243,67,36
anderem 1870,2243,120,36
Michel 751,2289,85,35
de 847,2289,35,35
Montaigne, 889,2289,148,35
Kaiserin 1048,2289,106,35
Sisi 1161,2289,46,35
und 1217,2289,49,35
William 1277,2289,92,35
Turner. 1379,2289,89,35
<EOS>
Ihnen 1475,2289,77,35
gemeinsam 1559,2289,156,35
ist 1722,2289,31,35
das 1760,2289,50,35
Interesse 1817,2289,123,35
am 1947,2289,43,35
Rheinfall 751,2331,113,39
als 871,2331,39,39
Naturschauspiel. 917,2331,226,39
<EOS>
Sie 1154,2331,38,39
kommen 1203,2331,113,39
um 1323,2331,42,39
der 1372,2331,46,39
Betrachtung 1425,2331,166,39
willen. 1598,2331,85,39
<EOS>
Den 1690,2331,53,39
Gegenpol 1753,2331,131,39
dazu 1894,2331,64,39
bilden 751,2377,82,36
diejenigen, 840,2377,148,36
die 995,2377,42,36
vor 1048,2377,39,36
allem 1097,2377,71,36
den 1175,2377,53,36
technischen 1235,2377,162,36
Nutzen 1404,2377,95,36
– 1506,2377,18,36
oder 1531,2377,60,36
die 1602,2377,38,36
Verhinderung 1651,2377,176,36
desselben 1838,2377,138,36
durch 751,2423,75,35
das 836,2423,49,35
Hindernis 893,2423,127,35
Rheinfall 1030,2423,113,35
– 1154,2423,14,35
gesehen 1175,2423,116,35
haben. 1298,2423,92,35
<EOS>
Die 1401,2423,42,35
ersten 1453,2423,82,35
waren 1545,2423,78,35
holländische 1633,2423,170,35
Kaufl 1810,2423,67,35
eute, 1877,2423,67,35
die 751,2466,39,35
1609 801,2466,63,35
vorschlugen, 875,2466,173,35
den 1055,2466,49,35
Rheinfall 1115,2466,113,35
zu 1235,2466,31,35
sprengen. 1277,2466,134,35
<EOS>
So 1418,2466,35,35
liesse 1464,2466,74,35
sich 1545,2466,57,35
Holz 1609,2466,60,35
viel 1679,2466,43,35
einfacher 1732,2466,124,35
fl 1863,2466,14,35
össen, 1877,2466,88,35
als 751,2511,36,36
wenn 797,2511,71,36
es 875,2511,32,36
– 914,2511,17,36
wie 938,2511,46,36
alle 991,2511,46,36
Waren 1048,2511,81,36
– 1139,2511,15,36
umständlich 1161,2511,162,36
oberhalb 1334,2511,116,36
aus 1461,2511,45,36
dem 1517,2511,60,36
Wasser 1584,2511,99,36
gebracht 1690,2511,120,36
und 1820,2511,50,36
unterhalb 751,2554,124,39
wieder 885,2554,89,39
verladen 981,2554,116,39
werden 1104,2554,99,39
müsste. 1214,2554,102,39
<EOS>
Sie 1326,2554,39,39
hatten 1376,2554,81,39
keinen 1464,2554,88,39
Erfolg, 1563,2554,84,39
nicht 1658,2554,64,39
zuletzt 1729,2554,88,39
weil 1824,2554,49,39
die 1884,2554,42,39
Anwohner 751,2600,134,35
von 893,2600,45,35
dieser 949,2600,81,35
Arbeit 1041,2600,77,35
lebten 1125,2600,85,35
und 1217,2600,53,35
sich 1277,2600,57,35
entsprechend 1341,2600,183,35
vehement 1535,2600,130,35
widersetzten. 1672,2600,177,35
<EOS>
Rund 751,2645,71,36
um 829,2645,42,36
den 878,2645,53,36
Rheinfall 938,2645,117,36
entwickelten 1062,2645,166,36
sich 1238,2645,53,36
im 1302,2645,32,36
Laufe 1341,2645,74,36
der 1425,2645,43,36
Zeit 1478,2645,50,36
die 1535,2645,42,36
verschiedensten 1588,2645,218,36
ökonomi¬ 1817,2645,120,36
schen 751,2688,82,35
Interessen; 840,2688,148,35
die 995,2688,42,35
Nutzung 1044,2688,113,35
der 1168,2688,46,35
Wasserkraft 1221,2688,155,35
und 1386,2688,50,35
der 1446,2688,46,35
Tourismus 1499,2688,134,35
sind 1644,2688,56,35
die 1707,2688,43,35
wichtigsten. 1757,2688,159,35
<EOS>
Ein 751,2734,39,35
Besuch 801,2734,99,35
im 910,2734,32,35
neuen 949,2734,85,35
Historama 1041,2734,137,35
klärt 1185,2734,57,35
vergnüglich 1252,2734,159,35
und 1418,2734,53,35
erstaunlich 1478,2734,145,35
effi 1633,2734,39,35
zient 1672,2734,64,35
darüber 1743,2734,109,35
auf. 1859,2734,50,35
<EOS>
<EOP>
03 109,2067,32,32
Durch 148,2067,74,32
Umbau 229,2067,85,32
und 321,2067,46,32
Erweiterung 374,2067,155,32
des 536,2067,43,32
ehe¬ 586,2067,56,32
maligen 109,2102,96,32
Personalhauses 212,2102,194,32
entstand 416,2102,106,32
das 529,2102,46,32
neue 582,2102,57,32
Besucherzentrum 109,2137,219,32
als 335,2137,35,32
Empfangsgebäude 377,2137,223,32
Foto: 120,2173,60,31
Hochbauamt 191,2173,148,31
des 349,2173,43,31
Kantons 399,2173,95,31
Zürich, 504,2173,89,31
Mark 600,2173,60,31
Röthlisberger) 109,2208,180,32
04– 109,2243,46,32
05 155,2243,32,32
Querschnitt 198,2243,144,32
und 349,2243,46,32
Erdgeschossgrundriss 402,2243,275,32
des 109,2279,43,31
Besucherzentrums, 162,2279,237,31
Mst. 406,2279,53,31
<EOS>
1: 469,2279,21,31
500 490,2279,50,31
Pläne: 120,2314,74,32
Leuppi 205,2314,77,32
Schafroth 293,2314,120,32
Architekten) 420,2314,152,32
06 109,2349,32,32
Der 148,2349,46,32
Raum 201,2349,71,32
im 279,2349,28,32
Obergeschoss 314,2349,173,32
des 497,2349,43,32
Besucher¬ 547,2349,130,32
zentrums 109,2384,113,32
kann 233,2384,56,32
für 296,2384,39,32
Veranstaltungen 342,2384,201,32
gemietet 550,2384,106,32
werden 109,2420,92,31
Foto: 219,2420,63,31
Hochbauamt 289,2420,152,31
des 448,2420,42,31
Kantons 497,2420,99,31
Zürich, 603,2420,88,31
Mark 109,2455,64,32
Röthlisberger) 180,2455,176,32
07 109,2490,32,32
Auf 148,2490,43,32
abschüssigem 198,2490,172,32
Terrain 377,2490,89,32
verbindet 473,2490,116,32
ein 596,2490,35,32
Baumstamm- 109,2525,163,32
Mikado 272,2525,88,32
die 367,2525,35,32
Geländestufen 413,2525,176,32
des 596,2525,43,32
Spielplatzes 109,2561,149,32
Foto: 275,2561,64,32
Schmid 346,2561,88,32
Landschaft 441,2561,134,32
sarchi¬ 575,2561,92,32
tekten 109,2596,74,32
GmbH, 194,2596,81,32
J. 282,2596,21,32
<EOS>
Soukup) 310,2596,99,32
08 109,2631,32,32
Im 148,2631,32,32
Nordtrakt 191,2631,119,32
am 318,2631,35,32
Schlosshof 360,2631,134,32
befi 504,2631,46,32
ndet 550,2631,53,32
sich 610,2631,50,32
eine 109,2667,53,31
kleine 169,2667,71,31
Ausstellung, 247,2667,152,31
die 406,2667,35,31
Besucher 448,2667,116,31
thematisch 572,2667,137,31
auf 109,2702,39,32
den 159,2702,42,32
Rheinfall 208,2702,110,32
einstimmt 328,2702,120,32
Foto: 466,2702,60,32
Hochbauamt 533,2702,151,32
des 109,2737,43,32
Kantons 159,2737,99,32
Zürich, 265,2737,88,32
Mark 360,2737,63,32
Röthlisberger) 430,2737,177,32
<EOS>
<EOP>
