2099,2970
TEC21 1760,74,85,35
20 1863,74,35,35
/ 1901,74,15,35
2010 1919,74,71,35
36 106,67,46,45
| 176,63,11,46
A& 113,247,116,95
K- 229,247,89,95
REISE 314,247,261,95
NACH 600,247,229,95
OST- 857,247,201,95
DEUTSCHLAND 1055,247,607,95
<EOS>
<EOP>
a& 120,1005,35,32
k) 155,1005,25,32
Seit 205,998,49,39
der 268,998,46,39
Wiedervereinigung 328,998,251,39
von 593,998,46,39
Ost¬ 653,998,67,39
und 109,1044,53,35
Westdeutschland 180,1044,233,35
vor 430,1044,43,35
zwanzig 490,1044,110,35
Jahren 617,1044,92,35
sind 109,1090,57,35
die 180,1090,42,35
grossen 236,1090,110,35
Städte 360,1090,85,35
und 462,1090,50,35
Landschaften 526,1090,183,35
im 109,1132,32,35
Osten 155,1132,78,35
von 247,1132,49,35
einer 307,1132,67,35
Erneuerungswelle 388,1132,240,35
über¬ 639,1132,70,35
rollt 109,1178,50,35
worden. 166,1178,109,35
<EOS>
Eine 282,1178,60,35
zehntägige 353,1178,148,35
Reise 512,1178,74,35
des 596,1178,50,35
SIA¬ 653,1178,56,35
Fachvereins 109,1220,163,39
Architektur 293,1220,144,39
und 459,1220,53,39
Kultur 533,1220,77,39
A& 642,1220,39,39
K) 681,1220,28,39
bietet 109,1266,74,35
Interessierten 194,1266,183,35
die 388,1266,42,35
Möglichkeit, 441,1266,162,35
die 614,1266,39,35
be¬ 667,1266,42,35
deutendsten 109,1312,170,35
Neubauten, 303,1312,156,35
Stadtreparaturen 483,1312,226,35
und 109,1354,53,36
- 194,1354,11,36
erweiterungen 205,1354,190,36
sowie 427,1354,77,36
Landschafts¬ 536,1354,173,36
umbauten 109,1400,134,35
zu 261,1400,32,35
besuchen. 307,1400,141,35
<EOS>
Aber 466,1400,63,35
auch 547,1400,67,35
einige 628,1400,81,35
Perlen 109,1442,85,39
der 205,1442,45,39
klassischen 261,1442,155,39
Moderne 427,1442,120,39
werden 557,1442,99,39
bei 670,1442,39,39
der 109,1488,46,36
Studienreise 162,1488,166,36
nicht 339,1488,63,36
fehlen. 409,1488,92,36
<EOS>
<EOP>
Reisedaten: 1411,1167,138,29
23. 1556,1167,39,29
<EOS>
September 1602,1167,130,29
bis 1736,1167,35,29
2. 1778,1167,21,29
<EOS>
Oktober 1810,1167,91,29
2010 1909,1167,60,29
Preis 1411,1199,64,32
pro 1482,1199,38,32
Person 1531,1199,81,32
im 1623,1199,24,32
Doppelzimmter: 1658,1199,180,32
Fr. 1845,1199,35,32
<EOS>
3200.– 1887,1199,82,32
<EOS>
im 1418,1234,28,29
Einzelzimmer 1453,1234,152,29
Mehrpreis 1612,1234,120,29
von 1739,1234,43,29
Fr. 1789,1234,31,29
<EOS>
800.–) 1827,1234,78,29
<EOS>
Inbegriff 1411,1266,102,32
en 1513,1266,29,32
sind: 1552,1266,57,32
Flüge, 1619,1266,71,32
Transporte, 1700,1266,134,32
Übernach¬ 1845,1266,124,32
tungen, 1411,1301,85,29
vier 1506,1301,43,29
gemeinsame 1559,1301,141,29
Abendessen, 1707,1301,149,29
Eintritts¬ 1863,1301,106,29
preise, 1411,1333,78,32
Führungen, 1496,1333,134,32
Reisedokumentation 1637,1333,233,32
und 1877,1333,42,32
Be¬ 1926,1333,43,32
such 1411,1368,53,29
der 1471,1368,42,29
Semper- 1520,1368,103,29
Oper 1623,1368,60,29
in 1690,1368,17,29
Dresden 1718,1368,95,29
Informationen 1411,1400,169,32
und 1588,1400,42,32
Anmeldung 1637,1400,130,32
bis 1785,1400,35,32
20. 1827,1400,36,32
<EOS>
Juli): 1870,1400,60,32
Nicolas 1411,1435,85,29
Goetz, 1503,1435,74,29
Tel. 1580,1435,39,29
<EOS>
076 1626,1435,46,29
331 1679,1435,46,29
93 1732,1435,28,29
95, 1771,1435,35,29
goetz. 1411,1467,67,32
<EOS>
n@ 1478,1467,35,32
swissonline. 1513,1467,142,32
<EOS>
ch, 1655,1467,35,32
www. 1697,1467,63,32
<EOS>
sia- 1760,1467,46,32
a- 1806,1467,25,32
k. 1831,1467,21,32
<EOS>
ch 1852,1467,28,32
<EOS>
<EOP>
VERSICHERUNGEN 109,1714,762,95
FÜR 900,1714,162,95
PLANUNGSBÜROS 1090,1714,744,95
Eine 109,1845,71,38
Berufshaft 226,1845,173,38
pfl 399,1845,38,38
ichtversicherung 437,1845,272,38
schützt 109,1887,117,42
Firmen 258,1887,112,42
bei 402,1887,50,42
Schäden, 483,1887,148,42
die 663,1887,46,42
durch 109,1933,96,39
Dritte 219,1933,95,39
verur 328,1933,88,39
sacht 416,1933,85,39
werden. 515,1933,131,39
<EOS>
Als 660,1933,49,39
solche 109,1975,103,42
ist 236,1975,39,42
sie 300,1975,46,42
für 370,1975,50,42
Architekten 441,1975,187,42
und 653,1975,56,42
Ingenieure 109,2021,177,39
unbedingt 296,2021,159,39
zu 466,2021,35,39
empfehlen. 512,2021,176,39
<EOS>
pd) 120,2116,42,32
Eine 187,2109,56,39
Berufshaftpfl 254,2109,173,39
ichtversicherung 427,2109,222,39
ver¬ 660,2109,49,39
sichert 109,2155,92,35
Sachschäden 219,2155,183,35
und 420,2155,49,35
sämtliche 487,2155,127,35
ange¬ 631,2155,78,35
stellten 109,2201,96,35
Personen, 233,2201,134,35
Betriebsinhaber 395,2201,212,35
sowie 635,2201,74,35
Dritte, 109,2243,82,36
die 201,2243,39,36
der 250,2243,46,36
Betrieb 303,2243,99,36
beizieht. 409,2243,113,36
<EOS>
Bei 533,2243,42,36
Letzteren 586,2243,123,36
gilt 109,2289,43,35
es 162,2289,32,35
zu 205,2289,31,35
beachten, 247,2289,134,35
dass 392,2289,63,35
nur 466,2289,46,35
die 522,2289,39,35
Haftpfl 575,2289,88,35
icht 663,2289,46,35
im 109,2331,32,39
Rahmen 152,2331,113,39
des 275,2331,50,39
versicherten 339,2331,162,39
Betriebs 515,2331,109,39
versi¬ 639,2331,70,39
chert 109,2377,71,36
ist, 187,2377,39,36
nicht 236,2377,64,36
aber 310,2377,60,36
die 381,2377,39,36
persönliche 430,2377,156,36
Haftung. 596,2377,113,36
<EOS>
Auf 109,2423,46,35
Wunsch 166,2423,109,35
können 286,2423,99,35
überdies 395,2423,117,35
« 522,2423,18,35
Bautenschä¬ 540,2423,169,35
den 109,2466,53,35
» 162,2469,18,35
versichert 191,2466,134,35
werden, 339,2466,106,35
also 459,2466,53,35
Schäden 526,2466,120,35
und 660,2466,49,35
Mängel 109,2511,99,36
an 226,2511,35,36
Bauten, 275,2511,106,36
die 395,2511,42,36
aufgrund 455,2511,120,36
von 593,2511,49,36
Pla¬ 660,2511,49,36
nungsarbeiten 109,2554,194,39
oder 310,2554,64,39
unter 381,2554,71,39
der 459,2554,45,39
Bauleitung 512,2554,144,39
der 667,2554,42,39
versicherten 109,2600,166,35
Firma 289,2600,74,35
erstellt 377,2600,89,35
werden. 476,2600,110,35
<EOS>
Empfoh¬ 596,2600,113,35
len 109,2645,39,36
wird 159,2645,56,36
eine 222,2645,57,36
Versicherungsdeckung 289,2645,307,36
ab 607,2645,35,36
dem 649,2645,60,36
Beginn 109,2688,96,35
von 212,2688,49,35
Planungsarbeiten. 268,2688,244,35
<EOS>
Reine 522,2688,74,35
Wettbe¬ 607,2688,102,35
werbstätigkeiten 109,2734,219,35
sind 339,2734,56,35
nicht 402,2734,67,35
Prämienpfl 476,2734,141,35
ichtig. 621,2734,81,35
<EOS>
<EOP>
EMPFEHLUNGEN 751,1845,265,38
FÜR 751,1890,64,36
VERSICHERUNGSSUMMEN 826,1890,423,36
Bei 751,1933,43,35
der 801,1933,46,35
Grundversicherung 854,1933,257,35
sind 1118,1933,57,35
die 1182,1933,42,35
Prämien¬ 1231,1933,120,35
unterschiede 751,1979,173,35
zwischen 942,1979,123,35
den 1083,1979,49,35
Versicherungs¬ 1150,1979,201,35
summen 751,2021,113,35
von 875,2021,49,35
5 935,2021,18,35
und 963,2021,53,35
10 1027,2021,35,35
Mio. 1072,2021,57,35
<EOS>
Fr. 1139,2021,36,35
<EOS>
sehr 1185,2021,57,35
gering. 1256,2021,95,35
<EOS>
Für 751,2067,43,35
kleine 804,2067,78,35
und 896,2067,49,35
mittlere 960,2067,98,35
Betriebe 1069,2067,113,35
ist 1196,2067,28,35
daher 1238,2067,78,35
in 1326,2067,25,35
der 751,2109,43,39
Regel 808,2109,77,39
eine 896,2109,57,39
Deckung 967,2109,120,39
von 1101,2109,46,39
10 1161,2109,31,39
Mio. 1207,2109,56,39
<EOS>
Fr. 1274,2109,31,39
<EOS>
zu 1319,2109,32,39
empfehlen. 751,2155,149,35
<EOS>
Bei 917,2155,43,35
der 977,2155,46,35
Deckung 1041,2155,120,35
von 1178,2155,50,35
Bauten¬ 1245,2155,106,35
schäden 751,2201,117,35
ist 878,2201,29,35
eine 917,2201,57,35
Deckung 988,2201,120,35
des 1118,2201,50,35
grössten 1178,2201,117,35
an¬ 1305,2201,46,35
zunehmenden 751,2243,191,36
Schadenfalls 949,2243,173,36
am 1132,2243,39,36
bearbeiteten 1182,2243,169,36
Objekt 751,2289,89,35
angebracht. 861,2289,162,35
<EOS>
Deckungsabstufungen 1044,2289,307,35
sind 751,2331,57,39
500 822,2331,49,39
000 875,2331,49,39
Fr., 938,2331,43,39
<EOS>
1 995,2331,14,39
Mio. 1023,2331,57,39
<EOS>
Fr., 1097,2331,39,39
<EOS>
2 1150,2331,18,39
Mio. 1182,2331,56,39
<EOS>
Fr. 1252,2331,32,39
<EOS>
und 1298,2331,53,39
5 751,2377,15,36
Mio. 776,2377,57,36
<EOS>
Fr. 840,2377,31,36
<EOS>
PERSONENVERSICHERUNGEN 751,2466,480,38
Neben 751,2511,89,36
der 861,2511,46,36
Unfallversicherung 928,2511,250,36
nach 1199,2511,67,36
UVG 1288,2511,63,36
sind 751,2554,57,39
ergänzende 833,2554,162,39
Unfalldeckungen 1020,2554,229,39
sowie 1274,2554,77,39
eine 751,2600,57,35
Krankentaggeldversicherung 822,2600,388,35
im 1224,2600,32,35
Ange¬ 1270,2600,81,35
bot. 751,2645,50,36
<EOS>
Die 811,2645,43,36
Prämie 864,2645,92,36
wird 967,2645,56,36
hier 1030,2645,50,36
durch 1090,2645,78,36
den 1175,2645,53,36
zu 1235,2645,31,36
versi¬ 1277,2645,74,36
chernden 751,2688,127,35
Verdienst 900,2688,123,35
sowie 1041,2688,77,35
die 1136,2688,42,35
vereinbarte 1199,2688,152,35
Wartefrist 751,2734,124,35
bestimmt. 885,2734,131,35
<EOS>
Nach 1027,2734,74,35
Ablauf 1111,2734,85,35
der 1207,2734,45,35
Warte¬ 1263,2734,88,35
<EOS>
<EOP>
frist 1390,1845,49,35
– 1450,1845,14,35
die 1475,1845,42,35
vereinfacht 1528,1845,148,35
gesagt 1686,1845,96,35
dem 1792,1845,60,35
Selbstbe¬ 1863,1845,127,35
halt 1390,1887,49,39
der 1453,1887,46,39
Versicherung 1517,1887,176,39
entspricht 1707,1887,135,39
– 1859,1887,14,39
beginnt 1887,1887,103,39
der 1390,1933,46,35
Versicherer 1443,1933,152,35
mit 1605,1933,39,35
der 1655,1933,42,35
Ausrichtung 1707,1933,163,35
der 1877,1933,46,35
Tag¬ 1933,1933,57,35
gelder. 1390,1979,92,35
<EOS>
Je 1492,1979,32,35
nach 1538,1979,67,35
der 1616,1979,46,35
fi 1672,1979,14,35
nanziellen 1686,1979,134,35
Risikofähig¬ 1834,1979,156,35
keit 1390,2021,46,35
kann 1450,2021,63,35
die 1528,2021,38,35
Wartefrist 1580,2021,127,35
länger 1718,2021,85,35
gewählt 1817,2021,102,35
wer¬ 1933,2021,57,35
den. 1390,2067,60,35
<EOS>
Üblich 1471,2067,88,35
sind 1580,2067,57,35
14, 1658,2067,42,35
30 1722,2067,35,35
oder 1778,2067,60,35
60 1863,2067,31,35
Tage. 1916,2067,74,35
<EOS>
Innerhalb 1390,2109,127,39
einer 1528,2109,67,39
Police 1602,2109,84,39
können 1693,2109,99,39
auch 1803,2109,67,39
mehrere 1880,2109,110,39
Personen 1390,2155,127,35
mit 1538,2155,39,35
unterschiedlichen 1602,2155,236,35
Fixlöhnen 1863,2155,127,35
versichert 1390,2201,130,35
werden. 1531,2201,109,35
<EOS>
Auch 1651,2201,71,35
Angestellte 1732,2201,148,35
können 1891,2201,99,35
in 1390,2243,25,36
derselben 1422,2243,134,36
Police 1563,2243,81,36
mit 1658,2243,42,36
80 1707,2243,32,36
% 1743,2243,28,36
des 1778,2243,49,36
Lohnes 1834,2243,99,36
ver¬ 1940,2243,50,36
sichert 1390,2289,92,35
werden. 1489,2289,106,35
<EOS>
<EOP>
SPEZIALANGEBOTE 1411,2437,318,39
FÜR 1411,2476,64,39
SIA- 1485,2476,78,39
FIRMENMITGLIEDER 1563,2476,338,39
Über 1411,2515,57,28
die 1492,2515,36,28
SIA- 1556,2515,56,28
Kollektiv- 1612,2515,106,28
Verträge 1718,2515,102,28
profi 1845,2515,56,28
tieren 1901,2515,68,28
Firmenmitglieder 1411,2550,198,28
des 1637,2550,39,28
SIA 1704,2550,46,28
von 1778,2550,39,28
markanten 1845,2550,124,28
Vergüns 1411,2582,95,28
tigungen. 1506,2582,106,28
<EOS>
Beim 1630,2582,56,28
SIA- 1704,2582,56,28
Broker 1760,2582,82,28
VZ 1859,2582,28,28
Insu¬ 1905,2582,64,28
rance 1411,2617,67,28
Services 1489,2617,102,28
können 1602,2617,84,28
sie 1697,2617,35,28
zudem 1743,2617,74,28
Hilfe 1827,2617,53,28
in 1894,2617,22,28
An¬ 1926,2617,43,28
spruch 1411,2649,81,28
nehmen. 1499,2649,96,28
<EOS>
Prämienrechner 1411,2684,191,28
und 1609,2684,46,28
Kontakte: 1662,2684,109,28
www. 1411,2716,64,28
<EOS>
sia. 1475,2716,38,28
<EOS>
ch/ 1513,2716,43,28
versicherungen 1556,2716,180,28
<EOS>
<EOP>
STATIONEN 751,377,180,39
DER 938,377,67,39
REISE 1016,377,102,39
- 751,423,18,35
Lausitz: 783,423,102,35
Seit 900,423,49,35
2000 963,423,67,35
bis 1044,423,39,35
Ende 1097,423,71,35
2010 1182,423,67,35
ist 1263,423,28,35
der 1305,423,46,35
Landkreis 751,465,131,36
Aktions- 889,465,109,36
und 1009,465,49,36
Schauplatz 1069,465,148,36
der 1228,465,46,36
Inter¬ 1281,465,70,36
nationalen 751,511,138,35
Bauaustellung 903,511,194,35
IBA) 1122,511,60,35
Fürst- 1196,511,78,35
Pück-ler- 1274,511,77,35
<EOS>
<EOP>
Land 790,553,71,39
und 875,553,49,39
gilt 938,553,43,39
als 995,553,35,39
« 1044,553,18,39
grösste 1062,553,99,39
Landschafts¬ 1175,553,176,39
baustelle 751,599,120,36
Europas 910,599,110,36
» 1020,599,17,36
u. 1083,599,25,36
<EOS>
a. 1108,599,24,36
<EOS>
bekannt 1171,599,106,36
für 1316,599,35,36
Landmarks 751,645,149,35
wie 907,645,46,35
die 960,645,42,35
« 1012,645,18,35
Biotürme 1030,645,120,35
» 1150,645,18,35
<EOS>
- 751,688,18,35
Dresden: 776,688,124,35
Im 910,688,32,35
Jahr 949,688,60,35
1945 1016,688,67,35
fast 1090,688,49,35
vollständig 1147,688,144,35
zer¬ 1302,688,49,35
stört, 751,733,67,36
entschloss 833,733,144,36
sich 991,733,57,36
die 1065,733,39,36
Stadt 1122,733,70,36
nach 1207,733,67,36
dem 1291,733,60,36
Krieg, 751,776,78,39
die 836,776,42,39
Wahrzeichen 885,776,177,39
des 1069,776,49,39
17. 1125,776,43,39
<EOS>
und 1175,776,53,39
18. 1235,776,42,39
<EOS>
Jahr¬ 1284,776,67,39
hunderts 751,822,117,35
wieder 882,822,92,35
aufzubauen. 988,822,166,35
<EOS>
Besucht 1168,822,109,35
wer¬ 1295,822,56,35
den 751,867,50,36
u. 811,867,25,36
<EOS>
a. 836,867,28,36
<EOS>
eine 875,867,56,36
Abendvorstellung 942,867,236,36
in 1189,867,25,36
der 1224,867,46,36
Sem-per- 1281,867,70,36
<EOS>
<EOP>
Oper, 804,910,71,35
aber 878,910,60,35
auch 942,910,63,35
namhafte 1009,910,123,35
zeitgenössische 1136,910,215,35
Bauten: 751,956,103,35
UFA- 875,956,67,35
Kristallpalast 942,956,169,35
Coop 1143,956,74,35
Himmel¬ 1238,956,113,35
blau, 751,998,64,39
1998), 833,998,84,39
VW- 931,998,57,39
Werk 988,998,67,39
« 1072,998,15,39
Gläserne 1087,998,123,39
Manufak¬ 1224,998,127,39
tur 751,1044,32,35
» 787,1044,14,35
Henn 818,1044,71,35
Architekten, 896,1044,162,35
2001) 1065,1044,74,35
und 1147,1044,52,35
der 1207,1044,45,35
Haupt¬ 1259,1044,92,35
bahnhof 751,1090,110,35
Foster 878,1090,82,35
& 970,1090,21,35
Partner, 998,1090,103,35
2007). 1108,1090,84,35
<EOS>
- 751,1132,18,35
Leipzig: 780,1132,105,35
Die 896,1132,42,35
Hinfahrt 949,1132,106,35
wird 1065,1132,57,35
zu 1129,1132,32,35
einem 1171,1132,81,35
Abste¬ 1263,1132,88,35
cher 751,1178,60,35
nach 836,1178,67,35
Löbau 931,1178,85,35
genutzt, 1044,1178,106,35
zum 1178,1178,57,35
« 1263,1181,18,36
Haus 1281,1178,70,35
Schminke 751,1220,131,39
» 882,1224,18,35
von 914,1220,49,39
Hans 977,1220,71,39
Scharoun. 1062,1220,134,39
<EOS>
In 1214,1220,24,39
Leipzig 1252,1220,99,39
stehen 751,1266,89,35
die 850,1266,43,35
neuen 903,1266,81,35
Messehallen 995,1266,169,35
auf 1175,1266,39,35
dem 1224,1266,60,35
Pro¬ 1295,1266,56,35
gramm, 751,1312,103,35
das 868,1312,49,35
Leipziger 931,1312,124,35
Museum 1069,1312,116,35
der 1199,1312,43,35
bilden¬ 1256,1312,95,35
den 751,1354,50,36
Künste 815,1354,92,36
und 921,1354,53,36
das 984,1354,53,36
Kunst- 1048,1354,88,36
und 1150,1354,49,36
Kulturzen¬ 1214,1354,137,36
trum 751,1400,60,35
« 815,1400,14,35
Baumwollspinnerei 829,1400,254,35
» 1083,1400,18,35
<EOS>
Den 1111,1400,57,35
Schlusspunkt 1171,1400,180,35
bildet 751,1442,75,39
der 843,1442,42,39
Besuch 903,1442,102,39
des 1023,1442,49,39
BMW- 1090,1442,81,39
Werks 1171,1442,85,39
Zaha 1281,1442,70,39
Hadid 751,1488,82,36
/ 836,1488,7,36
Patrick 847,1488,91,36
Schuhmacher, 949,1488,190,36
2005). 1147,1488,84,36
<EOS>
<EOP>
– 1390,377,14,35
Dessau: 1418,377,113,35
Im 1545,377,32,35
Mittelpunkt 1591,377,148,35
der 1753,377,46,35
Besichtigung 1813,377,177,35
stehen 1390,423,88,35
die 1492,423,43,35
Bauhausanlage 1545,423,208,35
und 1767,423,50,35
die 1831,423,42,35
Meister¬ 1884,423,106,35
häuser 1390,465,92,36
sowie 1499,465,78,36
die 1598,465,39,36
Siedlung 1658,465,116,36
Dessau- 1796,465,109,36
Törten 1905,465,85,36
von 1390,511,49,35
Walter 1446,511,85,35
Gropius. 1538,511,113,35
<EOS>
– 1390,553,14,39
« 1418,557,18,35
Ferropolis 1436,553,130,39
» 1566,557,18,35
: 1584,553,11,39
Nach 1605,553,74,39
2000 1690,553,67,39
begann 1771,553,102,39
die 1887,553,39,39
Flu¬ 1940,553,50,39
tung 1390,599,60,36
des 1464,599,49,36
ehemaligen 1524,599,159,36
Braunkohle- 1693,599,163,36
Abbauge¬ 1856,599,134,36
biets 1390,645,63,35
und 1461,645,52,35
die 1520,645,43,35
Umgestaltung 1570,645,187,35
in 1764,645,25,35
ein 1796,645,38,35
ein 1842,645,42,35
« 1891,645,18,35
indus¬ 1909,645,81,35
trielles 1390,688,88,35
Gartenreich 1485,688,159,35
» 1644,688,14,35
<EOS>
– 1390,733,14,36
Berlin: 1415,733,88,36
Mit 1513,733,39,36
einem 1563,733,81,36
dreitägigen 1658,733,152,36
Aufenthalt 1820,733,134,36
in 1969,733,21,36
Berlin 1390,776,78,39
wird 1475,776,56,39
die 1538,776,42,39
Reise 1588,776,74,39
abgerundet. 1669,776,165,39
<EOS>
Eine 1842,776,56,39
Orien¬ 1909,776,81,39
tierung 1390,822,92,35
durch 1499,822,74,35
Verantwortliche 1591,822,205,35
der 1810,822,46,35
Stadtpla¬ 1870,822,120,35
nung 1390,867,67,36
und 1471,867,53,36
des 1538,867,50,36
Senats 1602,867,91,36
gibt 1707,867,53,36
einen 1774,867,71,36
Überblick 1859,867,131,36
über 1390,910,60,35
die 1461,910,42,35
bauliche 1510,910,116,35
Entwicklung 1637,910,159,35
der 1806,910,43,35
letzten 1859,910,88,35
20 1958,910,32,35
Jahre. 1390,956,81,35
<EOS>
Zwei 1492,956,64,35
Rundfahrten 1573,956,166,35
machen 1760,956,106,35
auf 1887,956,43,35
die 1947,956,43,35
Meilensteine 1390,998,169,39
der 1573,998,46,39
architektonischen 1633,998,237,39
Erneue¬ 1884,998,106,39
rung 1390,1044,60,35
aufmerksam. 1461,1044,172,35
<EOS>
<EOP>
01 109,917,32,32
« 148,917,18,32
Ferropolis 166,917,123,32
» 289,917,18,32
Foto: 325,917,60,32
Christiane 392,917,127,32
Eisler) 526,917,81,32
<EOS>
<EOP>
