2099,2970
TEC21 120,77,85,32
20 222,77,36,32
/ 261,77,14,32
2010 279,77,70,32
STELLENINSERATE 1535,67,366,45
| 1919,67,11,45
41 1954,67,46,45
K 176,247,50,98
N 272,247,56,98
E 370,247,43,98
L 459,247,38,98
L 540,247,39,98
W 617,247,82,98
O 741,247,63,98
L 847,247,38,98
F 928,247,39,98
Erfolgsmanagement 176,366,265,43
für 448,366,39,43
PLANUNG 508,366,152,43
BAU 681,366,67,43
IMMOBILIEN 769,366,198,43
Unsere 180,490,78,39
Auftraggeberin 265,490,176,39
ist 452,490,24,39
ein 487,490,32,39
im 529,490,25,39
Raum 564,490,67,39
Winterthur 639,490,148,39
sehr 797,490,46,39
gut 854,490,39,39
etabliertes 900,490,123,39
Architekturbüro. 180,529,187,39
<EOS>
Das 374,529,42,39
Unternehmen 427,529,155,39
ist 593,529,24,39
sowohl 628,529,81,39
im 716,529,28,39
Entwurf 755,529,88,39
als 854,529,28,39
auch 893,529,56,39
in 956,529,21,39
der 984,529,39,39
Ausführung 180,568,130,38
breit 321,568,49,38
aufgestellt 381,568,120,38
und 512,568,42,38
beschäftigt 564,568,127,38
rund 702,568,53,38
15 762,568,28,38
Mitarbeitende. 801,568,169,38
<EOS>
Das 981,568,42,38
Büro 180,606,49,36
befindet 240,606,95,36
sich 342,606,43,36
zu 395,606,25,36
100% 427,606,67,36
im 504,606,25,36
Besitz 536,606,71,36
der 614,606,35,36
leitenden 656,606,110,36
Geschäftspartner 773,606,197,36
und 977,606,46,36
erfreut 180,645,74,35
sich 265,645,45,35
einer 321,645,56,35
ausgezeichneten 388,645,194,35
Auftragslage. 593,645,155,35
<EOS>
Die 758,645,39,35
Schwerpunkte 808,645,166,35
der 984,645,39,35
qualitativ 180,684,106,35
hochstehenden 293,684,176,35
Architektur 480,684,127,35
liegen 614,684,70,35
in 691,684,22,35
den 720,684,42,35
Bereichen 773,684,109,35
Wohn- 893,684,77,35
und 977,684,46,35
Gewerbebau 180,719,148,39
sowie 335,719,67,39
Bauten 413,719,81,39
für 501,719,32,39
öffentliche 540,719,123,39
Auftraggeber. 670,719,159,39
<EOS>
Die 180,758,35,39
Geschäftsleitung 229,758,194,39
besteht 434,758,88,39
aktuell 536,758,78,39
aus 624,758,43,39
drei 677,758,43,39
Mitgliedern 734,758,130,39
und 878,758,43,39
möchte 935,758,88,39
sich 180,797,42,39
im 236,797,25,39
Entwurfsbereich 275,797,184,39
mit 473,797,35,39
einem 522,797,71,39
zusätzlichen 603,797,166,39
Partner 783,797,99,39
verstärken. 896,797,127,39
<EOS>
Wir 180,836,39,38
sind 226,836,46,38
beauftragt, 282,836,127,38
einen 420,836,60,38
jüngeren 490,836,99,38
und 600,836,42,38
unternehmerisch 649,836,194,38
interessierten 850,836,155,38
<EOS>
<EOP>
Entwurfsarchitekten 229,906,611,78
m/ 871,927,50,53
w) 921,927,49,53
<EOS>
<EOP>
als 370,984,57,53
zukünftigen 437,984,233,53
Partner 684,984,145,53
zu 180,1065,25,39
suchen. 215,1065,85,39
<EOS>
Ihr 180,1100,35,43
Profil. 229,1100,78,43
<EOS>
Sie 321,1104,32,39
sind 367,1104,46,39
eine 423,1104,50,39
Persönlichkeit 483,1104,159,39
mit 656,1104,35,39
ausgeprägtem 716,1104,166,39
architekto¬ 896,1104,127,39
nischen 180,1143,85,35
Urteilsvermögen 275,1143,191,35
und 476,1143,43,35
hoher 533,1143,63,35
Kompetenz 610,1143,131,35
in 751,1143,22,35
Entwurf 783,1143,88,35
und 885,1143,43,35
Gestal¬ 938,1143,85,35
tung. 180,1181,56,36
<EOS>
Ihre 250,1181,43,36
Ausbildung 303,1181,127,36
als 441,1181,32,36
Architekt/ 483,1181,117,36
in 600,1181,17,36
ETH 631,1181,43,36
oder 684,1181,53,36
FH 748,1181,28,36
sowie 787,1181,67,36
Ihre 864,1181,43,36
bisherige 917,1181,106,36
Berufserfahrung 180,1220,183,35
lassen 374,1220,71,35
Sie 459,1220,31,35
die 501,1220,35,35
Ziele 547,1220,53,35
der 614,1220,35,35
Auftraggeber 663,1220,152,35
vom 829,1220,49,35
Entwurf 889,1220,88,35
bis 991,1220,32,35
<EOS>
<EOP>
zur 1069,490,35,35
Werkplanung 1115,490,155,35
professionell 1281,490,144,35
umsetzen. 1436,490,116,35
<EOS>
Das 1563,490,42,35
Aufgabengebiet 1616,490,187,35
umfasst 1813,490,92,35
alle 1916,490,38,35
Gebiete 1069,529,92,35
der 1175,529,35,35
Architektur. 1224,529,134,35
<EOS>
Sie 1372,529,32,35
haben 1418,529,71,35
bereits 1503,529,77,35
Erfahrung 1595,529,112,35
in 1722,529,17,35
der 1753,529,39,35
erfolgreichen 1806,529,148,35
Bearbeitung 1069,564,141,39
von 1224,564,42,39
Wettbewerben 1281,564,172,39
und 1471,564,42,39
verfügen 1528,564,102,39
über 1644,564,53,39
gute 1711,564,53,39
kommunikative 1778,564,176,39
Fähigkeiten. 1069,603,141,39
<EOS>
Unsere 1069,680,92,39
Auftraggeberin 1175,680,204,39
bietet 1393,680,78,39
Ihnen 1485,680,74,39
spannende 1573,680,127,39
Projekte, 1715,680,98,39
die 1827,680,32,39
Sie 1873,680,32,39
mit 1919,680,35,39
viel 1069,719,39,39
Eigenverantwortung 1115,719,236,39
und 1358,719,43,39
dem 1411,719,50,39
nötigen 1468,719,88,39
Freiraum 1563,719,99,39
in 1669,719,21,39
einem 1697,719,70,39
kollegialen 1774,719,124,39
Um¬ 1905,719,49,39
feld 1069,758,42,39
realisieren. 1125,758,120,39
<EOS>
Gemeinsam 1259,758,134,39
mit 1408,758,35,39
einem 1457,758,71,39
der 1538,758,39,39
Partner 1588,758,84,39
sind 1683,758,49,39
Sie 1743,758,35,39
verantwortlich 1789,758,165,39
für 1069,797,32,35
den 1111,797,46,35
Bereich 1168,797,84,35
Entwurf 1263,797,88,35
und 1365,797,43,35
können 1418,797,85,35
Ihre 1517,797,42,35
Stärken 1570,797,88,35
und 1669,797,42,35
Fähigkeiten 1725,797,131,35
optimal 1870,797,84,35
einbringen. 1069,836,130,35
<EOS>
Der 1207,836,38,35
hohe 1252,836,57,35
Qualitätsstandard 1316,836,204,35
und 1528,836,45,35
der 1580,836,36,35
persönliche 1623,836,130,35
Kontakt 1760,836,92,35
zur 1859,836,35,35
Bau¬ 1901,836,53,35
herrschaft 1069,874,116,36
garantieren 1196,874,130,36
eine 1337,874,49,36
vielseitige 1397,874,113,36
Tätigkeit. 1520,874,106,36
<EOS>
Wenn 1637,874,67,36
Sie 1711,874,35,36
schon 1757,874,67,36
immer 1834,874,71,36
das 1916,874,38,36
Gefühl 1069,913,78,36
hatten, 1157,913,81,36
mit 1249,913,39,36
Selbständigkeit 1298,913,177,36
mehr 1485,913,57,36
erreichen 1556,913,102,36
zu 1672,913,25,36
können, 1707,913,92,36
sind 1810,913,46,36
Sie 1870,913,31,36
hier 1912,913,42,36
richtig. 1069,949,78,38
<EOS>
Diese 1161,949,60,38
Herausforderung 1231,949,194,38
bietet 1436,949,67,38
Ihnen 1513,949,64,38
die 1588,949,35,38
Möglichkeit, 1633,949,141,38
sich 1785,949,42,38
Schritt 1838,949,74,38
für 1923,949,31,38
Schritt 1069,987,74,39
mit 1154,987,38,39
den 1203,987,42,39
Aufgaben 1256,987,113,39
eines 1379,987,60,39
selbständigen 1450,987,159,39
Partners 1619,987,96,39
vertraut 1725,987,92,39
zu 1827,987,25,39
machen 1863,987,91,39
und 1069,1026,46,39
mehr 1122,1026,60,39
unternehmerische 1189,1026,204,39
Verantwortung 1404,1026,173,39
zu 1584,1026,28,39
übernehmen. 1619,1026,152,39
<EOS>
Sind 1069,1104,49,39
Sie 1129,1104,32,39
an 1168,1104,28,39
diesen 1207,1104,74,39
Aufgaben 1288,1104,113,39
mit 1408,1104,38,39
langfristigen 1453,1104,145,39
Entwicklungsmöglichkeiten 1605,1104,311,39
in¬ 1926,1104,28,39
teressiert 1069,1143,106,38
und 1182,1143,46,38
bereit 1235,1143,63,38
für 1305,1143,32,38
den 1344,1143,42,38
Schritt 1393,1143,75,38
zum 1475,1143,49,38
Unternehmer? 1531,1143,162,38
<EOS>
Dann 1700,1143,64,38
kontaktieren 1771,1143,145,38
Sie 1923,1143,31,38
Claudia 1069,1181,88,36
Willi 1168,1181,46,36
unverbindlich 1224,1181,155,36
für 1390,1181,32,36
nähere 1432,1181,78,36
Informationen. 1520,1181,170,36
<EOS>
Wir 1700,1181,39,36
garantieren 1750,1181,130,36
Ihnen 1891,1181,63,36
absolute 1069,1220,99,35
Diskretion. 1178,1220,120,35
<EOS>
Knellwolf 180,1337,123,38
+ 314,1337,14,38
Partner 339,1337,98,38
AG 448,1337,39,38
Schaffhauserstrasse 180,1379,229,35
272 420,1379,46,35
I 473,1375,10,39
8057 490,1379,64,35
Zürich 564,1379,67,35
I 642,1375,7,39
T 660,1379,10,35
044 681,1379,46,35
311 737,1379,43,35
41 787,1379,31,35
60 826,1379,31,35
I 868,1375,7,39
F 885,1379,11,35
044 903,1379,50,35
311 960,1379,42,35
41 1012,1379,29,35
69 1051,1379,32,35
claudia. 180,1418,88,35
<EOS>
willi@ 268,1418,74,35
knellwolf. 346,1418,109,35
<EOS>
com 455,1418,49,35
I 515,1414,7,39
www. 533,1418,67,35
<EOS>
knellwolf. 603,1418,110,35
<EOS>
com 713,1418,49,35
<EOS>
<EOP>
Je 155,1640,43,46
1 205,1640,21,46
Bauingenieur 236,1640,240,46
für 483,1640,53,46
Hoch- 547,1640,102,46
und 660,1640,67,46
Tiefbau 734,1640,134,46
Unser 155,1711,71,31
Kunde 233,1711,74,31
ist 310,1711,29,31
ein 346,1711,35,31
weltweit 388,1711,95,31
operierendes 490,1711,152,31
Consulting- 646,1711,134,31
und 787,1711,42,31
Ingenieurunternehmen 836,1711,265,31
für 1108,1711,35,31
sämtliche 1147,1711,112,31
Dienstleistungen 1266,1711,195,31
rund 1464,1711,56,31
um 1524,1711,39,31
den 1570,1711,42,31
Hoch-, 1619,1711,74,31
Tief- 1700,1711,53,31
und 1760,1711,43,31
Ingenieurbau. 1810,1711,159,31
<EOS>
Zur 155,1746,43,32
Besetzung 205,1746,123,32
wichtiger 335,1746,106,32
Schlüsselpositionen 448,1746,236,32
im 691,1746,29,32
konstruktiven 727,1746,162,32
Ingenieurbau, 896,1746,162,32
suchen 1065,1746,85,32
wir 1154,1746,38,32
zwei 1199,1746,53,32
fachlich 1256,1746,92,32
versierte 1355,1746,106,32
Bauingenieure 1468,1746,169,32
als 1644,1746,35,32
Senior 155,1799,233,95
Projektleiter 409,1799,459,95
Ihre 155,1926,50,35
Aufgaben: 212,1926,123,35
Sie 155,1961,39,32
übernehmen 198,1961,151,32
die 356,1961,36,32
Verantwortung 399,1961,173,32
für 579,1961,31,32
die 617,1961,36,32
selbständige 660,1961,148,32
Leitung 815,1961,88,32
von 910,1961,43,32
komplexen 960,1961,127,32
Projekten 1094,1961,113,32
im 1214,1961,28,32
nationalen 1249,1961,123,32
und 1379,1961,43,32
internationalen 1429,1961,180,32
Umfeld. 1616,1961,91,32
<EOS>
Sie 155,1996,39,32
leiten 198,1996,67,32
hauptsächlich 272,1996,162,32
grosse 441,1996,78,32
Projekte 526,1996,98,32
der 631,1996,39,32
öffentlichen 677,1996,141,32
und 822,1996,46,32
privaten 875,1996,95,32
Hand, 977,1996,67,32
im 1051,1996,32,32
Hochbau 1087,1996,105,32
Büro 1207,1996,56,32
u. 1270,1996,21,32
<EOS>
Verwaltungsgebäude) 1298,1996,254,32
und 1559,1996,43,32
Tiefbau 1609,1996,88,32
vorwiegend 1711,1996,134,32
Infrastruktur- 155,2032,166,31
und 325,2032,45,31
Kunstbauten). 377,2032,163,31
<EOS>
Mit 155,2063,39,36
effizientem 201,2063,131,36
Projektmanagement 339,2063,240,36
steuern 582,2063,92,36
und 681,2063,42,36
koordinieren 730,2063,148,36
Sie 885,2063,36,36
den 928,2063,42,36
Projektablauf 977,2063,159,36
und 1143,2063,42,36
Ihre 1192,2063,50,36
interdisziplinären 1245,2063,205,36
Teams. 1457,2063,85,36
<EOS>
Als 155,2099,39,31
Senior 201,2099,74,31
Ingenieur 282,2099,113,31
stehen 402,2099,78,31
Sie 487,2099,35,31
den 529,2099,46,31
Projektingenieuren 579,2099,225,31
unterstützend 811,2099,163,31
zur 981,2099,39,31
Seite. 1027,2099,67,31
<EOS>
Bei 155,2134,39,32
Interesse 201,2134,109,32
an 318,2134,28,32
weiteren 353,2134,102,32
Führungsaufgaben 459,2134,222,32
und 688,2134,46,32
an 741,2134,28,32
der 776,2134,39,32
Akquisition, 822,2134,138,32
besteht 967,2134,84,32
die 1058,2134,36,32
Möglichkeit, 1101,2134,141,32
die 1249,2134,35,32
Stellvertretung 1291,2134,177,32
des 1475,2134,42,32
Abteilungsleiters 1520,2134,202,32
zu 1729,2134,24,32
übernehmen. 1760,2134,159,32
<EOS>
Ihr 155,2187,36,35
Profil: 198,2187,74,35
Dipl. 155,2222,57,32
<EOS>
Bauingenieur 215,2222,159,32
ETH/ 381,2222,60,32
FH 441,2222,32,32
mit 480,2222,39,32
fundierter 526,2222,116,32
praktischer 649,2222,134,32
Berufserfahrung 790,2222,198,32
und 995,2222,42,32
hoher 1044,2222,71,32
Kundenorientierung. 1122,2222,240,32
<EOS>
Sie 155,2257,39,32
sind 198,2257,49,32
fachlich 254,2257,92,32
versiert 353,2257,92,32
in 452,2257,21,32
Baustatik 480,2257,109,32
und 596,2257,46,32
Tragwerksplanung 646,2257,218,32
und 871,2257,46,32
routiniert 924,2257,110,32
im 1041,2257,28,32
Projektmanagement. 1076,2257,247,32
<EOS>
Sie 155,2293,39,31
haben 198,2293,74,31
die 279,2293,35,31
Fähigkeit 321,2293,106,31
kreative 434,2293,95,31
Lösungen 533,2293,116,31
zu 656,2293,28,31
entwickeln, 691,2293,135,31
in 829,2293,21,31
Bezug 857,2293,74,31
auf 938,2293,36,31
Technik 981,2293,91,31
und 1080,2293,42,31
Wirtschaftlichkeit. 1129,2293,215,31
<EOS>
In 155,2324,25,32
der 183,2324,43,32
Projektarbeit 233,2324,152,32
verstehen 392,2324,116,32
Sie 515,2324,35,32
es, 557,2324,32,32
die 596,2324,35,32
Mitarbeiter 639,2324,130,32
optimal 776,2324,88,32
einzusetzen 871,2324,141,32
und 1020,2324,42,32
die 1069,2324,35,32
Zielvorgaben 1111,2324,148,32
mittels 1266,2324,82,32
klarer 1355,2324,70,32
Aufgabendefinition 1432,2324,223,32
zu 1662,2324,24,32
erreichen. 1693,2324,120,32
<EOS>
Es 155,2360,28,31
reizt 191,2360,52,31
Sie, 250,2360,43,31
grosse 300,2360,77,31
Projekte 385,2360,98,31
zu 490,2360,29,31
realisieren 522,2360,127,31
und 656,2360,43,31
eine 706,2360,49,31
reibungslose 762,2360,152,31
Abwicklung 921,2360,134,31
der 1062,2360,39,31
anspruchsvollen 1108,2360,194,31
Bauvorhaben 1309,2360,155,31
zu 1471,2360,25,31
gewährleisten. 1503,2360,173,31
<EOS>
Als 155,2395,39,32
kommunikativer 201,2395,191,32
Teamleader 399,2395,137,32
besitzen 543,2395,99,32
Sie 646,2395,38,32
eine 691,2395,50,32
hohe 748,2395,56,32
Sozialkompetenz 811,2395,198,32
und 1016,2395,46,32
ein 1065,2395,39,32
gutes 1108,2395,67,32
Durchsetzungsvermögen. 1182,2395,300,32
<EOS>
Neben 155,2427,78,35
gutem 240,2427,74,35
Deutsch 321,2427,95,35
sind 423,2427,50,35
Englischkenntnisse 480,2427,229,35
in 716,2427,21,35
diesem 744,2427,85,35
internationalen 836,2427,176,35
Firmenumfeld 1020,2427,169,35
ein 1192,2427,39,35
Vorteil. 1235,2427,84,35
<EOS>
Ihre 155,2483,50,32
Chancen: 212,2483,109,32
Ein 155,2518,39,32
attraktives 201,2518,124,32
Aufgabengebiet 332,2518,183,32
und 522,2518,42,32
die 572,2518,35,32
Möglichkeit 614,2518,134,32
zur 755,2518,39,32
persönlichen 801,2518,152,32
Weiterentwicklung. 960,2518,225,32
<EOS>
Bei 155,2554,39,31
Eignung 201,2554,95,31
und 303,2554,46,31
Interesse 353,2554,109,31
besteht 469,2554,88,31
die 564,2554,36,31
Möglichkeit 607,2554,134,31
übergeordnete 748,2554,173,31
Aufgaben 928,2554,109,31
zu 1044,2554,28,31
übernehmen. 1080,2554,155,31
<EOS>
Kollegiales 155,2585,131,32
Umfeld, 293,2585,92,32
vorbildliche 392,2585,137,32
Unternehmenskultur 536,2585,247,32
und 790,2585,43,32
Wertschätzung 840,2585,176,32
der 1020,2585,42,32
Mitarbeiter. 1069,2585,134,32
<EOS>
International 155,2621,152,31
bekannte 314,2621,109,31
Unternehmung, 430,2621,184,31
dynamisches 621,2621,152,31
und 780,2621,46,31
wachstumsorientiertes 833,2621,268,31
Umfeld. 1108,2621,91,31
<EOS>
Wenn 155,2656,67,32
Sie 229,2656,36,32
diese 272,2656,60,32
herausfordernde 339,2656,197,32
und 543,2656,43,32
nicht 593,2656,60,32
alltägliche 660,2656,123,32
Aufgabe 787,2656,98,32
anspricht, 893,2656,116,32
rufen 1016,2656,64,32
Sie 1083,2656,39,32
mich 1129,2656,56,32
unverbindlich 1192,2656,159,32
an. 1358,2656,35,32
<EOS>
Ich 1401,2656,35,32
freue 1443,2656,60,32
mich 1510,2656,56,32
auf 1573,2656,39,32
ein 1619,2656,36,32
Gespräch 1662,2656,109,32
mit 1778,2656,39,32
Ihnen. 1824,2656,74,32
<EOS>
Scalis 155,2709,74,32
AG 236,2709,36,32
<EOS>
Personal- 296,2709,124,32
& 427,2709,18,32
Unternehmensberatung 452,2709,292,32
<EOS>
Andreas 769,2709,102,32
Wieser 878,2709,85,32
<EOS>
Affolternstrasse 988,2709,197,32
18 1192,2709,29,32
<EOS>
CH- 1245,2709,50,32
8105 1295,2709,56,32
Regensdorf 1358,2709,141,32
/ 1506,2709,11,32
Zürich 1524,2709,78,32
Tel. 155,2744,43,32
<EOS>
dir. 208,2744,35,32
<EOS>
043 254,2744,42,32
388 303,2744,43,32
70 353,2744,28,32
07 388,2744,28,32
<EOS>
Mobile 441,2744,81,32
079 529,2744,43,32
658 582,2744,42,32
07 631,2744,29,32
66 667,2744,28,32
<EOS>
andreas. 720,2744,106,32
<EOS>
wieser@ 826,2744,102,32
scalis. 928,2744,77,32
<EOS>
ch 1005,2744,29,32
<EOS>
www. 1058,2744,67,32
<EOS>
scalis. 1125,2744,78,32
<EOS>
ch 1203,2744,28,32
<EOS>
<EOP>
