2099,2970
24 106,67,46,45
| 173,63,14,46
NATURTHEATER 208,67,318,45
TEC21 1760,74,85,35
20 1863,74,35,35
/ 1901,74,15,35
2010 1919,74,71,35
<EOS>
<EOP>
FELSENFEST 109,391,784,145
VERANKERT 931,391,727,145
<EOS>
<EOP>
Dank 751,688,78,38
einem 840,688,95,38
Lift 945,688,53,38
und 1009,688,60,38
einem 1080,688,91,38
neuen 1182,688,99,38
Steg 1291,688,74,38
ist 1376,688,42,38
das 1429,688,56,38
Naturschauspiel 1496,688,261,38
des 1767,688,57,38
Rhein¬ 1834,688,110,38
falls 751,733,67,39
einfacher 829,733,152,39
zu 991,733,36,39
erreichen. 1037,733,166,39
<EOS>
Die 1214,733,52,39
Bauingenieure 1277,733,233,39
von 1520,733,57,39
Ernst 1588,733,88,39
Basler 1686,733,106,39
+ 1803,733,21,39
Partner 1834,733,127,39
fügten 751,776,103,42
die 864,776,50,42
Tragkonstruktionen 921,776,310,42
geschickt 1242,776,151,42
in 1404,776,28,42
die 1443,776,49,42
anspruchsvolle 1503,776,240,42
Kulisse 1753,776,113,42
ein. 1877,776,56,42
<EOS>
Doch 751,822,78,38
weil 840,822,63,38
diese 914,822,84,38
bröckelt, 1009,822,145,38
mussten 1164,822,134,38
sie 1309,822,46,38
in 1365,822,28,38
Zusammenarbeit 1404,822,268,38
mit 1683,822,49,38
dem 1743,822,67,38
Geologen 1820,822,149,38
der 751,864,53,42
Dr. 815,864,49,42
<EOS>
Heinrich 875,864,137,42
Jäckli 1023,864,92,42
AG 1122,864,49,42
zuerst 1182,864,102,42
den 1295,864,56,42
Fels 1362,864,67,42
stabilisieren. 1439,864,212,42
<EOS>
Die 751,956,43,35
grössten 804,956,117,35
Eingriffe 928,956,109,35
am 1044,956,43,35
Felsen 1094,956,88,35
unter 1192,956,67,35
dem 1270,956,56,35
Schloss 1337,956,106,35
Laufen 1450,956,92,35
waren 1549,956,81,35
der 1640,956,43,35
Neubau 1693,956,106,35
des 1806,956,50,35
Bel¬ 1866,956,53,35
vederestegs 751,998,166,39
und 924,998,53,39
des 984,998,50,39
Liftturms 1041,998,116,39
vgl. 1175,998,49,39
<EOS>
S. 1231,998,28,39
<EOS>
18 1263,998,35,39
ff.). 1302,998,42,39
<EOS>
Der 1351,998,50,39
gestalterische 1408,998,190,39
Entwurf 1605,998,99,39
und 1715,998,49,39
das 1774,998,50,39
Tragwerks¬ 1831,998,148,39
konzept 751,1044,106,35
mussten 864,1044,113,35
sich 988,1044,53,35
stark 1051,1044,64,35
mit 1122,1044,42,35
den 1171,1044,53,35
geologischen 1231,1044,180,35
und 1422,1044,49,35
topo 1482,1044,60,35
grafi 1542,1044,60,35
schen 1602,1044,81,35
Gegebenheiten 1690,1044,208,35
auseinandersetzen. 751,1090,261,35
<EOS>
Besonders 1020,1090,144,35
deutlich 1175,1090,106,35
wurde 1288,1090,84,35
dies 1379,1090,57,35
beim 1446,1090,64,35
Grundriss 1520,1090,131,35
und 1658,1090,53,35
den 1718,1090,53,35
Fundationen 1778,1090,166,35
des 751,1132,50,35
Steges 808,1132,92,35
sowie 910,1132,78,35
bei 995,1132,42,35
der 1044,1132,46,35
Platzierung 1097,1132,152,35
des 1256,1132,49,35
Turmes. 1316,1132,106,35
<EOS>
EIN 751,1224,57,35
STANDORT 818,1224,173,35
FÜR 1002,1224,67,35
DEN 1080,1224,67,35
LIFTTURM 1157,1224,162,35
Als 751,1266,39,35
Standort 801,1266,113,35
für 921,1266,35,35
den 967,1266,49,35
Turm 1027,1266,63,35
wurde 1101,1266,81,35
eine 1189,1266,56,35
Stelle 1256,1266,74,35
direkt 1337,1266,74,35
unterhalb 1422,1266,123,35
eines 1556,1266,70,35
Durchlasses 1633,1266,166,35
in 1810,1266,21,35
der 1842,1266,45,35
denk¬ 1894,1266,78,35
malgeschützten 751,1312,212,35
Schlossmauer 970,1312,191,35
gewählt, 1168,1312,113,35
der 1291,1312,46,35
bislang 1344,1312,99,35
zu 1450,1312,32,35
einem 1492,1312,81,35
kleinen 1580,1312,96,35
Aussichtsbalkon 1683,1312,218,35
führte. 751,1354,85,36
<EOS>
Hier 843,1354,57,36
fällt 907,1354,46,36
der 963,1354,46,36
Fels 1016,1354,53,36
am 1080,1354,42,36
steilsten 1129,1354,109,36
ab, 1249,1354,42,36
sodass 1298,1354,99,36
der 1404,1354,46,36
Turm 1457,1354,67,36
nahe 1531,1354,67,36
an 1605,1354,35,36
die 1647,1354,43,36
natürliche 1697,1354,134,36
Felswand 1838,1354,127,36
gebaut 751,1400,92,35
werden 854,1400,99,35
konnte, 960,1400,98,35
sich 1069,1400,53,35
so 1132,1400,29,35
besser 1171,1400,92,35
in 1270,1400,25,35
die 1302,1400,42,35
Gesamterscheinung 1351,1400,272,35
des 1630,1400,53,35
Berges 1690,1400,95,35
einfügt 1796,1400,91,35
und 751,1442,50,39
die 811,1442,39,39
Verbindungsplattform 861,1442,286,39
zwischen 1157,1442,124,39
Schlosshof 1291,1442,145,39
und 1443,1442,53,39
Turm 1503,1442,67,39
relativ 1580,1442,78,39
kurz 1665,1442,57,39
werden 1732,1442,99,39
konnte. 1838,1442,99,39
<EOS>
Ein 751,1488,39,36
weiterer 801,1488,106,36
Vorteil 914,1488,81,36
war, 1005,1488,53,36
dass 1069,1488,63,36
am 1139,1488,43,36
Fuss 1189,1488,63,36
dieser 1263,1488,81,36
steilen 1355,1488,84,36
Felswand 1450,1488,127,36
die 1584,1488,42,36
Felsobergrenze 1633,1488,212,36
deutlich 1852,1488,106,36
fl 751,1534,15,35
acher 766,1534,74,35
wird 850,1534,57,35
und 914,1534,53,35
nur 974,1534,42,35
wenige 1027,1534,95,35
Meter 1129,1534,78,35
unter 1217,1534,67,35
der 1291,1534,46,35
Terrainoberfl 1344,1534,169,35
äche 1513,1534,67,35
verläuft. 1588,1534,105,35
<EOS>
So 1704,1534,32,35
reduzieren 1746,1534,141,35
sich 1894,1534,57,35
die 751,1577,39,35
Probleme, 801,1577,134,35
die 945,1577,39,35
der 995,1577,42,35
hier 1048,1577,49,35
vorhandene 1104,1577,162,35
Rutschhang 1274,1577,162,35
verursacht, 1443,1577,152,35
auf 1602,1577,42,35
die 1651,1577,42,35
untere 1700,1577,85,35
Plattform. 1796,1577,127,35
<EOS>
Der 751,1622,46,36
Turm 808,1622,63,36
ist 882,1622,28,36
als 921,1622,35,36
eingespannter 967,1622,190,36
Kragarm 1168,1622,116,36
konzipiert. 1291,1622,141,36
<EOS>
Der 1439,1622,50,36
Schaft, 1496,1622,95,36
der 1598,1622,46,36
die 1651,1622,42,36
beiden 1700,1622,96,36
Liftkabinen 1803,1622,144,36
trägt, 751,1665,67,39
ist 829,1665,28,39
als 868,1665,39,39
schiefwinkliges 914,1665,201,39
Trapez 1125,1665,89,39
ausgebildet, 1224,1665,166,39
was 1397,1665,53,39
die 1461,1665,42,39
vorteilhafte 1510,1665,148,39
Ausrichtung 1665,1665,162,39
der 1834,1665,46,39
Kabinen 751,1711,110,35
ermöglicht 871,1711,141,35
und 1020,1711,52,35
statisch 1080,1711,102,35
einen 1192,1711,71,35
idealen 1274,1711,98,35
Querschnitt 1379,1711,156,35
für 1542,1711,35,35
den 1588,1711,49,35
Abtrag 1647,1711,92,35
der 1746,1711,46,35
horizontalen 1799,1711,162,35
Lasten 751,1756,89,36
Wind, 857,1756,78,36
Erdbeben) 942,1756,145,36
und 1094,1756,53,36
der 1154,1756,45,36
asymmetrischen 1207,1756,218,36
Belastungen 1436,1756,166,36
aus 1612,1756,46,36
den 1669,1756,49,36
beiden 1729,1756,91,36
Kabinen 1827,1756,113,36
darstellt. 751,1799,113,35
<EOS>
Die 875,1799,42,35
Einspannung 928,1799,176,35
des 1111,1799,50,35
Turmes 1171,1799,95,35
wird 1277,1799,53,35
über 1341,1799,60,35
die 1411,1799,39,35
parallel 1461,1799,98,35
zum 1566,1799,57,35
Hang 1630,1799,74,35
angeordneten 1711,1799,190,35
Wände 751,1845,92,35
der 854,1845,42,35
Liftunterfahrten 907,1845,201,35
erreicht. 1115,1845,109,35
<EOS>
Über 1235,1845,67,35
diese 1309,1845,74,35
trägerartigen 1390,1845,173,35
Wandscheiben 1573,1845,198,35
wird 1782,1845,56,35
das 1845,1845,49,35
Einspannmoment 751,1887,230,39
in 991,1887,21,39
ein 1023,1887,39,39
Kräftepaar 1072,1887,142,39
aufgeteilt, 1221,1887,130,39
das 1362,1887,49,39
über 1418,1887,64,39
Mikropfähle 1489,1887,155,39
in 1655,1887,21,39
den 1686,1887,50,39
unverwitterten 1746,1887,187,39
Fels 751,1933,53,35
eingeleitet 815,1933,138,35
wird. 960,1933,63,35
<EOS>
Die 1034,1933,42,35
untere 1087,1933,84,35
Plattform 1178,1933,120,35
schliesst 1305,1933,117,35
an 1432,1933,32,35
der 1471,1933,46,35
Liftunterfahrt 1528,1933,165,35
an. 1704,1933,42,35
<EOS>
Deren 1753,1933,81,35
talseitig 1842,1933,105,35
abschliessende 751,1979,209,35
Wand 970,1979,78,35
wird 1055,1979,56,35
ebenfalls 1118,1979,124,35
auf 1249,1979,42,35
Mikropfählen 1298,1979,173,35
im 1482,1979,28,35
Fels 1520,1979,53,35
gelagert, 1584,1979,120,35
damit 1711,1979,74,35
die 1796,1979,42,35
im 1845,1979,32,35
Rutsch¬ 1884,1979,106,35
hang 751,2021,67,35
entstehenden 826,2021,183,35
Bewegungen 1020,2021,176,35
nicht 1203,2021,67,35
zu 1277,2021,32,35
Schäden 1316,2021,120,35
führen 1446,2021,85,35
können 1538,2021,99,35
Abb. 1655,2021,63,35
<EOS>
1). 1729,2021,35,35
<EOS>
Die 1771,2021,46,35
obere 1824,2021,77,35
Platt¬ 1909,2021,70,35
form, 751,2067,67,35
die 826,2067,42,35
die 878,2067,39,35
Verbindung 928,2067,155,35
zum 1090,2067,57,35
Schlosshof 1154,2067,148,35
bildet, 1309,2067,84,35
ist 1401,2067,31,35
als 1439,2067,39,35
tragender 1485,2067,134,35
U- 1626,2067,32,35
Querschnitt 1658,2067,155,35
ausgebildet 1820,2067,159,35
und 751,2109,50,39
am 811,2109,39,39
Turm 861,2109,63,39
eingespannt. 935,2109,173,39
<EOS>
An 1118,2109,36,39
der 1161,2109,46,39
Schlossmauer 1214,2109,190,39
ist 1415,2109,28,39
sie 1450,2109,39,39
auf 1499,2109,39,39
einem 1549,2109,81,39
natürlichen 1637,2109,148,39
Felsvorsprung 1796,2109,190,39
horizontal 751,2155,127,35
verschieblich 889,2155,176,35
aufgelagert, 1076,2155,162,35
der 1245,2155,46,35
mit 1298,2155,39,35
ungespannten 1348,2155,190,35
Ankern 1549,2155,95,35
gesichert 1651,2155,127,35
wurde. 1785,2155,92,35
<EOS>
DIE 751,2243,57,39
STAHLKONSTRUKTION 818,2243,357,39
DES 1185,2243,67,39
STEGES 1263,2243,130,39
Der 751,2289,46,35
sensiblen 808,2289,127,35
Umgebung 942,2289,152,35
und 1104,2289,50,35
nicht 1161,2289,67,35
zuletzt 1235,2289,88,35
der 1330,2289,46,35
schwierigen 1383,2289,162,35
Randbedingungen 1552,2289,254,35
für 1813,2289,36,35
die 1856,2289,42,35
Mon¬ 1905,2289,71,35
tage 751,2331,60,39
des 818,2331,50,39
Steges 875,2331,95,39
wegen 977,2331,92,39
wurde 1076,2331,81,39
hier 1168,2331,49,39
eine 1224,2331,57,39
Stahlkonstruktion 1291,2331,226,39
gewählt. 1528,2331,112,39
<EOS>
Das 1647,2331,53,39
Tragwerk 1711,2331,120,39
ist 1842,2331,28,39
grund¬ 1880,2331,89,39
sätzlich 751,2377,99,36
als 861,2377,39,36
sechsfeldriger 907,2377,190,36
Durchlaufträger 1108,2377,208,36
konzipiert, 1323,2377,141,36
der 1471,2377,46,36
an 1524,2377,35,36
beiden 1566,2377,92,36
Enden 1669,2377,84,36
schwimmend 1764,2377,176,36
gelagert 751,2423,110,35
ist. 871,2423,39,35
<EOS>
Stabilisiert 917,2423,138,35
wird 1065,2423,57,35
der 1129,2423,46,35
Steg 1182,2423,63,35
durch 1252,2423,78,35
die 1337,2423,42,35
Einspannungen 1390,2423,208,35
an 1605,2423,35,35
den 1647,2423,53,35
Stützenköpfen 1707,2423,191,35
und 1909,2423,49,35
die 751,2466,39,35
geometrische 801,2466,183,35
Steifi 991,2466,64,35
gkeit, 1055,2466,74,35
die 1139,2466,39,35
aus 1189,2466,46,35
dem 1245,2466,60,35
geknickten 1312,2466,149,35
Grundriss 1468,2466,130,35
resultiert. 1609,2466,123,35
<EOS>
Der 1739,2466,50,35
Stegquer¬ 1796,2466,130,35
schnitt 751,2511,89,36
besteht 847,2511,98,36
in 956,2511,21,36
der 988,2511,42,36
Regel 1041,2511,77,36
aus 1125,2511,50,36
zwei 1182,2511,60,36
an 1252,2511,32,36
den 1295,2511,49,36
Rändern 1355,2511,113,36
angeordneten 1478,2511,187,36
Hohlkastenträgern, 1672,2511,254,36
die 751,2554,39,39
durch 801,2554,77,39
« 885,2554,18,39
radial 903,2554,74,39
» 977,2554,18,39
angeordnete 1002,2554,173,39
Träger 1182,2554,84,39
in 1277,2554,21,39
den 1309,2554,49,39
Knicken 1369,2554,106,39
miteinander 1485,2554,155,39
verbunden 1651,2554,145,39
werden. 1803,2554,109,39
<EOS>
Zum 751,2600,57,35
Turm 818,2600,67,35
hin 893,2600,38,35
ergeben 942,2600,113,35
sich 1062,2600,56,35
zwei 1125,2600,60,35
relativ 1192,2600,82,35
grosse 1281,2600,91,35
Spannweiten, 1379,2600,184,35
die 1570,2600,42,35
in 1619,2600,25,35
der 1651,2600,46,35
Schwingungsanalyse 1707,2600,283,35
Frequenzen 751,2645,159,36
zeigten, 917,2645,106,36
die 1034,2645,38,36
durch 1083,2645,78,36
Fussgänger 1168,2645,158,36
angeregt 1337,2645,120,36
werden 1464,2645,102,36
könnten. 1573,2645,113,36
<EOS>
Hier 1697,2645,53,36
ist 1760,2645,29,36
jeweils 1799,2645,88,36
ein 1898,2645,39,36
zusätzlicher 751,2688,159,35
Träger 917,2688,85,35
in 1012,2688,22,35
der 1044,2688,46,35
Mitte 1097,2688,64,35
des 1171,2688,50,35
Steges 1228,2688,95,35
angeordnet, 1330,2688,162,35
der 1503,2688,42,35
die 1556,2688,39,35
Steifi 1605,2688,64,35
gkeit 1669,2688,67,35
der 1743,2688,46,35
Brücke 1796,2688,95,35
so 1898,2688,32,35
beeinfl 751,2734,89,35
usst, 840,2734,63,35
dass 910,2734,67,35
nun 984,2734,50,35
die 1044,2734,39,35
Frequenzen 1094,2734,158,35
ausserhalb 1259,2734,149,35
des 1418,2734,50,35
kritischen 1475,2734,127,35
Bereiches 1612,2734,134,35
liegen. 1753,2734,92,35
<EOS>
<EOS>
<EOP>
