2099,2970
TEC21 109,74,89,35
20 212,74,35,35
/ 250,74,15,35
2010 268,74,71,35
NATURTHEATER 1563,67,317,45
| 1905,63,11,46
29 1937,67,46,45
<EOS>
<EOP>
liegen 751,1577,82,35
im 840,1577,31,35
steilen 878,1577,89,35
Hang 974,1577,74,35
zwischen 1055,1577,127,35
zwei 1189,1577,60,35
bestehenden 1256,1577,176,35
Wegen. 1443,1577,102,35
<EOS>
Eine 1552,1577,60,35
Stützmauer 1619,1577,152,35
in 1778,1577,25,35
diesem 1810,1577,99,35
Bereich 751,1622,103,36
sichert 861,1622,92,36
den 960,1622,52,36
oberen 1020,1622,95,36
Weg 1122,1622,60,36
und 1192,1622,50,36
bildet 1252,1622,74,36
gleichzeitig 1334,1622,155,36
die 1496,1622,42,36
Gehfl 1545,1622,74,36
äche. 1619,1622,74,36
<EOS>
Für 1700,1622,43,36
den 1753,1622,50,36
Bau 1813,1622,53,36
der 1873,1622,46,36
Stützmauer 751,1665,149,39
wie 910,1665,46,39
auch 963,1665,67,39
später 1037,1665,85,39
für 1132,1665,36,39
die 1175,1665,42,39
Gerüstebene 1224,1665,177,39
mussten 1408,1665,112,39
Arbeiten 1528,1665,112,39
am 1651,1665,42,39
Seil 1700,1665,50,39
durchgeführt 1757,1665,173,39
werden. 751,1711,106,35
<EOS>
Zunächst 864,1711,127,35
wurde 998,1711,85,35
eine 1090,1711,57,35
Standfl 1154,1711,95,35
äche 1249,1711,67,35
für 1323,1711,35,35
den 1365,1711,53,35
Schreitbagger 1425,1711,191,35
hergestellt. 1626,1711,148,35
<EOS>
Da 1782,1711,38,35
an 1827,1711,36,35
den 1870,1711,53,35
äusseren 751,1756,120,36
Rändern 882,1756,113,36
des 1005,1756,50,36
Kranbereichs 1062,1756,180,36
die 1249,1756,42,36
für 1302,1756,32,36
den 1344,1756,49,36
Kran 1404,1756,64,36
möglichen 1475,1756,141,36
Lasten 1623,1756,88,36
recht 1722,1756,67,36
gering 1796,1756,88,36
sind, 1891,1756,67,36
musste 751,1799,96,35
der 854,1799,46,35
Bagger 907,1799,102,35
in 1016,1799,25,35
Einzelteile 1048,1799,134,35
zerlegt 1192,1799,92,35
umgesetzt 1291,1799,141,35
werden. 1439,1799,106,35
<EOS>
EIN 751,1890,57,36
VORFABRIZIERTER 818,1890,311,36
STEG 1139,1890,85,36
WIRD 1235,1890,88,36
EINGEMESSEN 1334,1890,243,36
Der 751,1933,46,35
Steg 804,1933,64,35
führt 875,1933,60,35
nahe 942,1933,67,35
am 1016,1933,42,35
Fels 1065,1933,57,35
entlang 1129,1933,99,35
zum 1235,1933,56,35
Aufzug. 1302,1933,102,35
<EOS>
Im 1411,1933,32,35
Rahmen 1453,1933,110,35
der 1570,1933,46,35
begleitenden 1623,1933,176,35
geologischen 1806,1933,180,35
Untersuchungen 751,1979,223,35
wurde 981,1979,81,35
darauf 1072,1979,85,35
hingewiesen, 1168,1979,176,35
dass 1351,1979,64,35
sich 1425,1979,53,35
Felsbrocken 1489,1979,162,35
aus 1662,1979,45,35
der 1718,1979,42,35
Felswand 1771,1979,127,35
lösen 1909,1979,70,35
und 751,2021,50,35
auf 811,2021,39,35
den 861,2021,49,35
Steg 921,2021,60,35
fallen 991,2021,71,35
könnten. 1069,2021,116,35
<EOS>
Um 1192,2021,46,35
dies 1249,2021,56,35
zu 1312,2021,32,35
verhindern, 1351,2021,152,35
wurde 1513,2021,82,35
der 1605,2021,42,35
Fels 1658,2021,53,35
durch 1722,2021,77,35
ein 1806,2021,39,35
Stahlnetz, 1856,2021,130,35
das 751,2067,50,35
mit 808,2067,39,35
2 857,2067,14,35
bis 882,2067,39,35
6 931,2067,14,35
m 949,2067,25,35
langen 984,2067,92,35
Felsnägeln 1083,2067,148,35
verankert 1238,2067,124,35
ist, 1372,2067,39,35
gegen 1418,2067,88,35
Steinschlag 1513,2067,156,35
gesichert. 1679,2067,134,35
<EOS>
Aufgrund 1820,2067,124,35
des 751,2109,50,39
unwegsamen 808,2109,180,39
Geländes 995,2109,130,39
und 1132,2109,53,39
des 1192,2109,50,39
Verlaufs 1252,2109,106,39
des 1365,2109,53,39
Stegs 1425,2109,78,39
in 1510,2109,25,39
einer 1542,2109,67,39
Kurve 1616,2109,77,39
mit 1704,2109,39,39
variablen 1753,2109,120,39
Höhen 1884,2109,88,39
war 751,2155,46,35
laut 808,2155,46,35
Polier 864,2155,74,35
Ferdi 945,2155,67,35
Strässle 1023,2155,106,35
das 1136,2155,53,35
Einmessen 1196,2155,145,35
der 1351,2155,42,35
Fundamente 1404,2155,166,35
eine 1580,2155,57,35
der 1644,2155,46,35
grössten 1697,2155,116,35
Heraus¬ 1824,2155,106,35
forderungen 751,2201,163,35
dieser 921,2201,84,35
Baustelle. 1012,2201,135,35
<EOS>
Die 1154,2201,45,35
Geometer 1207,2201,134,35
legten 1348,2201,84,35
mit 1439,2201,43,35
Hilfe 1489,2201,60,35
einer 1556,2201,67,35
Koordinatenliste 1633,2201,216,35
die 1856,2201,42,35
Geländepunkte 751,2243,205,36
für 963,2243,35,36
die 1009,2243,39,36
Fundamente 1058,2243,166,36
fest 1235,2243,46,36
vgl. 1302,2243,46,36
<EOS>
S. 1358,2243,25,36
<EOS>
24 1393,2243,32,36
ff.). 1429,2243,42,36
<EOS>
Parallel 1482,2243,98,36
dazu 1588,2243,67,36
fabrizierte 1662,2243,134,36
die 1806,2243,39,36
Stahlbau¬ 1856,2243,127,36
fi 751,2289,15,35
rma 766,2289,52,35
die 826,2289,42,35
Unterkonstruktion 875,2289,236,35
des 1118,2289,50,35
Stegs 1178,2289,74,35
vor 1263,2289,39,35
und 1312,2289,50,35
baute 1372,2289,74,35
sie 1457,2289,39,35
in 1503,2289,25,35
der 1535,2289,45,35
Werkhalle 1588,2289,130,35
auf. 1729,2289,49,35
<EOS>
Basierend 1785,2289,138,35
auf 1930,2289,42,35
den 751,2331,50,39
Aufnahmen 811,2331,152,39
der 970,2331,46,39
Fundamente 1023,2331,169,39
durch 1199,2331,78,39
den 1288,2331,49,39
Geometer 1348,2331,130,39
wurden 1489,2331,99,39
Abweichungen 1595,2331,201,39
zwischen 1806,2331,124,39
den 751,2377,50,36
gebauten 811,2377,127,36
Fundamentpunkten 945,2377,262,36
und 1214,2377,52,36
den 1274,2377,52,36
theoretischen 1334,2377,179,36
Koordinaten 1524,2377,162,36
an 1693,2377,36,36
den 1736,2377,49,36
Fusspunkten 1796,2377,169,36
der 751,2423,43,35
Stahlkonstruktion 804,2423,226,35
mit 1041,2423,39,35
relativ 1087,2423,81,35
geringem 1175,2423,130,35
Aufwand 1312,2423,117,35
korrigiert. 1439,2423,127,35
<EOS>
Anschliessend 1573,2423,198,35
wurde 1778,2423,85,35
die 1870,2423,42,35
Konstruktion 751,2466,166,35
in 924,2466,25,35
transportfähige 956,2466,205,35
Teile 1168,2466,60,35
zerlegt 1238,2466,92,35
und 1337,2466,53,35
auf 1397,2466,42,35
die 1446,2466,43,35
Baustelle 1496,2466,123,35
transportiert. 1630,2466,169,35
<EOS>
Element 1806,2466,110,35
für 1923,2466,35,35
Element 751,2511,106,36
wurde 868,2511,81,36
der 956,2511,46,36
Steg 1009,2511,63,36
ausgehend 1080,2511,151,36
von 1242,2511,46,36
der 1298,2511,43,36
Stützmauer 1351,2511,152,36
beim 1510,2511,67,36
unteren 1584,2511,102,36
Belvedere 1693,2511,138,36
montiert. 1838,2511,116,36
<EOS>
Um 751,2554,46,39
die 804,2554,43,39
Arbeiten 854,2554,113,39
sicher 977,2554,81,39
ausführen 1065,2554,134,39
zu 1207,2554,31,39
können, 1249,2554,106,39
wurde 1362,2554,81,39
eine 1453,2554,57,39
zusätzliche 1517,2554,152,39
rund 1676,2554,60,39
2 1746,2554,18,39
m 1767,2554,25,39
breite 1799,2554,78,39
Platt¬ 1884,2554,67,39
form 751,2600,60,35
unterhalb 818,2600,127,35
des 953,2600,49,35
Stegs 1012,2600,75,35
aufgebaut. 1097,2600,145,35
<EOS>
Ursprünglich 1249,2600,173,35
sollten 1432,2600,85,35
die 1528,2600,38,35
einzelnen 1577,2600,127,35
Stegabschnitte 1715,2600,201,35
komplett 751,2645,113,36
vormontiert 871,2645,149,36
mit 1030,2645,39,36
Holzbelag 1076,2645,138,36
und 1221,2645,49,36
Palisade 1281,2645,112,36
eingebaut 1401,2645,134,36
werden. 1542,2645,109,36
<EOS>
Da 1658,2645,39,36
die 1704,2645,42,36
Montageeinheiten 1753,2645,237,36
des 751,2688,50,35
Stahlbaus 808,2688,130,35
jedoch 945,2688,92,35
vorgegeben 1044,2688,163,35
waren 1214,2688,81,35
und 1302,2688,49,35
die 1362,2688,39,35
komplett 1408,2688,112,35
vormontierten 1531,2688,180,35
Elemente 1718,2688,124,35
zu 1849,2688,31,35
schwer 1891,2688,95,35
geworden 751,2734,134,35
wären, 893,2734,88,35
wurde 991,2734,81,35
der 1080,2734,45,35
Holzbelag 1136,2734,134,35
erst 1281,2734,49,35
nach 1337,2734,67,35
Ende 1411,2734,71,35
der 1489,2734,46,35
Stahlbaumontage 1545,2734,233,35
montiert. 1789,2734,116,35
<EOS>
Der 1912,2734,49,35
<EOS>
<EOP>
01 109,1393,32,32
<EOS>
<EOP>
01 109,2247,32,28
Situationsplan 148,2247,180,28
der 335,2247,42,28
Baustelleninstallationen 385,2247,296,28
1 109,2282,18,28
Oberes 134,2282,88,28
Belvedere 229,2282,124,28
2 109,2317,18,29
Unteres 134,2317,99,29
Belvedere 240,2317,120,29
3 109,2353,18,28
Belvederesteg 134,2353,173,28
4 109,2388,18,28
Stützmauern 134,2388,159,28
Kinderspielplatz 300,2388,197,28
5 109,2423,18,28
Beginn 134,2423,85,28
Rundgang 226,2423,123,28
6 109,2458,18,29
Lift 134,2458,39,29
7 109,2494,18,28
Plattform 134,2494,116,28
Station 258,2494,91,28
Schlosshof 356,2494,134,28
Schluss 120,2529,95,28
Rundgang) 222,2529,134,28
8 109,2564,18,29
Wasseranschluss 134,2564,208,29
9 109,2600,18,28
Elektroanschluss 134,2600,208,28
10 109,2635,32,28
Zwischenlager 148,2635,180,28
11 109,2670,32,28
Holzbrücke 148,2670,138,28
12 109,2705,32,29
Lagerplatz 148,2705,131,29
auf 296,2705,43,29
bestehendem 346,2705,162,29
Parkplatz) 515,2705,127,29
Plan: 120,2741,60,28
Ernst 191,2741,67,28
Basler 265,2741,77,28
und 349,2741,46,28
Partner) 402,2741,110,28
<EOS>
<EOP>
