2099,2970
04 1796,2314,31,32
<EOS>
<EOP>
DIE 131,1354,56,39
ENTSTEHUNG 194,1354,215,39
DES 416,1354,67,39
RHEINFALLS 490,1354,205,39
Der 131,1397,42,28
Rheinfall 176,1397,103,28
ist, 282,1397,36,28
geologisch 325,1397,120,28
betrachtet, 448,1397,127,28
relativ 582,1397,71,28
jung. 660,1397,56,28
<EOS>
Er 131,1428,28,29
verdankt 166,1428,102,29
seine 279,1428,60,29
Entstehung 346,1428,130,29
in 487,1428,21,29
erster 519,1428,70,29
Linie 600,1428,53,29
den 674,1428,42,29
Schmelzwasserfl 131,1464,190,28
üssen 321,1464,67,28
der 395,1464,42,28
Gletscher, 445,1464,116,28
die 568,1464,32,28
während 614,1464,102,28
der 131,1495,38,29
vergangenen 183,1495,149,29
Eiszeiten 349,1495,103,29
mehrfach 466,1495,109,29
bis 589,1495,32,29
in 639,1495,21,29
den 674,1495,42,29
Raum 131,1531,63,28
Schaff 201,1531,74,28
hausen 275,1531,81,28
vorgestossen 363,1531,152,28
sind. 522,1531,53,28
<EOS>
Durch 582,1531,71,28
Glet¬ 656,1531,60,28
schereis 131,1562,95,29
und 233,1562,42,29
Schmelzwasser 282,1562,180,29
wurde 469,1562,71,29
die 547,1562,35,29
Landschaft 589,1562,127,29
tief 131,1598,35,28
greifend 173,1598,95,28
umgestaltet. 275,1598,141,28
<EOS>
Während 131,1629,98,29
langer 247,1629,71,29
Zeit 335,1629,42,29
fl 395,1629,14,29
ossen 409,1629,64,29
die 490,1629,32,29
Schmelzwässer 540,1629,176,29
des 131,1665,38,28
Bodensee- 180,1665,123,28
Rhein- 303,1665,74,28
Gletschers 377,1665,124,28
durch 512,1665,67,28
das 586,1665,42,28
Tal 635,1665,32,28
des 674,1665,42,28
Klettgaus 131,1696,105,29
in 240,1696,21,29
Richtung 268,1696,99,29
Westen 370,1696,82,29
ab. 459,1696,35,29
<EOS>
Zur 497,1696,43,29
Zeit 543,1696,46,29
der 593,1696,42,29
gröss¬ 639,1696,77,29
ten 131,1732,35,28
Vergletscherungen 187,1732,219,28
versperrten 427,1732,137,28
Eismassen, 586,1732,130,28
Schotter 131,1763,98,29
und 236,1763,43,29
Moränenablagerungen 286,1763,261,29
diese 554,1763,60,29
Abfl 617,1763,46,29
uss¬ 663,1763,53,29
möglichkeit. 131,1799,134,28
<EOS>
Das 272,1799,42,28
Wasser 325,1799,84,28
musste 416,1799,81,28
sich 504,1799,46,28
im 557,1799,29,28
Gebiet 593,1799,74,28
von 674,1799,42,28
Neuhausen 131,1831,127,28
eine 268,1831,50,28
neue 328,1831,57,28
Entwässerungsrinne 395,1831,240,28
gegen 646,1831,70,28
Süden 131,1866,74,28
schaff 208,1866,71,28
en 279,1866,28,28
und 314,1866,42,28
erodierte 363,1866,106,28
hier 476,1866,46,28
einen 529,1866,60,28
rund 596,1866,53,28
100– 656,1866,60,28
200 131,1898,42,28
m 176,1898,22,28
breiten 208,1898,81,28
und 300,1898,42,28
50– 353,1898,46,28
100 395,1898,46,28
m 445,1898,17,28
tiefen 473,1898,67,28
Canyon 550,1898,81,28
in 642,1898,21,28
den 674,1898,42,28
Felsuntergrund 131,1933,176,28
Abb. 325,1933,49,28
<EOS>
4). 381,1933,32,28
<EOS>
In 420,1933,25,28
den 452,1933,42,28
folgenden 501,1933,109,28
Eiszeiten 614,1933,102,28
änderten 131,1965,102,28
sich 247,1965,46,28
die 307,1965,32,28
Entwässerungsverhältnisse 353,1965,310,28
er¬ 677,1965,39,28
neut, 131,2000,56,28
und 194,2000,42,28
die 240,2000,35,28
Schlucht 279,2000,98,28
von 385,2000,38,28
Neuhausen 430,2000,124,28
wurde 561,2000,70,28
wieder 639,2000,77,28
vollständig 131,2032,119,28
mit 258,2032,35,28
sandig- 303,2032,85,28
kiesigen 388,2032,92,28
Schotterablagerun¬ 490,2032,226,28
gen 131,2067,42,28
und 183,2067,43,28
Seesedimenten 236,2067,177,28
verfüllt. 423,2067,89,28
<EOS>
Vor 522,2067,39,28
etwa 572,2067,56,28
20 639,2067,28,28
000 670,2067,46,28
Jahren, 131,2099,84,28
als 236,2099,32,28
der 289,2099,39,28
Bodensee- 346,2099,123,28
Rhein- 469,2099,78,28
Gletscher 547,2099,109,28
der 677,2099,39,28
letzten 131,2134,74,28
Eiszeit 226,2134,70,28
seinen 318,2134,74,28
Rückzug 409,2134,95,28
aus 526,2134,38,28
dem 586,2134,45,28
Raum 649,2134,67,28
Schaff 131,2166,74,28
hausen 205,2166,81,28
begann, 296,2166,92,28
fl 399,2166,14,28
ossen 413,2166,67,28
die 494,2166,32,28
Schmelzwässer 540,2166,176,28
auf 131,2201,35,28
dem 173,2201,49,28
höher 229,2201,67,28
liegenden 300,2201,109,28
Niveau 416,2201,78,28
der 501,2201,39,28
heutigen 547,2201,99,28
Stadt 653,2201,63,28
Neuhausen 131,2233,127,28
durch 265,2233,67,28
eine 339,2233,46,28
hügelige 395,2233,95,28
Moränenlandschaft 497,2233,219,28
Abb. 141,2268,50,28
<EOS>
5). 198,2268,31,28
<EOS>
Der 233,2268,46,28
Rhein 282,2268,67,28
besass 353,2268,81,28
damals 437,2268,82,28
eine 526,2268,46,28
grosse 579,2268,77,28
Ero¬ 663,2268,53,28
sionskraft 131,2300,112,28
und 254,2300,42,28
tieft 307,2300,46,28
e 353,2300,14,28
sein 377,2300,46,28
Bett 434,2300,46,28
immer 490,2300,74,28
mehr 572,2300,59,28
in 642,2300,21,28
den 674,2300,42,28
Untergrund 131,2335,134,28
ein. 268,2335,42,28
<EOS>
Er 314,2335,28,28
folgte 349,2335,64,28
dabei 420,2335,60,28
über 487,2335,53,28
weite 547,2335,60,28
Strecken 614,2335,102,28
seinem 131,2367,77,28
älteren 222,2367,81,28
Flussbett. 314,2367,113,28
<EOS>
Im 437,2367,32,28
Gebiet 480,2367,74,28
von 564,2367,39,28
Neuhau¬ 614,2367,102,28
sen 131,2402,38,28
- 173,2402,14,28
Flurlingen 187,2402,116,28
verliess 310,2402,89,28
er 402,2402,28,28
sein 434,2402,46,28
ehemaliges 487,2402,127,28
Bett 617,2402,50,28
und 674,2402,42,28
folgte 131,2434,63,28
weicheren 208,2434,117,28
Schichten 339,2434,113,28
zuerst 466,2434,74,28
gegen 554,2434,67,28
Süden, 635,2434,81,28
bevor 131,2469,63,28
er 201,2469,28,28
durch 236,2469,67,28
den 310,2469,43,28
Felsriegel 360,2469,113,28
beim 480,2469,53,28
Schloss 540,2469,91,28
Laufen 639,2469,77,28
wieder 131,2501,77,28
gegen 219,2501,70,28
Nordwesten 300,2501,141,28
in 452,2501,21,28
sein 483,2501,46,28
altes 543,2501,53,28
Flussbett 610,2501,106,28
gedrängt 131,2536,102,28
wurde. 254,2536,78,28
<EOS>
Die 353,2536,35,28
Lockergesteinsfüllung 409,2536,247,28
der 677,2536,39,28
ehemaligen 131,2568,127,28
Schlucht 268,2568,99,28
von 377,2568,39,28
Neuhausen 427,2568,130,28
wurde 564,2568,75,28
durch 649,2568,67,28
den 131,2603,42,28
Fluss 180,2603,60,28
rasch 250,2603,64,28
wieder 325,2603,77,28
abgetragen. 409,2603,138,28
<EOS>
Im 557,2603,29,28
Gegensatz 596,2603,120,28
dazu 131,2635,52,28
leistete 198,2635,81,28
der 293,2635,39,28
harte 346,2635,60,28
Kalkstein 420,2635,102,28
des 533,2635,42,28
ehemaligen 586,2635,130,28
Canyon- 131,2670,95,28
Randes 226,2670,84,28
der 325,2670,42,28
Erosion 381,2670,88,28
Widerstand, 483,2670,138,28
sodass 635,2670,81,28
sich 131,2702,45,28
die 187,2702,35,28
Rheinfallstufe 233,2702,159,28
ausbilden 402,2702,110,28
konnte 522,2702,78,28
Abb. 621,2702,49,28
<EOS>
6). 684,2702,32,28
<EOS>
<EOP>
Seit 758,1358,46,28
dem 811,1358,50,28
vollständigen 868,1358,148,28
Rückzug 1027,1358,95,28
der 1132,1358,39,28
Gletscher 1178,1358,113,28
lädt 1298,1358,46,28
der 758,1390,39,28
Rhein 808,1390,67,28
seine 885,1390,60,28
als 956,1390,35,28
« 1002,1390,14,28
Schleifmittel 1016,1390,141,28
» 1157,1390,14,28
wirkende 1182,1390,106,28
Ge¬ 1298,1390,46,28
schiebefracht 758,1425,156,28
im 921,1425,28,28
Bodensee 956,1425,113,28
ab. 1076,1425,35,28
<EOS>
Dadurch 1118,1425,99,28
hat 1224,1425,39,28
er 1270,1425,28,28
viel 1305,1425,39,28
von 758,1457,39,28
seiner 808,1457,70,28
Erosionskraft 885,1457,156,28
verloren. 1051,1457,103,28
<EOS>
Trotzdem 1161,1457,102,28
nagen 1274,1457,70,28
die 758,1492,32,28
Wassermassen 804,1492,170,28
auch 991,1492,53,28
heute 1058,1492,64,28
noch 1136,1492,56,28
am 1207,1492,35,28
felsigen 1256,1492,88,28
Untergrund. 758,1524,138,28
<EOS>
Vor 914,1524,39,28
allem 967,1524,60,28
entlang 1044,1524,85,28
von 1143,1524,39,28
tektoni 1199,1524,78,28
schen 1274,1524,70,28
Schwächezonen 758,1559,184,28
und 945,1559,43,28
weicheren 995,1559,116,28
Mergellagen 1118,1559,141,28
im 1266,1559,25,28
Kalk 1298,1559,46,28
erodiert 758,1591,92,28
der 857,1591,43,28
Untergrund 907,1591,130,28
weiterhin, 1048,1591,113,28
und 1168,1591,42,28
der 1217,1591,42,28
Rhein¬ 1263,1591,81,28
fall 758,1626,32,28
wandert 801,1626,95,28
langsam 903,1626,95,28
fl 1005,1626,15,28
ussaufwärts 1020,1626,141,28
Abb. 1178,1626,53,28
<EOS>
7). 1238,1626,32,28
<EOS>
Dabei 1277,1626,67,28
werden 758,1658,85,28
härtere 850,1658,88,28
Gesteinspartien 942,1658,183,28
als 1132,1658,32,28
markante 1171,1658,106,28
Fels¬ 1284,1658,60,28
zähne 758,1693,68,28
freigelegt 833,1693,109,28
und 949,1693,42,28
unterspült. 998,1693,124,28
<EOS>
<EOP>
Auch 1386,1358,57,28
an 1450,1358,28,28
den 1485,1358,43,28
seitlichen 1538,1358,109,28
Hängen 1655,1358,88,28
wird 1750,1358,53,28
durch 1810,1358,67,28
Verwit-terungs- 1884,1358,85,28
<EOS>
<EOP>
und 1499,1390,43,28
Erosionsprozesse 1552,1390,208,28
wie 1771,1390,39,28
Verkarstung, 1820,1390,149,28
Frost- 1386,1425,71,28
und 1482,1425,42,28
Wurzelsprengung, 1545,1425,208,28
Abschwemmung, 1774,1425,195,28
Rutschungen 1386,1457,152,28
und 1542,1457,46,28
Steinschlag 1591,1457,138,28
laufend 1736,1457,84,28
Material 1824,1457,99,28
ab¬ 1930,1457,39,28
getragen. 1386,1492,110,28
<EOS>
Diese 1517,1492,63,28
natürlichen 1602,1492,134,28
Prozesse 1753,1492,110,28
würden 1880,1492,89,28
ohne 1386,1524,53,28
Schutzmassnahmen 1457,1524,229,28
die 1700,1524,36,28
Besucherwege 1750,1524,173,28
am 1937,1524,32,28
Rheinfall 1386,1559,99,28
gefährden. 1492,1559,127,28
<EOS>
SCHLOSS 1386,1622,152,39
LAUFEN 1549,1622,130,39
Das 1386,1661,43,32
Schloss 1439,1661,89,32
Laufen 1538,1661,78,32
steht 1626,1661,60,32
auf 1693,1661,39,32
einer 1743,1661,60,32
Felsrippe, 1810,1661,116,32
die 1937,1661,32,32
sich 1386,1696,46,29
über 1439,1696,53,29
den 1499,1696,43,29
Rheinfall 1549,1696,102,29
zum 1658,1696,46,29
schaff 1711,1696,71,29
hausischen 1782,1696,130,29
Ufer 1919,1696,53,29
fortsetzt. 1386,1728,106,32
<EOS>
Es 1506,1728,29,32
handelt 1549,1728,88,32
sich 1651,1728,46,32
dabei 1711,1728,63,32
um 1789,1728,31,32
sogenannte 1834,1728,135,32
Massenkalke 1386,1763,145,29
aus 1542,1763,42,29
der 1591,1763,42,29
Malm- 1640,1763,75,29
Zeit 1715,1763,42,29
vor 1778,1763,39,29
ca. 1824,1763,35,29
<EOS>
150 1866,1763,46,29
Mio. 1923,1763,46,29
<EOS>
Jahren). 1386,1795,99,32
<EOS>
Die 1499,1795,39,32
Schichtung 1552,1795,131,32
ist 1697,1795,32,32
grösstenteils 1743,1795,151,32
kaum 1909,1795,60,32
ausgeprägt, 1386,1831,138,28
nur 1542,1831,42,28
an 1598,1831,28,28
einzelnen 1640,1831,110,28
zurückwitternden 1767,1831,202,28
Mergelbänken 1386,1862,163,32
ist 1563,1862,28,32
das 1602,1862,42,32
fl 1655,1862,14,32
ache 1669,1862,56,32
Schichteinfallen 1739,1862,184,32
mit 1933,1862,36,32
wenigen 1386,1898,96,28
Grad 1489,1898,60,28
gegen 1556,1898,70,28
Süden 1637,1898,74,28
bis 1718,1898,32,28
Südosten 1760,1898,110,28
erkenn¬ 1877,1898,92,28
bar. 1386,1929,46,32
<EOS>
Die 1443,1929,39,32
Kalke 1492,1929,64,32
sind 1566,1929,50,32
von 1626,1929,43,32
grösseren, 1679,1929,131,32
vielfach 1820,1929,89,32
steil 1923,1929,46,32
stehenden 1386,1965,120,28
Klüft 1517,1965,53,28
en 1570,1965,28,28
und 1609,1965,46,28
tektonischen 1665,1965,148,28
Störungszo¬ 1824,1965,145,28
nen 1386,1996,43,32
durchzogen 1436,1996,137,32
und 1584,1996,42,32
weisen 1637,1996,81,32
eine 1729,1996,45,32
Kleinklüft 1785,1996,106,32
ung 1891,1996,42,32
im 1944,1996,25,32
Handstückbereich 1386,2032,209,28
auf. 1605,2032,42,28
<EOS>
Eisenhaltige 1658,2032,141,28
Überzüge 1810,2032,113,28
auf 1933,2032,36,28
Kluft 1386,2063,50,32
- 1436,2063,14,32
und 1457,2063,42,32
Karsthohlräumen 1510,2063,197,32
zeigen, 1715,2063,81,32
dass 1806,2063,53,32
die 1866,2063,35,32
Kalke 1909,2063,60,32
bereits 1386,2099,82,28
in 1478,2099,21,28
geologischer 1510,2099,148,28
Vergangenheit 1669,2099,169,28
stark 1849,2099,60,28
ver¬ 1919,2099,50,28
witterten; 1386,2130,113,32
auch 1506,2130,57,32
entlang 1570,2130,88,32
der 1665,2130,42,32
heutigen 1715,2130,98,32
Terrainober¬ 1820,2130,149,32
fl 1386,2166,15,28
äche 1401,2166,52,28
ist 1461,2166,28,28
dies 1496,2166,49,28
der 1552,2166,39,28
Fall. 1598,2166,49,28
<EOS>
Vor 1655,2166,38,28
allem 1700,2166,60,28
in 1767,2166,22,28
Runsen 1796,2166,88,28
und 1891,2166,42,28
an 1940,2166,29,28
weniger 1386,2197,92,32
steilen 1496,2197,74,32
Hangpartien 1588,2197,144,32
ist 1746,2197,28,32
der 1792,2197,39,32
Felsunter¬ 1845,2197,124,32
grund 1386,2233,67,28
von 1475,2233,38,28
Gehängeschutt 1531,2233,176,28
aus 1725,2233,42,28
Kalksteinbruch¬ 1785,2233,184,28
stücken, 1386,2264,96,32
feinkörnigen 1489,2264,144,32
Verwitterungsprodukten 1640,2264,283,32
so¬ 1930,2264,39,32
wie 1386,2300,39,28
aus 1432,2300,43,28
Bodenbildungen 1482,2300,187,28
überdeckt. 1676,2300,123,28
<EOS>
Rheinabwärts 1806,2300,163,28
im 1386,2331,25,32
Bereich 1422,2331,88,32
der 1520,2331,39,32
SBB- 1570,2331,63,32
Station 1633,2331,85,32
taucht 1729,2331,74,32
die 1813,2331,32,32
Felsober¬ 1856,2331,113,32
fl 1386,2367,15,28
äche 1401,2367,52,28
steil 1468,2367,49,28
ab. 1528,2367,35,28
<EOS>
Die 1577,2367,39,28
darüber 1630,2367,95,28
liegenden, 1736,2367,120,28
teilweise 1870,2367,99,28
verkitteten 1386,2398,124,32
Rinnenschotter 1524,2398,180,32
bilden 1715,2398,70,32
hier 1796,2398,49,32
ein 1856,2398,35,32
Steil¬ 1905,2398,64,32
bord 1386,2434,53,28
zum 1457,2434,46,28
Rheinufer. 1520,2434,120,28
<EOS>
Oberfl 1658,2434,74,28
ächlich 1732,2434,81,28
werden 1831,2434,88,28
die 1937,2434,32,28
Rinnenschotter 1386,2466,177,31
ebenfalls 1570,2466,106,31
von 1679,2466,43,31
mehrheitlich 1729,2466,141,31
feinkör¬ 1877,2466,92,31
nigem 1386,2501,67,28
Gehängeschutt 1468,2501,176,28
bedeckt, 1658,2501,95,28
der 1767,2501,43,28
eine 1820,2501,50,28
Kriech¬ 1884,2501,85,28
tendenz 1386,2533,89,31
hat 1499,2533,36,31
und 1556,2533,46,31
bei 1623,2533,35,31
starken 1679,2533,88,31
Niederschlägen 1789,2533,180,31
oberfl 1386,2568,67,28
ächlich 1453,2568,82,28
rutschen 1549,2568,102,28
kann. 1665,2568,60,28
<EOS>
Im 1739,2568,32,28
Hinblick 1782,2568,91,28
auf 1884,2568,39,28
die 1937,2568,32,28
touristische 1386,2600,138,31
Erschliessung 1531,2600,162,31
wurden 1704,2600,88,31
der 1799,2600,39,31
Projektbe¬ 1845,2600,124,31
reich 1386,2635,57,28
geologisch 1453,2635,124,28
im 1584,2635,25,28
Mass 1619,2635,60,28
stab 1679,2635,53,28
1: 1739,2635,25,28
200 1764,2635,42,28
kartiert, 1817,2635,95,28
eine 1923,2635,46,28
Trennfl 1386,2667,78,31
ächenanalyse 1464,2667,155,31
durchgeführt 1626,2667,156,31
sowie 1789,2667,63,31
im 1859,2667,28,31
Lift 1891,2667,39,31
be¬ 1930,2667,39,31
reich 1386,2702,57,28
Kernbohrungen 1450,2702,183,28
abgeteuft 1640,2702,110,28
<EOS>
<EOP>
04 751,1954,29,28
Vor 787,1954,39,28
ca. 833,1954,35,28
<EOS>
200 875,1954,46,28
000 924,1954,46,28
Jahren 977,1954,81,28
Bilder: 1076,1954,78,28
Autoren) 1161,1954,102,28
<EOS>
<EOP>
05 751,2212,29,31
Vor 787,2212,39,28
ca. 833,2212,35,28
<EOS>
20 875,2212,32,28
000 910,2212,43,28
Jahren 960,2212,84,28
<EOS>
<EOP>
06 751,2469,29,32
Vor 787,2469,39,32
ca. 833,2469,35,32
<EOS>
10 875,2469,32,32
000 910,2469,43,32
Jahren 960,2469,84,32
<EOS>
<EOP>
07 751,2723,29,32
Heute 787,2723,70,32
<EOS>
<EOP>
03 127,1259,32,32
<EOS>
<EOP>
