2099,2970
KEIM 1489,21,187,67
UND 1693,21,124,67
BETON 1831,21,180,67
Kompetenz, 1489,123,211,46
Sicherheit 1715,123,176,46
und 1905,123,64,46
über 1489,180,81,49
30 1584,180,49,49
Jahre 1647,180,96,49
Erfahrung 1757,180,173,49
in 1947,180,29,49
<EOS>
<EOP>
INSTANDSETZUNG 1489,398,444,64
<EOS>
<EOP>
baden 1450,1594,310,127
duschen 1450,1763,427,127
waschen 1450,1933,441,127
<EOS>
<EOP>
Wilhelm 1446,2783,117,35
Schmidlin 1573,2783,145,35
AG 1729,2783,45,35
6414 1446,2829,74,35
Oberarth 1531,2829,131,35
www. 1446,2875,82,35
<EOS>
schmidlin. 1531,2875,148,35
<EOS>
ch 1679,2875,36,35
Schmidlin 1037,2843,134,32
STUDIO 1182,2843,109,32
Waschtisch 868,2875,141,31
aus 1020,2875,42,31
emailliertem 1072,2875,145,31
Stahl 1228,2875,63,31
<EOS>
<EOP>
KEIM 1489,1104,141,49
Concretal- 1640,1104,216,49
System 1856,1104,151,49
Geprüft 1489,1150,84,31
nach 1584,1150,53,31
allen 1644,1150,53,31
Anwendungsfällen 1707,1150,205,31
der 1919,1150,35,31
ZTV- 1961,1150,53,31
ING 2014,1150,53,31
<EOS>
<EOP>
www. 1884,1333,67,32
<EOS>
keim. 1951,1333,63,32
<EOS>
ch 2014,1333,25,32
<EOS>
<EOP>
SCHUTZ 1489,557,187,60
GESTALTUNG 1489,712,314,64
<EOS>
<EOP>
KEIMFARBEN 1489,1252,183,32
AG 1679,1252,43,32
Wiesgasse 1489,1280,134,32
1 1630,1280,17,32
9444 1489,1308,67,32
Diepoldsau 1563,1308,141,32
071 1489,1337,49,31
737 1545,1337,50,31
70 1605,1337,32,31
10 1644,1337,32,31
<EOS>
<EOP>
