2099,2970
TEC21 109,74,89,35
20 212,74,35,35
/ 250,74,15,35
2010 268,74,71,35
NATURTHEATER 1563,67,317,45
| 1905,63,11,46
23 1937,67,46,45
<EOS>
<EOP>
13 109,1083,32,31
14 751,1083,29,31
15 1390,1083,32,31
<EOS>
<EOP>
des 751,1220,50,39
Wegnetzes 808,1220,148,39
aus 967,1220,45,39
den 1023,1220,49,39
Ausblick 1083,1220,113,39
in 1207,1220,21,39
die 1238,1220,39,39
Landschaft, 1288,1220,158,39
andere 1453,1220,96,39
deckte 1556,1220,91,39
er 1655,1220,28,39
mit 1690,1220,42,39
Gehölzen 1739,1220,127,39
ab. 1877,1220,42,39
<EOS>
So 751,1266,32,35
lenkt 794,1266,63,35
er 864,1266,29,35
den 900,1266,53,35
Blick 960,1266,63,35
an 1034,1266,31,35
Wegbiegungen 1076,1266,205,35
gezielt 1288,1266,88,35
in 1386,1266,22,35
die 1418,1266,39,35
Weite, 1468,1266,81,35
auf 1559,1266,39,35
das 1609,1266,49,35
Becken 1665,1266,102,35
oberhalb 1774,1266,120,35
des 1905,1266,49,35
Falles, 751,1312,85,35
auf 847,1312,38,35
das 896,1312,49,35
Schloss 953,1312,105,35
Wörth 1065,1312,78,35
am 1154,1312,42,35
gegenüberliegenden 1203,1312,282,35
Ufer 1492,1312,57,35
und 1556,1312,53,35
endlich 1616,1312,99,35
auf 1725,1312,39,35
den 1774,1312,50,35
Fall 1834,1312,46,35
und 1887,1312,53,35
seine 751,1354,71,36
malerischen 829,1354,162,36
Felsen 1002,1354,88,36
selbst. 1097,1354,88,36
<EOS>
Andere 1196,1354,95,36
Partien 1302,1354,91,36
werden 1404,1354,99,36
mit 1510,1354,39,36
jungen 1559,1354,92,36
Bäumen 1658,1354,113,36
dicht 1778,1354,67,36
bepfl 1852,1354,67,36
anzt, 1923,1354,63,36
und 751,1400,50,35
man 811,1400,57,35
schreitet 875,1400,116,35
durch 998,1400,78,35
waldähnliche 1087,1400,176,35
Partien, 1270,1400,102,35
bevor 1379,1400,78,35
sich 1464,1400,56,35
ein 1528,1400,42,35
neuer 1577,1400,78,35
Blick 1662,1400,63,35
eröffnet. 1736,1400,109,35
<EOS>
Das 1852,1400,53,35
ist 751,1442,29,39
gestalterisch 787,1442,173,39
geschickt 967,1442,130,39
und 1108,1442,49,39
– 1168,1442,14,39
wenn 1189,1442,70,39
man 1270,1442,56,39
bedenkt, 1337,1442,116,39
wie 1464,1442,42,39
viele 1517,1442,60,39
Vorgaben 1588,1442,127,39
von 1725,1442,46,39
Naturschutz, 1782,1442,169,39
Heimatschutz 751,1488,180,36
und 942,1488,49,36
touristischem 1002,1488,176,36
Verwertungsinteresse 1189,1488,286,36
gleichzeitig 1485,1488,152,36
zu 1644,1488,32,36
beachten 1686,1488,127,36
waren 1820,1488,81,36
– 1909,1488,14,36
Respekt 751,1534,110,35
erheischend 868,1534,166,35
vgl. 1051,1534,50,35
<EOS>
Kasten 1111,1534,92,35
S. 1210,1534,28,35
<EOS>
22). 1245,1534,53,35
<EOS>
DIE 751,1622,57,39
STIMMEN 818,1622,156,39
DES 984,1622,67,39
RHEINFALLS 1062,1622,208,39
Unversehens 751,1665,173,39
trifft 935,1665,49,39
man 991,1665,60,39
an 1058,1665,36,39
einer 1101,1665,67,39
Stelle 1175,1665,74,39
auf 1256,1665,42,39
eine 1309,1665,56,39
Reihe 1372,1665,78,39
von 1457,1665,49,39
neun 1513,1665,67,39
schlanken 1588,1665,137,39
Rohren, 1732,1665,106,39
die 1845,1665,42,39
über 1898,1665,60,39
das 751,1711,50,35
Geländer 808,1711,123,35
heraufragen. 942,1711,169,35
<EOS>
Die 1122,1711,42,35
Rohre 1175,1711,77,35
sind 1263,1711,56,35
unterschiedlich 1326,1711,205,35
lang; 1542,1711,63,35
wer 1616,1711,46,35
an 1672,1711,32,35
ihnen 1715,1711,70,35
lauscht, 1796,1711,102,35
hört 1909,1711,52,35
den 751,1756,50,36
Rheinfall 811,1756,113,36
eine 935,1756,56,36
Tonleiter 998,1756,113,36
singen. 1118,1756,99,36
<EOS>
Das 1224,1756,53,36
ist 1288,1756,28,36
eine 1326,1756,57,36
entzückende 1390,1756,173,36
Idee, 1570,1756,70,36
zurückhaltend 1647,1756,191,36
realisiert 1845,1756,113,36
und 751,1799,50,35
auf 811,1799,39,35
einer 861,1799,67,35
historischen 935,1799,162,35
Tatsache 1104,1799,120,35
beruhend. 1231,1799,141,35
<EOS>
Denn 1379,1799,71,35
als 1461,1799,35,35
es 1506,1799,32,35
in 1545,1799,25,35
Europa 1577,1799,95,35
noch 1683,1799,67,35
sehr 1757,1799,56,35
viel 1824,1799,46,35
ruhiger 1877,1799,95,35
war 751,1845,46,35
als 808,1845,35,35
heute, 854,1845,81,35
war 945,1845,46,35
der 1002,1845,46,35
Rheinfall 1055,1845,116,35
auch 1178,1845,67,35
ein 1252,1845,39,35
akustisches 1302,1845,159,35
Phänomen. 1468,1845,151,35
<EOS>
Man 1626,1845,60,35
reiste 1693,1845,74,35
dahin, 1774,1845,85,35
um 1866,1845,43,35
dieses 751,1887,89,39
ungeheuerliche 847,1887,208,39
Tosen 1062,1887,77,39
zu 1150,1887,32,39
hören! 1189,1887,85,39
<EOS>
Und 1284,1887,57,39
wirklich: 1348,1887,109,39
Nach 1464,1887,74,39
der 1545,1887,46,39
Einstimmung 1598,1887,173,39
an 1778,1887,35,39
den 1820,1887,53,39
Klangröhren 751,1933,163,35
ist 921,1933,32,35
das 960,1933,49,35
Ohr 1020,1933,49,35
geschärft 1076,1933,127,35
für 1214,1933,35,35
den 1256,1933,49,35
Gesang 1316,1933,106,35
des 1429,1933,49,35
Wassers. 1489,1933,120,35
<EOS>
Man 1619,1933,57,35
lauscht 1686,1933,96,35
im 1789,1933,31,35
Dröhnen 1831,1933,113,35
den 751,1979,50,35
verschiedenen 811,1979,198,35
Frequenzen 1016,1979,159,35
und 1182,1979,53,35
Melodien, 1242,1979,134,35
und 1383,1979,53,35
aus 1443,1979,49,35
dem 1499,1979,60,35
Lärm 1566,1979,71,35
ist 1644,1979,32,35
Musik 1683,1979,77,35
geworden. 1771,1979,141,35
<EOS>
So 751,2021,32,35
ist 794,2021,28,35
die 833,2021,42,35
eigentliche 882,2021,145,35
Begegnung 1037,2021,159,35
mit 1203,2021,39,35
dem 1252,2021,60,35
Wasserfall 1319,2021,138,35
historisch 1464,2021,131,35
und 1602,2021,53,35
sinnlich 1662,2021,102,35
vorbereitet, 1771,2021,152,35
wenn 751,2067,71,35
man 829,2067,60,35
zuunterst 896,2067,124,35
auf 1027,2067,42,35
der 1080,2067,42,35
Kanzel 1132,2067,92,35
steht, 1231,2067,74,35
vor 1312,2067,43,35
sich 1362,2067,56,35
diesen 1425,2067,92,35
Berg 1524,2067,64,35
aus 1598,2067,46,35
Wasserschaum. 1655,2067,211,35
<EOS>
Der 751,2109,46,39
Rückweg 808,2109,123,39
vom 938,2109,57,39
Wasserfall 1005,2109,138,39
kann 1150,2109,64,39
über 1224,2109,60,39
einen 1295,2109,70,39
neuen 1376,2109,81,39
Steg 1468,2109,60,39
angetreten 1535,2109,144,39
werden, 1690,2109,106,39
der 1806,2109,43,39
einen 1859,2109,71,39
zum 751,2155,57,35
Lift 815,2155,39,35
und 864,2155,50,35
zurück 924,2155,88,35
zum 1023,2155,53,35
Schlosshof 1087,2155,144,35
führt 1242,2155,60,35
Abb. 1319,2155,64,35
<EOS>
14 1393,2155,32,35
sowie 1436,2155,74,35
Bilder 1520,2155,78,35
S. 1605,2155,28,35
<EOS>
25– 1640,2155,50,35
27). 1690,2155,49,35
<EOS>
Gebaut 1750,2155,99,35
wurden 1859,2155,99,35
Steg 751,2201,60,35
und 818,2201,53,35
Lift 878,2201,43,35
allerdings 928,2201,130,35
nicht 1069,2201,63,35
nur 1139,2201,46,35
zur 1192,2201,43,35
Entlastung 1242,2201,141,35
des 1393,2201,50,35
alten 1450,2201,67,35
Weges, 1524,2201,102,35
vielmehr 1633,2201,113,35
sollte 1753,2201,71,35
der 751,2243,43,36
Zugang 804,2243,103,36
zum 917,2243,57,36
Wasserfall 981,2243,137,36
auch 1125,2243,67,36
Gehbehinderten, 1203,2243,226,36
Rollstuhlfahrern 1436,2243,208,36
und 1655,2243,49,36
Familien 1715,2243,109,36
mit 1834,2243,39,36
Kinder¬ 1880,2243,99,36
wagen 751,2289,89,35
vom 847,2289,56,35
Schloss 914,2289,102,35
aus 1027,2289,45,35
möglich 1083,2289,106,35
sein. 1196,2289,63,35
<EOS>
Ihnen 1270,2289,74,35
steht 1351,2289,67,35
deshalb 1425,2289,110,35
im 1542,2289,31,35
Schlosshof 1580,2289,149,35
der 1736,2289,46,35
Zugang 1789,2289,105,35
zum 1901,2289,57,35
Lift 751,2331,39,39
offen, 797,2331,74,39
der 882,2331,46,39
sie 935,2331,39,39
auf 981,2331,42,39
den 1030,2331,53,39
nur 1090,2331,46,39
fl 1143,2331,14,39
ach 1157,2331,50,39
geneigten 1217,2331,134,39
Steg 1358,2331,64,39
führt. 1429,2331,70,39
<EOS>
Die 1506,2331,46,39
SBB- 1559,2331,67,39
Station 1626,2331,92,39
kann 1729,2331,63,39
allerdings 1803,2331,130,39
weiterhin 751,2377,120,36
nur 878,2377,43,36
über 931,2377,60,36
Stufen 998,2377,85,36
erreicht 1094,2377,98,36
werden. 1203,2377,106,36
<EOS>
Dass 1319,2377,67,36
der 1393,2377,46,36
Lift 1450,2377,39,36
einen 1496,2377,74,36
nicht 1577,2377,67,36
unerheblichen 1651,2377,191,36
Eingriff 1852,2377,92,36
ins 751,2423,36,35
Landschaftsbild 797,2423,215,35
bedeutet, 1020,2423,127,35
hat 1157,2423,42,35
zu 1207,2423,31,35
einiger 1245,2423,92,35
Opposition 1348,2423,144,35
geführt. 1499,2423,106,35
<EOS>
Deshalb 1612,2423,113,35
wurde 1732,2423,85,35
er 1824,2423,25,35
an 1859,2423,32,35
einer 1901,2423,68,35
möglichst 751,2466,127,35
unauffälligen 889,2466,169,35
Stelle 1069,2466,70,35
positioniert 1150,2466,145,35
und 1305,2466,50,35
mit 1365,2466,39,35
schnell 1415,2466,91,35
wachsenden 1517,2466,169,35
Weiden 1697,2466,99,35
umpfl 1806,2466,74,35
anzt. 1880,2466,64,35
<EOS>
Die 751,2511,43,36
Fahrt 804,2511,67,36
in 882,2511,21,36
einer 914,2511,63,36
der 988,2511,46,36
voll 1041,2511,46,36
verglasten 1094,2511,141,36
Kabinen 1242,2511,113,36
erlaubt 1362,2511,91,36
noch 1464,2511,67,36
einmal 1538,2511,88,36
einen 1633,2511,74,36
bewegten 1718,2511,131,36
und 1859,2511,50,36
be¬ 1919,2511,42,36
wegenden 751,2554,142,39
Blick 900,2554,63,39
zurück 974,2554,88,39
auf 1072,2554,39,39
den 1122,2554,49,39
grössten 1182,2554,116,39
Wasserfall 1305,2554,138,39
Europas. 1450,2554,120,39
<EOS>
Augen, 1580,2554,96,39
Ohren 1683,2554,84,39
und 1774,2554,53,39
vielleicht 1834,2554,117,39
sogar 751,2600,75,35
das 836,2600,49,35
Herz 893,2600,63,35
voller 963,2600,74,35
Eindrücke, 1044,2600,145,35
kehrt 1196,2600,67,35
man 1270,2600,60,35
in 1337,2600,25,35
den 1369,2600,53,35
Schlosshof 1429,2600,148,35
zurück 1584,2600,92,35
und 1683,2600,53,35
lenkt 1743,2600,63,35
die 1813,2600,43,35
Schritte 1863,2600,102,35
zurück 751,2645,89,36
zu 847,2645,31,36
Spielplatz 889,2645,131,36
und 1027,2645,53,36
Besucherzentrum, 1087,2645,247,36
wo 1341,2645,38,36
diese 1386,2645,75,36
Promenade 1468,2645,155,36
architecturale 1630,2645,183,36
endet. 1824,2645,85,36
<EOS>
Hansjörg 751,2741,110,28
Gadient, 868,2741,102,28
dipl. 977,2741,50,28
<EOS>
Architekt 1034,2741,109,28
ETH, 1150,2741,57,28
www. 1214,2741,67,28
<EOS>
gadient. 1281,2741,95,28
<EOS>
eu 1376,2741,28,28
<EOS>
<EOP>
09– 109,2243,46,32
10 155,2243,32,32
Das 198,2243,45,32
denkmalgeschützte 250,2243,233,32
neugotische 490,2243,149,32
Treppenhaus 109,2279,156,31
im 275,2279,28,31
Nordtrakt 310,2279,120,31
und 437,2279,46,31
der 490,2279,43,31
Bleulersaal 540,2279,141,31
wurden 109,2314,92,32
sorgfältig 212,2314,120,32
saniert 339,2314,88,32
Fotos: 445,2314,74,28
Hochbauamt 526,2314,151,28
des 109,2349,43,28
Kantons 159,2349,99,28
Zürich, 265,2349,88,28
Mark 360,2349,63,28
Röthlisberger) 430,2349,177,28
11– 109,2384,46,32
12 155,2384,32,32
In 198,2384,24,32
Erd- 229,2384,57,32
und 296,2384,43,32
Obergeschoss 349,2384,173,32
des 529,2384,43,32
Nord¬ 579,2384,74,32
trakts 109,2420,74,31
sind 191,2420,52,31
Ausstellungsräume 250,2420,233,31
untergebracht. 490,2420,187,31
<EOS>
Mst. 109,2455,57,32
<EOS>
1: 173,2455,21,32
500 194,2455,49,32
Pläne: 261,2455,74,28
Leuppi 342,2455,81,28
Schafroth 430,2455,124,28
Architekten) 561,2455,148,28
13 109,2490,32,32
Die 148,2490,43,32
Architektur 198,2490,141,32
und 346,2490,42,32
Gestaltung 399,2490,134,32
des 540,2490,42,32
neuen 589,2490,74,32
Fluchttreppenhauses 109,2525,258,32
bilden 377,2525,75,32
einen 459,2525,67,32
interessanten 533,2525,169,32
Kontrast 109,2561,106,32
zum 222,2561,50,32
Altbau 279,2561,81,32
Foto: 377,2561,60,28
Hochbauamt 445,2561,151,28
des 603,2561,43,28
Kantons 109,2596,99,28
Zürich, 215,2596,88,28
Mark 310,2596,64,28
Röthlisberger) 381,2596,176,28
14 109,2631,32,32
Am 148,2631,39,32
unteren 194,2631,99,32
Belvedere 300,2631,120,32
schliesst 430,2631,106,32
der 543,2631,43,32
neue 596,2631,57,32
Steg 109,2667,57,31
an, 176,2667,36,31
der 219,2667,46,31
zum 272,2667,46,31
Lift 325,2667,42,31
turm 367,2667,60,31
führt 434,2667,63,31
Foto: 515,2667,60,31
F. 582,2667,21,31
<EOS>
Barras) 614,2667,95,31
15 109,2702,32,32
Blick 148,2702,60,32
auf 215,2702,39,32
den 265,2702,42,32
Rheinfall 314,2702,109,32
und 434,2702,42,32
Neuhausen 483,2702,138,32
am 628,2702,35,32
Rheinfall 109,2737,110,32
Foto: 236,2737,64,32
co/ 307,2737,42,32
Red.) 349,2737,64,32
<EOS>
<EOS>
<EOP>
