2099,2970
Unsere 1316,525,102,46
Erfahrung 1425,525,152,46
- 1584,525,11,46
für 1605,525,42,46
Räume 1655,525,102,46
der 1767,525,50,46
Zukunft 1824,525,113,46
<EOS>
<EOP>
50 1651,1266,131,141
Jahre 1803,1308,98,57
<EOS>
<EOP>
1960- 1803,1358,60,32
2010 1863,1358,53,32
Lenzlinger 1182,1425,109,28
Söhne 1295,1425,63,28
AG 1365,1425,28,28
| 1408,1425,7,28
Seestrasse 1425,1425,110,28
64 1542,1425,28,28
| 1584,1425,4,28
8610 1602,1425,53,28
Uster 1662,1425,56,28
| 1729,1425,7,28
www. 1746,1425,60,28
<EOS>
lenzlinger. 1803,1425,109,28
<EOS>
ch 1912,1425,25,28
<EOS>
<EOP>
GREEN- 1097,1682,162,50
BLUE 1259,1682,113,50
ARCHITECTURE 1383,1682,332,50
1st 1097,1735,32,32
Conference 1139,1735,163,32
on 1312,1735,36,32
Sustainable 1355,1735,169,32
Architecture, 1531,1735,187,32
Innovation 1097,1767,148,32
and 1252,1767,53,32
Design 1316,1767,95,32
15./ 1097,1799,57,32
<EOS>
16. 1154,1799,42,32
<EOS>
Juni 1207,1799,59,32
2010, 1277,1799,78,32
Burgdorf 1365,1799,124,32
Shigeru 1097,1855,92,35
Ban 1196,1855,49,35
Architects, 1252,1855,131,35
Tokyo 1390,1855,71,35
I 1471,1859,7,31
Prof. 1485,1855,60,35
<EOS>
Daniel 1552,1855,74,35
Boermann, 1097,1887,134,35
BFH- 1238,1887,64,35
AHB 1302,1887,56,35
I 1369,1890,7,32
Cukrowicz 1386,1887,127,35
Nachbaur, 1520,1887,124,35
AT 1651,1887,32,35
Architekten, 1097,1919,145,35
Bregenz 1249,1919,99,35
I 1358,1922,7,32
Prof. 1376,1919,56,35
<EOS>
Fritz 1439,1919,50,35
Häubi, 1499,1919,78,35
BFH- 1584,1919,63,35
AHB 1647,1919,57,35
I 1097,1954,7,32
Prof. 1115,1950,56,36
<EOS>
Dr. 1178,1950,32,36
<EOS>
Heinrich 1221,1950,98,36
Häberlin, 1326,1950,106,36
BFH- 1443,1950,63,36
TI 1506,1950,22,36
I 1538,1954,7,32
Prof. 1552,1950,57,36
<EOS>
Dr. 1619,1950,32,36
<EOS>
An¬ 1658,1950,46,36
dreas 1097,1982,67,35
Hurst, 1171,1982,74,35
BFH- 1252,1982,64,35
AHB 1316,1982,56,35
I 1383,1986,7,31
In 1397,1982,25,35
Situ 1429,1982,46,35
Architekten, 1482,1982,144,35
Basel 1633,1982,67,35
I 1707,1986,11,31
Prof. 1097,2014,57,35
<EOS>
Andreas 1161,2014,102,35
Müller, 1270,2014,78,35
BFH- 1355,2014,63,35
AHB 1418,2014,57,35
I 1485,2017,7,32
Christian 1503,2014,106,35
Renken, 1616,2014,99,35
3S, 1097,2046,42,35
Lyss 1147,2046,52,35
I 1207,2049,10,32
Wiebke 1224,2046,92,35
Rösler, 1323,2046,81,35
Direktorin 1415,2046,113,35
Amt 1535,2046,53,35
für 1595,2046,31,35
Hochbauten, 1097,2077,155,36
Zürich 1263,2077,74,36
I 1344,2081,11,32
Regula 1362,2077,84,36
Rytz, 1453,2077,64,36
Gemeinderätin, 1524,2077,187,36
Bern 1097,2109,57,35
I 1164,2113,7,31
Paul 1182,2109,53,35
Schär, 1242,2109,77,35
Hektor 1326,2109,82,35
Egger 1415,2109,74,35
I 1496,2113,7,31
Prof. 1510,2109,60,35
<EOS>
Dr. 1577,2109,32,35
<EOS>
Dieter 1619,2109,71,35
Schnell, 1097,2141,95,35
BFH- 1199,2141,64,35
AHB 1263,2141,56,35
I 1330,2144,7,32
Prof. 1348,2141,56,35
<EOS>
Peter 1411,2141,64,35
Schürch, 1482,2141,109,35
BFH- 1602,2141,63,35
AHB 1665,2141,57,35
I 1097,2176,7,32
Andreas 1115,2173,99,35
Sommer, 1224,2173,106,35
Trösch 1341,2173,81,35
AG, 1429,2173,46,35
Bützberg 1482,2173,113,35
I 1602,2176,7,32
Dietrich 1619,2173,92,35
Untertrifaller, 1097,2204,148,36
Architekt, 1256,2204,113,36
Dornbirn 1376,2204,106,36
I 1489,2208,10,32
Andreas 1506,2204,103,36
Vogler, 1616,2204,81,36
Architecture 1097,2236,145,35
and 1249,2236,46,35
Vision 1302,2236,74,35
AV), 1390,2236,49,35
München 1446,2236,113,35
Anmeldung 1097,2296,159,32
I 1266,2296,8,32
infoarchitektur. 1284,2296,215,32
<EOS>
ahb@ 1499,2296,74,32
bfh. 1573,2296,57,32
<EOS>
ch 1630,2296,35,32
I 1672,2296,11,32
+ 1097,2324,18,32
41 1115,2324,35,32
34 1157,2324,35,32
426 1203,2324,53,32
41 1263,2324,39,32
03 1309,2324,35,32
Berner 1097,2391,95,32
Fachhochschule 1203,2391,229,32
Architektur, 1097,2416,134,35
Holz 1242,2416,53,35
und 1302,2416,46,35
Bau 1355,2416,49,35
<EOS>
<EOP>
www. 1471,2709,88,39
<EOS>
ahb. 1559,2709,67,39
<EOS>
bfh. 1626,2709,64,39
<EOS>
ch 1690,2709,39,39
<EOS>
<EOP>
