2099,2970
TEC21 109,74,89,35
20 212,74,35,35
/ 250,74,15,35
2010 268,74,71,35
NATURTHEATER 1563,67,317,45
| 1905,63,11,46
25 1937,67,46,45
<EOS>
<EOP>
01 109,1481,32,32
02 1072,1481,32,32
<EOS>
<EOP>
Die 751,1665,43,39
unterschiedlichen 804,1665,237,39
Breiten 1051,1665,92,39
des 1154,1665,49,39
Steges 1210,1665,95,39
sowie 1312,1665,78,39
die 1397,1665,42,39
Knicke 1446,1665,92,39
führen 1549,1665,81,39
zu 1640,1665,32,39
Torsionsbeanspru¬ 1679,1665,247,39
chungen 751,1711,117,35
im 875,1711,32,35
Stegquerschnitt. 917,1711,219,35
<EOS>
Um 1143,1711,49,35
diese 1199,1711,75,35
zu 1281,1711,31,35
minimieren, 1319,1711,156,35
wurden 1482,1711,102,35
die 1591,1711,42,35
Stützen 1640,1711,99,35
– 1750,1711,14,35
wo 1771,1711,39,35
möglich 1820,1711,106,35
– 1933,1711,14,35
direkt 751,1756,75,36
in 833,1756,24,36
den 864,1756,53,36
Knicken 924,1756,110,36
positioniert. 1041,1756,155,36
<EOS>
Die 1207,1756,42,36
aus 1259,1756,46,36
statischer 1316,1756,130,36
Sicht 1453,1756,67,36
zu 1528,1756,31,36
bevorzugenden 1570,1756,208,36
vertikalen 1789,1756,127,36
Stützen 751,1799,99,35
können 857,1799,99,35
aufgrund 963,1799,124,35
des 1094,1799,49,35
durch 1154,1799,77,35
tektonische 1238,1799,155,35
Störzonen 1401,1799,134,35
und 1545,1799,50,35
Verwitterungsprozesse 1602,1799,307,35
stark 1916,1799,63,35
aufgelockerten 751,1845,198,35
Felsverbandes 960,1845,197,35
nur 1164,1845,43,35
an 1217,1845,32,35
zwei 1259,1845,60,35
Stellen 1326,1845,89,35
ausgebildet 1425,1845,159,35
werden. 1591,1845,109,35
<EOS>
An 1707,1845,36,35
den 1753,1845,50,35
anderen 1813,1845,110,35
drei 751,1887,50,39
Aufl 808,1887,53,39
agerpunkten 861,1887,169,39
werden 1041,1887,98,39
konsolartige 1147,1887,162,39
Aufl 1319,1887,50,39
ager 1369,1887,63,39
ausgebildet 1439,1887,159,39
Abb. 1616,1887,67,39
<EOS>
3). 1690,1887,35,39
<EOS>
Alle 1732,1887,50,39
Fundamente 1792,1887,166,39
sind 751,1933,57,35
mit 815,1933,39,35
vorgespannten 864,1933,201,35
Ankern 1072,1933,96,35
und 1178,1933,50,35
zum 1235,1933,56,35
Teil 1302,1933,42,35
zusätzlichen 1355,1933,165,35
Nägeln 1528,1933,95,35
in 1633,1933,22,35
den 1665,1933,50,35
Fels 1725,1933,53,35
verankert. 1789,1933,134,35
<EOS>
Diese 751,1979,75,35
Anker 836,1979,78,35
sichern 921,1979,99,35
gleichzeitig 1030,1979,152,35
den 1189,1979,53,35
Fels, 1249,1979,63,35
indem 1323,1979,81,35
sie 1415,1979,35,35
durch 1461,1979,77,35
Störzonen 1545,1979,134,35
abgetrennte 1690,1979,162,35
Bereiche 1859,1979,120,35
mit 751,2021,39,35
dem 797,2021,60,35
gesunden 868,2021,134,35
Fels 1009,2021,56,35
verbinden. 1072,2021,145,35
<EOS>
Zum 1224,2021,60,35
Rheinfall 1291,2021,117,35
hin 1415,2021,42,35
endet 1464,2021,78,35
der 1549,2021,46,35
Steg 1602,2021,63,35
an 1672,2021,32,35
einem 1715,2021,81,35
weiteren 1803,2021,113,35
Stützbauwerk, 751,2067,187,35
das 949,2067,49,35
zwischen 1005,2067,127,35
bestehenden 1139,2067,177,35
Wegen 1323,2067,95,35
in 1425,2067,25,35
den 1457,2067,53,35
Hang 1517,2067,74,35
einschneidet. 1598,2067,180,35
<EOS>
Es 1789,2067,31,35
wurde 1831,2067,81,35
auf 1919,2067,42,35
dem 751,2109,57,39
gut 818,2109,43,39
tragfähigen 871,2109,152,39
Fels 1030,2109,57,39
fundiert. 1094,2109,113,39
<EOS>
Aufgrund 1214,2109,123,39
der 1348,2109,42,39
steil 1401,2109,52,39
abfallenden 1461,2109,158,39
Felsoberfl 1626,2109,134,39
äche 1760,2109,67,39
waren 1834,2109,82,39
dazu 1923,2109,67,39
talseits 751,2155,92,35
bis 850,2155,43,35
zu 900,2155,31,35
2.5 938,2155,43,35
<EOS>
m 991,2155,25,35
tiefe 1023,2155,57,35
Betonriegel 1090,2155,152,35
erforderlich. 1249,2155,162,35
<EOS>
STABILITÄT 751,2243,184,39
FÜR 945,2243,67,39
DIE 1020,2243,60,39
TOURISTISCHE 1087,2243,247,39
INSZENIERUNG 1344,2243,258,39
PRÜFEN 1609,2243,134,39
Der 751,2289,46,35
am 808,2289,39,35
Südrand 857,2289,113,35
des 981,2289,49,35
Rheinfalls 1037,2289,131,35
exponiert 1175,2289,127,35
emporragende 1309,2289,201,35
Felskopf 1517,2289,113,35
des 1640,2289,50,35
Belvedere 1697,2289,137,35
Oberes 1852,2289,99,35
Känzeli) 751,2331,106,39
wird 868,2331,53,39
durch 931,2331,78,39
mehrere 1016,2331,109,39
Störungszonen 1136,2331,201,39
in 1344,2331,25,39
einzelne 1376,2331,113,39
Felspakete 1496,2331,148,39
durchtrennt. 1651,2331,162,39
<EOS>
Im 1820,2331,36,39
Winter 1863,2331,84,39
1963/ 751,2377,75,36
64 826,2377,31,36
ereignete 868,2377,123,36
sich 1002,2377,53,36
an 1065,2377,32,36
der 1104,2377,46,36
Felswand 1161,2377,127,36
unterhalb 1295,2377,127,36
des 1429,2377,53,36
Belvederes 1489,2377,151,36
ein 1647,2377,39,36
Felsabbruch. 1697,2377,176,36
<EOS>
In 1880,2377,25,36
der 1916,2377,42,36
Folge 751,2423,75,35
wurde 833,2423,84,35
der 924,2423,46,35
Felskopf 977,2423,113,35
mit 1101,2423,38,35
7 1147,2423,17,35
rund 1171,2423,64,35
20 1242,2423,32,35
m 1284,2423,25,35
langen 1316,2423,92,35
Felsankern 1418,2423,145,35
gesichert. 1573,2423,134,35
<EOS>
Seit 1715,2423,49,35
etwa 1771,2423,63,35
1986 1845,2423,67,35
wird 1919,2423,57,35
der 751,2466,43,35
Felskopf 804,2466,113,35
des 924,2466,50,35
Belvederes 984,2466,148,35
durch 1143,2466,78,35
periodische 1228,2466,158,35
Kluftsiegel- 1393,2466,152,35
Kontrollen 1545,2466,134,35
und 1686,2466,53,35
geodätische 1746,2466,166,35
Messungen 751,2511,156,36
überwacht. 914,2511,151,36
<EOS>
Dabei 1072,2511,82,36
wurden 1161,2511,98,36
bisher 1266,2511,85,36
keine 1358,2511,74,36
Anzeichen 1439,2511,141,36
auf 1591,2511,39,36
Bewegungen 1640,2511,177,36
festgestellt. 1824,2511,155,36
<EOS>
Die 751,2554,43,39
zu 804,2554,32,39
erwartenden 843,2554,169,39
Versagensmechanismen 1020,2554,328,39
können 1358,2554,99,39
jedoch 1464,2554,92,39
sehr 1563,2554,60,39
spröde 1630,2554,95,39
erfolgen 1732,2554,110,39
und 1852,2554,49,39
müssen 751,2600,103,35
sich 864,2600,53,35
daher 928,2600,77,35
nicht 1012,2600,64,35
zwingend 1087,2600,130,35
in 1224,2600,25,35
Form 1256,2600,67,35
von 1334,2600,45,35
Verschiebungen 1390,2600,219,35
ankündigen. 1616,2600,166,35
<EOS>
Eine 1792,2600,57,35
reine 1856,2600,67,35
Beobachtungsmassnahme 751,2645,357,36
bringt 1118,2645,78,36
deshalb 1203,2645,109,36
nicht 1319,2645,67,36
die 1393,2645,43,36
gewünschte 1443,2645,162,36
Sicherheit. 1616,2645,141,36
<EOS>
Im 751,2688,32,35
Rahmen 790,2688,113,35
der 910,2688,46,35
touristischen 963,2688,173,35
Inszenierung 1143,2688,173,35
wurden 1323,2688,99,35
die 1432,2688,43,35
Stabilitätsverhältnisse 1482,2688,289,35
neu 1782,2688,49,35
überprüft. 1838,2688,131,35
<EOS>
Dafür 751,2734,71,35
wurde 833,2734,81,35
am 921,2734,42,35
hängenden 974,2734,151,35
Seil 1132,2734,50,35
eine 1189,2734,56,35
Felskontrolle 1256,2734,166,35
und 1432,2734,50,35
Trennfl 1492,2734,88,35
ächenanalyse 1580,2734,184,35
durchgeführt. 1774,2734,180,35
<EOS>
<EOP>
01 109,2494,32,28
Schnitt 148,2494,88,28
durch 247,2494,71,28
den 325,2494,45,28
Lift 377,2494,39,28
turm 416,2494,60,28
mit 483,2494,39,28
anstehendem 529,2494,162,28
Gelände. 109,2529,106,28
<EOS>
Das 226,2529,46,28
Einspannmoment 279,2529,208,28
wird 494,2529,56,28
in 557,2529,22,28
ein 589,2529,35,28
Kräft 109,2564,64,29
epaar 173,2564,70,29
aufgeteilt 250,2564,120,29
und 377,2564,43,29
dieses 430,2564,78,29
über 515,2564,57,29
Mikro¬ 579,2564,84,29
pfähle 109,2600,78,28
in 194,2600,21,28
den 222,2600,46,28
unverwitterten 275,2600,184,28
Fels 469,2600,50,28
eingeleitet 526,2600,130,28
Fotos 120,2635,67,28
und 194,2635,46,28
Pläne: 247,2635,78,28
Autoren) 332,2635,105,28
02 109,2670,32,28
An 148,2670,32,28
den 191,2670,42,28
Lift 240,2670,42,28
turm 282,2670,60,28
schliesst 349,2670,106,28
schwimmend 466,2670,155,28
gelagert 109,2705,106,29
der 222,2705,43,29
Steg 272,2705,56,29
an, 335,2705,39,29
eine 381,2705,53,29
mit 441,2705,39,29
Holz 487,2705,53,29
beplankte 547,2705,116,29
Stahlkonstruktion 109,2741,219,28
<EOS>
<EOP>
