2099,2970
Treppenlifte 159,423,825,159
<EOS>
<EOP>
Weitere 402,666,110,36
Informationen: 519,666,211,36
www. 737,666,78,36
<EOS>
hoegglift. 811,666,138,36
<EOS>
ch 945,666,36,36
<EOS>
<EOP>
• 748,772,14,35
Sitzlifte 766,772,123,35
• 748,822,14,35
Rollstuhllifte 766,822,190,35
HÖGG 448,906,67,25
LIFTSYSTEME 522,906,155,25
AG 684,906,36,25
CH- 448,934,39,29
9620 487,934,63,29
Lichtensteig 554,934,137,29
Telefon 448,966,85,25
071 540,966,35,25
987 582,966,46,25
66 635,966,28,25
80 670,966,32,25
<EOS>
<EOP>
• 748,867,14,36
Aufzüge 769,867,120,36
<EOS>
<EOP>
Betonabbruch 1150,1217,187,49
bis 1344,1217,35,49
2,3 1150,1252,35,49
Meter 1192,1252,78,49
Stärke 1277,1252,81,49
ohne 1365,1252,67,49
grosse 1150,1287,85,50
Emissionen 1238,1287,152,50
Arbeitshöhe 1150,1361,159,46
bis 1150,1397,39,49
60 1192,1397,36,49
Meter 1235,1397,77,49
<EOS>
<EOP>
Wir 1150,1647,184,187
schaffen 1358,1647,420,187
Platz 1150,1785,243,187
für 1418,1785,152,187
Neues. 1595,1785,338,187
<EOS>
Bei 1231,2077,50,39
Aregger 1288,2077,120,39
wird 1418,2077,67,39
heute 1492,2077,85,39
geordnet 1588,2077,134,39
rückgebaut. 1231,2116,177,39
<EOS>
Mit 1429,2116,49,39
spezialisiertem 1499,2116,223,39
Know- 1231,2155,99,39
How 1330,2155,67,39
und 1404,2155,60,39
modernstem 1471,2155,191,39
Ge¬ 1669,2155,53,39
rät 1231,2194,43,39
garantieren 1295,2194,173,39
wir 1485,2194,50,39
dabei 1556,2194,81,39
eine 1658,2194,64,39
minimale 1231,2233,141,38
Beeinträchtigung 1397,2233,254,38
der 1672,2233,50,38
Mitwelt. 1231,2271,124,39
<EOS>
<EOP>
visionaer. 1947,229,25,70
<EOS>
<EOP>
ch 1947,211,25,18
<EOS>
<EOP>
Aregger 1235,2681,95,28
AG 1337,2681,39,28
| 1383,2681,7,28
Spezialist 1397,2681,113,28
für 1517,2681,35,28
Rückbau 1559,2681,103,28
und 1669,2681,46,28
Altlastensanierung 1722,2681,225,28
6018 1235,2716,53,28
Buttisholz 1295,2716,120,28
| 1422,2716,7,28
Telefon 1436,2716,88,28
041 1531,2716,42,28
929 1580,2716,43,28
50 1630,2716,28,28
50 1665,2716,28,28
| 1700,2716,7,28
www. 1715,2716,70,28
<EOS>
aregger- 1785,2716,102,28
ag. 1887,2716,36,28
<EOS>
ch 1923,2716,28,28
<EOS>
<EOP>
bichsel 159,2416,201,64
bigler 377,2416,159,64
partner 554,2416,204,64
ag 776,2416,74,64
vermessung 328,2480,349,63
geomatik 695,2480,268,63
Bau- 166,2557,81,53
und 258,2557,67,53
Ingenieurvermessungen 335,2557,431,53
Worbstrasse 166,2638,169,39
164 342,2638,50,39
3073 166,2674,67,38
Gümligen 240,2674,130,38
Tel. 166,2709,46,39
<EOS>
031 222,2709,50,39
950 279,2709,49,39
95 339,2709,31,39
95 377,2709,36,39
bbp@ 166,2744,81,39
geozen. 247,2744,106,39
<EOS>
ch 353,2744,32,39
<EOS>
<EOP>
