2099,2970
22 106,67,46,45
| 176,63,11,46
NATURTHEATER 208,67,318,45
TEC21 1760,74,85,35
20 1863,74,35,35
/ 1901,74,15,35
2010 1919,74,71,35
<EOS>
<EOP>
Etwa 751,1220,64,39
zwanzig 822,1220,109,39
Minuten 942,1220,106,39
haben 1055,1220,84,39
Bellprat 1150,1220,102,39
Associates 1259,1220,149,39
dafür 1415,1220,70,39
vorgesehen, 1492,1220,170,39
man 1669,1220,56,39
kann 1736,1220,63,39
– 1810,1220,14,39
und 1831,1220,53,39
sollte 1891,1220,70,39
– 1969,1220,17,39
sich 751,1266,53,35
aber 815,1266,60,35
mehr 882,1266,71,35
Zeit 960,1266,49,35
nehmen. 1020,1266,116,35
<EOS>
Fast 751,1312,57,35
am 815,1312,42,35
Ende 864,1312,71,35
des 942,1312,49,35
Rundganges 1002,1312,173,35
fi 1182,1312,14,35
ndet 1196,1312,60,35
sich 1266,1312,53,35
eine 1330,1312,56,35
besonders 1393,1312,145,35
gelungene 1545,1312,141,35
Synthese 1697,1312,123,35
von 1827,1312,50,35
Archi¬ 1884,1312,81,35
tektur 751,1354,75,36
und 833,1354,52,36
Inszenierung. 893,1354,183,36
<EOS>
Das 1083,1354,53,36
von 1143,1354,49,36
der 1199,1354,46,36
Feuerwehr 1256,1354,141,36
beanstandete 1404,1354,184,36
zweite 1598,1354,85,36
Treppenhaus 1690,1354,176,36
musste 1873,1354,96,36
ersetzt 751,1400,89,35
werden. 847,1400,109,35
<EOS>
Aus 963,1400,53,35
diesem 1023,1400,99,35
funktional 1129,1400,130,35
notwendigen 1266,1400,173,35
Element 1450,1400,106,35
haben 1566,1400,85,35
die 1658,1400,42,35
Architekten 1707,1400,152,35
eine 1866,1400,57,35
ausnehmend 751,1442,173,39
interessante 931,1442,163,39
Raumschöpfung 1104,1442,219,39
gemacht, 1334,1442,127,39
in 1468,1442,24,39
der 1499,1442,46,39
Treppen 1552,1442,110,39
und 1672,1442,50,39
Fluchtkorridore 1732,1442,201,39
auf 751,1488,39,36
der 801,1488,42,36
verwinkelten 854,1488,162,36
Geometrie 1027,1488,137,36
der 1171,1488,46,36
Grundfl 1224,1488,99,36
äche 1323,1488,67,36
zu 1397,1488,32,36
einem 1436,1488,81,36
faszinierenden 1524,1488,194,36
dreidimensionalen 1736,1488,243,36
Gefüge 751,1534,99,35
geworden 857,1534,134,35
sind 1002,1534,56,35
Abb. 1076,1534,63,35
<EOS>
13). 1150,1534,49,35
<EOS>
Die 1210,1534,42,35
Ausstellungsmacher 1263,1534,272,35
haben 1542,1534,84,35
einen 1637,1534,70,35
Teil 1718,1534,42,35
davon 1771,1534,81,35
in 1863,1534,21,35
dunkelgrauer 751,1577,177,35
Eisenglimmerfarbe 935,1577,254,35
gestrichen, 1196,1577,152,35
weil 1355,1577,49,35
hier 1415,1577,49,35
die 1471,1577,42,35
Rolle 1524,1577,64,35
der 1598,1577,42,35
Eisenbahn 1651,1577,141,35
für 1799,1577,35,35
den 1845,1577,49,35
Rhein¬ 1905,1577,85,35
fall 751,1622,36,36
gezeigt 797,1622,99,36
wird. 907,1622,63,36
<EOS>
Dieser 977,1622,88,36
Anstrich 1072,1622,110,36
betont 1192,1622,85,36
die 1284,1622,42,36
räumlichen 1334,1622,148,36
Qualitäten, 1492,1622,145,36
und 1644,1622,53,36
aus 1704,1622,49,36
der 1760,1622,46,36
banalen 1813,1622,110,36
Notwendigkeit 751,1665,191,39
einer 949,1665,67,39
Fluchttreppe 1023,1665,169,39
wird 1203,1665,56,39
einer 1266,1665,68,39
der 1341,1665,45,39
architektonisch 1393,1665,205,39
interessantesten 1605,1665,219,39
Räume 1834,1665,92,39
des 1937,1665,49,39
Historamas. 751,1711,159,35
<EOS>
Aus 751,1756,50,36
dem 811,1756,57,36
letzen 878,1756,78,36
Raum 967,1756,77,36
des 1051,1756,50,36
Rundganges 1111,1756,173,36
fällt 1291,1756,46,36
endlich 1348,1756,98,36
der 1453,1756,46,36
Blick 1506,1756,67,36
fast 1580,1756,50,36
unbehindert 1637,1756,162,36
auf 1806,1756,43,36
das 1859,1756,50,36
tosende 751,1799,106,35
Schauspiel 868,1799,148,35
dort 1023,1799,53,35
draussen. 1087,1799,130,35
<EOS>
Es 1228,1799,31,35
ist 1266,1799,32,35
der 1305,1799,46,35
frühere 1358,1799,95,35
Weg, 1464,1799,67,35
der 1542,1799,42,35
in 1595,1799,21,35
Windungen 1626,1799,152,35
und 1785,1799,53,35
unter¬ 1845,1799,78,35
brochen 751,1845,110,35
von 868,1845,49,35
Kanzeln 924,1845,110,35
und 1041,1845,53,35
Aussichtspunkten 1101,1845,240,35
wieder 1348,1845,91,35
genutzt 1446,1845,99,35
wird. 1556,1845,63,35
<EOS>
Erneuert, 1626,1845,124,35
ergänzt 1757,1845,102,35
und 1870,1845,49,35
wo 1930,1845,35,35
notwendig 751,1887,138,39
aufgefrischt 900,1887,155,39
führt 1065,1887,60,39
er 1132,1887,29,39
durch 1168,1887,77,39
das 1256,1887,49,39
steile 1312,1887,71,39
Gelände. 1390,1887,123,39
<EOS>
Bellprat 1524,1887,102,39
Associates 1633,1887,149,39
und 1789,1887,53,39
Schmid 1849,1887,102,39
Landschaftsarchitekten 751,1933,311,35
haben 1072,1933,82,35
mit 1164,1933,39,35
feinen 1214,1933,81,35
Eingriffen 1302,1933,127,35
den 1436,1933,53,35
Weg 1496,1933,60,35
selbst 1566,1933,78,35
und 1655,1933,49,35
seine 1715,1933,70,35
Bezüge 1792,1933,106,35
zum 1905,1933,56,35
Wasserfall 751,1979,138,35
überhöht 896,1979,120,35
und 1023,1979,53,35
damit 1083,1979,74,35
aufgewertet. 1168,1979,166,35
<EOS>
André 1344,1979,78,35
Schmid 1432,1979,103,35
betonte 1542,1979,102,35
von 1651,1979,49,35
bestimmten 1707,1979,156,35
Stellen 1873,1979,88,35
<EOS>
<EOP>
LANDSCHAFTSBILD 131,289,317,39
VERSUS 131,328,130,38
NATURSCHUTZ 272,328,240,38
Die 131,366,35,29
Landschaft 180,366,127,29
sarchitekten 307,366,145,29
standen 462,366,92,29
vielen 564,366,67,29
sich 642,366,49,29
widersprechenden 131,402,215,28
Anforderungen 363,402,177,28
gegenüber. 561,402,130,28
<EOS>
Aus 131,434,42,28
landschaft 187,434,120,28
sästhetischen 307,434,159,28
Gründen 480,434,102,28
wäre 593,434,60,28
es 663,434,28,28
wünschenswert 131,469,183,28
gewesen, 325,469,109,28
den 441,469,42,28
Nordhang 494,469,113,28
relativ 617,469,74,28
stark 131,501,60,28
zu 198,501,24,28
bepfl 229,501,57,28
anzen 286,501,67,28
und 363,501,43,28
so 413,501,24,28
die 448,501,32,28
Verbauungen 487,501,152,28
und 649,501,42,28
Sicherungen 131,536,144,28
zu 279,536,28,28
kaschieren. 310,536,131,28
<EOS>
Der 445,536,45,28
Blick 494,536,53,28
vom 550,536,46,28
Schloss 600,536,91,28
auf 131,568,35,28
die 180,568,35,28
Felsen 229,568,74,28
im 318,568,24,28
Wasserfall 356,568,117,28
zeigt, 487,568,63,28
dass 561,568,56,28
diese 631,568,60,28
Überlegung 131,603,130,28
ihre 275,603,43,28
Berechtigung 332,603,151,28
hat. 494,603,46,28
<EOS>
Dort 550,603,53,28
wirken 614,603,77,28
die 131,635,31,28
Chromstahlgeländer 176,635,230,28
extrem 416,635,78,28
störend. 508,635,95,28
<EOS>
Ist 614,635,32,28
die 656,635,35,28
Begehung 131,670,112,28
dieses 258,670,70,28
Felsens 339,670,88,28
überhaupt 437,670,120,28
nötig? 568,670,71,28
<EOS>
Von 649,670,42,28
der 131,702,38,28
Schaff 180,702,74,28
hauser 254,702,81,28
Seite 342,702,60,28
her 409,702,43,28
gesehen 459,702,95,28
könnte 564,702,75,28
das 649,702,42,28
Gleiche 131,737,84,28
für 226,737,35,28
den 272,737,42,28
Hang 328,737,60,28
unterhalb 399,737,113,28
des 522,737,39,28
Schlosses 575,737,116,28
gelten. 131,769,77,28
<EOS>
Zwar 215,769,60,28
suchen 282,769,81,28
hier 370,769,46,28
Tausende 423,769,106,28
von 540,769,39,28
Touristen 586,769,105,28
Zugang 131,804,84,28
zum 229,804,43,28
Wasser. 286,804,88,28
<EOS>
Aber 385,804,56,28
muss 452,804,60,28
man 522,804,50,28
die 582,804,35,28
dafür 628,804,63,28
notwendige 131,836,130,28
Infrastruktur 268,836,152,28
ausstellen? 427,836,127,28
<EOS>
Aufnahmen 561,836,130,28
von 131,871,38,28
1940 176,871,60,28
zeigen, 243,871,82,28
dass 332,871,56,28
der 395,871,39,28
ganze 441,871,67,28
Hang 519,871,60,28
dicht 586,871,56,28
be¬ 649,871,42,28
waldet 131,903,74,28
war 219,903,42,28
und 275,903,43,28
nur 328,903,39,28
der 377,903,43,28
Aussichtspavillon 430,903,194,28
ganz 635,903,56,28
oben 131,938,56,28
und 191,938,45,28
die 243,938,32,28
Kanzel 282,938,74,28
ganz 363,938,53,28
unten 423,938,64,28
sichtbar 494,938,95,28
waren. 596,938,81,28
<EOS>
Bis 131,970,35,28
vor 176,970,39,28
kurzem 222,970,81,28
war 314,970,46,28
der 367,970,42,28
Bewuchs 416,970,103,28
in 529,970,21,28
diesem 557,970,82,28
Ab¬ 646,970,45,28
schnitt 131,1005,77,28
eine 219,1005,46,28
seltsame 275,1005,102,28
Mischung 385,1005,112,28
aus 504,1005,43,28
dem 557,1005,46,28
stand¬ 614,1005,77,28
ortgerechten 131,1037,158,28
Eichenmischwald, 300,1037,215,28
ungezügeltem 526,1037,165,28
Eschenaufwuchs 131,1072,194,28
und 342,1072,43,28
einer 399,1072,60,28
Strauchvegetation 476,1072,215,28
aus 131,1104,42,28
Flieder 180,1104,81,28
und 272,1104,42,28
Hartriegel, 321,1104,131,28
die 459,1104,35,28
wegen 501,1104,78,28
der 586,1104,42,28
Aus¬ 635,1104,56,28
sicht 131,1139,56,28
rüde 198,1139,56,28
unter 268,1139,64,28
der 346,1139,39,28
Schere 399,1139,84,28
gehalten 497,1139,99,28
wurde. 610,1139,81,28
<EOS>
Die 131,1171,35,28
im 180,1171,28,28
Zuge 219,1171,60,28
der 293,1171,39,28
Sanierungsmassnahmen 346,1171,282,28
not¬ 642,1171,49,28
wendigen 131,1206,109,28
Felssicherungen 247,1206,194,28
erforderten 448,1206,138,28
umfang¬ 593,1206,98,28
reiche 131,1238,74,28
Rodungen, 215,1238,124,28
sodass 349,1238,81,28
heute 441,1238,63,28
weite 515,1238,64,28
Teile 589,1238,50,28
des 649,1238,42,28
Felsens 131,1273,88,28
sichtbar 236,1273,99,28
sind. 353,1273,56,28
<EOS>
Daraus 427,1273,85,28
erwuchs 533,1273,98,28
der 649,1273,42,28
Wunsch, 131,1305,95,28
dicht 236,1305,57,28
nachzupfl 300,1305,109,28
anzen. 409,1305,78,28
<EOS>
Aber: 494,1305,67,28
Der 568,1305,42,28
Nord¬ 621,1305,70,28
hang 131,1340,56,28
von 194,1340,42,28
Schloss 243,1340,92,28
Laufen 342,1340,81,28
ist 430,1340,29,28
ein 466,1340,35,28
Geotop 508,1340,85,28
von 600,1340,42,28
na¬ 649,1340,42,28
tionaler 131,1372,91,28
Bedeutung. 236,1372,134,28
<EOS>
Aus 388,1372,42,28
Naturschutzgründen 448,1372,243,28
sollten 131,1407,74,28
grössere 222,1407,103,28
Bereiche 342,1407,103,28
von 459,1407,38,28
Vegetation 512,1407,123,28
frei 649,1407,42,28
gehalten 131,1439,98,28
werden, 236,1439,96,28
damit 335,1439,64,28
sie 406,1439,31,28
besonnt 445,1439,91,28
werden 543,1439,88,28
oder 635,1439,56,28
damit 131,1474,63,28
die 208,1474,32,28
Felsen 254,1474,78,28
frei 342,1474,43,28
von 399,1474,38,28
Humusablagerungen 452,1474,239,28
bleiben. 131,1506,88,28
<EOS>
Ein 226,1506,39,28
Gutachten 268,1506,124,28
stellte 395,1506,71,28
um 473,1506,35,28
Schloss 515,1506,88,28
Laufen 610,1506,81,28
nicht 131,1541,56,28
weniger 198,1541,95,28
als 300,1541,35,28
46 346,1541,28,28
Schneckenarten 385,1541,187,28
fest, 582,1541,53,28
wo¬ 646,1541,45,28
von 131,1573,38,28
vier 176,1573,46,28
ausserordentlich 226,1573,197,28
wertvoll 430,1573,92,28
u. 540,1573,21,28
<EOS>
a. 564,1573,22,28
<EOS>
kanto 593,1573,63,28
nal 656,1573,35,28
und 131,1608,42,28
national 180,1608,95,28
prioritär) 282,1608,113,28
sind. 402,1608,57,28
<EOS>
Die 466,1608,35,28
Landschaft 512,1608,127,28
sar¬ 639,1608,52,28
chitekten 131,1640,102,28
sahen 240,1640,70,28
sich 314,1640,46,28
also 367,1640,46,28
gezwungen, 420,1640,134,28
die 561,1640,32,28
Aspekte 600,1640,91,28
Landschaft 131,1675,123,29
sbild 254,1675,53,29
und 318,1675,42,29
Naturschutz 370,1675,142,29
gegeneinander 522,1675,169,29
abzuwägen. 131,1707,134,28
<EOS>
Gepfl 286,1707,56,28
anzt 342,1707,50,28
wurden 413,1707,84,28
ausschliesslich 519,1707,172,28
standortgerechte 131,1742,201,29
Gehölze 335,1742,92,29
wie 430,1742,39,29
Schneeball, 476,1742,131,29
Buchs, 614,1742,77,29
Winterlinde, 131,1774,134,28
Stieleiche, 279,1774,120,28
Zitterpappel, 413,1774,148,28
Feldahorn 575,1774,116,28
und 131,1809,42,29
verschiedene 180,1809,152,29
Weidenarten. 339,1809,151,29
<EOS>
Die 497,1809,36,29
Kosten, 543,1809,85,29
aber 635,1809,56,29
auch 131,1841,56,28
die 201,1841,35,28
Schwierigkeit 250,1841,159,28
des 423,1841,43,28
Geländes 480,1841,109,28
führten 603,1841,88,28
dazu, 131,1876,60,29
dass 205,1876,53,29
nur 272,1876,42,29
relativ 325,1876,74,29
kleine 413,1876,67,29
Bäume 494,1876,78,29
gepfl 586,1876,56,29
anzt 642,1876,49,29
werden 131,1908,88,28
konnten. 233,1908,99,28
<EOS>
So 346,1908,31,28
wird 392,1908,53,28
es 462,1908,25,28
ein 501,1908,35,28
paar 554,1908,53,28
Jahre 621,1908,70,28
dauern, 131,1943,88,29
bis 226,1943,35,29
sich 268,1943,46,29
das 321,1943,42,29
Bild 370,1943,46,29
einstellt, 423,1943,99,29
das 529,1943,43,29
die 579,1943,35,29
Land¬ 621,1943,70,29
schaft 131,1975,70,28
sarchitekten 201,1975,145,28
erzielen 353,1975,92,28
wollen. 452,1975,81,28
<EOS>
<EOP>
09 751,1083,29,31
10 1390,1083,32,31
<EOS>
<EOP>
11 109,2727,32,31
12 1115,2730,32,32
<EOS>
<EOP>
